2 3 8 16 8
-3.951373e-01 1.344602e-02 -1.091641e-01 -1.086940e-01 4.665565e-01 9.526940e-02 2.266626e-01 -1.174016e-02
1.685129e-01 -5.859089e-01 -8.516662e-02 -1.375044e-01 -2.702540e-01 5.947837e-01 1.154700e-01 -2.941448e-01
5.284947e-01 4.144673e-01 -3.065322e-01 2.722746e-01 -9.917459e-02 2.312063e-01 -4.408234e-01 -3.239943e-01
-4.015964e-01 -3.265729e-01 4.311706e-01 6.402469e-02 6.760892e-02 -3.164642e-01 -1.502012e-01 4.288245e-01
6.584083e-01 3.008193e-01 7.434291e-02 9.105777e-01 -5.826464e-01 2.033341e-02 -6.600125e-01 2.572985e-01
-2.692479e-01 -1.281910e-03 -4.759124e-02 -1.593659e-01 5.932592e-01 -6.788702e-02 -3.969561e-01 -8.731303e-02
-1.266588e-01 7.492293e-01 -1.124555e-01 -2.078880e-01 4.797215e-01 -3.898515e-01 -8.970885e-02 -8.411819e-02
-1.035545e-01 2.019331e-01 5.491440e-01 1.081204e-02 -3.087361e-01 -1.231329e-01 -1.205331e-01 5.609121e-01
5.248483e-02 -3.786336e-01 7.285541e-02 6.129046e-01 -6.066814e-02 -2.996778e-02 5.404313e-01 -7.562761e-02
3.311531e-02 -2.732131e-01 -5.041041e-02 -2.672491e-01 3.658961e-01 -4.868905e-01 -2.727045e-01 -3.582602e-01
-2.248944e-01 -2.806339e-02 -4.620870e-02 3.399178e-01 -1.294248e-01 -2.335108e-01 -4.984821e-01 -1.893009e-01
4.804703e-02 4.217581e-01 1.273293e-01 -1.994376e-01 2.485461e-01 1.518011e-01 6.879328e-01 8.686937e-02
-2.992769e-01 4.202659e-01 5.441841e-01 -3.815319e-01 3.599772e-02 -3.085800e-01 -3.540877e-01 2.578261e-01
8.459413e-02 -5.759741e-01 -2.799022e-02 2.188082e-01 9.730324e-02 -6.852175e-02 -3.347071e-01 -3.658409e-01
2.218200e-01 -9.116632e-02 -2.813273e-01 -8.845147e-02 -1.588399e-01 4.019967e-01 5.242075e-01 -6.551189e-01
-2.409413e-01 1.307848e-01 4.392190e-01 2.813293e-02 3.593383e-01 -3.519779e-02 -3.208474e-01 6.678163e-01
6.335789e-02 -1.046275e-01 6.750648e-02 1.830820e-01 3.092284e-01 -2.771481e-02 -2.697630e-01 -1.560366e-01
2.864685e-01 4.541297e-01 3.091126e-01 -9.699821e-02 -2.875517e-01 4.347784e-01 -5.305670e-02 -2.138565e-01
1.627409e-01 2.469951e-02 3.363713e-01 -5.766277e-02 -1.317628e-01 3.624442e-01 -5.442364e-01 4.925559e-02
-1.465920e-01 -5.490666e-02 6.915925e-02 2.264401e-01 1.029104e-01 -1.591390e-01 -3.140824e-01 6.279866e-01
-4.260292e-02 -1.841858e-01 -3.293274e-01 1.119687e-01 1.464658e-01 -4.876312e-01 1.727952e-01 -4.278263e-01
-4.481519e-01 -3.393837e-01 -1.421891e-01 3.141257e-01 -5.926367e-02 -6.174079e-01 1.035964e-01 3.481047e-02
-1.281003e-02 3.951968e-01 5.122494e-01 -7.425984e-03 -2.978751e-01 4.025688e-01 -2.089412e-01 4.636013e-01
-5.113040e-02 5.733950e-02 5.667206e-02 -1.822561e-01 -3.022715e-01 -1.990767e-01 1.867766e-01 -5.357086e-01
3.943863e-01 -1.311947e-01 -3.529083e-01 3.008266e-01 -2.700430e-01 -9.755306e-02 -3.558140e-01 -2.032265e-01
-2.292212e-01 -1.441968e-01 -3.780312e-01 3.766726e-01 -7.670750e-02 1.873028e-01 4.645235e-01 4.866182e-01
5.562332e-01 1.819963e-01 4.385908e-01 3.605969e-01 9.737030e-02 -1.637768e-01 -2.337731e-01 -2.973207e-01
-5.323980e-02 -9.515741e-02 -2.734378e-01 -3.953653e-02 -7.826523e-01 1.828321e-01 -1.191744e-02 1.129451e-01
-1.920134e-02 5.098566e-01 2.076191e-01 6.297114e-01 2.856965e-01 -4.686103e-02 -3.856707e-01 6.425297e-02
4.767231e-01 2.964735e-01 2.571203e-01 3.938343e-01 4.105948e-01 1.751459e-01 1.880694e-01 -1.725034e-01
2.273773e-01 3.540101e-01 -2.688811e-01 6.041346e-01 -9.154215e-02 3.187042e-01 -5.744604e-02 -2.259099e-01
1.073458e-01 -3.769193e-01 2.504843e-01 8.521432e-02 7.446034e-02 -1.716209e-01 5.434897e-01 5.558172e-01
-1.012311e-02 1.097749e-01 3.258513e-01 -1.455126e-01 1.013945e-02 7.577103e-02 -3.983333e-02 1.634485e-01
1.501076e-01 -1.074719e-01 -3.670438e-02 -1.451395e-02 2.510306e-01 1.148436e-01 1.724351e-01 -8.874527e-02
7.967205e-02 3.421133e-01 -1.927776e-01 3.196804e-02 6.391884e-02 8.102357e-04 -8.560435e-02 1.913594e-02
-2.141673e-01 2.053293e-01 5.760154e-02 -1.817816e-01 4.067572e-01 -9.639858e-02 -8.418683e-02 5.768343e-03
-5.319296e-02 -9.897985e-02 -8.174869e-02 2.092711e-01 -1.288292e-01 -1.266944e-01 -3.450458e-02 2.798105e-02
-6.172134e-02 8.337691e-02 2.615343e-02 -1.349126e-01 2.455953e-02 5.807917e-02 4.306807e-01 -9.859689e-02
3.340729e-01 -1.545345e-01 -8.388480e-02 1.020197e-01 -1.263297e-01 3.120731e-01 -4.844112e-02 -1.545444e-02
-3.225811e-01 1.077775e-01 1.666878e-01 2.006101e-01 2.698984e-01 1.991031e-01 2.304661e-01 1.737939e-01
9.045686e-02 -1.492533e-01 -2.325870e-01 1.279537e-02 3.376296e-01 1.911898e-01 -2.062847e-01 7.276853e-02
-1.640406e-01 2.170965e-01 1.880197e-01 6.587163e-03 1.915445e-02 5.754492e-02 -1.551516e-01 4.049442e-01
2.574084e-01 -8.505993e-02 -1.621941e-01 4.239226e-01 2.331866e-02 1.656300e-02 -2.539919e-02 -6.180798e-02
-1.374830e-02 6.115954e-02 3.070271e-01 1.669539e-01 -1.942936e-01 -1.019185e-01 3.661623e-01 -4.178673e-02
3.356475e-03 -8.426374e-02 3.280548e-01 5.199974e-01 2.962982e-01 -4.887656e-02 4.589533e-02 -1.120703e-01
5.127111e-02 4.438987e-01 -2.150837e-02 2.444009e-01 1.272483e-01 6.695874e-02 1.664207e-01 2.593803e-03
-1.843109e-01 3.123962e-02 1.202239e-01 -2.612996e-01 -1.666307e-02 -1.214672e-01 -6.233043e-02 2.618384e-03
1.514105e-01 -1.232775e-01 -1.519302e-01 -1.311263e-01 2.365319e-02 6.550749e-02 2.071480e-01 -2.129400e-01
-3.185995e-02 6.004277e-02 -9.095646e-03 3.013731e-02 3.106915e-02 1.061026e-01 -7.395165e-02 -5.522081e-01
7.322723e-02 -8.026222e-02 6.417003e-02 -6.006870e-02 -1.554983e-02 -8.600385e-02 6.419461e-02 4.787658e-01
-9.018405e-02 -7.094799e-02 -1.825781e-01 4.653711e-02 -2.068250e-01 2.451594e-01 -1.130357e-01 1.018466e-01
2.324609e-01 -1.632635e-01 -1.684536e-02 1.925186e-01 -7.429473e-02 -4.894181e-02 -4.344131e-02 -1.476390e-02
-5.166993e-02 2.462608e-01 -2.685074e-03 -2.595942e-01 -1.295380e-02 2.761503e-02 3.909289e-02 -2.905686e-02
7.034738e-02 1.041205e-01 1.231227e-01 -5.045701e-02 3.705148e-02 -5.425578e-01 8.498991e-02 -4.329134e-02
8.294922e-02 -5.321755e-02 1.280815e-01 5.003565e-02 3.990982e-01 8.890378e-02 4.897986e-03 -5.154169e-02
-1.015015e-01 1.588073e-03 -3.048584e-01 1.672443e-01 3.558500e-01 -7.911707e-02 -1.958450e-01 -9.273738e-02
-3.789755e-01 4.915580e-02 3.156878e-03 -6.632647e-02 1.507104e-02 1.257309e-01 2.260533e-02 2.620783e-02
1.418415e-01 1.004767e-01 1.779094e-01 -2.541598e-02 3.490335e-02 -4.487479e-02 2.306413e-01 -5.589452e-02
-1.843193e-01 1.580239e-01 3.944122e-01 1.409551e-01 -1.879791e-01 -2.729327e-01 -1.307614e-01 -1.088689e-02
-8.837499e-02 -3.333365e-01 9.423567e-02 3.356246e-01 -5.275328e-02 -2.789082e-01 -2.070810e-01 1.980601e-01
1.829278e-01 -1.332330e-01 -3.274476e-01 2.575418e-02 7.584525e-03 2.244565e-02 -1.153205e-01 -3.801899e-02
1.075906e-01 -2.286430e-04 -1.218745e-01 1.123873e-01 4.104371e-01 -3.810509e-02 2.555851e-01 -8.655634e-02
-4.266447e-02 3.506450e-02 7.271788e-02 -6.118022e-02 -1.052179e-01 1.040378e-01 -4.719929e-01 5.399115e-02
5.523835e-02 7.649226e-02 7.398342e-02 -1.486143e-01 -3.401799e-01 2.034957e-01 1.458800e-01 7.602865e-02
