4 6 8 32 64
-1.543453e-01 -7.025283e-02 -4.327495e-03 2.489820e-01 -7.408319e-02 1.043845e-01 -8.117937e-02 2.586175e-02
-8.785400e-02 7.433122e-02 -2.365420e-01 -2.390814e-03 -1.248671e-01 1.654164e-01 1.344433e-01 1.691033e-02
-1.005245e-01 6.154806e-02 -1.517513e-02 3.128730e-01 -7.235344e-02 -6.166176e-02 -6.030100e-02 -1.115052e-01
-1.867031e-01 6.913212e-03 -9.900238e-02 -1.642475e-01 4.496846e-02 3.403277e-01 1.954720e-01 -8.034816e-02
-5.749119e-02 2.835337e-01 -1.522960e-01 3.392360e-01 -9.735499e-02 -7.498770e-03 -1.195505e-01 -1.426571e-01
-8.184672e-03 -1.415456e-01 -3.061742e-01 5.913735e-02 -1.291206e-01 2.834009e-01 2.741837e-01 -2.036391e-01
3.012405e-02 1.513986e-01 -8.419689e-02 4.347020e-01 -9.599138e-02 -1.662864e-01 -1.350622e-01 -8.313169e-02
-8.125027e-02 -1.364453e-01 -6.776252e-02 -5.960567e-02 -1.359794e-01 4.284171e-02 -6.274202e-04 -1.687474e-01
-2.752653e-02 3.905225e-01 -1.969007e-01 4.099179e-01 -1.467865e-01 -1.563808e-01 -1.674177e-01 -1.107797e-01
-5.446208e-02 4.622278e-03 -1.697861e-01 -7.334147e-02 4.822595e-01 -5.672735e-02 1.823989e-01 1.120762e-02
-2.759234e-01 2.317867e-01 -1.275647e-01 -2.478727e-02 -5.673682e-02 3.711544e-01 1.244915e-01 -2.303692e-01
-1.574951e-01 -9.353109e-02 3.195938e-03 -6.688079e-02 -5.385429e-02 -1.096487e-01 -1.926848e-01 -6.412097e-02
1.157008e-01 4.932378e-01 -2.732120e-01 1.582676e-01 -2.181979e-02 -7.939994e-02 4.042541e-01 -2.538579e-01
-8.772625e-02 5.865167e-02 -1.208309e-01 2.165676e-01 4.162987e-02 -8.583602e-02 -3.138757e-01 -1.627276e-01
-2.354064e-01 2.458400e-01 -1.446650e-01 -1.479549e-01 4.485989e-02 -9.357610e-02 -1.507092e-01 7.838391e-02
7.148830e-02 2.029267e-01 -2.364280e-01 1.037827e-01 -6.865557e-02 -8.176077e-02 4.009462e-01 -2.043061e-01
-1.503816e-01 1.174424e-03 -4.361511e-02 2.539833e-01 5.428113e-02 -1.202645e-01 -2.783322e-01 -1.400998e-01
-1.860597e-01 -2.967503e-02 -2.400365e-01 -8.246427e-02 -1.796849e-01 1.262574e-01 -2.219618e-02 -3.875215e-02
-2.014862e-01 -9.094047e-02 -6.103265e-02 -4.652015e-02 -6.045014e-03 1.421744e-01 1.205837e-01 -8.088050e-02
-3.051606e-01 1.251522e-01 1.927913e-01 -1.434655e-01 2.176768e-02 -5.971968e-03 -1.311030e-01 -3.909988e-02
-7.805479e-02 -5.442122e-02 7.634118e-02 -1.606734e-01 1.810327e-01 5.936420e-03 5.004707e-01 -1.032872e-01
-3.329033e-02 4.233460e-01 -1.878830e-01 3.749622e-01 -1.465003e-01 -1.662409e-01 -7.847268e-02 -2.337027e-01
7.819892e-03 4.340467e-02 -4.072047e-01 1.007394e-01 -1.039408e-01 1.041499e-01 1.765644e-01 -1.527819e-01
1.310001e-01 3.826988e-02 -7.736523e-02 -9.554498e-02 3.879261e-01 1.617737e-01 2.822614e-02 -2.177369e-01
-2.548036e-01 5.209362e-02 1.387707e-01 1.554969e-01 9.442434e-03 6.138484e-02 -1.337368e-01 -1.567769e-01
1.999079e-01 9.963600e-02 -1.423701e-01 -9.483376e-03 1.929808e-01 2.283517e-01 3.609064e-01 -1.229156e-01
-2.258075e-01 -1.079810e-01 6.430158e-02 2.900772e-02 1.058620e-01 -9.153126e-02 -1.978727e-01 -8.870404e-02
-9.065983e-02 -2.062248e-01 -1.953120e-01 6.390825e-02 -1.045184e-01 -2.467558e-02 -1.449601e-01 -1.501269e-01
-2.027493e-01 -2.794741e-02 9.948362e-02 2.651444e-03 -7.896172e-02 2.977814e-02 -3.209017e-02 3.989006e-02
1.407963e-01 2.167388e-01 -2.178660e-01 4.561371e-01 -3.446362e-02 -8.073936e-02 -1.973071e-01 1.509334e-02
-1.292597e-01 -4.259115e-02 -6.264073e-02 2.455523e-02 -9.450009e-02 -8.018183e-03 3.527597e-01 -1.857295e-01
-2.728614e-02 1.517650e-01 -9.020901e-02 3.395577e-01 5.548334e-02 -1.029932e-01 -2.840038e-01 -2.017773e-01
-1.676235e-01 -2.079016e-01 -6.441354e-02 2.105983e-02 -7.573294e-02 -7.722310e-02 -1.869576e-01 -9.664214e-02
-1.845822e-01 4.579502e-01 2.493273e-02 1.777976e-01 -7.734004e-02 -9.602275e-03 -1.822637e-01 -8.398051e-02
2.324195e-01 2.952508e-01 -1.841810e-01 5.203335e-02 2.883096e-01 2.466106e-01 2.895973e-01 -2.188123e-02
1.169636e-01 2.664494e-01 -2.104758e-01 1.530344e-02 -5.506045e-03 1.316772e-01 4.863551e-01 -1.221654e-01
-3.216698e-01 1.683112e-01 5.793174e-02 1.678643e-01 -9.648507e-03 3.670066e-02 -2.101210e-01 4.296347e-02
-1.113831e-01 2.747359e-02 -1.266641e-01 2.903644e-01 -6.357419e-02 -2.101104e-02 -1.467716e-01 8.217178e-02
-2.778406e-04 1.625074e-01 -1.762303e-01 3.715164e-01 -1.517531e-01 -5.788146e-02 -2.134326e-01 -7.251067e-02
3.390681e-01 4.535366e-01 -2.081833e-01 3.144432e-02 2.160009e-01 1.939047e-01 2.461357e-01 -7.580172e-02
-1.553571e-01 -7.875649e-02 7.668266e-04 8.035015e-02 4.088754e-02 -7.591877e-02 -2.406361e-01 -1.108262e-01
9.042984e-02 4.094583e-01 -1.872698e-02 -1.188062e-01 1.800665e-01 2.618405e-01 1.423382e-01 -1.105799e-01
1.361566e-01 4.945836e-01 -2.518871e-01 1.047156e-01 -5.034272e-02 6.203100e-03 3.702821e-01 -2.139718e-01
-2.554466e-01 2.060366e-03 -2.728539e-01 3.285966e-02 -1.797272e-01 3.289275e-01 2.473220e-01 -1.136353e-03
2.505004e-02 3.456221e-01 -1.810544e-01 4.844481e-01 -9.011104e-02 -1.074283e-01 -9.375584e-02 -1.189374e-01
-1.251781e-01 2.240656e-01 -1.070318e-01 3.223625e-01 2.105248e-02 6.000564e-02 -2.074040e-01 3.669953e-02
-2.517083e-01 -6.081557e-02 2.358778e-01 1.362417e-01 -7.296705e-02 6.433723e-02 -9.784065e-02 -2.126596e-01
-2.054685e-01 1.158965e-01 -2.172894e-01 3.174336e-02 -8.249647e-02 3.036316e-01 1.203172e-01 -6.343950e-02
1.601235e-01 1.091068e-01 -1.931688e-01 3.513686e-01 -4.110577e-02 4.586353e-03 -1.136071e-01 1.043261e-02
-2.358440e-01 -1.091298e-01 4.076631e-02 -1.116440e-01 1.367218e-01 2.445718e-01 1.693710e-01 -1.547013e-02
-1.424381e-01 -7.117362e-02 2.079030e-02 1.655571e-01 -1.759741e-02 -1.221456e-01 -1.727625e-01 -6.658255e-02
-9.831514e-02 2.615396e-01 -1.592499e-01 3.830135e-01 -1.882545e-01 -2.560005e-01 6.858838e-02 -2.042637e-01
-9.234918e-03 8.187179e-02 -3.843206e-02 2.755488e-01 5.380249e-02 5.572651e-02 -1.451309e-01 -1.573652e-01
-6.158568e-02 -1.527133e-02 -2.965936e-02 -8.453414e-02 2.876037e-01 2.046549e-01 3.518620e-01 8.309193e-02
-1.936818e-01 -1.028451e-01 8.570760e-02 -4.201290e-02 -2.546662e-02 1.308124e-01 1.929103e-01 -6.611683e-02
-1.849643e-01 -9.996233e-02 1.222756e-01 1.398757e-01 -1.050539e-01 -2.255735e-02 -2.558334e-02 -1.705772e-01
3.074574e-01 7.612321e-02 -1.157015e-01 3.542195e-02 2.595757e-01 2.566815e-01 2.310304e-01 -1.487031e-01
1.426389e-01 7.131841e-02 -1.051458e-01 3.668445e-01 -8.950314e-02 3.586314e-02 -5.875105e-03 -1.614430e-01
6.758413e-02 -1.867324e-02 -1.321676e-01 5.837749e-02 -1.132322e-01 1.048605e-01 -9.959561e-02 -1.640591e-01
-5.274463e-02 6.071194e-02 -3.396889e-02 -1.224711e-01 1.276936e-01 1.053735e-01 4.431534e-01 -7.352178e-02
3.976476e-02 1.654415e-01 -2.367416e-01 2.611219e-01 -4.030712e-02 1.061387e-02 -2.274925e-01 -4.427168e-02
-1.255664e-01 -2.324682e-02 -2.300240e-01 -8.953393e-02 1.924751e-01 -1.472837e-01 -1.111035e-01 -6.201026e-02
7.540487e-02 -2.222321e-02 -1.755389e-01 2.231140e-01 1.929051e-02 5.899858e-02 -1.309493e-01 -1.210513e-02
-1.964455e-01 -1.319946e-01 -2.351293e-01 7.011014e-03 -7.542850e-02 4.872684e-01 7.909656e-02 4.956265e-02
-1.230152e-02 -6.958312e-02 -2.015805e-01 1.734281e-01 -2.257874e-01 -2.705311e-01 3.064896e-01 -1.471313e-01
3.925548e-01 -2.530286e-03 -2.535130e-01 -2.329247e-01 -2.080094e-01 -1.294613e-01 1.320164e-02 -1.306628e-01
-4.591610e-02 -2.924903e-02 -1.615155e-01 -1.023096e-01 1.484636e-01 -3.834438e-01 -9.601929e-02 6.654496e-02
-2.007601e-02 -1.677687e-01 -1.987967e-01 -1.779177e-01 1.103448e-01 -7.740472e-02 -6.529902e-03 -7.929996e-02
-4.980541e-02 1.601536e-01 -2.969104e-01 -1.020553e-01 -2.853729e-01 2.821784e-02 1.767056e-01 -3.104659e-01
-1.136011e-01 -1.284607e-01 -1.277711e-01 -1.393849e-01 -1.407514e-01 -1.256789e-01 8.081148e-01 -2.493615e-02
1.586394e-01 -1.116871e-01 -1.090073e-01 -3.317400e-02 1.080037e-01 -2.899347e-01 -1.310075e-02 1.362815e-01
-3.602206e-02 1.039322e-01 -2.655958e-01 -4.233867e-02 -4.758409e-02 -2.788500e-01 -7.062009e-02 -2.158985e-03
1.415414e-01 2.022551e-02 -1.699573e-01 8.571103e-02 -2.444612e-01 -1.219813e-01 5.700688e-01 1.153375e-01
3.612794e-01 2.014432e-02 -2.174902e-01 -1.318341e-01 -1.654080e-01 -2.319379e-01 -4.659321e-02 -9.395852e-02
2.986986e-01 -4.714128e-02 -1.689993e-01 8.115471e-02 -5.855460e-02 1.711500e-01 -2.973092e-01 2.509590e-01
-6.070220e-02 3.746805e-01 -1.844826e-01 3.547101e-01 -2.037789e-01 -2.520144e-01 -1.046294e-01 -1.550550e-01
1.386070e-01 -3.433682e-02 -4.238116e-01 -4.554114e-02 -3.007733e-01 -1.251080e-01 1.278448e-01 -2.247136e-01
7.466368e-02 4.508018e-01 -1.795316e-01 -4.830234e-02 -2.031171e-01 -3.288475e-01 -5.343974e-02 1.781959e-01
-1.428093e-01 1.105921e-01 -2.600272e-01 -1.042416e-01 -1.025804e-01 6.573407e-02 1.007591e-01 -2.755569e-01
5.664571e-01 -1.255338e-01 -2.755410e-01 3.626199e-02 -1.225343e-01 -1.819931e-01 -2.298912e-01 4.484716e-01
-4.530949e-02 -1.350703e-01 -3.854394e-01 -3.317975e-02 -2.232193e-01 1.269135e-02 5.516011e-01 -1.644807e-01
4.079543e-01 -9.586296e-02 -1.317111e-01 -1.328299e-01 -1.151935e-01 -1.793134e-01 -6.253529e-02 -1.303092e-01
2.227320e-01 3.878327e-02 -2.280447e-01 -1.984270e-02 -1.258224e-01 5.284873e-02 -2.214539e-01 -4.530656e-03
-6.657685e-02 8.871470e-02 -1.263800e-01 8.134530e-02 1.673737e-01 -1.662496e-01 -2.829220e-01 -8.128522e-02
2.020759e-01 -9.368595e-02 -1.427123e-01 -1.610570e-01 -9.208237e-02 -2.323266e-01 -1.696410e-01 3.958223e-02
-3.125792e-02 9.590699e-02 -3.193475e-01 -1.601178e-01 -9.759489e-02 5.138020e-02 1.935338e-01 -2.862130e-01
2.594371e-02 8.946118e-02 1.324542e-01 1.928434e-02 -3.554006e-02 -1.268639e-01 -1.677514e-03 -1.656293e-02
4.061696e-01 -1.243592e-01 -1.077961e-01 -1.296386e-01 -1.848255e-01 -2.283203e-01 -1.095352e-01 -6.535692e-02
2.170197e-01 -1.896271e-01 -1.895641e-02 8.129442e-02 5.267184e-02 -3.015220e-01 -4.657102e-02 2.714253e-01
8.463472e-02 2.097470e-01 -2.440867e-01 -2.102645e-01 -1.361231e-01 7.992253e-03 -2.483726e-02 -2.710108e-01
-2.788204e-01 1.204936e-01 6.984713e-02 1.785657e-01 1.509356e-01 -1.097394e-01 -8.720794e-02 7.557490e-03
-2.730936e-01 -8.448347e-02 -9.273718e-02 -3.267984e-02 -1.150274e-03 -1.378355e-01 5.876840e-01 -1.716828e-01
5.628167e-03 6.991251e-01 -3.433125e-01 -2.278888e-01 -2.864022e-01 -6.436530e-02 7.445256e-02 -5.841133e-02
3.054772e-01 2.340630e-03 -2.331198e-01 -1.330691e-01 -2.069052e-01 -1.979822e-01 -1.187268e-01 -1.546258e-01
1.810441e-01 -1.769941e-01 -3.349682e-01 -9.890595e-02 -6.497003e-02 -1.668119e-01 2.155295e-03 -1.012192e-01
8.192942e-02 4.845177e-02 -2.093953e-01 -1.139127e-01 -3.036912e-01 4.242134e-02 2.202316e-01 -1.618518e-01
2.611959e-02 -1.287920e-03 -1.197180e-01 -1.941240e-01 2.987490e-02 -2.429045e-01 -2.368514e-02 1.210665e-02
1.231681e-01 -7.753917e-02 -1.448552e-01 -1.228811e-01 -5.596366e-02 -2.890556e-01 -8.691099e-02 -8.411704e-02
-2.139204e-01 -7.488401e-02 -2.344983e-01 -5.566595e-02 -2.479459e-01 2.943399e-02 4.874955e-01 -1.537147e-01
-7.412536e-02 -7.840072e-03 -6.026631e-02 -1.264318e-01 -4.003770e-02 2.670126e-01 -7.680617e-02 -1.508436e-01
-5.185357e-02 -1.343109e-01 -1.827063e-01 -7.259558e-02 9.367905e-02 -3.300902e-01 -6.975537e-02 -4.153592e-03
-6.206555e-04 -4.654554e-02 -2.044406e-01 -2.751780e-02 4.958280e-02 -2.774461e-01 -8.286251e-02 -2.631253e-02
3.720466e-01 1.233420e-01 -1.924319e-01 -1.349072e-01 -2.462871e-01 -8.708232e-02 -2.441806e-01 -3.766696e-01
-1.293148e-02 -1.133968e-01 -2.727275e-01 -3.643180e-02 5.295181e-02 -2.879763e-01 -6.096611e-02 -7.983519e-02
1.803407e-02 -2.904126e-02 -3.943993e-01 3.352916e-02 -2.403557e-01 -5.275528e-02 -9.207358e-04 -2.803640e-01
4.585696e-01 -1.042712e-01 -3.461011e-02 -3.584505e-02 -1.214730e-01 -1.932671e-01 -8.075932e-02 2.587699e-01
-1.067683e-01 -6.646562e-02 3.475919e-03 -1.178407e-01 1.295512e-01 4.829371e-02 -1.227860e-01 -1.224853e-01
3.384025e-02 6.593316e-01 -1.802082e-01 2.162173e-01 -1.194941e-01 -1.423562e-01 -9.736365e-02 7.795727e-02
4.193767e-01 -7.523112e-02 -9.534497e-02 -1.326266e-01 5.457870e-03 -2.328168e-01 -8.901768e-02 2.946007e-01
-2.607461e-04 -1.143287e-01 -1.945041e-01 -1.953344e-01 1.470363e-01 -3.486851e-01 -3.050684e-02 5.371160e-02
-2.776711e-02 8.169658e-03 -2.427472e-01 -1.558277e-02 3.230702e-03 -2.132446e-01 -9.388199e-02 -3.226116e-02
7.970578e-03 -8.730832e-02 -2.088974e-01 -4.594554e-02 -1.086422e-01 -2.405138e-01 1.871110e-02 -4.843889e-02
1.363211e-01 -5.479448e-02 -3.684155e-01 -8.924883e-02 -9.025431e-02 -1.812524e-01 2.996818e-02 -1.826560e-01
3.949504e-02 -4.987043e-02 -3.270451e-01 -1.131617e-01 -8.691847e-02 4.179472e-02 2.753341e-01 -1.411091e-01
-1.302200e-01 -1.108335e-01 -4.067461e-01 -6.350635e-02 5.249311e-02 -2.143896e-01 1.302744e-01 -2.032951e-01
4.026381e-01 8.037699e-03 -2.981090e-01 -1.951617e-01 -1.828395e-01 -4.357644e-02 -1.336705e-02 2.118790e-01
9.205996e-02 -5.757254e-02 -8.650137e-02 -1.681775e-01 -1.065082e-02 -1.971481e-01 3.337058e-02 9.127042e-02
3.700840e-01 5.739477e-02 -1.864712e-01 -2.556782e-01 -2.385887e-01 -7.469013e-02 -6.746108e-02 -1.881323e-01
2.701467e-01 -1.409849e-01 -2.343821e-01 -1.070911e-01 -1.161510e-01 -2.573018e-01 -1.201549e-01 -2.154490e-01
-1.604689e-02 -1.312239e-01 1.350383e-02 1.423354e-01 3.602196e-02 -5.078529e-02 -4.324131e-02 5.992099e-02
-3.585172e-02 1.035938e-01 -2.678762e-01 -1.393953e-01 -1.323318e-01 9.847372e-02 2.960436e-01 -1.469089e-01
-2.525490e-02 2.342647e-02 -1.944109e-01 8.496382e-02 -1.662205e-01 -2.781521e-01 1.087475e-01 -1.232322e-01
-1.195381e-01 2.841119e-01 -8.493259e-02 4.129527e-01 -5.454485e-02 -3.816318e-01 1.159562e-01 3.752055e-03
-2.624737e-03 9.464445e-02 -2.323020e-01 9.822807e-02 3.004202e-02 -2.681182e-01 -1.129588e-01 2.597921e-02
1.055256e-01 1.941865e-01 -2.243692e-01 5.045590e-01 -2.552359e-02 -2.415098e-01 -1.034156e-01 5.146934e-02
-2.637738e-01 -3.355435e-03 -2.084623e-01 -8.068952e-02 4.723919e-02 -8.045299e-02 4.466426e-01 -2.446865e-01
5.335019e-01 1.542869e-02 -2.368263e-02 -6.889506e-02 -1.474709e-01 -9.122027e-02 -1.115354e-01 1.051994e-01
-2.057157e-01 -2.458025e-01 -3.749498e-01 -5.379963e-02 -2.414141e-01 4.049239e-02 6.293237e-01 -6.222217e-02
-1.336403e-01 5.199478e-04 2.645561e-01 -1.344841e-01 8.636960e-02 -1.688047e-01 -1.380819e-01 -1.581901e-01
-1.794759e-01 -1.880642e-01 9.984905e-02 -2.558546e-01 6.785665e-02 -1.554856e-01 -9.015167e-02 6.414522e-02
6.232562e-01 -2.346647e-01 1.431532e-01 -4.005001e-03 1.098511e-01 2.003794e-01 3.404961e-01 9.156793e-02
-1.592235e-01 -8.002457e-02 -1.932608e-02 2.532670e-01 3.445753e-01 3.435126e-01 -1.881134e-01 -1.316842e-01
-1.701610e-01 -6.962109e-02 -6.072141e-02 -1.349235e-02 3.138820e-01 -1.073141e-01 -1.737468e-01 -1.309356e-01
5.489546e-01 -1.708101e-01 -2.659656e-03 7.350328e-02 2.403041e-01 1.152753e-02 9.130688e-02 4.696241e-02
-1.941247e-01 -3.244984e-02 1.135477e-01 -1.127007e-01 -7.911786e-02 -1.640080e-02 -1.054443e-01 2.236276e-01
-3.505657e-01 -4.066625e-01 2.492646e-01 -1.219042e-01 -2.572208e-02 -1.175378e-01 -1.211168e-01 6.973423e-02
-1.831943e-01 -1.675125e-01 -1.170964e-01 1.700004e-01 4.585914e-01 5.143558e-02 -1.247909e-01 -9.905019e-02
-2.417099e-01 2.481664e-02 -1.788016e-01 -6.254575e-02 3.560431e-01 1.561158e-01 -1.367804e-01 -9.832752e-02
-1.839124e-01 -4.025295e-02 3.604982e-01 -2.279654e-01 -7.474331e-02 -5.812518e-02 -1.388327e-01 6.144435e-02
-1.528279e-01 -1.085910e-01 -2.219204e-01 3.009754e-01 4.125094e-01 1.521939e-02 -7.110306e-02 -1.181773e-02
-1.410430e-01 -1.158015e-01 -1.054343e-01 2.499007e-01 1.874160e-01 5.062681e-01 -1.901018e-01 2.652698e-03
-5.392480e-02 -5.009304e-02 -1.533951e-01 9.396516e-02 2.856100e-01 3.252610e-01 -1.261352e-01 -2.119489e-01
-3.142524e-01 -1.106432e-01 1.896996e-01 -2.374075e-01 -1.788756e-01 -4.762520e-02 -2.178098e-02 1.869703e-01
-3.009855e-01 -2.969540e-01 -7.678392e-02 -2.260634e-01 6.473731e-02 2.949928e-03 6.187292e-04 6.666621e-02
4.142644e-02 5.925203e-02 4.701220e-01 -1.761883e-01 -5.174388e-02 -2.234597e-01 -1.983540e-01 -1.180236e-01
-2.030410e-01 -1.353385e-01 -1.309288e-01 2.911005e-01 4.864566e-01 1.083896e-01 -1.695309e-01 -7.178333e-02
-2.493396e-01 -5.257078e-04 -2.092407e-01 -2.670404e-01 3.807025e-01 1.671848e-01 8.814293e-02 6.078368e-03
-2.564265e-01 -1.594884e-01 3.629685e-01 1.757302e-01 -2.114088e-01 -7.964049e-02 -2.270049e-01 6.949656e-02
1.900879e-01 -8.279087e-02 4.898701e-01 5.884528e-02 1.881841e-02 -1.396502e-01 -3.200010e-01 -1.146672e-01
-2.334417e-01 -3.442145e-01 4.303191e-01 -2.330750e-02 -4.959613e-02 -4.166690e-02 -1.724824e-01 2.008464e-01
-1.896752e-01 2.121805e-02 -2.467337e-01 2.656660e-03 1.495796e-01 3.614497e-01 -2.421572e-01 2.962391e-02
-4.387005e-01 5.688728e-02 -2.748916e-01 -2.385400e-01 3.141624e-02 2.294362e-02 -1.532195e-02 2.591374e-01
4.499081e-01 -8.303458e-02 1.536646e-01 9.108394e-02 1.273887e-01 1.316869e-02 4.375587e-02 -4.240565e-02
-1.938626e-01 -1.394403e-01 -1.427246e-01 2.262651e-01 4.427549e-01 8.183832e-02 -1.137380e-01 -6.598847e-02
-1.598570e-01 3.059522e-02 3.947319e-01 -1.052748e-01 -2.249612e-01 -8.520065e-02 -1.924211e-01 -7.651983e-02
-4.152140e-01 -7.213583e-02 -3.057253e-01 -2.834061e-01 -6.349966e-02 2.946731e-01 -7.556193e-02 1.036019e-01
-2.560128e-01 -6.871469e-02 -1.362839e-01 1.064378e-01 5.008723e-01 8.986845e-02 -1.320224e-01 -1.016403e-01
-3.420420e-01 6.452599e-02 -5.590284e-02 -2.956527e-01 4.728716e-02 2.374639e-01 -3.121072e-03 5.413903e-02
-1.731366e-01 -4.312922e-01 -1.159771e-01 2.131191e-01 3.316735e-01 -5.158205e-02 -1.198442e-01 -1.640139e-01
-2.179111e-02 -1.673166e-01 -1.133739e-01 3.638155e-02 1.311597e-01 1.809797e-01 -1.883940e-01 -2.261018e-01
-3.015644e-01 -5.116505e-02 1.119192e-01 2.647767e-01 -1.824959e-01 -9.835362e-03 -1.896300e-01 2.995800e-02
-1.777317e-01 -3.954483e-01 -1.675177e-02 -1.517811e-01 2.506448e-01 -7.069357e-02 -1.216697e-01 -9.687871e-02
-2.361070e-01 6.924886e-03 -1.962113e-01 1.454631e-02 3.794689e-01 3.320454e-01 -1.285464e-03 -3.381115e-02
-3.516003e-01 7.195470e-02 -1.291331e-01 -3.293497e-01 1.513972e-01 -7.860914e-02 -5.163490e-02 6.172993e-02
1.121693e-01 -2.479283e-01 -2.416543e-02 -2.186407e-01 1.109508e-01 5.367615e-02 2.479998e-01 2.584909e-01
-3.736631e-01 -4.946188e-02 -9.712765e-02 -4.038959e-01 5.114231e-02 2.911789e-02 1.172771e-02 1.107159e-01
-3.189093e-01 -1.322011e-01 1.252688e-01 -8.528008e-02 -2.485711e-02 6.272142e-02 -2.447807e-02 1.937974e-01
-3.386456e-01 -1.108165e-01 6.828186e-02 -1.742065e-01 -7.479425e-02 5.858890e-02 -8.417930e-03 2.257786e-01
-1.780740e-01 -1.422431e-01 -9.682006e-02 2.204306e-01 4.112227e-01 2.007734e-01 -2.038559e-01 -1.375166e-01
-7.045268e-02 -9.638476e-02 -1.032433e-01 5.502272e-01 1.779763e-01 1.614876e-01 -1.901914e-01 1.420442e-01
-2.493168e-01 -4.829083e-01 1.380763e-01 -1.412729e-01 5.608919e-02 -2.828605e-01 -1.546802e-01 1.964444e-02
-2.805551e-01 4.663114e-01 3.469688e-01 8.407632e-02 -1.050375e-01 -7.253370e-02 -7.107148e-02 1.224958e-02
-1.392242e-01 -2.710790e-02 -3.038938e-01 -1.830512e-02 3.257228e-01 3.555332e-01 7.933784e-02 -1.274704e-02
-1.493130e-01 1.138615e-01 -1.527461e-01 -2.905340e-01 1.765446e-01 1.916624e-01 -1.302693e-01 -7.416353e-02
-1.583998e-01 -1.980840e-01 -3.527785e-02 8.621067e-03 3.584055e-01 5.214894e-02 -9.238471e-02 -7.618055e-02
-3.461538e-01 -1.374627e-01 -1.977897e-01 1.412916e-01 3.189779e-01 -1.300602e-01 -1.416318e-01 -1.315580e-02
-1.844878e-01 2.477246e-01 -6.900156e-02 1.021561e-01 1.611135e-01 -1.347831e-01 -1.729815e-01 7.427199e-02
-2.508273e-01 -5.266251e-02 2.014970e-01 1.884099e-01 -1.186641e-01 2.621688e-02 -1.955659e-01 1.762291e-01
-3.924297e-01 2.476337e-02 -2.360145e-01 -3.899987e-01 -5.675828e-02 2.191481e-01 -1.927437e-02 1.424070e-01
-2.694871e-01 2.680156e-01 3.948755e-01 3.396384e-02 -1.575805e-01 -1.874776e-01 -2.803892e-01 -2.293557e-01
-9.955204e-02 1.663774e-02 3.994245e-01 -9.909019e-02 -1.663542e-01 -2.189765e-01 -1.453246e-01 -1.794821e-01
-1.812641e-01 -2.931365e-02 -2.261192e-02 -2.761962e-01 1.114038e-01 -5.393732e-02 -1.781447e-01 -2.085722e-02
-3.712122e-01 -1.403786e-01 1.081732e-01 -5.980632e-02 -8.609194e-02 -1.924925e-01 -1.141253e-01 1.356127e-01
2.659668e-01 -2.291552e-01 -5.258319e-02 -3.923153e-01 8.934472e-03 8.724139e-02 5.632168e-01 2.740672e-01
-2.849820e-01 -1.618794e-01 -1.064443e-01 -2.254720e-01 2.695138e-01 -5.818817e-02 1.620782e-01 2.183343e-02
-2.404513e-01 -9.842712e-02 -1.137775e-01 -1.414933e-01 1.703237e-01 -7.941072e-02 -1.667808e-01 -3.560124e-02
-1.892013e-01 -1.155584e-01 -7.081511e-02 1.767955e-01 4.206509e-01 4.288457e-02 -8.423304e-02 -5.976021e-02
-4.021381e-01 -6.493466e-02 -2.794482e-01 -4.665700e-02 1.519572e-01 2.565753e-01 -1.560324e-01 -2.994512e-02
-2.985254e-01 -1.463254e-01 -3.949722e-02 3.218495e-02 2.444735e-01 3.386438e-02 -2.521858e-01 4.909577e-02
-6.637172e-02 -1.199962e-01 1.404905e-01 3.991890e-01 1.150508e-01 3.379032e-02 -1.794794e-01 -5.495098e-02
-2.192515e-01 -7.566676e-02 5.400290e-03 -1.227125e-01 1.373758e-01 -1.546780e-01 -1.553464e-01 -9.287500e-02
-3.073972e-01 -2.442652e-04 -1.424112e-01 -2.759354e-01 -5.855463e-03 2.836762e-01 -1.761578e-01 6.940147e-02
-4.327972e-03 -3.460304e-01 1.965775e-01 -1.716356e-02 -6.841470e-02 8.827606e-03 -1.140313e-01 -1.254632e-01
3.724491e-01 -1.342237e-01 1.009449e-01 4.630712e-01 2.485996e-01 1.994428e-01 -1.663900e-02 -1.143090e-01
-5.656310e-03 -6.066318e-02 3.580075e-01 1.129752e-01 2.409254e-01 -2.657625e-03 -1.284549e-01 -1.066935e-01
5.714037e-01 -1.090012e-01 1.201033e-01 2.667733e-01 1.142620e-02 6.845208e-02 1.163613e-01 -3.034095e-02
-6.860065e-02 -3.571598e-02 3.130574e-01 1.238734e-01 1.014580e-02 -2.501299e-03 -7.558463e-02 -5.463527e-02
4.578899e-01 -1.411443e-01 -2.528604e-02 4.404230e-01 3.718103e-01 2.978605e-03 -1.315326e-01 -1.996760e-01
2.672559e-01 -2.093831e-01 1.785157e-01 3.982546e-01 5.115220e-01 1.956789e-01 -1.691200e-01 -2.585938e-01
-8.114930e-02 1.346996e-01 -1.503891e-01 1.069471e-01 1.270036e-01 1.330522e-01 -2.256689e-01 3.543336e-01
4.798929e-01 -2.265199e-01 1.551615e-02 4.184010e-01 1.326177e-01 6.328334e-02 2.862598e-02 -1.625685e-01
3.409025e-01 -3.635076e-01 6.744178e-02 9.838089e-02 3.078842e-03 3.829287e-02 -2.485492e-02 -8.838379e-02
7.960295e-02 -1.899003e-01 2.693453e-01 1.231078e-01 4.940425e-01 1.207079e-01 -1.780066e-01 -2.326147e-01
4.465602e-02 -1.061825e-01 3.880889e-01 1.996092e-01 2.530910e-01 2.875144e-02 7.366611e-02 -1.060614e-01
6.473099e-01 -2.575298e-01 3.872797e-03 9.772395e-02 -2.145542e-01 3.104968e-02 1.517712e-01 -1.160711e-01
4.477429e-01 -2.504064e-01 2.634417e-02 3.811538e-01 2.849879e-02 -1.902731e-02 5.463732e-02 -1.952960e-01
1.060549e-01 -1.244107e-01 1.263013e-01 -2.763410e-02 -6.135426e-02 -2.005000e-01 -1.096290e-01 2.149144e-01
-4.243480e-02 -3.300644e-01 2.652510e-01 -1.147584e-01 3.764375e-01 -3.196095e-01 -1.173273e-01 -1.879027e-01
1.117877e-01 1.460150e-01 -8.038028e-02 3.270867e-01 4.032460e-01 7.310017e-02 -2.204381e-01 8.118790e-02
1.912008e-01 -1.921463e-01 2.055339e-01 3.654930e-01 -7.980578e-02 -4.421502e-02 -3.268212e-02 9.377446e-02
3.151584e-01 -1.340678e-01 2.177667e-01 4.170313e-01 4.454429e-01 3.028913e-01 -4.061908e-02 -1.176438e-01
-1.281828e-01 1.686786e-01 2.932492e-01 -1.003189e-01 3.008253e-01 -8.681010e-02 -3.190935e-01 1.834725e-01
6.543522e-01 -3.051682e-01 -4.841048e-02 9.242906e-02 -7.141113e-02 -4.169062e-02 3.614166e-02 -1.767208e-01
2.042526e-02 -1.139733e-01 4.818816e-01 5.951914e-02 2.571449e-01 -5.631390e-02 -7.763693e-02 -5.279347e-02
2.243833e-01 -3.256601e-01 1.516438e-01 3.210078e-01 3.009186e-01 3.277376e-01 -8.506282e-02 -3.467168e-01
5.520213e-01 -1.948806e-01 5.488680e-02 1.888197e-01 3.022656e-02 -7.629252e-02 3.677373e-02 -1.950523e-01
-8.705969e-02 -1.755399e-01 1.367939e-01 -1.079627e-01 -1.097620e-01 -1.706897e-01 -8.065774e-02 4.368237e-01
5.278540e-01 -8.207893e-02 -6.010239e-02 3.644971e-01 1.799048e-01 5.895277e-02 7.470109e-02 -1.799999e-01
-1.815664e-01 8.612324e-02 2.270841e-01 -2.257916e-01 3.605851e-01 -1.473313e-01 -2.635973e-01 3.612376e-01
-1.441971e-01 1.000757e-01 1.591423e-01 -1.261726e-01 -2.332588e-02 -5.534993e-02 -1.679559e-01 3.258399e-01
6.682610e-01 -3.237771e-01 8.506288e-02 1.963144e-01 -3.904634e-02 2.001570e-01 1.415358e-01 -2.033220e-01
1.934608e-02 -9.715777e-02 2.437873e-01 1.842106e-01 5.990638e-01 -5.058966e-02 -3.414609e-02 -1.346322e-01
1.328537e-01 -2.333220e-02 9.754129e-02 1.517757e-01 1.281991e-01 -1.293707e-01 4.954996e-03 1.117097e-01
5.015550e-01 -2.228321e-01 5.531233e-02 3.214010e-01 1.491742e-01 -1.337160e-02 1.522497e-04 -1.442848e-01
2.185619e-01 -9.434858e-02 -1.704291e-03 -1.211474e-01 -1.591394e-01 -1.116957e-01 1.597968e-01 -3.194332e-02
4.336642e-01 -9.828470e-02 1.411672e-02 2.675284e-02 -1.392544e-01 -1.240832e-01 2.076733e-01 -1.662044e-01
3.933913e-01 2.181377e-02 5.783366e-02 4.160285e-01 3.130089e-01 -4.388884e-02 -6.752439e-02 -9.858166e-02
1.848418e-01 9.867037e-03 2.010349e-01 1.983602e-01 1.480777e-01 -1.167040e-01 7.292069e-02 5.853231e-02
1.517162e-01 -1.686377e-01 -8.081153e-02 -5.457167e-02 -9.591196e-02 -1.307024e-01 -1.972266e-02 -6.049935e-02
-4.138500e-02 -1.422698e-01 2.717724e-01 -9.294691e-02 -8.191437e-02 -2.477018e-01 -1.337955e-01 2.711655e-01
4.733905e-01 -1.665589e-01 -5.861844e-02 4.193631e-01 4.287192e-01 1.936578e-01 -1.288385e-01 -2.365232e-01
3.134664e-02 -3.537878e-01 2.795670e-01 3.164945e-02 1.278902e-01 -7.692453e-02 -1.821575e-01 -2.315850e-01
4.001352e-01 6.034087e-02 1.676328e-01 -9.497005e-03 -1.324029e-01 2.289786e-01 -5.993034e-02 -6.580149e-02
5.087406e-01 -1.640591e-01 -1.408575e-02 4.206944e-01 1.890118e-01 -5.906960e-02 2.573809e-02 -1.206802e-01
-4.370018e-02 -1.617919e-01 1.673499e-01 1.262490e-01 4.044457e-01 -5.934456e-02 -4.244083e-02 -1.300089e-01
-9.390108e-03 -2.707304e-01 4.515139e-01 -1.662618e-02 3.280365e-02 -1.371949e-01 -1.252493e-01 -2.099927e-01
2.812986e-01 -7.033331e-02 1.402357e-01 3.468083e-01 2.431220e-01 -1.161260e-01 2.399128e-02 -4.147917e-03
-1.473178e-02 -1.206774e-01 4.336604e-01 7.836116e-02 2.895450e-01 -8.287171e-02 -1.223006e-01 -2.778273e-02
-1.942278e-02 -7.710175e-02 3.030013e-01 7.806850e-02 -3.074354e-03 -1.181640e-01 -5.686045e-02 3.371201e-02
3.801904e-01 -2.533180e-01 8.987052e-02 2.982700e-01 1.411083e-01 1.998945e-01 2.430869e-02 -1.931477e-01
2.589667e-01 -1.884382e-01 2.650816e-01 3.643339e-01 4.286014e-01 -1.459207e-01 -1.696310e-02 -7.447483e-02
2.154589e-01 9.193567e-03 -6.935606e-02 1.094032e-01 1.597182e-02 8.343539e-02 -2.569716e-01 1.311383e-01
3.975265e-01 -4.810412e-02 1.526493e-01 4.064538e-01 3.492858e-01 2.910373e-01 -1.096561e-01 -1.868557e-01
7.372236e-01 -1.359947e-01 -8.300274e-02 5.745780e-02 -1.224854e-01 -5.217442e-02 9.779482e-02 -1.606479e-01
-5.912609e-02 -1.355314e-01 4.318122e-01 1.079453e-01 2.520366e-01 -7.197748e-02 -7.497543e-02 -1.774504e-01
4.236209e-01 -1.784287e-01 -1.234472e-02 3.924112e-01 3.569971e-01 2.924800e-01 -6.242732e-02 -2.789304e-01
2.758647e-01 -1.790614e-01 -7.861883e-02 2.322738e-02 -3.645603e-02 -1.592345e-01 6.406035e-02 -7.009064e-02
1.422163e-02 -2.107750e-01 2.985275e-01 -1.602385e-01 -2.394677e-01 -1.976688e-01 2.276278e-01 -1.078584e-01
-3.714296e-02 -1.096081e-02 1.285327e-01 1.644701e-01 3.240142e-01 2.036068e-02 -2.548668e-02 -5.338099e-02
3.084096e-01 -2.005590e-01 1.276879e-01 4.457413e-01 9.352279e-02 7.262703e-02 -2.114396e-02 -2.159770e-02
1.387009e-01 -5.468474e-02 3.814566e-01 3.214977e-01 5.050504e-01 2.130507e-01 -8.023284e-02 -1.109047e-01
3.867574e-01 -2.087663e-01 1.100703e-01 4.397690e-01 5.276669e-01 9.502220e-02 -1.037335e-01 -2.092349e-01
-8.069315e-02 -1.136384e-01 1.719876e-01 5.918394e-02 -1.705549e-01 6.966284e-03 -9.874951e-02 -1.345435e-02
-2.811251e-02 -1.125617e-02 1.874529e-01 8.760951e-03 2.349112e-01 -1.077605e-01 -2.185448e-01 2.361152e-01
4.357713e-01 -1.927555e-01 1.744132e-02 3.286227e-01 9.356236e-02 -1.801030e-01 1.010610e-01 -3.934577e-02
-6.174234e-02 -2.201382e-01 3.078891e-01 -3.650206e-02 3.871019e-01 -2.713783e-01 -6.078769e-02 -6.479900e-02
-1.144362e-01 8.525541e-02 -7.909137e-02 3.313423e-01 3.207123e-02 -2.020621e-02 -1.833215e-01 -1.788882e-01
2.889752e-02 -1.557956e-01 1.452481e-01 -1.112228e-01 2.369804e-01 2.219580e-01 3.300468e-01 5.223322e-02
-1.062655e-01 -1.755475e-02 -9.452026e-02 3.023363e-01 -4.553060e-02 -6.282004e-02 -1.748873e-01 -9.292882e-02
-7.286198e-02 -1.382271e-01 1.308571e-01 2.264360e-01 -1.332793e-01 -6.192414e-02 -1.063119e-01 -6.617691e-02
-9.120972e-02 -1.455965e-01 -7.416466e-02 -3.862258e-02 -1.506440e-01 2.980376e-01 2.080159e-01 -6.841832e-02
-5.294031e-02 3.558371e-01 -2.082423e-01 -1.538823e-01 -1.728535e-02 1.280282e-01 3.301940e-01 -2.465302e-02
-2.041550e-02 -4.917084e-02 -9.106395e-02 -5.374205e-02 3.099771e-01 -4.585363e-02 4.683817e-01 -4.886124e-02
-2.096496e-01 6.003741e-02 3.865060e-02 1.370506e-01 -1.162209e-01 -8.693995e-02 -1.420692e-01 -6.843890e-02
-1.282513e-01 -5.595996e-02 -3.765431e-02 1.011046e-01 8.049785e-02 -8.084648e-02 -1.548571e-01 -6.115267e-02
3.213210e-02 -5.069293e-02 -2.206514e-01 2.363345e-01 3.100938e-02 3.341381e-02 -2.401407e-01 -5.443582e-02
-6.593210e-02 -9.334848e-02 -5.619331e-02 -5.605657e-02 -1.921828e-01 1.995721e-01 3.223816e-01 -1.203717e-01
-1.261094e-01 -2.508229e-02 1.310720e-02 -1.759257e-01 2.183915e-03 -9.501781e-02 2.291672e-01 -2.965378e-02
-1.108671e-01 3.833747e-03 -1.120184e-03 2.930064e-01 -9.392083e-02 -7.803904e-02 -1.502577e-01 -1.359633e-01
-9.686856e-02 5.904450e-02 -9.170894e-02 4.026674e-01 -5.000405e-02 -8.078491e-02 -1.107552e-01 -9.824932e-02
1.566477e-01 1.472457e-01 -1.102715e-01 1.150699e-01 8.439247e-02 1.949477e-01 3.669450e-01 -1.130679e-01
-7.247112e-02 2.726942e-01 -1.987710e-01 4.561526e-01 -1.603677e-02 -5.780049e-02 -1.434326e-01 -1.725563e-01
-1.038903e-01 2.630165e-01 -5.746129e-02 7.984721e-02 -1.258163e-01 3.478274e-01 1.335448e-01 -5.562062e-03
-1.030199e-01 4.551733e-02 -1.407936e-01 1.076057e-01 -1.244377e-01 3.924391e-01 2.322305e-01 -9.451969e-02
-3.379898e-02 -1.626221e-01 1.347185e-01 -4.227253e-03 -1.226634e-01 2.065970e-01 1.534052e-01 -4.662089e-02
-3.793848e-02 -9.403788e-02 -3.519629e-02 -9.160464e-03 2.423005e-01 -3.266241e-02 5.543606e-01 -7.589912e-02
-1.203011e-01 -8.934765e-02 -1.367359e-01 -2.969353e-02 -9.462316e-02 -1.151654e-01 -8.878621e-02 -1.146520e-01
-1.289062e-01 -3.776663e-02 -3.831312e-02 8.255595e-02 -1.132206e-01 -9.417892e-02 -1.673981e-01 -3.116746e-02
-6.027852e-02 -4.054488e-02 1.004761e-01 -1.677063e-02 -7.753561e-02 -1.071434e-02 -2.145949e-01 -1.386246e-01
1.488324e-01 1.173168e-01 -1.920994e-01 7.841478e-02 2.277936e-01 3.686905e-02 2.953529e-01 -5.048794e-02
-1.355326e-01 3.480108e-02 1.699923e-01 2.363206e-01 -4.087446e-02 3.471106e-02 -1.493230e-01 -1.832822e-01
-3.710492e-03 6.836331e-02 6.013770e-02 -9.428919e-02 2.499625e-01 1.661963e-01 3.717874e-01 1.639054e-01
1.080323e-01 3.139750e-01 -2.030358e-01 3.452302e-02 1.325100e-01 7.989217e-02 3.853526e-01 -1.447100e-01
-9.199953e-02 -9.578474e-02 1.898780e-01 -5.335041e-02 -9.347842e-02 1.981416e-01 3.173690e-01 -1.460698e-01
-1.887908e-01 7.172546e-03 -1.880670e-01 6.276096e-02 -2.222229e-01 2.939719e-01 2.670640e-01 4.258029e-02
6.233852e-03 6.715248e-02 -1.492207e-01 1.926380e-01 1.111371e-02 -4.869742e-02 -2.185483e-01 -9.961978e-02
-1.662311e-01 -1.234385e-01 2.621663e-01 8.183654e-02 -2.357107e-02 -3.962594e-02 -1.069774e-01 -5.668467e-02
1.571041e-01 2.102274e-01 -9.389078e-02 -1.295018e-01 4.116648e-01 1.054707e-01 1.300839e-01 -8.073346e-02
-1.681750e-01 -1.983757e-01 3.030516e-01 -9.314277e-02 -5.881625e-02 2.504469e-01 1.057208e-01 -8.661176e-02
-7.606485e-02 -1.099812e-01 -1.209526e-01 1.913563e-02 -2.227961e-01 1.793392e-01 2.584800e-01 -1.090343e-01
2.681398e-01 7.231283e-02 -8.138096e-02 -9.362010e-02 3.140658e-01 3.194741e-01 1.296901e-01 -1.962048e-01
-1.758525e-01 -4.222247e-02 -4.003004e-02 -1.159274e-01 1.231282e-01 1.434220e-02 -6.361108e-02 3.359190e-04
-1.117764e-01 -4.272583e-02 -5.661814e-03 2.176065e-01 2.783046e-02 -4.201940e-02 -2.129886e-01 -1.235360e-01
-8.504582e-02 1.876793e-01 -8.476644e-02 4.054834e-01 -1.859385e-02 -3.397105e-02 -2.117340e-01 -1.022109e-01
-1.043068e-01 1.017471e-01 -1.100910e-01 -1.030889e-01 -6.538828e-02 1.227674e-01 4.303628e-01 -5.924202e-02
-8.426273e-02 1.353309e-01 1.451917e-01 2.506384e-01 -1.049777e-02 -2.506077e-02 -1.574029e-01 -1.436008e-01
-1.748305e-01 -1.264724e-01 2.435370e-01 -3.171172e-02 3.309856e-02 3.952359e-02 -1.783629e-01 3.259600e-02
2.062249e-01 2.783901e-01 -1.775781e-01 -4.775206e-02 1.987468e-01 1.573191e-01 2.268248e-01 -2.640331e-01
-1.339921e-01 2.965993e-01 -7.050651e-02 4.463151e-01 5.257507e-02 4.693690e-02 -2.425428e-01 -1.609350e-01
-8.503065e-02 3.648081e-02 5.328723e-02 3.005892e-01 -7.695736e-02 -4.630935e-02 -1.063380e-01 -1.330801e-01
-1.161147e-02 -9.778952e-02 9.404068e-02 -4.889100e-02 1.483514e-01 5.304397e-03 5.579846e-01 -3.456473e-02
-7.998556e-02 5.001640e-01 -4.537157e-02 3.595926e-01 -5.059212e-02 -1.323996e-02 -1.464655e-01 1.172992e-02
1.801190e-02 -1.448379e-01 -7.629684e-02 -1.619198e-02 -4.123511e-02 4.433775e-01 1.928181e-01 -1.429100e-01
-7.443193e-02 4.748962e-02 -1.243525e-01 2.455272e-01 -1.106060e-01 -3.930743e-02 -1.341347e-01 8.160611e-02
5.518958e-03 -3.265046e-02 -9.245002e-02 2.881201e-01 -5.044494e-02 1.616886e-02 -2.698889e-01 -1.961499e-01
2.950482e-02 1.129622e-01 -1.213173e-01 -2.554846e-02 2.685514e-01 5.287845e-02 4.691132e-01 -8.150052e-02
-1.442126e-01 -1.389587e-01 7.984948e-02 1.783606e-01 -1.014467e-01 -7.676300e-02 -1.692099e-01 -7.766106e-02
6.713669e-02 -9.555016e-02 -3.830227e-03 -2.008260e-01 3.725183e-01 1.178158e-01 5.552455e-02 -5.077842e-02
-6.871971e-02 2.865436e-02 4.263868e-02 2.917721e-01 -9.953742e-02 6.389342e-02 -3.783267e-01 -2.478027e-01
-1.494568e-01 2.094224e-01 -1.575242e-01 3.851782e-01 -1.287598e-01 -3.286530e-02 -1.642357e-01 1.852160e-02
-2.178851e-01 -7.221062e-02 6.019936e-02 6.836245e-02 3.359712e-02 -1.208765e-01 -1.713521e-01 -5.495049e-02
-5.589863e-02 -7.237867e-02 -1.272257e-01 1.336429e-01 -6.040675e-02 -5.081661e-02 -1.770062e-01 -1.194974e-01
4.939251e-02 1.108594e-02 -1.387689e-01 2.890497e-02 1.776074e-02 4.744462e-02 4.322931e-01 -4.004841e-02
-1.471445e-01 -7.431078e-02 3.388025e-02 -7.920786e-02 -1.468165e-01 3.101117e-01 2.551475e-01 1.635395e-02
1.213952e-01 5.482543e-01 -1.876987e-02 -1.591656e-02 6.824815e-02 2.106801e-01 1.720857e-01 -2.018934e-01
-1.007764e-01 1.604222e-01 -1.411708e-01 -1.362546e-01 3.624428e-02 -1.468776e-01 -7.955356e-02 5.286520e-02
-2.168062e-01 -1.118031e-01 1.259451e-01 1.190691e-02 -5.446114e-02 -1.275577e-01 -2.137304e-01 -5.008199e-02
-7.909635e-02 1.887337e-01 -8.570595e-02 4.458084e-01 -3.601264e-03 -5.278718e-02 -1.279592e-01 -2.077284e-01
-7.148209e-02 -9.602512e-02 2.803408e-01 1.330538e-01 -7.478305e-02 -4.088361e-02 -8.555388e-02 -8.156263e-02
-1.963398e-01 3.885309e-01 -6.813046e-02 4.340542e-02 -7.995067e-02 -4.401202e-02 -1.222587e-01 5.990991e-03
-4.125985e-02 -1.031216e-01 -3.130817e-01 -5.091244e-02 -2.847495e-01 -1.186448e-01 2.418912e-01 -8.385111e-02
2.024097e-01 -3.926414e-02 2.154602e-01 -8.210052e-03 -2.878178e-02 9.714735e-02 -1.311442e-01 9.435222e-02
-6.043718e-02 -1.635182e-01 -1.848075e-01 -4.690513e-03 1.038685e-01 -2.439789e-01 2.457128e-02 -3.573386e-02
2.230811e-01 -1.107790e-01 -1.140709e-01 -4.660595e-02 1.049099e-01 -1.323039e-01 -1.848311e-01 1.938335e-01
-1.384620e-01 -1.364381e-01 -1.309046e-01 -9.772177e-02 8.634306e-02 -1.092424e-01 4.673545e-02 -1.328824e-01
-2.685527e-02 -1.036975e-01 -2.051605e-01 1.871131e-01 -1.811401e-01 -1.020577e-01 2.951896e-01 -1.823678e-01
-7.003899e-02 -1.726031e-01 -1.993389e-01 -9.488658e-02 -1.801377e-01 -1.848120e-01 5.836372e-01 -5.279008e-02
-1.098496e-01 1.198704e-01 1.795494e-01 -1.109314e-02 -9.934442e-02 1.663135e-01 -5.352245e-02 -1.934586e-01
4.637011e-01 -1.113558e-01 -9.280761e-02 -1.010261e-01 -2.224504e-01 -1.421597e-01 -3.793431e-02 -1.057819e-01
-7.035831e-02 5.360368e-01 -2.595231e-02 1.412670e-02 -8.741657e-02 -1.126451e-01 -5.891145e-02 8.416890e-02
1.064842e-01 -2.227833e-01 -6.671120e-03 -6.907304e-02 -7.243831e-02 3.182504e-01 -3.662976e-02 1.320829e-01
-1.274201e-02 -1.766552e-01 -1.003405e-01 1.450724e-01 -1.420260e-01 -1.372515e-01 5.618361e-01 8.962457e-03
-1.252865e-01 1.883708e-01 1.537864e-02 5.205454e-01 -2.575152e-02 -1.439510e-01 -1.158566e-01 -8.712325e-02
4.424544e-01 -6.457623e-02 -4.978444e-02 -7.753519e-02 -1.481016e-01 -1.021161e-01 4.500999e-02 2.266672e-01
-6.630734e-02 1.618540e-01 -1.832264e-01 1.883011e-01 -1.835267e-01 -7.155433e-02 1.831936e-01 -3.561947e-02
2.319936e-01 -1.331053e-01 1.852364e-02 -7.745540e-03 1.367534e-01 -8.632279e-02 -1.913605e-01 2.750889e-01
-2.193211e-03 -1.271906e-01 6.894455e-02 6.027089e-02 2.218962e-01 2.378712e-01 -2.141829e-01 2.582704e-01
4.259106e-01 -1.211713e-01 -8.184250e-02 7.230870e-03 -2.302999e-01 -2.830955e-01 -4.239618e-02 -8.079845e-02
8.353405e-02 -1.094379e-02 -2.374640e-01 -1.921594e-01 -1.353614e-01 -1.341815e-01 1.137600e-01 -5.446899e-02
-1.250189e-01 -1.555859e-01 -1.181759e-01 -3.572910e-02 2.418641e-01 -5.738825e-02 -1.442857e-01 -7.467812e-02
-8.517133e-02 -6.609024e-02 -1.366675e-01 -1.434490e-01 1.531075e-01 -1.232314e-01 -9.460501e-02 -1.653733e-01
-1.104748e-01 -1.646138e-01 -1.899345e-01 -2.356351e-01 8.730687e-03 -9.824789e-02 3.974151e-01 -1.960264e-01
3.927673e-01 1.276582e-02 -9.200554e-02 -1.224348e-01 -2.920169e-01 -7.519168e-02 -1.530111e-01 -2.324988e-01
3.347775e-01 -1.875063e-01 -9.145627e-02 -4.146429e-02 -2.464835e-02 -2.511995e-01 -9.148246e-02 3.002749e-01
9.767615e-02 -1.905731e-01 7.954165e-03 2.352462e-01 7.926739e-03 -8.356585e-02 4.427346e-01 1.437555e-01
5.287537e-03 -8.665558e-03 -1.798691e-01 -5.572961e-02 -3.247114e-01 -6.832454e-02 2.483184e-01 -1.687658e-01
1.915583e-01 -1.481933e-01 -2.506610e-01 1.954113e-01 -2.631939e-01 -1.222247e-01 3.291602e-01 6.154720e-02
-2.140654e-01 -1.223774e-01 1.122487e-01 -1.170342e-01 1.723617e-01 1.385151e-01 -1.522745e-02 -2.474381e-01
-1.020668e-01 2.192298e-01 -8.648651e-02 -1.006684e-01 -1.938754e-01 3.872361e-03 2.053506e-01 -3.141572e-02
4.708498e-01 -4.848645e-02 -4.742325e-02 -6.911440e-03 -1.358212e-01 -9.118541e-02 -9.186181e-02 4.722998e-02
2.128997e-01 -7.989661e-02 -1.333089e-01 -1.055507e-01 -5.360951e-02 -1.403735e-01 -1.273995e-01 4.761647e-02
-8.083059e-02 1.518937e-01 -1.905469e-01 -6.125886e-02 -8.178645e-02 -9.927742e-03 2.670934e-01 -4.525148e-02
3.335688e-02 -1.033035e-01 -1.572365e-01 -2.176164e-01 -1.101283e-01 1.001173e-01 -3.673288e-02 -1.178146e-02
-3.467965e-02 4.343992e-01 -3.080798e-02 4.162706e-01 3.825211e-02 -1.463568e-01 -1.742695e-01 4.356845e-02
3.874580e-01 -1.147706e-01 4.137457e-02 -1.869811e-02 -3.813322e-02 -6.771678e-02 -2.163048e-01 1.363987e-01
-1.595548e-01 1.121936e-01 -2.201834e-01 4.872398e-02 -1.979435e-01 -3.534824e-02 3.254464e-01 9.790765e-02
-1.838554e-01 1.500236e-02 -3.200582e-02 -6.668182e-02 6.888415e-02 2.339583e-02 1.622337e-02 -8.187043e-02
-1.411588e-01 2.488080e-01 3.856405e-02 3.562756e-01 5.682401e-04 -1.323161e-01 2.754325e-02 2.634481e-01
4.894513e-02 -5.462396e-02 -1.010762e-01 -1.125568e-01 3.879312e-02 -1.319886e-01 -8.977936e-02 -7.843129e-03
3.291232e-02 -1.407198e-01 -7.334336e-03 -5.431256e-02 8.337343e-02 -1.088832e-01 -1.876975e-01 1.495753e-01
-1.662115e-01 1.784117e-01 -9.654803e-02 -5.192432e-02 -3.525426e-02 -3.515450e-02 4.776044e-02 -2.416129e-01
3.431946e-01 1.796588e-02 -1.837688e-01 -5.375209e-02 -1.779479e-01 -1.638813e-01 -1.140965e-01 -2.475764e-01
-6.927249e-02 -8.147985e-02 -1.275068e-01 -8.849488e-02 6.492262e-02 -1.015819e-01 2.770680e-02 -2.646995e-02
3.510489e-01 -1.118740e-01 -9.109733e-02 -8.244006e-02 -7.317873e-02 -1.013751e-01 5.452333e-02 2.158734e-01
-2.856042e-01 3.543317e-01 1.713843e-01 1.437277e-01 1.159407e-01 -2.108339e-02 -1.387535e-01 1.025669e-01
3.554723e-01 -4.727723e-02 -9.184369e-02 -1.027485e-01 -1.047890e-01 -2.243622e-02 -3.156071e-02 8.702417e-02
6.477053e-03 8.054174e-02 -3.856684e-02 -2.076000e-01 2.996223e-02 1.240113e-01 -1.326178e-01 -2.200036e-01
-1.101609e-01 -1.198575e-01 -2.563402e-01 -2.372803e-01 -1.386525e-01 -5.958227e-02 4.164014e-01 -1.801784e-01
2.268182e-01 -1.812892e-01 -7.826320e-02 -1.436546e-01 -1.601842e-01 3.187298e-02 -7.942461e-02 1.995131e-01
3.731642e-01 -6.014351e-02 -1.637170e-01 -4.919962e-02 -9.718338e-02 1.056676e-01 -1.843712e-01 -1.543701e-01
2.687564e-01 -5.592357e-02 -1.825280e-01 -1.395664e-01 -9.198719e-02 -1.890530e-01 3.451371e-02 1.240358e-01
-1.519112e-01 -1.567789e-01 -1.333834e-01 -1.151118e-01 1.730964e-01 2.099227e-01 -4.772890e-02 -1.316426e-01
3.166421e-01 -1.083962e-01 -1.765821e-01 -8.113013e-02 -1.865409e-01 -1.515597e-01 -8.663135e-02 -1.979880e-01
4.409658e-03 -9.650850e-02 -2.990085e-01 -1.859541e-03 -2.100924e-01 -1.091291e-01 1.035922e-01 -1.889115e-01
-1.503821e-01 -1.087429e-01 -5.624845e-02 -8.236149e-02 2.335032e-03 3.300811e-01 1.498629e-02 -1.330644e-01
4.199677e-01 -1.952121e-02 -1.723931e-01 -7.918958e-02 -1.795315e-01 -1.370334e-01 -5.135740e-02 -1.169277e-01
-7.023960e-02 -1.919389e-01 1.076882e-01 -5.459046e-02 4.386486e-03 2.938343e-01 -1.268151e-01 -1.141273e-01
-2.683166e-02 -1.904707e-01 -1.418312e-01 -2.132623e-02 -1.965497e-01 -1.944977e-01 5.568527e-01 4.244202e-02
3.075443e-01 -1.417693e-01 -1.236764e-01 4.169756e-02 -1.172278e-01 -1.929277e-01 -1.181743e-01 2.541159e-01
-1.357803e-01 -9.801819e-02 -1.172089e-01 -1.154263e-01 1.134566e-02 6.031850e-02 1.142019e-02 -2.230589e-01
3.457800e-01 4.126515e-03 -8.094130e-02 -2.183206e-01 -1.894008e-01 -7.745457e-02 -3.473173e-02 -1.649519e-01
1.794105e-01 -9.417038e-02 -3.163092e-01 5.339692e-02 -1.846998e-01 -6.526209e-02 9.433866e-02 -1.058635e-01
1.300575e-02 -5.742435e-02 -2.096055e-01 -1.931970e-01 -1.467162e-02 -9.199824e-02 -6.572273e-02 -1.250668e-01
1.761536e-01 7.625897e-02 -2.577675e-02 -1.823595e-01 -6.625379e-02 1.433131e-01 -1.352719e-01 -9.676077e-02
-2.748242e-01 -2.653338e-01 1.296288e-01 2.851308e-02 -1.619975e-02 -5.278423e-03 -1.342744e-01 1.532007e-01
-1.630274e-01 -9.780174e-02 -1.334104e-01 -7.620463e-02 2.487049e-01 2.850593e-01 1.844245e-03 -8.077239e-02
4.356417e-01 -2.442974e-02 2.011394e-01 -1.136961e-01 -8.395967e-02 -1.121351e-01 3.346475e-01 -7.635480e-02
-2.974461e-01 -1.963944e-01 -1.560002e-01 -1.540114e-02 1.050765e-01 1.642960e-01 -2.002890e-01 1.955853e-01
2.466819e-01 -2.748875e-01 4.656099e-02 -8.542350e-02 -3.571294e-02 1.055986e-02 1.379279e-01 9.240458e-02
-3.323945e-02 7.269324e-03 -1.784618e-01 -2.482429e-01 1.484544e-01 1.805159e-01 1.236143e-01 1.092128e-01
-3.314138e-01 -2.255143e-01 -3.811641e-02 -6.720848e-02 7.266140e-03 -1.010101e-01 -1.987462e-01 -8.875219e-02
-1.191678e-01 2.120256e-01 -1.130459e-01 3.520462e-01 1.709702e-01 -6.061788e-02 -1.483463e-01 4.626573e-02
-2.328150e-01 1.888647e-02 2.618359e-01 -1.125997e-01 -2.494602e-02 9.272331e-02 7.681892e-02 3.004812e-01
-1.146641e-01 -2.375507e-01 2.890392e-01 1.136090e-01 -8.354988e-02 -2.921260e-01 -1.677238e-01 -1.275205e-01
-7.685384e-02 -2.259925e-01 3.266905e-01 -4.465199e-03 -2.339923e-01 -1.800387e-01 -1.707760e-01 -2.420619e-02
-1.297834e-01 -1.548321e-01 -4.735466e-02 1.833627e-01 3.353063e-01 1.476444e-01 -9.833966e-02 -1.078904e-01
-1.473946e-01 -2.134021e-02 -1.914356e-01 -2.019788e-01 1.701722e-01 2.594351e-01 4.465893e-02 -5.967109e-02
5.978919e-01 -1.188938e-01 2.728980e-01 -1.277480e-01 -1.190252e-01 -9.032099e-02 1.167178e-01 3.742990e-02
-3.198019e-02 -2.126532e-02 2.782764e-01 1.895704e-01 -2.098164e-01 1.671903e-01 -3.737271e-01 -3.678123e-01
-1.925035e-01 1.180255e-01 1.933459e-02 -1.518164e-01 2.288835e-01 2.624469e-02 3.730496e-02 -1.132216e-02
-2.036994e-01 -5.037207e-02 -1.235037e-01 -5.877908e-02 3.203405e-01 4.238847e-02 -1.503366e-01 6.798029e-03
-1.236201e-01 -1.237525e-01 -1.160309e-01 1.475998e-01 3.674511e-01 2.772979e-01 -5.756293e-02 -3.956757e-02
-2.798156e-01 -1.770028e-01 2.445004e-01 -1.722542e-01 -4.445655e-02 -1.456916e-01 -7.481583e-02 1.646465e-01
-1.669459e-01 -5.734421e-01 1.671813e-01 -3.218537e-02 -3.716072e-02 -6.626822e-02 -2.609115e-01 5.009060e-02
-1.757409e-01 -7.063618e-02 -5.601016e-02 -2.685901e-01 1.296080e-01 1.364861e-01 1.219519e-01 -7.123466e-02
-2.813825e-01 3.625657e-03 -1.282593e-01 4.175401e-03 2.995718e-01 -1.092562e-01 -3.103609e-01 -6.497367e-02
-8.092120e-02 1.163724e-01 4.785164e-01 1.870759e-01 -2.569014e-01 -6.993105e-02 -3.795965e-01 -2.113850e-01
-2.454831e-01 -3.804692e-02 -2.003177e-01 -8.676008e-02 2.087979e-01 -2.177509e-02 -2.000416e-02 1.760156e-02
-2.977079e-01 -5.115341e-02 8.095845e-03 -6.785215e-02 2.186940e-01 -1.661579e-01 -2.774385e-01 -1.064645e-01
-2.515581e-01 -1.185640e-01 -3.396809e-02 8.049937e-02 4.091658e-01 1.768716e-01 -1.419952e-01 -4.859671e-02
-9.031837e-02 -3.783783e-01 2.917925e-01 -6.449571e-02 -2.602998e-02 -1.473321e-01 -1.312061e-01 9.945670e-02
-2.245121e-01 -8.662437e-02 5.531050e-02 -1.309382e-01 6.720043e-02 -8.199546e-02 -9.271147e-02 -1.356369e-01
-1.063936e-01 3.718470e-03 -2.181579e-01 4.378051e-01 2.999350e-01 2.655833e-01 -5.176283e-02 -8.581917e-02
4.842465e-02 -1.687956e-02 -1.482300e-01 -2.104825e-01 1.988415e-01 2.442242e-01 1.441708e-01 3.926126e-02
-1.091986e-01 -1.101329e-01 -2.117441e-01 -1.231757e-01 3.230907e-01 1.718107e-01 1.689121e-01 8.776524e-02
-3.114935e-01 -1.935286e-01 -6.219025e-02 -9.677690e-02 1.201875e-01 -4.245823e-02 -2.722766e-01 -3.826893e-02
-2.517977e-01 -1.655761e-01 -7.356846e-02 1.930838e-01 4.065295e-01 5.073739e-02 -2.324126e-01 1.716328e-02
-1.991881e-02 -2.152671e-01 -1.921020e-01 -4.513771e-02 2.035600e-01 3.233857e-01 8.203802e-02 -4.191514e-02
-1.737167e-01 -1.640970e-01 2.492242e-01 -2.849884e-02 -7.840949e-02 -2.865674e-01 -3.205679e-02 -5.202732e-02
-9.559076e-02 -4.573447e-02 -4.195594e-02 4.276272e-01 2.053408e-01 -1.811765e-03 -3.131712e-01 -2.610668e-01
-3.113468e-01 -2.972446e-02 -1.581206e-01 -8.718020e-02 2.298104e-01 -1.439386e-01 -1.230785e-01 5.126187e-03
3.902048e-01 -1.377811e-01 2.004038e-01 -3.288986e-02 4.289398e-02 -1.150696e-02 2.546758e-01 3.811600e-02
-2.131725e-01 -1.618164e-01 -2.934287e-02 1.308820e-01 3.965373e-01 2.186303e-02 -1.679963e-01 -4.621761e-02
2.329822e-01 -2.298233e-01 2.698784e-01 1.859728e-01 6.414467e-02 -2.168556e-01 1.507542e-01 -1.939440e-01
-2.544782e-01 -1.334448e-01 -2.136559e-01 1.561155e-01 2.265859e-01 2.712541e-02 -2.983891e-01 -9.134573e-02
2.904618e-01 -3.227102e-01 1.891544e-01 2.128023e-01 5.788684e-02 -1.421122e-01 -6.159996e-02 -1.110943e-01
-1.654165e-01 1.903373e-01 3.251846e-01 -2.167303e-02 -2.086631e-01 -6.278386e-02 -1.099924e-01 -5.601897e-02
-2.947572e-01 -2.406452e-01 -1.124041e-01 8.761027e-02 9.175948e-02 -7.163446e-02 -3.263801e-01 -7.464474e-02
-2.495383e-02 -5.059564e-02 -4.459872e-02 7.055839e-02 3.206291e-01 3.114440e-01 -8.543700e-02 -7.773288e-02
-5.630141e-02 -3.397197e-02 -2.100208e-01 3.561202e-01 2.053485e-01 4.264076e-01 -4.558139e-02 -5.250390e-02
5.429910e-01 -3.301976e-02 1.411010e-01 -1.259163e-01 -1.080889e-01 -5.519159e-02 1.368516e-01 7.673786e-02
-1.971507e-01 1.859930e-01 3.081863e-01 5.762082e-02 -4.005205e-02 -9.710874e-02 -3.675943e-01 -2.820341e-01
-4.395852e-01 -2.730525e-01 -2.038575e-01 -1.370622e-01 4.756554e-02 -2.129238e-01 -1.520397e-01 -9.956863e-03
-2.185500e-01 -1.561622e-01 -2.200178e-01 -1.631303e-04 1.345985e-01 1.653286e-01 -4.352844e-02 8.358528e-02
2.709182e-01 -3.879713e-01 1.489009e-02 -1.135938e-01 9.415983e-02 -3.089025e-02 8.801982e-02 1.270364e-01
-1.769968e-01 1.834832e-01 -1.023941e-01 1.192086e-01 2.271072e-01 -8.106737e-02 -1.529229e-01 3.610706e-02
-5.021615e-02 -9.344564e-02 -2.011686e-01 -1.763374e-02 4.343890e-01 2.402785e-01 3.143568e-02 -1.872705e-02
-1.887219e-01 -2.359650e-01 -2.382608e-01 1.405575e-01 2.653757e-01 3.092399e-01 -2.057461e-02 -7.678812e-02
-2.313081e-01 -1.609860e-02 -1.836491e-01 -8.406059e-02 3.368984e-01 1.126020e-02 -5.466855e-03 9.206642e-02
-1.777322e-01 -1.740646e-01 3.076949e-01 -3.617398e-02 3.706789e-03 2.455535e-02 -2.051266e-01 1.739582e-01
-9.057194e-02 -1.203524e-01 -9.342345e-02 2.212064e-02 4.155549e-01 2.082383e-01 -3.711826e-02 -3.622597e-02
-3.173385e-01 -1.409353e-01 -9.191576e-02 1.098189e-01 1.977947e-01 -2.205835e-01 -3.684745e-01 -1.436574e-01
-2.123525e-01 -1.471926e-01 -7.800665e-04 1.929224e-02 3.171713e-01 -3.871146e-02 6.059901e-02 -8.500171e-02
2.876502e-02 -2.656566e-01 3.174416e-01 9.152222e-02 -7.189108e-02 -2.784095e-01 -2.868024e-01 -1.449229e-01
-2.883100e-01 -1.777707e-01 9.594669e-02 -1.312187e-01 -5.426736e-02 -1.680519e-01 3.629347e-02 9.892445e-02
-1.830048e-01 -8.679864e-03 -1.170424e-01 -2.030426e-02 1.248927e-01 2.305024e-01 -3.882923e-03 6.543085e-03
4.058556e-01 -2.342395e-01 1.285228e-01 -2.168659e-02 8.671068e-02 -2.935668e-02 9.549458e-02 -3.384199e-02
-1.883995e-01 2.782414e-02 -1.248731e-01 -1.907168e-01 1.072269e-01 1.869692e-02 7.530827e-02 1.466181e-01
1.865855e-01 7.909085e-02 1.364032e-01 2.520593e-01 4.125672e-01 -7.995568e-02 1.867960e-01 -2.319409e-02
4.935857e-01 -1.470436e-01 9.199867e-03 3.576840e-01 1.506310e-01 1.281489e-01 3.506380e-02 -1.106227e-01
-1.133249e-01 -4.075987e-02 2.500172e-01 -1.357806e-01 -1.004985e-01 -8.875663e-02 7.388242e-02 3.447079e-02
5.553721e-01 -1.399903e-01 -1.605597e-01 -1.352514e-01 -2.429610e-02 1.218122e-02 2.724735e-01 -9.965939e-02
2.475306e-01 -4.534015e-02 1.035407e-01 2.771246e-01 1.801201e-01 7.529887e-02 1.631949e-01 -1.795485e-01
4.235901e-01 -2.017938e-01 -1.719824e-01 1.334661e-01 -5.510770e-02 -4.879924e-02 9.065886e-02 -1.995908e-01
2.945509e-01 -3.125088e-02 -3.125671e-01 3.820656e-01 3.503476e-01 5.390459e-03 -2.189493e-02 -1.224066e-01
-6.407590e-02 -1.539891e-01 -2.820545e-01 2.218490e-01 -4.530464e-02 -2.622476e-01 3.699003e-02 2.796503e-01
-4.091627e-02 3.469556e-02 2.002309e-02 9.317758e-02 5.297104e-01 2.100143e-02 2.114600e-01 -8.803994e-02
-1.021434e-01 -2.162667e-01 3.871771e-01 1.056574e-02 1.614653e-01 -9.545925e-02 -1.334611e-02 -2.454015e-02
1.599063e-01 -2.668099e-01 -1.719383e-01 3.495052e-01 2.649924e-01 -1.585302e-02 -6.874408e-02 -2.066879e-01
-5.447414e-03 -1.460402e-01 2.680371e-01 1.099254e-01 1.256444e-01 -3.412937e-02 -1.817135e-01 -2.554773e-01
2.838583e-01 8.587583e-02 2.272296e-01 -1.077970e-01 1.467875e-02 3.074509e-01 -1.103458e-01 -2.499180e-02
1.554908e-01 -3.189684e-01 9.340850e-02 2.538241e-01 -1.019171e-01 6.323490e-02 -5.666442e-02 -3.522157e-02
1.816059e-01 -1.976747e-01 3.735470e-02 3.690587e-01 5.156581e-01 -4.170371e-03 8.264652e-02 -1.799456e-01
-5.395693e-02 -1.748307e-01 -3.867583e-02 -4.077556e-02 -2.148334e-01 3.215168e-02 8.302615e-02 -1.802645e-02
-9.422594e-02 1.393188e-01 3.785192e-01 -1.666491e-02 1.803761e-01 -1.018900e-01 1.434494e-01 1.197054e-01
2.287043e-01 -1.172213e-01 9.758977e-02 3.241147e-01 1.825792e-01 1.118095e-01 1.837296e-01 -1.100258e-02
5.901496e-01 -1.438463e-01 -1.022409e-01 1.656621e-01 -2.006300e-02 -9.299879e-02 1.190850e-01 -1.231870e-01
-1.095074e-01 -8.537987e-03 1.596868e-01 6.306805e-02 5.539401e-01 -1.064471e-01 1.703998e-01 -2.581506e-02
-1.141192e-01 2.337029e-01 2.965474e-01 -1.571265e-01 -1.530161e-01 7.416305e-02 -1.855836e-01 2.676899e-01
4.792294e-01 -7.370975e-02 -1.800539e-01 3.929935e-01 1.725751e-01 7.477847e-02 -2.976912e-02 -1.245353e-01
4.704171e-01 -1.883876e-01 6.488179e-02 3.407499e-01 6.879065e-02 1.006511e-01 4.180515e-02 -1.520025e-01
1.762778e-01 -8.436789e-02 -1.132080e-01 2.407174e-01 4.956478e-01 -8.993041e-02 5.482843e-04 2.987399e-02
1.476698e-01 -1.336514e-01 5.604026e-02 3.681370e-01 4.238825e-01 -1.517048e-01 4.226558e-02 -1.101856e-01
-3.076053e-02 -6.316675e-02 5.817698e-02 6.973926e-02 -1.927603e-01 -8.181708e-02 -4.779921e-02 9.742326e-02
4.602442e-01 -5.308956e-02 -1.595863e-01 -2.643186e-02 -1.208340e-01 -4.941703e-02 9.367254e-02 -1.409757e-02
1.548929e-01 -8.886238e-02 2.495568e-02 3.399722e-01 4.780706e-01 -1.059949e-02 1.790265e-01 -2.311957e-02
4.443337e-01 -1.137804e-01 -9.155041e-02 4.355662e-01 1.747133e-01 1.864219e-01 -2.067557e-02 -1.687786e-01
-1.311891e-01 4.360570e-02 1.459271e-01 -1.140537e-01 3.002442e-01 -1.733572e-01 -1.250232e-01 -1.723907e-01
1.460815e-01 -1.051296e-01 2.433840e-01 2.269422e-01 6.401027e-02 1.797417e-02 1.007040e-01 -1.265962e-01
9.926489e-03 -2.822816e-01 2.742314e-01 1.833127e-01 4.156002e-01 4.922991e-03 5.430405e-02 -1.268638e-01
-7.642837e-02 4.507110e-02 4.265099e-01 5.187084e-02 3.946595e-01 -5.439052e-02 4.049849e-02 1.165237e-01
4.296128e-01 -4.466968e-02 9.669292e-02 4.091386e-01 1.511326e-01 2.901638e-01 -2.355011e-02 -1.404599e-01
3.895705e-01 -1.407985e-01 -2.312424e-01 4.220299e-01 3.750854e-01 8.594915e-02 -1.067059e-03 -1.150038e-01
5.785183e-01 -4.155102e-02 -1.922189e-01 5.795931e-02 -1.136763e-01 -2.567585e-05 8.926190e-02 -3.297327e-02
3.104326e-01 3.656837e-02 -7.035190e-02 3.580699e-01 1.698402e-01 -3.156835e-02 -3.884347e-02 5.662085e-02
-1.331370e-01 -2.290246e-01 7.549176e-02 -5.452904e-02 -2.522652e-01 -1.890871e-01 2.310212e-01 1.011294e-01
-9.367766e-02 5.367806e-02 1.802959e-01 -2.924092e-01 -9.442209e-02 -7.281725e-02 2.802835e-01 1.294278e-01
1.747440e-01 5.978073e-03 1.896786e-01 2.786246e-01 3.553304e-01 -1.307050e-01 7.013714e-02 -8.886335e-03
-1.195139e-01 -2.159476e-01 1.678656e-01 2.370374e-01 -8.002875e-02 -8.043267e-02 -4.495571e-02 -1.533101e-01
2.876482e-01 -1.133056e-01 2.259852e-02 3.029312e-01 2.093229e-01 -5.281466e-02 -7.710917e-02 2.676233e-02
-3.235206e-02 7.090168e-02 1.678898e-01 7.980736e-03 -9.643140e-02 -4.790750e-02 -1.628409e-01 3.247862e-01
9.736784e-02 -1.977542e-01 -6.553382e-02 3.190606e-01 -1.650519e-02 8.705747e-04 7.746393e-03 1.331185e-02
4.384091e-01 -1.906943e-01 -7.737970e-02 4.757460e-01 1.398685e-01 -6.220334e-02 1.577754e-02 -1.701806e-01
-4.409865e-02 1.657759e-01 -1.350444e-01 -1.965608e-01 -1.603881e-01 3.265652e-02 -2.650425e-01 5.164455e-01
-3.448378e-02 1.810064e-01 1.520640e-01 -2.467535e-01 -1.080847e-01 -4.038476e-02 -1.330221e-01 5.124283e-02
4.999766e-01 -1.058069e-01 -1.110641e-01 5.761381e-03 -5.694885e-02 1.916118e-01 9.793339e-02 -1.091524e-01
-5.971742e-04 -7.714125e-02 6.664720e-02 -1.712247e-01 -2.043624e-01 -5.979661e-03 -2.925883e-01 7.335250e-02
1.651772e-01 2.208680e-02 -2.930107e-01 3.368095e-01 2.042047e-01 1.515155e-04 -6.305361e-02 3.287846e-02
2.725325e-01 9.731061e-02 1.296378e-01 3.139557e-02 4.242262e-02 -9.647860e-02 2.033837e-01 -1.674396e-01
-9.347981e-02 1.780152e-01 2.341217e-01 -1.173351e-01 -7.301877e-02 -5.727724e-02 4.888609e-03 4.218382e-01
3.800674e-01 -2.755845e-01 -1.301557e-01 3.266000e-01 1.119401e-01 8.128047e-03 -1.199888e-02 -7.358698e-02
-2.035214e-02 -1.132240e-01 1.922328e-01 1.542595e-01 5.487196e-01 -1.531631e-01 8.757412e-02 -1.791327e-01
5.155008e-01 -8.947804e-02 -2.194998e-01 3.735294e-01 4.302914e-02 -1.549046e-02 -2.087656e-02 -1.211305e-01
3.213711e-01 -8.952029e-02 -4.468822e-02 3.983429e-01 3.145349e-01 5.948385e-02 1.377077e-01 -1.059171e-01
5.542371e-01 -9.901983e-02 -2.306840e-01 9.436812e-02 -1.392507e-01 -3.207701e-02 4.218806e-02 -1.004872e-01
2.866533e-01 -8.927043e-02 -1.443189e-01 3.855920e-01 3.646324e-01 1.763279e-02 8.145893e-02 -2.261323e-01
-1.548155e-01 2.610300e-01 1.528938e-01 -1.083206e-01 2.709028e-01 5.617896e-02 -1.688946e-01 1.591923e-01
9.309603e-02 -1.760994e-01 2.873448e-01 2.640633e-01 4.415663e-01 -8.778537e-02 4.776256e-02 -1.977447e-01
3.446509e-01 -2.201678e-01 -6.163183e-02 4.029264e-01 2.308247e-01 7.372719e-02 5.073546e-02 -2.614625e-01
-5.633121e-02 1.273636e-01 1.097561e-01 -3.394160e-02 9.911841e-02 4.069006e-02 3.580815e-02 1.299001e-02
-1.436138e-02 -1.126851e-01 1.023294e-01 1.501631e-01 5.769746e-01 -1.520663e-01 7.771454e-02 -1.624775e-01
2.258345e-01 -2.430304e-01 1.632729e-01 3.728181e-01 3.210919e-01 -1.317353e-02 -1.862041e-02 -2.313591e-01
