1 4 16 16 16
-6.772220e-02 1.593245e-01 4.862523e-02 -1.500266e-01 1.184708e-01 -4.285683e-01 1.197042e-01 1.783928e-01 3.103882e-01 5.913398e-02 -1.744995e-01 -1.961500e-01 -2.963432e-01 6.153726e-01 6.827224e-01 -6.179168e-01
-1.815734e-01 -8.132434e-03 3.633131e-01 2.142494e-01 -2.192615e-01 -3.433076e-01 4.845010e-02 5.787446e-01 -9.048190e-02 3.546050e-01 2.996275e-01 4.465230e-01 1.016070e-02 -5.154965e-02 -6.343429e-01 5.975927e-01
-8.883693e-02 4.590414e-01 1.520291e-01 -1.335905e-02 2.657353e-01 -1.888868e-01 4.147612e-02 2.643357e-01 -1.182865e-01 -4.354583e-02 3.833063e-02 5.791970e-01 -1.549943e-02 -1.453647e-01 -3.170301e-01 -2.986877e-01
3.407446e-02 -2.898709e-01 -1.482753e-01 -4.392405e-02 1.589607e-01 6.123145e-01 8.369905e-02 -3.215139e-01 2.490459e-01 2.891074e-02 -7.979882e-02 -2.646008e-01 1.860480e-01 9.608063e-02 7.376022e-01 -3.018737e-02
-1.018532e-01 1.546088e-02 -2.438923e-01 -4.761911e-02 6.126485e-01 8.945506e-02 1.411311e-01 -1.434750e-01 9.478523e-02 -1.421161e-01 -2.072153e-01 -1.797196e-01 -2.039563e-01 2.044889e-01 7.621611e-01 -7.199976e-01
4.281365e-01 2.380581e-01 -2.985129e-01 -3.233063e-01 3.996492e-02 5.911499e-01 -1.561837e-01 -5.532978e-01 4.694371e-03 -3.167869e-01 -3.109426e-02 -3.878099e-01 1.422253e-01 -2.265020e-02 3.046556e-01 -3.135543e-01
4.204639e-01 1.220256e-02 1.667701e-01 1.244477e-01 -3.602771e-01 -4.184645e-01 -5.286171e-01 3.172066e-01 -4.530843e-01 3.077768e-01 5.966614e-01 -1.663983e-01 -2.419964e-01 -1.567345e-01 -3.848560e-02 3.134690e-01
-3.215624e-01 -3.496891e-02 -2.457350e-01 -6.561876e-03 4.446838e-01 1.205267e-01 -2.880734e-01 -7.753684e-02 6.829207e-02 -3.317496e-01 5.924864e-02 5.645525e-01 -1.159103e-01 -2.871057e-02 5.396611e-01 -5.960025e-02
1.404289e-01 1.420520e-01 -2.868145e-01 3.011455e-01 -1.499599e-01 3.393345e-01 -4.032828e-02 1.338533e-01 1.042912e-01 3.968057e-01 5.244724e-01 -1.961842e-01 3.047984e-02 -1.285398e-01 -1.415313e-01 2.676699e-01
4.847257e-01 3.821739e-01 -2.201958e-01 -4.050077e-01 -2.671494e-01 -4.111898e-01 -3.958020e-01 -2.142912e-02 -3.107982e-01 -1.944314e-01 5.355840e-01 -2.267238e-01 -3.374883e-01 6.878510e-02 -4.473464e-01 1.641480e-01
-3.627347e-01 1.944729e-02 -2.010066e-01 3.788214e-01 5.576939e-01 3.957105e-01 5.435690e-01 -6.537066e-02 1.133902e-01 2.972852e-01 -2.766256e-01 1.663221e-01 4.392558e-01 5.929653e-02 3.054789e-01 -1.516201e-01
-1.720967e-01 -5.047973e-01 1.100372e-01 2.399306e-01 1.320550e-01 5.496098e-01 2.038191e-01 -1.167529e-01 3.788179e-01 5.355049e-02 -3.408109e-01 1.276413e-02 5.381855e-01 -1.643409e-01 2.102011e-01 -1.953368e-01
-4.055536e-01 -2.553929e-03 -3.141237e-01 -2.597409e-01 4.311458e-01 1.864279e-01 6.332669e-01 -2.354603e-01 5.342507e-01 -4.133532e-01 -6.035193e-01 2.816753e-01 2.899680e-01 3.442711e-01 2.179666e-01 -2.630014e-01
-1.744199e-01 -2.789585e-01 4.488062e-01 2.032978e-01 -3.328668e-01 -4.180981e-01 6.240261e-01 3.132443e-01 -4.545068e-02 2.581548e-01 -3.843615e-01 -2.350405e-01 3.811349e-01 1.065792e-02 -3.718894e-01 1.907183e-01
-3.641794e-01 -2.376643e-02 3.558186e-01 7.945303e-02 2.946675e-01 -3.698341e-01 -2.002144e-01 1.254949e-01 3.172823e-01 -1.928062e-02 -4.938722e-01 4.339617e-01 8.494045e-03 1.574701e-01 -2.170530e-01 1.182938e-01
2.394233e-02 6.053923e-01 4.096311e-02 4.691735e-02 -7.734166e-02 -4.636721e-01 -3.134890e-01 3.615267e-01 -2.251771e-01 7.387149e-02 4.094049e-02 1.765824e-01 -1.361084e-01 -1.616861e-01 -3.820102e-01 -8.226175e-02
-3.960717e-02 1.772154e-02 7.633702e-02 -5.942266e-02 9.539269e-03 -3.755465e-02 -1.941935e-01 3.914493e-01 2.589082e-01 -2.409365e-01 -5.217338e-01 3.583377e-02 -1.810835e-01 4.293240e-02 4.890846e-01 -8.593451e-03
2.134546e-01 2.214437e-01 1.664369e-02 -4.304388e-01 -3.299075e-02 1.861236e-01 3.344498e-01 -2.006681e-01 2.005342e-01 -2.590995e-02 -5.371826e-03 1.714007e-01 8.039942e-01 -7.297456e-02 -7.903165e-02 1.124152e-01
-2.473940e-01 -4.151969e-01 -7.582638e-02 2.068533e-01 2.182966e-01 -3.100581e-01 -5.640898e-01 5.328188e-01 -2.350387e-01 1.875458e-02 -4.970662e-02 -1.583641e-02 -6.057849e-01 6.667278e-03 1.947406e-01 7.515258e-02
2.182249e-02 6.055967e-03 -1.549639e-01 -1.822373e-01 2.144596e-02 9.521893e-02 1.796350e-01 -5.607449e-01 -7.116605e-02 4.899188e-01 4.256662e-01 3.634734e-01 4.002515e-01 5.564268e-02 -5.744091e-01 1.413142e-02
2.271794e-01 1.117622e-01 1.526394e-01 -1.991880e-01 -4.782047e-02 5.396531e-01 -5.295478e-01 2.286821e-01 2.298367e-01 5.971185e-02 2.415567e-01 -6.185901e-02 -4.072434e-01 6.902391e-02 1.278316e-01 1.887313e-01
-2.910489e-01 2.253123e-01 -2.440948e-01 2.048537e-02 1.876383e-01 -7.118134e-01 -1.821187e-03 -6.515049e-01 -1.531215e-01 9.179864e-02 1.199462e-01 1.555490e-01 -1.452472e-01 5.992581e-03 1.068074e-01 6.334759e-02
8.099633e-02 1.837828e-01 5.299785e-01 -2.071974e-01 -1.377525e-01 3.274552e-01 -1.028849e-01 2.198968e-01 4.831790e-02 -2.600486e-01 3.370050e-01 2.327559e-01 3.267058e-01 -5.198885e-01 5.556760e-02 3.664084e-01
-2.326318e-01 -3.588794e-01 -2.270638e-01 2.233607e-01 2.133324e-01 -3.862813e-01 8.661146e-02 -4.464782e-01 -6.570390e-01 2.833064e-01 9.630462e-02 3.208829e-01 -5.859623e-02 -8.961842e-02 -2.895485e-01 -1.577019e-01
4.404930e-01 2.237779e-01 -1.593434e-02 4.670251e-03 2.303804e-01 4.526062e-02 -1.362865e-01 5.863539e-01 2.229568e-01 -1.480934e-01 -7.213381e-02 -1.087408e-01 1.014057e-01 -1.205235e-01 -5.152454e-02 -3.031791e-01
2.806725e-02 1.565697e-01 -4.084746e-02 -4.527385e-02 1.325936e-01 -2.738378e-01 8.095136e-02 -3.715451e-01 -3.763893e-02 -5.923688e-02 -2.351516e-01 2.976529e-01 -3.961118e-01 -4.861657e-02 -3.045463e-01 -2.845124e-02
3.916972e-01 -8.590885e-02 -3.785414e-01 -5.910980e-02 3.451326e-01 6.644834e-02 2.208988e-01 -2.157772e-01 -5.610002e-01 2.312586e-01 -2.066409e-02 3.157211e-01 -2.686080e-01 2.662789e-01 1.614478e-01 -3.495853e-02
-2.708174e-01 1.085462e-01 1.732875e-01 1.739146e-01 -2.823447e-01 -1.472172e-01 -1.449417e-01 4.078152e-03 5.928264e-01 -1.530602e-01 9.063634e-02 6.369387e-02 6.258380e-02 -3.057997e-01 -7.098801e-02 1.506334e-01
6.357516e-02 -1.015872e-01 -6.451385e-02 7.992032e-02 3.055963e-01 -4.511180e-02 -3.198344e-01 -1.729531e-01 -4.287038e-01 3.586591e-01 5.148677e-01 1.861973e-01 -1.853958e-01 -2.511397e-01 -3.460573e-01 -6.009670e-02
-5.875798e-02 -3.355325e-01 -6.063387e-01 1.123978e-01 3.502500e-01 -3.361205e-01 8.718000e-02 -3.798826e-01 -2.411634e-01 3.872829e-01 -2.453338e-01 3.748330e-03 -3.746904e-01 6.695741e-01 5.664483e-03 -5.049458e-01
1.013442e-01 6.853123e-02 -6.947123e-02 -2.431226e-01 -3.857643e-02 -1.854726e-01 -2.338968e-01 -5.269759e-01 -1.364029e-01 3.253682e-01 4.156232e-01 3.182631e-01 1.468201e-02 3.666256e-01 2.302799e-01 -1.508087e-02
-2.493299e-01 -2.038595e-01 1.840801e-02 -3.725101e-01 -2.861191e-01 -4.177833e-01 2.750433e-02 -6.567376e-01 -3.422486e-01 8.798668e-02 1.360296e-01 5.380665e-01 6.174756e-05 7.944313e-02 1.608583e-01 3.662019e-01
2.265466e-01 1.563488e-01 9.240558e-02 -6.374846e-02 -5.492468e-02 -6.447272e-02 -4.866504e-02 1.092003e-02 -9.646226e-02 2.318957e-01 -8.051661e-02 -2.276392e-01 -1.229590e-01 -2.810214e-02 -6.609192e-02 -2.071228e-02
4.777228e-01 -1.395578e-01 -1.230566e-01 9.000583e-02 -6.819135e-02 9.828120e-02 1.618270e-02 -1.039576e-01 2.386995e-02 -1.481725e-01 -9.505354e-03 2.782683e-01 1.712659e-01 -7.952110e-02 -1.065573e-01 -1.359263e-01
-3.867251e-02 1.035322e-01 3.362829e-02 -1.482602e-01 3.119770e-02 6.943911e-02 4.423210e-01 -1.030781e-01 1.009915e-01 -1.773194e-01 -2.897590e-01 3.453328e-02 3.514772e-01 1.954034e-01 -2.186173e-01 4.055691e-02
-1.690176e-01 1.507312e-01 6.633088e-02 -1.485133e-01 5.254571e-01 -4.653649e-02 -1.785387e-01 1.768449e-02 1.542802e-01 -1.318583e-01 -2.510546e-01 1.175897e-01 -6.607124e-02 4.839505e-02 1.399915e-01 -1.935027e-01
-2.393640e-01 3.017351e-03 1.876177e-01 6.620966e-02 4.224110e-01 1.041791e-01 3.285108e-01 1.888046e-01 1.213241e-02 1.002626e-01 8.996087e-02 -2.320569e-01 6.380235e-02 1.329730e-01 2.705282e-01 5.286268e-02
2.518499e-02 -3.426445e-02 -1.551202e-01 1.938420e-01 -6.635915e-02 3.333121e-02 -2.475442e-01 1.030748e-01 -4.427716e-02 8.321169e-02 3.082244e-01 1.123387e-01 -2.373933e-01 -8.159302e-02 3.874213e-01 -3.033239e-03
2.731219e-01 -1.278722e-01 -4.133910e-02 -1.739759e-03 -6.485495e-02 5.059518e-01 -8.563993e-02 1.114091e-02 3.068307e-02 -1.411680e-01 -6.759808e-02 -2.835318e-01 1.754140e-01 -6.493463e-02 8.456948e-02 -2.407813e-01
-3.664126e-02 -1.234349e-01 -1.339235e-02 3.901725e-01 -9.402144e-02 -4.870322e-02 1.022208e-01 4.188446e-02 -6.017917e-02 -1.576048e-01 2.031752e-02 -4.735763e-02 2.110892e-01 -3.532192e-02 2.010453e-02 6.160648e-02
-3.359301e-01 1.330472e-01 2.741765e-02 2.830260e-01 2.555090e-01 2.264317e-01 2.222639e-01 1.013560e-01 7.089407e-02 4.180444e-01 -1.181505e-01 2.867163e-01 1.608913e-01 9.575254e-02 2.544624e-01 -8.234210e-02
-1.923751e-01 3.985032e-01 -4.446793e-02 -1.792021e-01 1.966231e-01 -1.000950e-01 6.944019e-02 -1.859382e-02 1.407291e-02 1.544807e-01 -3.793441e-02 -6.347901e-02 1.394215e-01 2.907761e-01 -1.866373e-01 3.315955e-01
-8.086795e-02 -2.315862e-02 2.603796e-02 -9.402143e-02 3.452341e-02 1.289392e-01 3.001556e-02 -3.019182e-02 3.441258e-01 -3.328174e-02 -1.608317e-01 3.843593e-01 1.911785e-02 7.834341e-02 -2.007313e-03 -3.492042e-02
2.274473e-02 9.462780e-02 4.639612e-02 -6.995147e-02 5.296549e-02 -9.812173e-02 -1.081951e-01 9.820063e-02 -2.070980e-01 4.089133e-02 4.623978e-01 -1.064789e-01 -1.134907e-02 -1.665599e-01 -9.896638e-02 1.156148e-01
-2.643757e-01 1.866371e-01 3.375955e-01 6.537421e-02 1.150167e-01 1.677418e-01 7.988020e-02 2.385987e-01 -6.542218e-02 3.744108e-01 1.750569e-01 1.863691e-01 1.209287e-01 2.360398e-02 5.837311e-02 2.042848e-01
1.022697e-01 1.561018e-02 6.042842e-02 -2.460814e-02 2.694004e-01 8.508417e-02 1.791518e-01 1.609856e-02 1.411842e-03 -5.076332e-02 3.044423e-01 5.874757e-01 2.796256e-01 -2.363315e-02 1.756292e-02 -1.124376e-01
-4.940023e-02 5.593549e-02 -1.344316e-01 7.610596e-02 -1.694312e-01 -2.628640e-01 7.991596e-02 -1.219036e-01 -2.684474e-01 1.747788e-01 1.973322e-01 1.374872e-01 -1.215358e-01 -6.921152e-02 -2.824240e-01 4.938688e-01
1.144705e-01 -2.592824e-01 -1.423675e-01 7.925999e-02 4.912312e-02 1.199431e-01 1.975926e-01 -1.350760e-01 1.016258e-01 -5.870418e-02 3.532863e-01 3.862252e-01 1.570515e-01 -1.141630e-01 2.378144e-01 -1.323999e-01
-1.354674e-02 1.804816e-01 1.526390e-01 -2.267549e-01 -1.734981e-01 3.717647e-02 1.027493e-02 7.226244e-04 -4.351095e-02 3.672523e-02 2.311126e-01 -1.565005e-01 1.878422e-03 8.379473e-02 1.140215e-01 3.940127e-02
2.499969e-01 -6.555886e-02 8.790516e-02 5.846706e-02 3.162156e-01 -1.205927e-01 -4.099048e-02 2.173655e-03 1.842849e-02 3.083597e-01 3.689966e-01 -5.228803e-03 -1.422995e-01 -6.520595e-02 5.915002e-02 -4.949544e-02
-7.203725e-02 -6.519114e-02 -9.677332e-02 1.501652e-01 -1.854439e-01 -1.543214e-02 -1.828960e-01 1.908854e-02 3.133711e-01 2.877531e-02 4.079315e-02 1.420824e-01 2.335437e-01 -7.928899e-02 3.081022e-01 -5.588671e-02
-6.347661e-02 8.359286e-02 -4.273379e-01 2.129214e-01 3.500090e-01 -7.821361e-02 -1.129370e-01 -1.826643e-01 1.683849e-02 1.345528e-01 -8.387935e-02 -1.506409e-02 -1.634388e-02 3.039646e-02 1.487000e-01 -1.286545e-01
2.004655e-01 -1.135991e-01 -1.715365e-02 2.087141e-01 -1.011190e-01 4.781256e-02 -4.740398e-02 5.478651e-02 -6.724394e-02 -3.631599e-01 1.187022e-01 4.202172e-01 -5.717234e-02 -3.063650e-01 -2.330165e-01 1.926018e-01
-1.315741e-01 9.025696e-02 -3.858766e-02 8.814393e-02 3.032154e-02 2.941347e-01 -1.356408e-01 -4.394595e-01 6.919692e-02 9.210987e-02 1.238462e-01 9.027421e-02 -1.423893e-01 -2.678611e-02 -1.467759e-02 -1.250506e-01
5.891342e-02 1.559855e-01 1.194438e-01 -1.068140e-01 2.915181e-03 -5.752527e-01 7.128723e-02 -4.901218e-02 -2.615333e-01 1.532736e-01 6.847260e-02 -8.079031e-02 -7.321996e-02 -1.772086e-01 -1.096940e-02 8.735547e-02
-1.710118e-01 2.455037e-01 -2.402568e-01 -1.474369e-01 2.022762e-01 -9.341009e-03 -2.903724e-02 -3.481414e-03 -5.966602e-03 4.616472e-02 -1.673441e-01 9.973040e-02 3.574551e-01 -7.812197e-02 3.769685e-01 -1.747755e-01
-3.382049e-02 -6.099390e-02 -2.798414e-01 2.276872e-02 -2.262313e-01 2.700869e-01 -2.751149e-03 1.624461e-01 1.943935e-01 -1.976321e-01 -2.691211e-01 4.056585e-02 -7.743607e-02 2.211168e-02 -1.702439e-01 -2.745181e-02
9.956296e-03 1.055429e-01 5.136877e-03 -4.118967e-02 2.544919e-01 1.171049e-01 1.863291e-01 7.797286e-03 -4.100588e-01 -4.100686e-02 -3.202805e-02 -4.566791e-02 -1.689778e-01 1.734564e-01 -1.380071e-01 1.368869e-01
1.202725e-01 4.679995e-03 3.689586e-02 -5.629540e-02 1.510543e-02 -6.519222e-02 4.851334e-04 -5.873255e-01 4.906388e-02 4.031350e-02 7.938443e-02 -1.287354e-01 -3.316664e-01 2.172542e-01 2.110952e-01 8.346105e-02
-2.334508e-02 -2.351078e-02 2.915094e-01 1.073736e-01 3.803116e-01 9.623925e-02 7.960689e-02 -1.401012e-01 4.024478e-02 -6.101346e-02 -5.240839e-03 -2.140107e-02 4.053820e-01 -9.769566e-03 1.278104e-01 9.108870e-02
-4.747821e-02 -1.363297e-01 -1.305529e-01 1.285986e-01 3.856058e-01 -2.220771e-02 -2.588327e-01 -5.855132e-02 -1.962567e-01 4.938605e-02 4.207987e-01 2.752346e-01 -1.443020e-01 -2.425202e-01 -1.870686e-01 -7.059196e-03
3.682552e-02 -1.710499e-01 3.576837e-02 8.808298e-02 2.962404e-02 4.802773e-02 -1.100052e-01 -5.345780e-02 -5.758324e-02 4.514710e-02 7.823408e-02 -9.523652e-02 -1.181890e-01 1.293510e-01 -5.062940e-01 1.763865e-02
-2.781674e-04 -4.216740e-02 9.831538e-02 -2.793471e-02 -1.521172e-02 -5.596309e-02 5.157527e-02 5.451303e-01 -8.511220e-02 -1.679468e-01 -1.155290e-01 -1.454211e-02 8.069590e-02 -7.466426e-02 -8.528784e-02 1.489595e-01
3.439959e-01 -2.301870e-01 -3.356924e-02 -1.254012e-01 2.607479e-02 -2.047850e-01 5.779690e-02 1.119452e-01 2.432920e-01 -8.943988e-02 -2.986591e-01 -7.095730e-02 2.245011e-01 3.406806e-02 -5.477225e-02 1.640878e-02
