1 5 16 16 32
-3.413168e-01 -1.145709e-01 -2.746446e-01 4.367729e-01 5.633494e-01 2.248774e-01 5.733630e-01 -2.366680e-02 1.351564e-01 3.230850e-01 -2.070585e-01 2.179550e-01 2.834369e-01 3.984193e-03 3.575198e-01 -1.871871e-01
4.487037e-02 2.074868e-01 2.339061e-01 4.697344e-01 1.639552e-01 -1.589090e-01 -8.131118e-03 1.950224e-01 -5.039772e-01 -1.171953e-01 3.222903e-01 3.910774e-01 4.807414e-01 -3.838730e-01 -7.190889e-01 6.627194e-02
1.273695e-01 -3.177983e-01 1.993289e-01 1.276619e-01 -2.366806e-01 5.360557e-01 -2.433555e-02 9.897273e-03 2.052223e-01 -1.930399e-01 -1.045373e-01 -1.293643e-01 6.078333e-01 -3.277315e-01 -7.305425e-02 -3.616187e-01
2.855125e-01 -2.244686e-01 -2.229331e-01 -3.648422e-01 -2.627862e-01 4.186787e-01 -1.830190e-02 -1.293685e-01 3.051801e-01 2.194821e-01 -4.821793e-02 -4.174564e-01 -1.648318e-01 1.424043e-01 7.048548e-01 -7.331363e-02
7.030886e-01 5.166065e-02 3.618453e-01 -2.137105e-01 -5.596029e-01 -3.544707e-01 -6.089486e-01 1.439497e-01 9.972136e-02 -3.225528e-01 8.031600e-01 -2.127411e-01 -6.349571e-02 -1.227449e-01 -4.453479e-01 5.116531e-01
-2.786780e-01 4.618716e-01 -8.161248e-02 -2.247193e-01 2.225979e-01 2.721436e-01 5.183535e-01 -4.688963e-01 1.933811e-01 -2.961132e-01 -3.952048e-01 -1.790896e-03 2.240402e-01 2.895389e-01 -2.288241e-01 -5.455275e-02
-6.171548e-02 1.323279e-01 -2.165229e-01 -2.520787e-02 4.608974e-01 1.900205e-01 -6.506076e-01 -1.519826e-01 1.099996e-01 -3.174126e-01 1.869672e-02 5.578486e-01 -2.246647e-01 1.070065e-02 5.693573e-01 -1.530868e-02
-7.641535e-03 3.293557e-01 2.139674e-02 -2.833530e-01 -7.286888e-02 -2.118816e-01 6.763478e-02 2.260084e-01 2.209484e-01 8.900513e-02 -8.288627e-02 -2.403230e-01 -3.979171e-01 5.596309e-01 6.332027e-01 -4.599716e-01
3.352730e-01 1.021839e-01 -3.864071e-01 1.031603e-01 -2.897077e-01 2.291113e-01 3.602048e-01 -2.941388e-02 6.305905e-02 5.993466e-02 4.612725e-01 -3.396438e-01 3.879362e-01 7.276858e-02 -3.177316e-03 1.965012e-01
-3.895842e-02 -3.220937e-01 1.938062e-01 -1.766176e-01 2.675954e-01 -1.988078e-01 -5.359575e-01 1.503847e-01 1.638030e-01 -3.742929e-01 -1.655442e-01 5.372076e-01 -2.407469e-02 1.050965e-01 6.744195e-01 -9.843682e-02
7.100462e-01 -2.850766e-01 7.292114e-02 2.374333e-01 -5.537285e-01 -3.808451e-01 -6.261152e-01 3.489660e-01 -2.088892e-01 3.550179e-01 8.086988e-01 -2.464177e-01 -2.344420e-01 -2.432323e-01 -2.888104e-02 3.000034e-01
-6.342108e-02 -2.803718e-01 2.686497e-01 -4.200938e-03 -4.153036e-01 -2.418935e-01 5.633307e-01 3.066564e-01 -5.697194e-02 4.042817e-01 -6.058069e-02 -3.095020e-01 2.889932e-01 -1.888982e-01 -3.342723e-01 2.158600e-01
-2.055671e-01 7.369871e-01 -3.720811e-02 -1.015076e-01 1.328697e-01 -2.192883e-01 -1.959112e-01 1.197418e-01 -2.483849e-01 2.269463e-01 -3.812890e-04 1.810132e-01 -3.483498e-01 -1.613456e-01 -4.942521e-01 -1.590174e-01
-2.790053e-01 -2.053428e-01 -1.474650e-01 2.496993e-02 3.999127e-01 9.495162e-02 -4.470435e-01 5.549933e-02 2.711114e-01 -3.388906e-01 -1.074196e-01 6.887614e-01 -9.447601e-03 3.585318e-02 6.384012e-01 1.981763e-01
3.527426e-01 3.630529e-01 -3.397622e-01 -9.363253e-02 -1.218289e-01 -2.482919e-01 -1.344927e-01 -1.544717e-01 -2.756999e-01 6.860581e-02 5.474007e-01 -1.984533e-01 -3.197961e-01 1.925501e-01 8.235595e-03 1.715588e-01
3.551944e-01 -1.965066e-01 -3.315978e-01 -7.153425e-02 -2.432222e-01 8.651077e-01 8.929812e-02 -4.153259e-01 1.753592e-01 -3.251575e-01 1.812720e-01 -5.245836e-01 3.048788e-01 2.810622e-02 4.558246e-01 -1.403837e-01
-1.660351e-01 -7.872181e-02 -1.141571e-01 5.026224e-02 5.354052e-01 -1.255034e-02 9.119530e-02 -6.030573e-02 -9.555146e-02 -3.347743e-02 1.170393e-02 -1.026867e-01 -1.153765e-01 7.718901e-02 6.110733e-01 -3.181306e-01
-5.970938e-02 5.023166e-01 3.073853e-02 1.816957e-01 7.241643e-02 -2.583258e-01 -1.637784e-01 3.553995e-01 -2.903977e-01 1.161958e-01 6.010974e-02 3.810169e-01 2.675998e-02 -2.343766e-01 -3.786483e-01 -1.462793e-01
-3.723801e-01 -1.266959e-01 3.598197e-01 2.673350e-01 3.554931e-01 -2.437861e-01 -1.173487e-01 2.399946e-01 2.952243e-01 -1.577763e-02 -2.416540e-01 5.861946e-01 5.644388e-02 -1.921705e-01 -2.401412e-01 9.103251e-02
6.564661e-02 -5.452833e-01 -1.087315e-01 3.259215e-02 2.885301e-01 2.343287e-01 -2.505147e-01 -1.517336e-01 2.309445e-01 5.297389e-02 -5.035346e-02 2.295836e-01 1.184747e-02 4.500230e-02 9.016457e-01 1.276779e-01
-1.238776e-01 1.371833e-01 4.807335e-01 -8.382007e-02 -1.394089e-01 8.906937e-02 -1.796400e-01 2.634899e-01 -1.341401e-01 3.034635e-01 3.957124e-01 2.825815e-02 2.082227e-01 2.920199e-02 -1.462325e-01 5.037779e-01
-4.082007e-01 1.932186e-01 2.469464e-01 -3.821947e-02 6.693924e-01 -4.032790e-01 -3.371285e-01 2.054188e-01 1.717520e-01 1.964587e-03 -2.791528e-01 4.900895e-01 -2.449782e-01 7.804202e-02 -8.403478e-02 1.168329e-01
2.153616e-01 2.374612e-01 -1.990143e-01 4.751524e-01 -2.557471e-01 2.425989e-01 1.986750e-02 1.511411e-01 3.923059e-02 5.360501e-01 4.705566e-01 -2.349571e-01 -6.362318e-02 -2.172247e-01 -2.381462e-01 7.378394e-02
-9.963626e-02 5.279536e-01 2.001864e-01 -1.262604e-01 3.012086e-01 4.342218e-01 -1.658626e-01 -5.327061e-01 -1.445958e-01 3.234310e-01 -1.400888e-01 -1.620451e-01 -4.242969e-01 -5.243265e-01 -2.583703e-01 -2.617009e-01
8.711472e-01 9.163766e-02 -3.038694e-01 -1.047233e-01 -3.749688e-01 2.883727e-01 -3.449971e-01 -3.941745e-01 -3.506584e-02 -5.005288e-01 3.061899e-01 -2.992927e-01 1.211371e-01 -1.240026e-02 1.589527e-01 -1.187064e-01
-6.373271e-02 6.249976e-01 1.663090e-01 -1.221427e-01 4.509748e-01 2.021404e-01 -7.368875e-02 1.650542e-01 -9.830062e-02 -2.655786e-02 -9.084563e-02 3.806051e-01 -2.705188e-01 -2.802763e-01 -3.134979e-01 -2.119281e-01
-3.296311e-01 6.718924e-02 -2.508188e-01 -2.357141e-01 1.981319e-01 1.279564e-01 2.501514e-01 -1.381626e-01 3.283216e-01 -3.863490e-01 -3.429840e-01 5.649713e-01 3.166624e-01 4.291956e-02 1.476888e-01 -2.192599e-03
4.482479e-01 -2.383924e-01 -3.689945e-01 -1.052524e-02 -2.629042e-01 1.049201e+00 2.612504e-02 -4.669921e-01 -4.703362e-02 -4.307461e-01 2.432527e-02 -3.659707e-01 3.615120e-01 -2.222796e-01 3.395639e-02 -3.227029e-01
-2.362839e-01 -1.877395e-01 1.366227e-01 3.785449e-01 1.467418e-01 -3.667176e-01 -4.118750e-02 1.001251e-01 -9.391571e-02 6.273627e-02 7.214972e-02 5.835947e-01 6.195126e-02 -3.398966e-01 -5.409186e-01 4.770340e-01
-2.231707e-01 1.793704e-01 3.234678e-01 1.161312e-01 -2.937329e-01 2.374530e-01 -5.008294e-02 4.938659e-01 -3.048881e-01 3.681236e-01 6.918297e-02 2.798968e-01 4.526336e-01 1.056242e-01 -2.443653e-01 6.005185e-01
-5.614692e-02 4.714899e-01 6.495585e-02 -8.437766e-02 3.214682e-01 -1.240696e-01 6.335789e-02 1.845021e-01 -1.239818e-01 -3.850032e-02 1.659311e-01 5.876595e-01 -5.131850e-02 -1.307718e-01 -3.017678e-01 -2.797879e-01
7.890252e-01 -5.523114e-02 2.205983e-01 -4.351331e-01 -4.144031e-01 -2.858924e-01 -6.036223e-01 -3.775600e-02 1.230716e-02 -6.184291e-01 2.409144e-01 -4.081506e-01 -2.436129e-01 -2.016433e-01 -4.332180e-01 2.078264e-01
-1.450938e-01 -1.654509e-01 -2.393466e-01 1.098416e-02 1.427011e-03 -2.069078e-01 -1.285638e-01 -6.462246e-01 -1.605204e-01 2.204424e-01 2.082369e-01 9.901404e-02 -1.918076e-01 6.020217e-02 -3.505138e-01 -1.497226e-01
5.909448e-02 1.469419e-01 3.638054e-01 8.386891e-03 -3.741655e-01 -6.891550e-02 -4.984133e-01 -5.958904e-02 9.490487e-03 -1.624269e-01 5.306857e-01 -3.712834e-02 -2.473419e-01 -1.781345e-01 2.730895e-01 1.571152e-01
-2.400869e-01 -5.177005e-01 -6.945718e-02 4.477012e-01 4.148087e-01 -2.963387e-01 -5.214980e-01 2.664219e-01 -1.277578e-01 -1.552308e-01 -1.661802e-01 2.023499e-01 -4.057910e-01 -3.536882e-02 2.126395e-01 2.932769e-02
-1.945378e-01 -1.321036e-01 -2.882128e-02 -1.601757e-01 -6.624865e-02 3.070029e-01 -2.881826e-01 -8.272121e-02 -9.794617e-02 1.691746e-01 1.426494e-01 -5.681023e-02 -6.220278e-01 7.579498e-02 8.963335e-02 -1.869712e-01
-1.976184e-01 -1.376766e-01 -1.119299e-01 4.965619e-01 2.665703e-01 -2.104242e-01 -2.854755e-01 -3.613810e-01 -4.406876e-01 2.007285e-01 1.507810e-01 3.849892e-01 1.887556e-01 -8.341305e-02 -2.031120e-01 -3.528645e-02
1.018386e-01 4.967479e-01 7.913577e-03 -1.598726e-02 -1.988507e-01 -1.726336e-01 -6.923750e-02 3.538494e-01 8.237827e-01 -4.235764e-01 1.635013e-01 -2.985360e-03 1.648279e-01 -2.372651e-01 1.648880e-02 2.586474e-01
-2.009709e-01 -7.513451e-02 8.821584e-03 -1.424515e-03 -1.450238e-01 -2.886645e-01 -3.128991e-01 -5.807125e-01 -2.620236e-01 -1.657419e-02 1.260683e-01 2.438734e-01 7.693569e-03 3.800289e-02 1.888601e-02 2.263750e-01
-3.064394e-01 2.047506e-01 -2.488256e-01 1.283858e-01 2.243700e-01 -7.459576e-01 -3.590734e-01 -4.428161e-01 1.325161e-01 -3.195282e-01 5.402494e-02 -3.576889e-02 -3.612955e-01 -4.604180e-02 1.048823e-01 -1.361460e-01
-2.766010e-01 -1.017604e-01 -2.720815e-01 2.341627e-01 1.739477e-01 -2.753217e-01 -5.885312e-01 -1.689343e-01 3.806033e-02 9.406349e-02 1.631850e-01 2.319503e-01 3.245147e-02 7.539430e-02 5.038077e-01 -1.214208e-01
1.137534e-01 2.075342e-02 -7.436973e-02 -4.794232e-01 1.667877e-02 -1.922613e-02 -2.460024e-01 -1.015642e-01 5.593058e-02 1.002727e-01 1.892402e-01 -2.315135e-01 1.221320e-01 1.979997e-02 7.205846e-01 -3.812961e-02
2.181127e-01 -2.965139e-01 -3.206724e-01 -3.712555e-01 7.419421e-02 -4.930470e-01 -4.040625e-01 -1.608534e-02 2.177305e-01 1.572292e-02 -1.287351e-01 -1.155077e-01 2.338173e-02 -1.631046e-02 4.150309e-01 -2.515934e-01
-4.756613e-03 -3.698422e-01 1.775742e-01 1.972419e-01 2.805341e-01 1.290326e-01 -3.930041e-01 -5.703171e-01 -5.855914e-01 1.999923e-01 -1.985088e-01 1.203099e-01 -4.554816e-02 5.443414e-02 1.209349e-01 -1.159496e-01
1.353640e-01 1.688646e-01 5.567948e-01 -1.796395e-01 -6.242242e-02 2.139652e-01 -1.670914e-01 5.308430e-01 2.680898e-01 -6.040118e-01 1.407906e-01 -2.013991e-02 -1.520729e-02 -4.293331e-01 -8.824544e-03 6.891798e-01
8.152261e-02 1.245262e-01 2.217602e-01 4.289539e-01 -5.772094e-02 -2.529280e-01 -1.903839e-01 1.805614e-01 7.597019e-01 -3.232302e-01 1.892192e-01 1.425559e-01 -2.593367e-02 -2.976802e-01 -1.648234e-01 4.724522e-01
2.282352e-01 -6.056172e-04 -1.349671e-01 3.577642e-01 2.556706e-01 1.800980e-01 -4.340783e-01 3.280127e-01 2.516333e-01 -8.421721e-02 2.383559e-01 9.567788e-03 -1.255187e-01 -1.838044e-01 -3.224929e-01 -2.430439e-01
-4.179724e-02 -1.144137e-01 4.155630e-02 3.031792e-01 2.006489e-01 -2.314878e-01 -2.657517e-01 -4.180402e-02 1.699404e-01 -3.662173e-02 -2.350301e-01 1.638695e-01 -2.955233e-01 -7.715118e-02 -6.101911e-01 3.668451e-02
-5.734071e-02 -9.230420e-02 -2.521932e-02 3.995604e-01 2.374811e-01 -3.560243e-03 -3.573814e-01 -1.103160e-01 -3.280821e-01 9.765345e-02 5.550712e-01 9.776893e-02 -1.083456e-01 -2.532575e-01 -4.363883e-01 7.707168e-03
-3.190039e-01 1.416163e-01 -4.754338e-01 -9.365103e-02 1.812912e-02 -3.314788e-01 7.416851e-02 -7.708179e-01 -4.501031e-01 3.674943e-01 6.749339e-02 2.319826e-01 2.359971e-02 2.673096e-01 -8.135680e-02 -7.064288e-01
-7.989704e-02 3.873814e-03 -1.111096e-01 2.584522e-01 2.128250e-01 -1.652628e-01 -5.188400e-01 5.115833e-01 2.401664e-01 -7.293227e-02 1.997074e-01 -3.035436e-01 5.267522e-03 6.890078e-02 7.646086e-02 -3.252461e-01
2.128562e-01 3.905830e-01 2.190259e-01 -1.869425e-02 -1.922131e-01 8.424874e-02 -7.774711e-02 -3.039274e-01 1.848149e-01 9.274022e-03 4.118277e-01 1.236629e-02 -2.632697e-01 1.529157e-02 -3.599682e-01 1.131177e-01
-6.151022e-02 2.756449e-02 -1.195121e-01 2.357589e-01 4.166320e-01 1.625811e-01 1.041711e-01 8.983824e-03 -2.710899e-01 1.292330e-01 2.607797e-01 1.585734e-01 -2.675372e-01 7.923281e-02 6.687760e-02 2.788403e-01
1.127806e-01 4.410030e-01 2.717032e-02 -5.354425e-01 -4.282105e-01 2.942929e-01 3.028858e-01 -3.521607e-01 4.238350e-02 8.954478e-02 1.698277e-01 -1.382688e-01 4.043101e-01 -1.726722e-01 -1.715938e-01 -2.779661e-01
-2.248460e-01 -2.464974e-01 -6.501133e-01 1.668284e-01 4.238468e-01 -2.659849e-01 2.172664e-01 -5.304568e-01 -1.729904e-01 5.368756e-01 -2.484112e-01 1.179520e-01 -2.165943e-02 4.312191e-01 -1.758228e-01 -6.804739e-01
-5.900094e-02 -1.426318e-01 -2.195300e-01 -6.716073e-02 2.106336e-01 2.317220e-01 -5.635158e-02 -5.888122e-01 -7.448630e-01 3.436847e-01 -2.375356e-01 1.056406e-01 2.658206e-01 1.677285e-01 2.546133e-01 -2.702311e-01
2.752304e-01 -6.522342e-02 -2.997420e-01 1.405630e-01 3.825862e-02 -1.589611e-01 1.459555e-01 1.122137e-01 -6.265539e-02 3.097547e-01 1.246738e-01 1.992039e-01 5.366577e-01 -2.532392e-01 -7.297156e-01 -1.735874e-01
-3.553799e-03 1.075361e-02 -2.232609e-01 9.264432e-02 1.143226e-01 1.162899e-02 -3.583333e-03 -4.490498e-01 -5.817115e-02 4.336208e-01 1.090344e-01 2.020801e-01 4.144243e-01 -9.190946e-02 -7.872823e-01 -8.622101e-03
1.158899e-01 1.526362e-01 4.769893e-01 -3.903983e-02 -4.167110e-02 3.339000e-01 -1.921846e-01 1.791840e-01 1.865919e-01 -2.672377e-01 3.032243e-01 5.862961e-03 1.363377e-01 -3.037637e-01 1.827085e-01 3.673897e-01
-3.738351e-01 1.222444e-01 2.808901e-01 2.988096e-02 -4.379477e-03 1.285869e-01 -6.340956e-01 -4.053569e-01 -3.987727e-02 -3.257294e-01 3.353104e-01 -2.520154e-02 -5.134091e-01 5.584291e-03 5.778235e-01 -9.526655e-02
-1.174781e-02 3.438200e-03 7.302938e-02 9.480556e-02 -1.072344e-01 -8.895028e-02 -3.761212e-01 3.739222e-01 2.434737e-01 -4.666301e-01 -1.606598e-03 -1.457239e-01 -2.090992e-01 -5.900118e-02 6.837012e-01 -1.886865e-01
-1.752263e-01 4.155505e-02 1.361496e-02 3.028463e-01 1.296708e-01 1.262471e-02 -3.317329e-01 -3.077682e-01 1.050594e-01 -6.520441e-02 4.835655e-02 2.258200e-01 -7.617517e-01 -1.320930e-01 -1.761722e-01 -5.204401e-02
-3.049670e-01 -4.133274e-01 -4.440361e-01 -2.118246e-01 -2.166012e-01 5.570578e-01 6.713671e-03 -1.617441e-01 -3.149287e-01 2.202528e-01 7.080764e-03 4.303944e-02 -1.023054e-01 -2.340869e-02 -7.691479e-02 -4.207470e-01
-1.033607e-01 2.034380e-01 -2.438798e-01 -2.512403e-01 -7.520392e-03 -3.463444e-03 1.440039e-01 -1.377558e-01 1.589776e-01 1.561154e-02 1.986193e-01 -9.994856e-02 6.255708e-01 -1.649046e-01 4.823817e-02 -8.406224e-02
-5.524070e-02 1.796704e-01 1.016322e-01 -1.312803e-01 -5.029441e-02 -8.232851e-02 -1.087621e-01 1.373037e-01 -4.515189e-02 4.097518e-01 -1.672076e-01 -1.972364e-01 -1.641652e-01 -1.205170e-02 -4.013709e-02 4.877957e-02
-3.280528e-02 1.581002e-01 -3.401453e-02 -2.080808e-01 2.787893e-01 3.072624e-02 1.109071e-01 1.108417e-02 1.687007e-01 2.588023e-01 2.585414e-01 4.213484e-01 -1.116368e-01 2.722427e-02 7.927154e-02 -1.327831e-01
4.815813e-01 -1.962906e-01 -1.436616e-01 1.050033e-01 -6.283629e-02 9.582405e-02 1.580900e-02 -1.217238e-01 3.357710e-02 -1.925507e-01 1.135709e-02 3.049347e-01 2.133743e-01 -8.110679e-02 -1.212893e-01 -1.493189e-01
-2.490812e-01 -1.977378e-02 1.403923e-01 9.335467e-02 4.511408e-01 1.080164e-01 4.023980e-01 1.743760e-01 6.889048e-02 8.621328e-02 3.755230e-02 -2.334707e-01 5.093199e-02 1.542466e-01 2.994292e-01 3.374130e-03
-3.558360e-01 1.956411e-01 3.294178e-01 1.500742e-01 1.438855e-01 2.072500e-01 1.257335e-01 1.395077e-01 5.450404e-02 5.201452e-01 1.506491e-01 2.873831e-01 1.288970e-01 4.645268e-02 1.170798e-01 1.501087e-01
7.542878e-02 -1.254993e-01 2.948242e-01 -1.029798e-01 -1.281645e-01 -1.340706e-01 3.311713e-01 -6.317940e-02 -7.803832e-02 -1.563293e-01 -2.505315e-01 -2.240418e-01 1.951632e-01 8.658252e-02 -2.324712e-01 -2.132648e-02
-6.123707e-02 3.653114e-02 -2.720497e-01 1.172272e-01 1.934604e-02 1.407560e-01 -2.449071e-01 8.893093e-02 2.633355e-02 -2.114768e-02 2.333493e-01 3.327088e-01 -1.937436e-01 -5.672577e-02 4.548624e-01 -1.582353e-02
-1.080831e-02 1.240929e-01 -1.059219e-01 7.791230e-02 2.086284e-01 -1.095567e-01 -2.647274e-02 8.419391e-02 -2.144895e-01 6.687778e-02 4.819653e-01 -8.378646e-02 9.813009e-02 -1.705880e-01 -3.628566e-02 8.670741e-02
3.214487e-01 -2.898576e-02 -1.135281e-01 -1.276823e-01 -4.426517e-03 5.364276e-01 -1.181596e-01 2.742951e-02 -1.039653e-01 -7.895759e-02 -4.105467e-02 -3.353225e-01 1.107061e-01 -1.292791e-02 -1.048419e-02 -2.209462e-01
-1.559410e-01 1.141281e-02 -4.501205e-02 -1.695398e-01 5.539170e-02 7.111008e-02 4.366517e-01 -4.923733e-02 2.328688e-01 -1.039076e-01 -3.389591e-01 1.189092e-01 4.374737e-01 1.346469e-01 -2.475880e-01 9.250532e-02
-2.257290e-01 1.255862e-01 4.262167e-01 3.014620e-02 1.813352e-01 1.706124e-01 5.056437e-02 3.585258e-01 -2.088978e-01 2.075077e-01 2.081314e-01 -6.313248e-02 1.558469e-01 6.035326e-02 1.226947e-01 2.826886e-01
1.212914e-01 -9.659506e-03 6.486156e-02 -3.503434e-02 2.682396e-01 9.453311e-02 1.965609e-01 2.740899e-02 -1.936132e-02 -1.735145e-02 3.177094e-01 6.421275e-01 2.893829e-01 -6.757913e-02 6.961040e-02 -1.234710e-01
1.234026e-01 -3.024622e-01 -1.431568e-01 1.419474e-01 -4.826266e-02 1.336202e-01 1.943924e-01 -8.196778e-02 3.634012e-02 -2.407787e-02 3.525761e-01 3.538705e-01 1.432882e-01 -1.913536e-01 3.155566e-01 -1.086328e-01
-1.040618e-01 2.243280e-01 -1.199018e-01 -8.968263e-02 7.226489e-03 -3.256063e-01 2.201914e-02 -5.317505e-02 -3.014623e-01 2.283966e-01 2.140878e-01 1.046856e-01 -2.669457e-01 5.558185e-02 -2.490343e-01 4.383951e-01
-1.983911e-02 -7.747547e-02 7.458885e-02 -1.508046e-01 -6.489891e-02 2.161305e-01 6.735098e-02 -9.182750e-02 4.179843e-01 -6.114326e-02 -2.099854e-01 2.828778e-01 -2.589884e-02 1.781229e-01 6.162941e-03 -7.923220e-02
-1.224163e-01 1.852568e-01 1.292177e-01 -2.008146e-01 6.124858e-01 1.435465e-02 -2.728834e-01 8.690774e-02 8.374365e-02 -1.306064e-01 -2.531398e-01 4.410991e-02 -6.688157e-02 1.201647e-02 6.052398e-02 -2.567174e-01
2.037893e-01 -2.467173e-01 4.895810e-02 1.362248e-01 -1.155041e-01 4.792363e-01 -6.082515e-02 4.400907e-03 1.689149e-01 -2.068002e-01 -1.037559e-01 -2.083983e-01 2.754466e-01 -1.456470e-01 1.675560e-01 -2.752376e-01
-2.799006e-01 -2.260629e-02 1.128113e-02 1.959857e-02 3.545777e-01 -1.300157e-01 -7.189380e-02 -5.733446e-02 2.577459e-01 -1.471221e-01 -2.554671e-01 4.071585e-01 3.437384e-02 -1.112543e-02 5.938527e-02 1.905228e-02
5.289823e-01 1.638181e-01 -4.554577e-02 4.686032e-02 -7.245047e-02 -6.784432e-03 -5.637430e-03 -6.931364e-02 -1.136598e-01 1.099048e-01 4.325045e-02 -2.086193e-01 -8.108908e-02 -4.606672e-02 -3.771343e-02 -4.343660e-02
-3.480750e-02 -9.373039e-02 1.318715e-01 1.758225e-01 8.091533e-02 -3.521487e-03 1.537910e-01 2.703120e-02 -1.201846e-01 -2.647191e-01 2.296711e-01 3.634011e-01 5.124345e-01 4.275867e-03 -1.367158e-02 -1.395491e-02
9.299771e-02 -1.188978e-01 -5.570063e-02 2.567518e-01 -1.294136e-01 -1.699398e-02 -2.748905e-01 1.759261e-01 -1.240654e-01 1.832269e-01 3.761213e-01 -5.411759e-03 -2.642697e-01 -1.465140e-01 2.956377e-01 -6.170167e-03
1.207616e-01 -1.745019e-02 2.624255e-01 -2.984919e-01 -6.523609e-02 -8.242291e-02 -1.766017e-01 1.185636e-02 -1.817866e-01 -9.944087e-02 4.119132e-01 -1.714172e-01 -1.172933e-01 -1.953273e-01 -1.837710e-01 9.096184e-02
2.814277e-02 2.950993e-01 3.583736e-02 -1.519338e-01 1.022370e-01 1.385252e-01 4.432267e-01 -1.945675e-01 1.699458e-02 -2.449972e-01 -2.479814e-01 5.190713e-02 2.900233e-01 2.798757e-01 -1.791131e-01 2.232275e-03
5.357529e-02 2.080159e-01 2.391703e-01 -9.000288e-02 5.173470e-02 1.290603e-01 -2.069964e-02 1.741643e-01 -1.863547e-02 7.687455e-02 -1.023174e-01 4.835697e-01 2.810916e-02 -1.232254e-01 -1.909553e-01 -1.165424e-01
7.739628e-03 -4.704642e-02 -1.279996e-01 1.796887e-01 -2.938035e-01 -2.024971e-01 9.565749e-02 -1.443704e-01 -2.524462e-01 1.328300e-01 2.170205e-01 1.156478e-01 -4.275872e-02 -1.352034e-01 -2.793468e-01 5.097010e-01
-2.214409e-02 -1.052858e-01 -2.400091e-02 5.314810e-01 -5.096945e-02 -3.161950e-02 2.625852e-02 1.334394e-02 -1.272964e-01 -1.702628e-01 -3.799023e-02 -1.266886e-01 3.261385e-02 -9.405535e-02 6.226250e-02 7.249596e-02
1.572120e-01 -1.214225e-01 -1.095366e-01 7.169407e-03 2.664067e-01 1.333221e-01 1.897151e-01 -1.894656e-01 2.426176e-01 -1.682212e-01 3.510976e-01 4.774247e-01 2.294960e-01 6.308614e-02 1.404016e-02 -1.655265e-01
-2.583186e-01 3.222827e-01 7.145808e-02 -2.613672e-01 1.939854e-01 -1.914823e-01 6.708339e-02 -5.465485e-02 -5.735591e-02 1.384030e-01 -4.518094e-02 -1.340593e-01 1.140563e-01 3.598027e-01 -2.024245e-01 3.982475e-01
-1.739614e-01 -1.211350e-02 -1.511148e-01 1.726603e-01 -1.283114e-01 1.093158e-01 2.628650e-01 1.499334e-01 8.572352e-02 2.405987e-01 2.149424e-02 2.147599e-01 3.802277e-01 7.769507e-02 -9.359930e-02 1.987821e-01
-5.930069e-02 5.319359e-01 -2.250889e-01 -1.028800e-02 1.779101e-01 7.457357e-02 5.339053e-02 4.109105e-02 1.628928e-01 1.634453e-01 -2.343602e-02 1.583196e-02 1.911423e-01 1.606333e-01 -1.471884e-01 2.174900e-01
-3.492985e-01 1.322051e-01 2.552927e-02 2.972429e-01 3.063486e-01 2.370836e-01 2.326657e-01 9.728011e-02 7.725374e-02 4.042502e-01 -1.472643e-01 2.734991e-01 1.334078e-01 1.122908e-01 3.079383e-01 -1.247793e-01
-1.087441e-01 1.104991e-01 -6.800761e-02 -7.853001e-02 1.567467e-01 -1.176011e-01 -7.836796e-03 -1.226970e-01 2.132340e-01 -9.230996e-02 -5.411281e-02 -5.112068e-02 -1.365823e-01 2.313300e-01 4.322740e-01 -7.923115e-02
1.514560e-01 -1.100200e-02 1.033796e-01 -1.250189e-01 2.651515e-01 -8.402478e-03 -1.326557e-01 5.815990e-03 -1.786148e-01 3.019585e-01 4.936573e-01 4.128672e-03 -1.423708e-01 -2.626983e-01 -2.145915e-01 -3.476920e-02
-9.264056e-02 -1.028371e-01 -1.974349e-01 1.633617e-01 3.458260e-01 -1.313745e-01 -2.580984e-01 -5.304710e-02 -2.314620e-01 6.231236e-02 4.092270e-01 3.683480e-01 -5.502264e-02 -3.116464e-01 -1.551350e-01 -5.842194e-02
-4.019921e-02 -6.264445e-02 -3.929756e-01 -4.528113e-03 -2.546779e-01 2.445196e-01 5.426005e-03 1.995493e-01 1.641289e-01 -2.552415e-01 -3.322573e-01 2.580335e-02 -7.382300e-02 2.256466e-02 -2.088868e-01 -2.824381e-02
-1.294233e-02 5.063692e-02 4.112236e-02 -1.515489e-01 -8.097720e-02 -1.772283e-02 1.330267e-01 9.762017e-02 1.521506e-01 7.657640e-02 -1.758581e-01 -2.901485e-01 -5.943317e-02 2.130730e-01 2.618617e-01 7.328899e-03
1.693095e-01 2.672817e-01 5.661124e-02 -4.565183e-01 7.290460e-03 -1.848434e-01 4.106652e-02 -2.365699e-01 -2.220166e-01 9.473799e-02 -4.441806e-02 -2.290262e-01 -3.416844e-02 1.928899e-02 -2.241345e-02 2.970779e-02
-2.049049e-01 2.926460e-01 -2.780391e-01 -1.775054e-01 2.443432e-01 8.318348e-03 -1.398673e-02 -9.895265e-04 3.913355e-02 4.339406e-02 -1.615147e-01 1.342497e-01 3.884822e-01 -1.232111e-01 3.979972e-01 -1.509508e-01
4.800883e-02 1.396450e-01 1.700349e-01 -6.885777e-02 -6.829455e-03 -6.296241e-01 6.541003e-02 -1.378927e-02 -2.621701e-01 1.597427e-01 1.007316e-01 -6.443724e-02 -6.723931e-02 -2.258093e-01 -8.752240e-03 1.109629e-01
-1.425095e-01 1.945429e-01 -1.457624e-02 2.264282e-01 -4.473945e-02 2.322960e-01 -4.172440e-02 -3.505826e-01 -5.820597e-02 1.015823e-01 2.207735e-01 1.357678e-01 -4.473026e-01 -1.227675e-01 -2.562942e-02 -7.035782e-02
-1.152878e-01 -1.091212e-01 -1.382132e-01 4.696375e-01 3.689367e-02 3.107592e-02 -3.361880e-02 1.427194e-01 9.658594e-02 -1.738634e-02 7.155892e-02 2.815330e-01 6.534142e-02 -3.528282e-02 1.371281e-01 7.744609e-02
-1.081747e-01 -1.818605e-03 2.340095e-02 -2.145193e-01 8.337919e-02 -1.907779e-02 6.082471e-02 4.139324e-01 -3.231944e-02 -6.704305e-02 -4.655179e-02 -2.930961e-02 4.142828e-01 -6.246565e-02 -5.333225e-02 8.435923e-02
2.273397e-01 -1.151794e-01 -1.626694e-02 1.982165e-01 -1.085407e-01 4.817990e-02 -4.729043e-02 4.774645e-02 -7.384792e-02 -3.881099e-01 1.256687e-01 4.262177e-01 -6.207299e-02 -3.160916e-01 -2.557809e-01 2.078679e-01
4.942193e-02 1.177482e-01 2.314912e-02 -2.346876e-02 3.581861e-01 1.769951e-01 2.831059e-01 4.224391e-02 -3.150770e-01 -2.569750e-02 -3.727251e-02 -3.303492e-02 -2.820151e-01 1.753333e-01 -1.948692e-01 2.402209e-01
-2.176149e-01 8.219904e-02 1.202128e-01 -8.287475e-02 1.040436e-01 1.457903e-01 -1.438567e-01 -6.160508e-01 6.086642e-02 -4.592507e-02 -2.169357e-02 -9.564377e-02 -2.746110e-01 2.533033e-01 7.026548e-02 1.303482e-01
-3.922873e-02 -1.978418e-02 -2.600414e-01 1.933576e-01 1.443693e-01 9.029811e-02 -2.150213e-02 -4.529773e-01 1.418317e-01 1.521500e-01 -1.037747e-01 1.527688e-01 1.117938e-01 4.665565e-02 1.312438e-01 -3.172510e-01
2.682431e-01 -2.290239e-02 -5.120736e-03 -2.128642e-02 -3.556120e-02 -1.407416e-01 4.398891e-02 -5.961580e-01 3.957465e-02 8.484970e-02 1.418477e-01 -1.169554e-01 -3.614943e-01 1.835816e-01 2.566495e-01 4.896981e-02
-1.616854e-02 1.161894e-01 -3.878623e-01 1.801716e-01 3.750019e-01 -3.265112e-01 7.854026e-02 -1.532257e-01 -1.572321e-01 2.002626e-01 -2.039694e-02 -7.351954e-02 -3.072416e-02 5.546461e-02 1.056154e-01 -8.685265e-02
-7.080537e-02 -4.352245e-02 -1.035331e-01 6.021409e-02 -2.733675e-01 -6.557302e-02 -2.381571e-01 -1.685080e-02 3.345817e-01 4.330462e-02 1.757241e-02 1.209369e-01 3.065270e-01 -8.447723e-02 3.225935e-01 -1.030913e-01
1.010393e-01 -3.160133e-01 -3.283837e-02 2.502793e-01 1.271041e-01 -4.652192e-03 -1.617670e-01 -2.224067e-02 -8.014748e-02 1.469809e-01 1.120574e-01 -1.794107e-01 -1.801940e-01 2.165889e-01 -3.918820e-01 1.574199e-02
2.723139e-03 -7.813567e-02 4.221454e-01 1.238322e-01 3.560979e-01 -1.557688e-02 3.266427e-02 -2.302637e-01 3.141353e-02 2.560874e-02 1.718186e-01 -1.194927e-01 1.911324e-01 -1.930833e-01 1.867871e-01 1.892218e-01
2.295015e-01 -9.096266e-02 1.360356e-02 6.972259e-02 2.408001e-02 -8.000185e-02 7.391394e-02 -2.428552e-02 4.497921e-01 -4.179522e-02 -3.149453e-01 3.212487e-02 -3.976884e-02 -1.549754e-01 -1.762500e-01 -3.056981e-02
3.552561e-01 -7.892545e-02 7.944396e-02 1.439011e-01 3.595332e-01 -1.929563e-01 1.717688e-02 2.854630e-03 1.444763e-01 3.022839e-01 2.823031e-01 -1.870841e-05 -1.553399e-01 2.114845e-02 2.190307e-01 -6.984413e-02
4.811331e-02 1.970740e-01 1.308258e-01 -1.192492e-01 -1.831447e-01 8.736384e-02 -1.005315e-01 -2.081372e-01 2.329997e-02 3.316118e-02 4.396381e-01 -3.339536e-03 8.659197e-02 9.287514e-03 2.216319e-01 -4.962662e-02
-4.388967e-02 -1.416163e-01 -6.244788e-02 1.677851e-02 -3.752524e-02 5.693231e-01 -1.709776e-01 2.556939e-02 2.108581e-01 -6.802297e-02 -1.577526e-03 3.584600e-02 -6.333704e-02 -3.285015e-02 4.126676e-02 -9.211392e-02
1.326885e-02 -2.115280e-01 -6.003206e-02 8.836709e-02 4.727654e-01 1.496061e-01 -2.784625e-01 -7.740132e-02 -1.244750e-01 -7.453887e-03 4.218097e-01 1.462650e-01 -2.892928e-01 -1.213651e-01 -2.399724e-01 5.331679e-02
-2.949869e-02 3.313602e-02 2.150856e-01 9.160614e-02 3.815871e-01 1.639677e-01 1.135445e-01 -7.404777e-02 3.802551e-02 -1.325931e-01 -1.446548e-01 6.699386e-02 5.758548e-01 1.609115e-01 7.876164e-02 7.448300e-03
-5.884310e-02 1.384902e-01 -4.810304e-01 1.173681e-01 3.840729e-01 4.679884e-02 -3.324816e-01 -1.476236e-01 1.261183e-01 6.507246e-02 -6.773271e-02 -4.380367e-02 -4.245358e-02 -5.160768e-02 2.005371e-01 -7.425158e-02
3.563418e-01 -3.291071e-01 -5.179292e-02 -2.060892e-01 4.815405e-02 -2.501355e-01 -4.650652e-04 1.691732e-01 1.651757e-01 -1.334454e-01 -2.946444e-01 -8.975068e-02 3.675203e-01 1.148638e-01 -4.261467e-02 6.634022e-02
5.871101e-02 -3.442467e-02 1.533330e-01 -1.780444e-01 -2.660031e-01 8.047212e-03 3.225057e-02 -2.201255e-02 1.086855e-02 -9.464627e-02 8.469488e-02 -7.032031e-02 -1.879632e-01 6.431517e-02 -4.370773e-01 9.984539e-03
-4.071067e-02 2.316178e-03 2.100999e-01 -2.481526e-02 -3.054183e-02 -3.197888e-03 3.765355e-02 5.209728e-01 -1.201592e-01 -2.698603e-01 -1.049132e-01 -5.324899e-02 -7.269948e-02 -1.460793e-01 -1.438622e-01 2.533673e-01
-2.666784e-01 1.418461e-01 4.567306e-02 1.952750e-02 6.405690e-02 2.496589e-01 -2.048868e-01 -3.275049e-01 -4.993991e-03 1.082811e-01 -2.522246e-02 1.315232e-01 1.475198e-01 4.493045e-02 -5.350245e-01 1.295163e-02
-1.575364e-01 9.142815e-02 -3.673732e-03 -4.615169e-02 2.200856e-02 -1.165667e-02 -4.105202e-02 1.724003e-02 -5.684291e-01 -7.491080e-03 1.354836e-01 -5.697442e-02 9.918098e-02 1.576580e-01 6.731785e-02 -7.616190e-02
2.924366e-01 -9.038464e-02 -6.136651e-02 4.241800e-02 -1.093894e-01 -1.682427e-01 9.188191e-02 5.914171e-01 -9.949554e-03 -5.134524e-02 -7.466573e-02 3.458634e-02 8.019100e-02 -6.421109e-02 8.025958e-02 7.233443e-03
