4 4 8 32 16
-7.907621e-02 3.801977e-02 8.869864e-02 -1.945059e-02 -4.475183e-02 -1.281857e-01 3.023348e-01 -1.127764e-01
-6.566894e-02 2.761694e-01 -1.229699e-01 -7.968867e-02 5.532858e-02 -1.581692e-02 1.517174e-01 -1.064054e-01
1.949818e-02 1.098064e-01 -4.330803e-02 1.147462e-01 -2.228296e-02 -7.861868e-02 -1.924946e-01 -1.914956e-01
-3.963223e-02 2.335465e-01 -1.483763e-01 -1.112202e-01 1.170194e-01 7.993034e-02 7.480104e-02 -1.178495e-01
-7.874297e-02 2.288162e-01 -1.556825e-01 -6.687283e-02 9.669673e-03 8.954858e-02 7.894339e-02 -5.285038e-02
-1.071207e-01 -5.826889e-02 -2.372040e-01 3.509577e-01 -9.015142e-02 -9.178826e-02 -1.094487e-01 -1.047319e-01
-1.518126e-04 -4.371845e-02 -1.896420e-01 2.098365e-01 3.165418e-02 8.991912e-02 -3.139998e-01 -1.225864e-01
-1.456401e-01 -9.006921e-02 -2.639846e-01 -8.681929e-02 9.990600e-02 1.969898e-01 -1.448588e-01 -9.213661e-02
9.419470e-03 2.447095e-01 -1.670340e-01 -1.427050e-02 1.010910e-01 -1.546823e-01 3.373889e-01 -1.185529e-01
-9.434307e-02 -1.443791e-02 2.630092e-02 2.549398e-01 -1.069362e-01 -1.405573e-01 -1.465803e-01 -2.613449e-01
2.373461e-01 9.208975e-02 1.232960e-01 2.472513e-02 2.867324e-01 8.760990e-02 5.678692e-01 9.798346e-02
-9.522007e-02 3.960671e-02 -2.588440e-01 -6.126808e-02 -7.757934e-03 4.125952e-01 1.218124e-01 -1.416370e-01
-8.969072e-02 2.614694e-01 3.785796e-02 3.817935e-01 -1.481955e-01 -3.971468e-02 -7.099953e-02 -5.835715e-02
-4.199760e-04 6.910729e-02 -1.136343e-01 -2.997239e-02 -1.563329e-02 3.018481e-01 2.357640e-01 -2.736731e-01
-1.895774e-01 9.661452e-02 1.454443e-01 5.904596e-02 -7.776933e-02 -3.392302e-02 -9.524120e-02 -1.527100e-01
-1.734209e-01 -6.256823e-02 -2.150466e-01 -7.741429e-02 6.043643e-02 1.459783e-01 -8.407991e-02 -9.531525e-02
-5.088313e-02 -4.362289e-02 -3.592915e-01 1.181896e-01 -8.936709e-04 -2.088515e-01 2.701025e-01 -1.175563e-01
-4.720557e-02 1.037641e-01 -2.540986e-01 5.229352e-03 2.025881e-01 -6.472398e-02 -2.742322e-02 5.228638e-02
1.909719e-01 -1.532448e-01 -2.588776e-01 -2.270092e-01 4.509614e-02 2.027072e-01 -3.062468e-01 9.758956e-02
4.092643e-01 -2.487979e-01 -1.751698e-01 -2.178614e-01 7.008239e-02 -1.364625e-01 -1.979069e-01 3.986463e-01
-1.828731e-01 2.963547e-02 -1.850968e-01 -1.863635e-01 -1.097233e-01 -1.101402e-01 5.941633e-01 -3.787569e-02
3.434746e-01 9.281190e-02 -1.116620e-01 -2.232209e-02 -7.787038e-02 -1.266660e-01 -4.860393e-02 2.001610e-01
-1.473434e-01 7.007069e-02 -1.844188e-01 -1.721259e-02 6.219210e-02 -1.436933e-01 -8.621231e-02 -1.828240e-01
1.135387e-01 -3.365218e-02 -4.006252e-01 1.784897e-02 -1.728334e-01 -1.774816e-02 1.239135e-01 6.206079e-02
-4.281496e-02 3.672328e-01 -7.643315e-02 1.928911e-01 -7.658611e-02 -2.878255e-01 -1.069914e-02 -2.430493e-02
5.123432e-02 9.061863e-02 -1.777078e-01 5.842434e-02 1.981161e-01 -6.376449e-02 -9.621979e-02 2.493462e-02
1.495955e-01 2.331062e-03 -2.830314e-01 -7.824045e-02 1.053337e-01 2.438644e-01 -2.907137e-01 7.333296e-03
1.292954e-01 2.684686e-02 -3.119106e-01 -1.819572e-02 -5.048437e-02 -2.227358e-01 1.201714e-01 -1.007762e-01
1.021516e-01 4.791681e-02 -3.282795e-01 -4.515966e-03 6.274457e-02 2.051178e-01 -1.909040e-01 -4.896163e-02
9.815046e-02 9.146798e-02 -2.815377e-01 4.834938e-02 -1.318471e-02 1.029506e-01 -1.356047e-01 -1.037444e-01
2.551927e-01 -1.383150e-01 -1.745390e-01 -1.485255e-01 8.825637e-03 -6.513456e-02 -1.366646e-01 1.104371e-01
2.276141e-01 -1.105588e-01 -1.403476e-01 5.721596e-02 -2.261475e-01 -3.069780e-01 8.779927e-02 -1.081431e-01
-7.739027e-02 -2.309989e-01 -1.000067e-01 8.431853e-02 3.371400e-01 -1.903746e-01 -2.682571e-01 -2.651068e-01
5.327024e-01 -2.126202e-01 1.858515e-01 2.226287e-03 1.218680e-01 1.060512e-02 4.540468e-03 -4.427122e-03
-1.977039e-01 -4.061002e-01 8.898564e-02 -1.297556e-02 9.653493e-02 -1.470318e-01 5.570066e-03 -2.114193e-02
-2.396301e-01 -1.469020e-01 -1.299104e-02 7.633185e-02 1.874820e-01 4.299169e-01 -1.716390e-01 1.488927e-02
3.074699e-01 -3.954847e-01 1.193401e-02 -1.313539e-01 9.854761e-02 -2.098478e-01 2.201413e-02 3.348473e-02
-1.771413e-01 -1.128613e-01 4.186475e-01 1.553157e-02 -1.900333e-01 3.369482e-02 -2.843412e-01 9.684696e-02
2.846863e-03 -1.815892e-02 2.318425e-04 2.630536e-01 3.807048e-01 8.182486e-02 -2.802592e-01 -4.268521e-02
-1.784153e-01 -2.737684e-01 -1.342027e-01 1.216268e-01 2.998195e-01 -1.713555e-01 -2.908109e-01 -1.060642e-01
2.597042e-02 -2.248560e-01 2.773712e-01 -7.927992e-02 1.024317e-01 -2.136426e-01 -2.008901e-01 -1.223180e-01
-2.369843e-01 -3.514297e-01 -2.715484e-01 6.890204e-02 1.686789e-01 2.282527e-01 3.513284e-02 2.332328e-02
-1.005078e-01 -2.045582e-01 -1.503529e-01 9.645529e-02 3.470262e-01 1.540762e-02 -9.044648e-02 -4.030796e-02
-1.829320e-01 -4.723302e-01 -7.756212e-02 -4.865653e-02 2.914025e-02 -3.636567e-02 -9.798583e-02 -1.435530e-01
-1.110357e-02 -1.064151e-01 3.695154e-02 -8.876228e-02 4.027478e-01 2.091799e-01 1.207595e-01 4.411133e-02
9.696039e-02 -2.252917e-01 4.643553e-01 -5.790671e-02 9.870842e-02 -2.115575e-01 -6.481560e-02 -1.917369e-02
-2.707661e-01 -1.127369e-01 -7.119095e-02 -3.028341e-01 2.230436e-01 5.159571e-02 -1.964609e-01 1.780946e-01
-7.998726e-02 -1.324963e-01 1.050741e-02 -4.953869e-02 2.432828e-01 1.987926e-01 -3.451703e-02 6.649043e-02
4.186603e-02 4.784949e-02 3.500239e-01 -5.491378e-02 3.259542e-01 -3.996287e-02 -2.216011e-02 6.907388e-02
2.158925e-01 -1.750694e-01 3.286386e-01 4.232627e-02 -1.063601e-01 -9.758759e-02 -1.322873e-01 -7.061195e-02
1.914807e-02 -5.441241e-02 2.751689e-01 3.376959e-01 1.404262e-01 9.342144e-03 -9.765920e-02 -2.749461e-01
2.110380e-01 -2.684435e-01 2.884221e-01 -5.847578e-02 -1.153319e-01 -9.291968e-02 -1.184590e-01 4.046619e-02
-6.212140e-02 -8.634576e-02 2.263490e-01 9.598647e-02 5.286261e-01 -2.786537e-02 -8.515657e-02 -2.063548e-01
4.551324e-01 -8.504128e-02 -6.824723e-02 2.070309e-01 2.492020e-01 2.576819e-01 -2.732349e-01 2.256887e-01
4.766321e-01 -8.483493e-02 1.602199e-01 3.596863e-02 -1.097033e-01 1.176923e-01 8.905619e-02 -9.599449e-02
-2.583152e-02 -1.271594e-01 3.761232e-01 1.929184e-01 2.230129e-01 -3.729011e-02 2.553892e-02 5.822738e-02
2.811725e-01 -2.378322e-01 2.359940e-01 -1.821303e-02 -2.700404e-02 -1.351059e-01 -1.079854e-01 -3.784661e-02
1.386747e-01 -7.719177e-02 2.743411e-01 -1.126240e-01 2.526297e-01 -8.558494e-02 -2.129496e-01 -7.969816e-02
6.057054e-02 -1.727392e-01 2.815244e-01 -1.325161e-01 -6.354091e-02 -1.765819e-01 -3.624095e-01 1.890799e-01
-8.607326e-02 2.642634e-02 2.772153e-01 -1.693369e-01 1.425512e-01 -8.214400e-02 -2.699801e-01 4.939971e-01
4.112352e-01 -2.657254e-01 2.014443e-01 -6.904776e-03 -1.550328e-01 6.553043e-03 1.815689e-01 -9.294730e-02
-1.421417e-01 -1.912362e-01 5.090821e-01 1.189832e-01 -8.628455e-02 -6.295469e-02 -7.082903e-02 1.933867e-01
1.767485e-02 -2.329109e-01 1.873748e-01 2.504783e-02 4.656153e-01 -9.085388e-02 -2.047483e-01 -1.677202e-01
2.782471e-01 -2.567211e-01 1.033732e-01 2.970891e-01 2.124665e-01 -3.373223e-02 -1.507976e-01 -1.562318e-01
-9.038774e-02 -8.775222e-02 -8.016661e-02 -8.462575e-02 1.965154e-02 -9.009374e-02 -1.053593e-01 -1.126047e-01
-6.971699e-02 -5.074968e-03 8.237562e-02 1.833769e-01 -5.835859e-02 5.553968e-03 -1.379457e-01 -5.270313e-02
-2.180192e-02 1.123872e-01 -1.579818e-01 -4.545119e-02 8.928339e-02 -1.134366e-01 4.487128e-01 -1.335397e-01
-1.251820e-01 1.821238e-01 -1.462599e-01 1.563047e-01 -1.683330e-01 4.152810e-01 2.197504e-01 -4.194769e-02
-5.642859e-02 2.803355e-01 -1.267751e-01 2.894828e-01 -5.877204e-03 -6.599270e-02 -1.950630e-01 -1.211283e-01
-9.334873e-03 -1.189646e-02 -1.279813e-02 2.098083e-02 2.400039e-01 1.947571e-02 4.319522e-01 -1.496314e-02
-1.011159e-01 -3.327810e-02 3.128458e-02 7.893040e-02 -1.258316e-01 -4.821778e-02 -1.404017e-01 -1.713115e-02
-6.369530e-02 -1.356724e-01 -1.161991e-01 3.463655e-02 -1.613090e-01 3.246726e-01 2.780807e-01 -1.139292e-01
-8.903088e-02 1.360511e-02 -4.122278e-02 3.780712e-01 -3.156163e-02 -4.506838e-02 -1.474871e-01 -9.179259e-02
-5.705740e-02 -1.784575e-01 5.434631e-02 -6.801010e-02 -7.778821e-02 2.423425e-01 3.552345e-01 -1.176287e-01
1.093000e-01 2.321053e-01 -8.806045e-02 5.904296e-02 -2.772990e-02 4.311287e-01 2.573052e-01 -1.271204e-01
-1.147253e-01 -1.173562e-01 1.790002e-01 7.984409e-02 -7.741447e-02 1.355215e-02 -1.246367e-01 -5.758703e-02
-5.705478e-02 -1.228292e-01 8.114127e-03 8.158457e-02 1.580860e-01 -7.955474e-03 5.191134e-01 -4.256554e-02
3.421147e-02 1.606768e-01 -8.807808e-02 1.765994e-01 7.311255e-02 8.225023e-03 -2.028752e-01 -6.101196e-02
4.479261e-02 4.505877e-01 -1.393825e-01 -1.672677e-01 2.806347e-02 7.608654e-02 2.735481e-01 -7.611476e-02
3.981721e-03 4.211095e-02 5.184279e-02 -1.435528e-01 2.124527e-01 5.805543e-02 9.084634e-02 1.247185e-01
-1.161920e-01 2.074366e-01 -1.556808e-02 4.379926e-01 -2.944874e-02 -1.521929e-01 -8.616633e-02 3.303819e-02
2.211581e-01 -6.306781e-02 -1.322000e-01 -2.312594e-01 -1.809359e-01 -2.213436e-01 -1.484618e-02 -1.783674e-01
3.037270e-01 -7.977357e-02 -1.226352e-01 -1.363644e-01 -2.082165e-01 -1.286758e-01 -1.575689e-02 5.890392e-02
-1.223737e-01 -6.617091e-03 -1.303289e-01 -1.428052e-01 4.590512e-02 -7.658678e-02 5.311832e-03 -1.860457e-01
-1.198657e-03 -9.336767e-02 -2.171420e-01 1.468904e-01 -1.616252e-01 -6.988012e-02 1.666024e-01 -1.252598e-01
2.724991e-01 -8.461425e-02 -9.389567e-02 -7.554228e-03 1.615540e-02 -1.185449e-01 -7.096711e-02 1.717258e-01
7.654311e-02 -1.381644e-01 -1.049160e-01 -9.848295e-02 -2.364677e-02 2.047083e-01 -1.422614e-01 9.835930e-02
-2.910209e-02 -1.451847e-01 -2.342349e-01 -5.977530e-02 -2.504850e-01 -1.077594e-01 3.125688e-01 -8.999167e-02
-2.691213e-02 -9.653144e-02 -7.197086e-02 1.485805e-01 -1.351943e-01 -1.405335e-01 4.707305e-01 2.467961e-02
-9.084543e-02 -5.234722e-02 5.214915e-03 -2.696245e-02 3.329695e-02 1.609697e-01 -7.762502e-02 -1.306292e-01
2.679381e-01 -1.384843e-01 -1.298762e-01 -4.971736e-02 -7.715091e-02 -1.045458e-01 1.525985e-01 1.847976e-01
3.990449e-01 4.037664e-02 -6.813028e-02 -7.637379e-02 -2.376487e-01 -1.242563e-01 -3.008038e-02 -1.588923e-01
3.773681e-01 -1.038240e-01 2.925957e-03 2.877220e-02 -6.167956e-02 -1.759309e-01 -3.005479e-02 1.164848e-02
-1.054670e-01 4.277237e-01 1.518647e-03 5.651921e-02 -9.510194e-02 -7.024248e-02 -6.949238e-02 7.650271e-02
-1.837772e-02 1.522798e-01 1.796049e-02 -1.448467e-01 -1.002718e-01 -1.481264e-01 5.698668e-03 -2.567552e-01
1.245434e-02 -6.013769e-02 -8.043723e-02 -9.643282e-02 3.301980e-02 -2.091875e-01 -1.146305e-01 -2.809620e-02
2.924607e-01 -2.720359e-01 3.304516e-01 2.682539e-02 -2.863643e-03 -9.826518e-02 1.246039e-01 1.139020e-01
-1.567892e-01 -1.415534e-01 -8.892303e-02 9.193327e-02 3.096242e-01 9.939326e-02 -1.808304e-01 -7.103451e-02
-1.787932e-01 -4.157652e-02 2.796299e-01 1.142242e-01 -9.375093e-02 -7.559682e-02 -1.097527e-01 -8.654768e-02
-8.466125e-02 6.862124e-02 -2.056807e-01 1.190379e-02 3.642435e-01 3.095334e-01 5.303553e-02 -5.928172e-02
5.498402e-01 -5.208902e-02 1.837808e-01 -8.001199e-02 -6.758264e-02 -4.641981e-02 1.094534e-01 -7.112331e-03
-1.251707e-01 -3.566473e-01 5.700639e-02 4.681932e-02 -2.271604e-02 -1.312444e-01 -2.669107e-01 -7.832270e-02
3.391514e-01 -2.823192e-01 4.744656e-02 -1.714440e-01 1.075831e-01 -4.693099e-02 1.069955e-01 2.064691e-01
-2.378397e-01 3.070654e-02 -6.926665e-02 -2.749011e-02 3.223543e-01 -1.239154e-01 -1.582666e-01 1.360484e-02
-1.713065e-01 1.356149e-02 -1.923681e-01 4.391107e-02 3.956292e-01 5.692808e-02 5.003830e-02 3.922809e-02
-2.001307e-01 -2.687911e-02 -7.102945e-02 -2.673895e-01 7.232452e-02 -1.810328e-02 7.772450e-02 1.676039e-01
-7.519095e-02 -5.402203e-02 -1.100667e-01 -1.909136e-01 1.388025e-01 1.829892e-01 1.399128e-01 5.273111e-02
-1.148134e-01 2.330511e-02 3.319579e-01 -3.379129e-02 -1.066649e-01 -3.746750e-02 -2.838341e-01 1.231447e-01
-9.931442e-02 -8.588351e-02 -2.605861e-02 2.799692e-01 1.740696e-01 2.859638e-01 -6.709433e-02 -9.547869e-02
-1.910789e-01 -1.524857e-01 -9.297605e-02 2.146505e-01 1.834859e-01 -6.636768e-02 -2.486881e-01 -1.385956e-01
-1.256233e-01 7.374473e-02 2.886919e-01 -6.233703e-02 -1.643857e-01 4.415452e-02 5.756642e-02 1.634142e-01
-2.763876e-01 -2.426288e-01 1.334108e-01 -9.549803e-02 -1.473883e-01 -1.292400e-01 -4.010621e-02 1.656379e-02
-3.532436e-02 1.079286e-01 7.127291e-02 -1.200555e-01 -1.548572e-01 -3.802809e-03 -1.553827e-01 3.745408e-01
2.356008e-01 -1.245282e-01 -5.654489e-02 4.387137e-01 2.437673e-01 -9.334915e-02 6.449537e-02 -1.372103e-01
-1.491392e-01 1.722582e-01 6.238372e-02 -8.549875e-02 3.404742e-01 -3.600393e-02 2.611985e-02 9.720649e-02
1.327590e-01 -1.102348e-01 -1.852561e-01 -1.456018e-02 -1.887813e-01 -1.877006e-01 -9.666009e-02 -1.838272e-02
-6.735366e-02 -1.926789e-02 4.103704e-01 1.008564e-02 1.256457e-01 -5.619848e-02 6.040013e-03 1.389315e-03
1.917294e-01 -1.348106e-01 -9.414203e-03 3.406235e-01 4.196373e-01 1.355416e-02 2.196910e-02 -1.322458e-01
2.843763e-02 -2.146855e-01 2.464215e-01 1.859479e-01 3.584334e-01 6.539396e-03 8.604112e-02 -8.339560e-02
4.723323e-01 -4.739733e-02 -7.827356e-02 7.168840e-02 -6.584384e-02 1.485476e-01 9.438484e-02 -1.103296e-01
3.078149e-01 -7.891408e-02 -7.174760e-03 3.581371e-01 1.527629e-01 1.912784e-01 3.266748e-02 -2.016389e-01
-1.298454e-01 -1.237216e-01 3.806322e-01 1.499249e-01 -1.493814e-01 -1.156750e-01 7.825137e-02 1.276830e-01
-6.570006e-02 -7.216380e-04 1.184369e-01 1.445807e-02 4.527977e-01 2.472502e-02 -1.330689e-02 -1.083002e-02
3.446243e-01 -1.151568e-01 -1.546555e-01 3.847693e-01 3.501457e-01 4.700759e-02 1.513234e-02 -9.062731e-02
5.882891e-02 -2.960897e-02 -1.072219e-01 1.103318e-01 -1.791189e-01 -1.801008e-01 -1.566882e-01 2.102268e-01
-8.442383e-02 -1.336383e-01 9.039274e-02 -3.298753e-02 -2.591815e-02 -8.586456e-02 8.576609e-02 -1.450410e-01
2.827043e-01 1.220990e-01 -7.350049e-02 2.555889e-01 3.734260e-01 4.327749e-02 -9.431573e-02 2.387666e-02
4.194446e-01 -1.331724e-03 -6.516518e-02 2.524463e-01 9.926300e-02 1.047761e-01 3.677906e-02 -7.093903e-02
