4 6 8 32 64
-1.959054e-01 -1.141516e-01 -1.341976e-02 3.700710e-01 -1.111037e-01 7.896299e-02 -1.458734e-01 -7.892470e-03
-9.183107e-02 1.828518e-01 -2.967781e-01 -3.498178e-02 -5.335445e-02 5.356359e-02 2.809580e-01 -1.258901e-01
-1.201322e-01 1.520704e-01 -1.161594e-01 3.948617e-01 -1.954519e-01 -1.219644e-01 -2.617019e-02 -1.501293e-01
-1.685656e-01 4.956246e-02 -7.043606e-02 -1.335162e-01 7.715807e-02 3.492693e-01 1.887439e-01 -4.933701e-02
-1.112608e-01 3.177634e-01 -5.267167e-02 3.276561e-01 -4.921094e-02 1.403061e-01 -1.413079e-01 -1.209500e-01
-1.594944e-02 -6.780550e-02 -3.544560e-01 9.454872e-02 -8.128417e-02 3.040873e-01 2.367844e-01 -1.863423e-01
-8.221129e-02 2.327952e-01 -1.667820e-01 4.311302e-01 -1.661933e-01 -1.015750e-01 -1.277206e-01 -8.018329e-02
-1.547977e-01 -1.094238e-01 -2.334243e-01 -2.428494e-02 -1.456732e-01 -9.149642e-03 -4.347844e-02 -1.938630e-01
-1.059853e-01 3.550156e-01 -2.098862e-01 4.377584e-01 -1.531213e-01 -1.131279e-01 -1.380415e-01 -1.127962e-01
-1.048458e-01 -1.928609e-01 -2.448960e-02 1.543949e-02 4.671610e-01 1.246832e-02 2.917977e-01 -8.882912e-02
-1.243961e-01 2.027040e-01 -1.921446e-02 -1.180821e-02 -1.131419e-02 4.906535e-01 4.499386e-02 -1.530183e-01
-1.827849e-01 -1.258811e-01 9.737322e-02 -1.969693e-02 -5.422035e-02 -1.062715e-01 -1.925447e-01 -1.451508e-01
-1.223251e-01 3.982507e-01 -3.187974e-01 -4.455451e-02 -1.116321e-01 -2.002516e-03 5.742322e-01 -1.034312e-01
7.561538e-02 3.926109e-02 -1.644024e-01 2.791524e-01 8.167304e-02 3.208145e-02 -2.118863e-01 -1.959860e-01
-1.309287e-01 3.021779e-01 -4.257243e-02 -1.449683e-01 -6.412050e-04 -2.687170e-02 -1.289288e-01 8.640218e-02
-1.358476e-01 1.960000e-01 -3.296085e-01 -5.903925e-02 -2.066133e-01 -2.561834e-02 5.125775e-01 -1.208324e-01
-1.127744e-01 -1.289729e-02 -5.471752e-02 2.574279e-01 6.582313e-02 1.187027e-03 -2.563725e-01 -1.392863e-01
-1.980845e-01 -5.628307e-03 -3.088554e-01 -5.760532e-02 -1.304775e-01 -5.626676e-02 -1.557997e-02 -2.934808e-02
-1.767116e-01 -1.164157e-01 -1.544036e-01 -4.405570e-03 -7.732470e-02 1.003237e-01 1.044816e-01 -1.507377e-01
-2.238095e-01 -3.585465e-02 2.967809e-01 -8.046210e-02 -3.647590e-02 -3.540435e-02 -6.616851e-02 -1.385326e-01
-4.834784e-02 -1.334923e-02 5.812152e-03 -8.316942e-02 2.183776e-01 -6.123893e-02 5.012974e-01 -1.899200e-01
-9.172852e-02 3.566177e-01 -1.835836e-01 3.984036e-01 -1.689386e-01 -1.238093e-01 -7.439998e-02 -2.194915e-01
-2.140240e-01 -3.184581e-02 -2.253062e-01 -4.687931e-02 -5.323806e-02 1.889937e-01 9.391747e-02 -3.456528e-02
2.877745e-01 1.721363e-01 -2.357299e-01 -1.055958e-01 1.160430e-01 2.824724e-01 1.256630e-01 -6.771373e-02
-2.759213e-01 1.502405e-01 1.390511e-01 1.904857e-01 -8.967886e-02 1.184775e-01 -1.378596e-01 -1.408144e-01
1.355241e-01 1.411382e-01 -2.126493e-01 -2.556040e-02 2.269091e-01 2.014624e-01 3.832285e-01 -6.789742e-02
-8.252698e-02 3.054498e-02 -1.648614e-02 2.819843e-01 -1.209488e-01 4.093370e-03 -6.020078e-02 -1.971615e-01
-1.463995e-01 -1.304400e-01 -1.900416e-01 2.759508e-02 -7.766250e-02 4.342631e-03 -1.396748e-01 -7.769920e-02
-1.605619e-01 -5.530258e-02 1.073733e-01 5.307671e-02 -8.237966e-02 1.900343e-01 -4.738609e-02 5.382874e-02
-3.212353e-02 1.900309e-02 -2.419622e-01 3.669852e-01 -1.016942e-01 -2.591772e-02 -1.408099e-01 5.815981e-02
-1.490022e-01 -9.332231e-03 -1.736438e-01 -9.437033e-03 -8.900184e-02 -8.899173e-02 4.873206e-01 -1.495232e-01
-9.896159e-03 1.661132e-01 -2.419420e-01 1.893145e-01 1.152538e-01 -4.788925e-02 -1.730649e-01 -1.087857e-01
-1.264511e-01 -1.371587e-01 -1.393484e-01 3.571842e-02 -4.018022e-02 2.117905e-03 -2.153045e-01 -9.332773e-02
-1.659513e-01 4.510128e-01 1.285907e-02 1.713874e-01 2.665661e-02 -6.807382e-02 -2.318606e-01 -1.167996e-01
2.039712e-01 2.674231e-01 -1.729790e-01 -2.648358e-03 2.824031e-01 2.246025e-01 3.615484e-01 8.804878e-03
-2.399889e-02 2.885119e-01 -1.966179e-01 -5.032782e-03 9.360112e-02 8.086536e-02 4.934651e-01 -1.448374e-01
-1.060432e-01 3.841645e-01 -2.149102e-01 3.967054e-01 -1.857139e-01 -9.545553e-02 -1.218951e-01 -2.021252e-01
-1.527312e-01 3.819290e-02 -1.346740e-01 3.281060e-01 -8.232839e-02 -9.895265e-02 -1.432203e-01 8.231871e-02
2.125144e-02 1.780930e-01 -2.691436e-01 3.736219e-01 -1.283331e-01 -6.710462e-02 -7.765454e-02 -4.530648e-02
1.747566e-01 3.937617e-01 -2.945734e-01 -3.075776e-02 9.134326e-02 2.422452e-01 3.780293e-01 -7.292053e-02
-1.262281e-01 -1.403945e-01 -2.577126e-02 4.056065e-02 3.686094e-02 2.648715e-02 -2.122682e-01 -1.694090e-01
9.358389e-02 5.860319e-01 -1.324989e-01 -1.264383e-01 3.140657e-01 1.432415e-01 1.371049e-01 -1.416035e-02
1.297858e-03 3.754912e-01 -1.666116e-01 -4.419267e-02 -4.874092e-02 1.774314e-01 3.345927e-01 -1.597493e-01
-2.435753e-01 -2.268550e-03 -3.246078e-01 5.441648e-02 -2.071059e-01 3.291995e-01 2.501056e-01 -1.357334e-02
-2.284266e-02 1.360847e-01 -5.785311e-02 2.386665e-01 -6.310260e-03 2.820679e-02 -1.509137e-01 -1.551454e-01
-1.027838e-01 1.641041e-01 -1.552043e-01 4.278497e-01 -7.287988e-02 -4.920093e-02 -2.068909e-01 1.012567e-02
-2.146670e-01 -1.286649e-01 2.400966e-01 8.744678e-02 -9.656813e-02 1.315703e-01 -1.025709e-01 -1.997591e-01
-1.590409e-01 2.523776e-02 -1.300019e-01 4.340578e-02 -6.910129e-02 3.340470e-01 9.083258e-02 -9.515154e-02
5.638708e-02 7.014636e-02 -1.650189e-01 3.401058e-01 3.872019e-02 6.656171e-02 -2.407704e-01 -4.899293e-02
-1.224912e-01 -1.570781e-01 9.113529e-03 -6.479947e-02 2.674778e-02 1.913440e-01 9.335403e-02 -7.722619e-02
-8.792478e-02 -3.830116e-02 -2.644794e-02 2.528585e-01 -8.520320e-02 -1.538974e-01 -8.588842e-02 -8.441456e-02
-1.760058e-01 1.111352e-01 8.098541e-02 2.063774e-01 -1.126358e-01 -1.259962e-01 -9.574641e-03 -1.046777e-01
-9.959328e-02 2.861998e-02 -7.874734e-03 2.998005e-01 4.780806e-03 1.212626e-02 -2.598963e-01 -1.784810e-01
-2.809893e-04 7.942485e-02 -1.698989e-02 -2.852325e-02 3.075300e-01 1.383812e-01 3.390355e-01 7.612288e-02
-1.696596e-01 -1.833844e-01 1.979781e-01 -1.053485e-01 2.244564e-02 2.566948e-01 7.114764e-02 -1.177832e-02
-1.655984e-01 -5.143948e-02 9.804724e-02 1.613450e-01 -6.724724e-02 -7.890104e-02 8.305652e-03 -1.837381e-01
1.493595e-01 -1.498738e-02 -1.218555e-01 -1.129815e-01 2.674297e-01 2.279894e-01 2.020483e-01 -3.495538e-02
-4.666297e-02 1.522476e-02 -2.903458e-02 3.301764e-01 -9.411295e-02 5.659146e-02 -4.650736e-02 -1.831327e-01
-6.342071e-02 2.675230e-02 -1.947820e-01 4.662872e-02 3.301872e-02 -2.920274e-02 -8.295152e-02 -2.372697e-01
-4.301301e-03 7.486917e-02 -1.129872e-01 4.807021e-03 1.563161e-01 4.214364e-03 4.959325e-01 -1.771585e-01
-2.283027e-01 4.314704e-02 6.872255e-02 1.186492e-01 -6.257910e-02 1.215950e-01 -1.731907e-01 7.342852e-02
-1.281160e-01 -6.396382e-02 -6.830806e-02 -1.147117e-01 2.686393e-01 -1.857689e-01 -1.782984e-01 -3.176623e-02
-5.798078e-02 -8.443286e-02 -1.389149e-01 1.484105e-01 1.190335e-01 -1.529801e-02 -2.244709e-01 -7.249779e-02
-2.609680e-01 -1.418632e-01 -1.632029e-01 5.931496e-02 -4.495357e-02 4.923808e-01 5.899391e-02 -2.255845e-02
1.084214e-02 -2.321379e-02 -2.184133e-01 1.436378e-01 -2.477942e-01 -2.622179e-01 4.144255e-01 -1.263975e-01
4.828221e-01 -4.994073e-02 -2.762377e-01 -1.627243e-01 -1.993615e-01 -1.554569e-01 9.426336e-03 -1.131272e-01
-2.498720e-02 -2.583924e-02 -1.392106e-01 2.480745e-02 1.442213e-01 -3.705007e-01 -1.006508e-01 9.101339e-02
-6.180638e-02 -7.494830e-02 -2.011589e-01 -1.755001e-02 1.352243e-05 -9.887832e-02 -9.119330e-02 -6.767237e-02
-6.337209e-02 2.043034e-01 -2.966003e-01 -2.007432e-01 -2.791072e-01 6.398074e-02 3.224927e-01 -2.470773e-01
-9.623165e-02 -8.383819e-02 -2.210795e-01 -8.665866e-02 -1.579544e-01 -1.542374e-01 7.655263e-01 1.861126e-03
2.246580e-01 -1.043509e-01 -1.379818e-01 -4.131735e-02 2.947748e-02 -1.810631e-01 -1.337149e-01 1.777382e-01
2.538512e-02 -4.848364e-02 -3.026921e-01 -1.511970e-01 -5.503418e-03 -1.488990e-01 4.600544e-02 -1.618312e-01
1.532666e-01 3.719932e-02 -1.140775e-01 1.192448e-01 -1.757238e-01 -2.374015e-01 5.320107e-01 6.771024e-02
2.634272e-01 -9.606808e-02 -2.363394e-01 -1.085999e-01 -1.269889e-01 -2.259373e-01 -3.471319e-02 -6.832269e-02
1.831993e-01 6.013612e-02 -1.423320e-01 9.441774e-02 -2.830780e-02 5.421218e-02 -2.954443e-01 2.631085e-01
1.271210e-01 2.446776e-01 -1.574568e-01 3.703717e-01 -1.456704e-01 -1.789724e-01 -2.231914e-01 -1.701553e-02
9.271835e-02 -6.981446e-02 -4.164962e-01 1.238692e-01 -2.884581e-01 -1.454631e-01 7.171143e-02 -2.154582e-01
2.173853e-02 4.405732e-01 -1.410408e-01 1.305417e-02 -8.323899e-02 -2.159239e-01 -5.694407e-02 1.935250e-01
-1.146048e-01 -4.939720e-02 -1.448907e-01 -1.067743e-01 2.424584e-02 6.236617e-02 6.442494e-02 -2.621658e-01
4.809914e-01 -4.140577e-02 -1.853509e-01 -2.992400e-02 -2.042371e-01 -2.698226e-01 -2.112084e-01 4.859481e-01
1.621905e-01 -7.751384e-02 -4.024343e-01 3.444862e-02 -3.157106e-01 -9.974580e-02 2.437547e-01 -8.098701e-02
5.024102e-01 -8.441332e-02 -1.582383e-01 -1.095856e-01 -1.132504e-01 -1.206855e-01 -4.680887e-02 -3.947717e-02
2.253585e-01 -8.110952e-03 -2.537248e-01 2.293145e-02 -6.334893e-02 -2.796295e-02 -2.815757e-01 -2.430352e-02
-1.196643e-01 8.216716e-02 -1.025250e-01 2.850064e-02 1.802190e-01 -9.111529e-02 -2.479920e-01 -1.495784e-01
2.762669e-01 -3.173219e-02 -2.767226e-01 -6.876393e-02 -7.024910e-02 -1.861673e-01 -1.426709e-01 -4.513750e-03
6.517500e-02 -5.497017e-02 -2.779091e-01 -1.503416e-01 -4.107378e-02 8.817761e-03 5.089355e-02 -2.186341e-01
2.276529e-02 7.990711e-03 1.532074e-01 -5.102532e-02 -3.478732e-02 -9.486467e-02 1.587218e-02 -5.105834e-02
4.922906e-01 -1.401911e-01 -1.521231e-01 -8.167822e-02 -2.190239e-01 -2.915967e-01 -2.699510e-02 -5.925773e-03
2.817186e-01 -1.039022e-01 -1.342513e-02 1.444497e-01 3.395172e-02 -2.169377e-01 -6.499626e-02 3.127542e-01
1.535248e-01 1.766023e-01 -1.522452e-01 -2.167096e-01 -8.742554e-02 -3.524376e-02 -1.216112e-01 -2.109459e-01
-2.133968e-01 2.259923e-01 -7.699161e-02 2.585856e-01 1.342267e-01 -3.866472e-01 -4.095785e-02 -4.597745e-03
-1.555310e-01 -8.260966e-02 -3.416671e-01 -6.997370e-02 -1.636863e-01 -1.278246e-01 5.507040e-01 -1.634155e-01
-5.871983e-02 7.107278e-01 -2.797035e-01 -2.042816e-01 -2.363469e-01 6.610964e-03 1.671634e-02 -4.807498e-02
3.545077e-01 1.730972e-04 -3.149305e-01 -9.666236e-02 -2.664563e-01 -2.159246e-01 -1.169441e-01 -2.268350e-01
1.001630e-01 -5.447562e-02 -3.780757e-01 -1.549406e-01 -8.053187e-02 -1.793450e-02 1.678857e-01 -1.626065e-01
2.890667e-02 1.616545e-01 -1.819782e-01 -6.490935e-02 -3.752595e-01 2.879020e-02 1.346879e-01 -1.472769e-02
3.422336e-02 4.325509e-03 -2.256833e-01 -6.569758e-02 -3.552217e-02 -2.021206e-01 -1.017370e-01 -6.830577e-02
1.720626e-01 -7.492308e-02 -2.222525e-01 -1.437857e-01 -6.148410e-02 -2.210096e-01 -5.784609e-02 -1.334867e-02
-1.300424e-01 -1.448838e-01 -2.113536e-01 -1.765400e-01 -2.464305e-01 1.052693e-01 4.874785e-01 -1.317424e-01
-6.991993e-03 -1.267641e-03 -6.858282e-02 -7.837053e-02 -4.888726e-02 2.570096e-01 -1.378661e-01 1.567401e-02
3.445462e-02 -1.451005e-01 -2.286352e-01 -1.333417e-01 7.712285e-02 -2.931829e-01 5.127560e-03 2.218837e-03
3.413997e-02 -3.363210e-03 -2.661277e-01 -5.213141e-02 6.911709e-02 -2.777928e-01 -9.809248e-02 -1.214232e-01
3.537082e-01 1.009321e-01 -1.807816e-01 -1.242752e-01 -2.147781e-01 -1.447991e-01 -2.551308e-01 -3.614848e-01
-2.911158e-03 -7.438374e-02 -2.350716e-01 -5.350433e-02 8.734959e-02 -3.570064e-01 3.336243e-03 -6.388608e-02
8.974677e-02 -6.104453e-03 -3.784232e-01 6.796229e-02 -2.672666e-01 -6.195045e-02 -6.696151e-02 -2.260931e-01
4.667849e-01 -1.463566e-01 -4.660002e-03 6.768732e-02 -5.185832e-02 -2.071746e-01 -1.438707e-01 3.272422e-01
-1.112201e-01 -1.146776e-01 2.285980e-02 -7.669248e-02 1.499697e-01 9.079440e-03 -1.109295e-01 -1.476415e-01
-4.906474e-02 6.911269e-01 -2.038810e-01 1.872952e-01 -1.306094e-01 -1.082570e-01 2.286869e-02 -3.484898e-03
4.267391e-01 -4.017363e-02 -1.788967e-01 -1.240047e-01 -8.909949e-02 -2.215645e-01 -9.970250e-02 2.998526e-01
5.101315e-02 -1.175045e-01 -2.424021e-01 -7.751037e-02 1.257974e-01 -3.517678e-01 -3.636063e-02 1.804518e-02
-6.090127e-02 -6.558131e-02 -3.490079e-01 1.690260e-02 9.236965e-02 -1.575063e-01 -7.388210e-02 -1.170552e-01
5.654191e-02 -8.597490e-02 -3.529353e-01 -4.996470e-02 -3.800043e-01 -2.255559e-01 4.051121e-01 1.199280e-01
1.432651e-01 -8.101624e-02 -3.471492e-01 -1.304320e-01 -5.408331e-02 -1.167332e-01 1.187622e-02 -1.157284e-01
3.671411e-02 3.625938e-02 -2.903183e-01 -1.844456e-01 -1.760255e-01 1.369870e-01 2.828341e-01 -7.491370e-02
-1.891946e-02 -7.044371e-02 -3.252205e-01 -7.063337e-02 1.170627e-01 -3.351957e-01 6.560868e-02 -6.897115e-02
4.573159e-01 -3.860633e-02 -3.610410e-01 -1.562379e-01 -2.260116e-01 -2.637870e-01 -4.873081e-02 2.553970e-01
1.219572e-01 -3.073377e-02 -2.342866e-01 -1.500399e-01 -6.924022e-02 -1.555589e-01 -3.173923e-02 2.137121e-03
3.701619e-01 5.231367e-02 -1.675454e-01 -1.859170e-01 -2.382210e-01 -6.073501e-02 -8.576308e-02 -1.705972e-01
3.416960e-01 -1.120865e-01 -2.782954e-01 -4.757360e-02 -1.641587e-01 -2.314214e-01 -5.255914e-02 -1.567145e-01
1.881670e-02 -6.465100e-02 3.245548e-02 1.789852e-01 1.699131e-01 -2.572424e-01 -2.773538e-02 8.690698e-02
1.770983e-02 4.074233e-02 -2.214220e-01 -1.966867e-01 -1.489691e-01 9.743414e-02 2.343434e-01 -1.639888e-01
-1.172777e-02 2.398258e-03 -1.851096e-01 1.467197e-01 -2.255837e-01 -2.469546e-01 4.066160e-01 -1.218225e-01
-1.373045e-01 3.420102e-01 -1.221432e-01 4.784280e-01 -1.679800e-02 -4.017296e-01 8.911990e-02 1.177710e-01
-4.972013e-02 3.783679e-02 -2.844303e-01 6.886499e-02 1.182485e-01 -2.313043e-01 -1.297136e-01 -1.301303e-01
5.907806e-03 1.751437e-01 -2.936693e-01 4.512323e-01 -3.227090e-02 -2.440650e-01 -1.725512e-01 -2.016234e-02
-2.571227e-01 1.104668e-02 -3.068745e-01 -3.048240e-02 6.607173e-03 -1.527746e-01 4.715803e-01 -1.972352e-01
5.041236e-01 -3.519927e-02 -6.532266e-02 -1.205030e-01 -1.434442e-01 -1.003661e-01 -9.271713e-02 1.878245e-02
-1.214236e-01 -3.264127e-01 -3.636456e-01 -1.151183e-01 -2.984775e-01 5.900837e-02 5.770984e-01 -9.674337e-02
-1.319777e-01 7.854645e-02 -2.132276e-01 -2.528075e-01 2.836089e-01 2.268248e-01 5.560314e-02 4.799888e-03
-1.721846e-01 -1.305443e-01 9.800909e-02 -1.563498e-01 5.995536e-02 -1.357267e-01 -1.331480e-01 -5.231543e-02
5.949259e-01 -2.033267e-01 1.931431e-01 5.804650e-02 1.030795e-01 1.613448e-01 3.522253e-01 1.265696e-01
-1.308041e-01 -1.128149e-01 -7.417319e-02 1.792367e-01 3.545132e-01 3.348750e-01 -9.684639e-02 -1.025435e-01
-2.263021e-01 -7.403521e-02 -1.075762e-01 -9.606816e-02 2.871768e-01 -1.617312e-01 -1.935956e-01 -2.873102e-02
5.399580e-01 -1.672608e-01 1.391674e-01 1.750535e-01 2.377634e-01 -5.112758e-02 8.519886e-02 -3.624322e-02
-1.928350e-01 1.036147e-01 1.486993e-01 2.081193e-02 -3.061494e-02 1.531134e-02 -1.523095e-01 2.374614e-01
-3.244872e-01 -4.690131e-01 1.161716e-01 -1.737280e-01 -1.075666e-02 -4.503715e-02 -1.707883e-01 -4.067164e-02
-2.156709e-01 -5.193924e-02 -1.269044e-01 -2.057026e-02 3.748470e-01 -5.559440e-02 1.876994e-02 7.182436e-02
-9.091280e-02 -1.881957e-01 -1.207178e-01 3.854516e-02 2.282183e-01 3.499246e-01 -1.135975e-01 -1.143257e-01
-1.662570e-01 6.427746e-02 3.727799e-01 -2.347471e-01 -6.536758e-02 -9.528664e-02 -1.906725e-01 9.846219e-02
-2.835263e-01 -1.208960e-01 -1.200785e-01 2.966806e-02 1.979402e-01 -1.354149e-01 -2.489838e-01 -3.532403e-02
-1.626884e-01 -1.045240e-01 -1.028207e-01 2.320159e-01 2.256665e-01 4.661913e-01 -1.786645e-01 -1.669633e-02
-3.653456e-02 -6.406117e-02 -1.654492e-01 1.820947e-01 4.124161e-01 2.889703e-01 -1.092036e-02 -9.713795e-02
-2.915140e-01 -2.572029e-01 2.319636e-01 -2.313252e-01 -1.456029e-01 -5.590119e-02 -3.140552e-02 7.388954e-02
-2.677821e-01 -4.003942e-01 3.734930e-02 -2.491261e-01 -1.429552e-03 -6.982587e-02 -5.516930e-02 -3.456225e-02
-5.105091e-02 2.629802e-01 4.264959e-01 -1.191508e-01 -1.991785e-01 1.205702e-02 -8.617844e-02 -7.555894e-02
-1.527689e-01 -1.133410e-01 -7.765403e-02 2.104738e-01 4.319656e-01 1.571929e-01 -7.518923e-02 -1.263163e-01
-1.036907e-01 -6.388381e-02 -1.571115e-01 -1.661858e-02 5.024239e-01 2.233193e-01 8.144350e-02 1.354002e-01
-3.009539e-01 -9.277680e-02 2.416140e-01 2.031351e-01 -2.132776e-01 -9.091539e-02 -2.373710e-01 1.139335e-01
5.846540e-02 2.395037e-02 4.815945e-01 -1.237428e-01 -5.059051e-02 -8.461173e-02 -3.560263e-01 -9.854214e-02
-2.433456e-01 -3.452640e-01 3.474834e-01 -9.610408e-02 -4.593774e-02 -1.588839e-01 -1.415439e-01 3.428914e-02
-2.386644e-01 -8.368761e-03 -1.645729e-01 -3.039990e-02 1.554072e-01 3.680144e-01 -2.591857e-01 5.809873e-02
-3.736156e-01 1.197885e-02 -2.389714e-01 -1.620842e-01 1.443160e-01 7.961619e-05 -1.684525e-02 2.687544e-01
5.160788e-01 -1.197766e-01 2.830182e-01 1.791130e-01 1.256717e-01 -8.976215e-02 2.723806e-02 -5.683238e-02
-1.318883e-01 -8.409750e-02 -1.276120e-01 1.439435e-01 3.544349e-01 -5.633225e-02 -2.060284e-01 -6.725162e-02
-1.285238e-01 -4.416901e-02 3.321481e-01 -2.252352e-01 -1.201320e-01 -1.399032e-01 -2.446564e-01 -7.328445e-02
-3.486544e-01 -7.672159e-02 -2.685561e-01 -2.365893e-01 3.892452e-03 2.431672e-01 -6.367668e-02 -2.064282e-02
-1.609183e-01 -1.200372e-01 -9.915863e-02 1.899087e-01 3.719289e-01 2.375093e-01 -6.479510e-02 -1.142245e-01
-3.651499e-01 -1.610330e-02 -2.027016e-01 -3.188192e-01 1.021092e-01 1.863895e-01 3.173338e-02 3.826925e-02
-2.196338e-01 -4.241544e-01 -7.051162e-02 1.956999e-01 2.685409e-01 -2.313187e-02 -1.638093e-01 -9.768707e-02
-1.243428e-01 -8.739434e-02 -3.283591e-02 -1.639425e-01 1.045584e-01 -6.555153e-02 -1.663485e-01 -1.122473e-01
-1.755067e-01 -6.314012e-02 1.714919e-01 -1.837786e-02 -7.853190e-02 -1.234003e-01 -1.607706e-01 -6.479991e-02
-2.329570e-01 -3.478433e-01 -2.047631e-01 -1.015172e-01 1.473297e-01 1.508049e-01 -1.112082e-01 -5.492786e-02
-2.671394e-01 -8.714349e-04 -1.933174e-01 -4.465856e-02 2.591495e-01 3.335731e-01 -8.432174e-02 -1.059522e-01
-3.614540e-01 -5.414849e-02 -2.455840e-01 -2.662625e-01 1.692037e-01 2.884611e-02 -2.898530e-02 1.319195e-01
2.518669e-01 -3.508939e-01 4.863018e-02 -2.003174e-01 5.199154e-02 8.459426e-02 1.263918e-01 1.956275e-01
-3.365251e-01 -1.482162e-01 -9.014072e-02 -3.784681e-01 1.002172e-01 1.632571e-03 1.086862e-02 3.918173e-02
-3.851968e-01 -2.015880e-01 7.987422e-02 -1.270998e-01 -7.129963e-02 -3.992308e-02 -8.966336e-02 1.224703e-01
-3.093443e-01 -2.089325e-01 1.160164e-01 -1.207290e-01 -5.516685e-02 -3.604949e-02 4.332976e-02 1.624004e-01
-5.137135e-02 -1.809696e-01 -8.549262e-02 4.056022e-01 3.456435e-01 1.742187e-01 -5.377033e-02 -1.701201e-01
1.623282e-02 -1.160643e-01 -1.368900e-01 5.940891e-01 2.895046e-01 9.924641e-02 -6.773177e-02 8.888276e-02
-2.111884e-01 -4.577187e-01 4.670270e-02 9.815394e-03 1.356688e-01 -1.822477e-01 -2.157120e-02 2.295722e-02
-3.379168e-01 5.109687e-01 3.411899e-01 2.057613e-01 -1.823829e-01 1.987425e-02 -2.634591e-02 -9.262749e-02
-8.513697e-02 1.823272e-02 -4.116248e-01 1.380160e-01 2.714382e-01 4.710172e-01 5.318514e-02 1.076150e-01
-1.729823e-02 -1.720422e-01 -1.054624e-01 -1.224325e-01 2.269426e-01 2.944930e-01 -8.095353e-02 -2.048351e-01
-3.119238e-01 -1.006370e-01 -3.142750e-02 -1.090086e-01 2.398444e-01 -1.311282e-01 5.734314e-02 -6.801744e-02
-3.972411e-01 -1.481407e-01 -6.179140e-02 1.148020e-01 1.889383e-01 -1.344058e-01 -1.573032e-01 5.992671e-02
-2.074163e-01 2.400778e-01 -1.447699e-01 1.313078e-01 1.703530e-01 -1.364944e-01 -1.853358e-01 1.560223e-01
-3.144314e-01 3.072216e-02 1.911574e-01 2.411296e-01 -1.149174e-01 8.599390e-02 -1.429108e-01 3.565704e-01
-2.938862e-01 -1.861290e-02 -1.893457e-01 -4.592732e-01 8.201893e-02 1.063058e-01 -2.688765e-02 1.151271e-03
-3.184768e-01 2.369983e-01 3.951536e-01 -3.769987e-03 -2.934342e-01 -9.664552e-02 -2.535493e-01 -2.413337e-01
-5.953026e-02 1.209320e-02 3.853317e-01 -1.854861e-01 -1.310596e-01 -2.193228e-01 -2.189685e-01 -1.169970e-01
-2.087688e-01 -1.244252e-02 3.377664e-02 -2.621019e-01 1.380686e-01 -1.189355e-02 -2.129679e-01 5.908057e-03
-3.400575e-01 -1.578503e-01 1.151873e-01 -2.372241e-02 -2.511149e-02 -2.137751e-01 -6.129340e-02 5.591537e-02
2.846475e-01 -2.186470e-01 -5.889915e-02 -1.697365e-01 -2.230572e-03 1.508524e-02 3.683515e-01 2.342919e-01
-3.143671e-01 -2.421121e-01 -4.223192e-02 -2.297626e-01 1.921724e-01 -7.229070e-02 5.491314e-02 -2.201780e-02
-4.302632e-01 -1.110374e-01 -5.195164e-04 -8.057386e-02 1.904449e-01 -1.307644e-02 -1.218784e-01 1.352423e-01
-1.595712e-01 -1.149003e-01 -1.121973e-01 2.508427e-01 4.851044e-01 1.110937e-02 -1.042423e-01 -1.935428e-02
-3.337841e-01 -1.892077e-01 -2.717158e-01 -4.957623e-02 1.059793e-01 3.237732e-01 -1.670630e-01 4.807190e-02
-3.022109e-01 -1.289610e-01 -5.049236e-02 -6.445256e-02 7.407513e-02 6.154287e-02 -3.265801e-01 4.955509e-02
-1.312421e-01 3.196266e-02 2.909419e-01 3.202143e-01 -2.051099e-02 -2.331391e-04 -2.998368e-01 -1.507957e-01
-2.006448e-01 -1.303781e-01 -1.803496e-03 -2.049767e-01 1.547755e-01 -2.563254e-01 -1.847689e-01 -2.284508e-03
-2.776959e-01 -6.283147e-02 -2.651348e-01 -2.283671e-01 8.741819e-02 2.017439e-01 -1.722317e-01 7.701290e-03
-4.962426e-02 -3.048307e-01 3.224334e-01 -9.613726e-04 -1.215510e-01 -1.009955e-01 -3.767691e-02 -1.442287e-01
3.496162e-01 -1.071225e-01 9.402053e-02 5.108929e-01 2.618261e-01 2.042416e-01 9.513071e-03 -1.252577e-01
2.323234e-02 -2.076003e-01 2.109440e-01 7.670580e-02 2.856812e-01 -7.923809e-02 -9.071517e-02 -8.522658e-02
6.010655e-01 -1.393839e-01 6.598745e-02 1.518656e-01 -7.300921e-02 -7.239877e-03 8.525959e-02 -2.184102e-02
-6.649271e-02 -8.798508e-02 2.994652e-01 1.063864e-01 1.470764e-01 -3.899848e-02 -1.023061e-01 -6.759702e-02
4.735556e-01 -2.145947e-01 9.462127e-02 4.232513e-01 3.400864e-01 -4.022401e-02 -1.122207e-01 -1.762843e-01
2.672460e-01 -1.889409e-01 1.387370e-01 4.058067e-01 5.288149e-01 2.907802e-01 -2.044659e-01 -3.073404e-01
-7.077238e-02 8.253621e-02 7.143524e-02 -2.191883e-01 1.842815e-02 -1.632661e-01 -2.636017e-01 6.102568e-01
4.968564e-01 -2.190535e-01 1.293830e-02 2.811861e-01 -1.522137e-02 -2.069432e-02 3.343089e-02 -5.987211e-02
3.304043e-01 -2.925484e-01 -7.991863e-02 6.988592e-02 -4.129744e-02 -1.216148e-02 -4.622491e-02 -3.356691e-02
5.564152e-02 -2.079724e-01 3.382740e-01 1.592869e-01 4.795796e-01 3.162872e-03 -1.933329e-01 -1.629864e-01
5.102836e-02 -1.522069e-01 3.137662e-01 1.928968e-01 3.880982e-01 -2.364871e-02 4.280776e-02 -4.101380e-02
6.236838e-01 -1.278746e-01 1.165737e-01 1.682499e-01 -2.439270e-01 1.782743e-01 1.455030e-01 -2.080792e-01
3.702452e-01 -2.886068e-01 -6.345372e-03 3.668894e-01 1.445954e-02 6.596611e-02 5.492431e-02 -2.572706e-01
1.635643e-01 -6.906959e-02 -6.867795e-02 2.137801e-01 1.047534e-01 6.993891e-03 -2.213690e-01 7.448274e-02
-8.365729e-02 -3.372716e-01 2.429951e-01 -1.386751e-01 3.719101e-01 -3.631758e-01 -4.452910e-02 -1.496791e-01
1.429853e-01 -1.442559e-02 2.020130e-01 3.540870e-01 3.346674e-01 2.322041e-01 -1.432028e-01 -1.266444e-01
1.186817e-01 -2.188117e-01 2.440767e-01 3.648630e-01 -7.606675e-02 1.229092e-01 -9.069046e-02 7.400913e-02
1.558175e-01 1.517850e-01 -2.215378e-02 3.439850e-01 2.162994e-01 2.694054e-01 -2.053747e-01 7.809460e-02
-1.884449e-01 1.292434e-01 2.142053e-01 -1.434415e-01 2.609521e-01 -1.031957e-02 -1.922610e-01 1.972374e-01
6.739093e-01 -2.536436e-01 -3.801733e-02 1.392822e-01 -1.446901e-01 -1.476041e-02 5.753033e-02 -1.684906e-01
2.442932e-02 -1.516843e-01 4.750244e-01 7.110345e-02 2.707779e-01 -9.374978e-02 -1.114348e-01 -7.836950e-02
1.343744e-01 -2.469409e-01 1.978678e-02 3.513811e-01 3.550368e-01 2.833087e-01 -1.324271e-01 -4.153104e-01
4.118632e-01 -2.014621e-01 -8.989836e-03 1.245219e-01 1.126700e-01 -1.250802e-01 8.585492e-02 -3.786661e-02
-7.406818e-02 -1.451364e-01 8.387379e-02 -5.197012e-02 -8.645308e-02 -1.498055e-01 -1.071078e-01 4.182973e-01
3.846335e-01 -1.913273e-01 -1.289244e-01 3.558584e-01 1.462597e-01 1.647807e-01 5.255376e-02 -1.818927e-01
-2.145959e-01 1.441787e-01 1.303547e-01 -2.432221e-01 3.906660e-01 -7.923542e-02 -4.184368e-02 2.892962e-01
-1.533869e-01 2.431862e-01 7.688238e-02 -7.061382e-02 6.259371e-02 1.607089e-02 -2.723602e-01 3.485376e-01
6.116697e-01 -2.508424e-01 -7.083776e-02 1.718608e-01 6.545919e-02 1.857674e-01 1.318612e-01 -2.305990e-01
7.638467e-02 -1.760572e-01 2.365185e-01 2.626226e-01 6.176136e-01 -3.877839e-02 -5.740111e-02 -1.189193e-01
1.871508e-01 -4.312148e-02 8.054724e-02 2.183751e-01 1.530436e-01 -3.119832e-02 -5.363444e-02 5.963530e-02
4.804724e-01 -2.143757e-01 -4.117642e-02 3.527432e-01 1.113379e-01 -2.753234e-03 9.035355e-04 -8.159336e-02
2.242742e-01 -6.546365e-02 -5.898917e-02 -8.951931e-02 -3.836434e-02 -1.335980e-01 1.862135e-01 -1.477992e-02
3.857154e-01 -2.036361e-01 -1.087869e-01 -5.920466e-02 -1.692226e-01 -1.335478e-01 2.157454e-01 -1.050755e-01
4.489309e-01 -5.859507e-03 1.224598e-04 3.544984e-01 2.800804e-01 -6.968514e-02 -9.057079e-02 -5.849868e-02
1.950972e-01 -2.513018e-02 6.526510e-02 1.453755e-01 1.913650e-01 -5.441385e-02 -2.869647e-02 3.725205e-02
5.264884e-02 -3.564337e-01 -5.982636e-02 -9.051604e-02 -1.611210e-01 -1.365236e-01 -1.685190e-01 1.280018e-02
-2.300450e-01 -3.155771e-02 1.831816e-01 -1.091288e-01 -1.272582e-01 -2.331663e-01 -1.517279e-01 3.610861e-01
5.126381e-01 -1.726886e-01 -3.333985e-02 4.357712e-01 3.891645e-01 1.187598e-01 -1.348985e-01 -2.312100e-01
-2.207338e-02 -2.133702e-01 3.575722e-02 -9.043536e-03 -2.150285e-01 -3.856178e-02 -1.759756e-02 -1.863212e-01
3.732290e-01 8.769756e-03 1.364242e-01 2.801600e-02 -7.489376e-02 2.857389e-01 4.891231e-02 -8.787068e-02
3.996256e-01 -1.979395e-01 -3.152843e-02 4.440957e-01 1.851407e-01 1.128134e-02 7.696754e-02 -1.779235e-01
5.171202e-03 -2.061845e-01 3.535366e-01 1.699878e-01 4.411954e-01 -1.027902e-01 -1.798642e-02 -9.470963e-02
2.813992e-03 -1.597464e-01 4.320495e-01 4.362633e-02 6.623080e-02 -1.561904e-01 -1.633905e-01 -1.922492e-01
2.304448e-01 -1.437117e-01 9.711815e-02 3.168093e-01 2.703212e-01 -1.425605e-01 3.504707e-02 -7.448568e-02
-2.703723e-03 -1.151563e-01 3.392442e-01 1.144612e-01 2.716962e-01 -5.273627e-02 -9.947494e-02 -3.155584e-02
4.242325e-02 -1.874410e-01 3.149137e-01 1.315595e-01 3.820407e-02 4.759087e-02 -8.899181e-02 1.828171e-02
3.341559e-01 -1.204035e-01 6.862339e-02 2.553573e-01 1.602511e-01 2.630894e-01 5.879917e-02 -2.722940e-01
1.762462e-01 -2.244530e-01 4.977536e-02 2.524915e-01 4.759235e-01 -1.578969e-01 -6.885234e-02 -2.432555e-02
2.070121e-01 1.590209e-01 -2.586800e-01 -1.332872e-03 -2.993507e-01 4.082243e-02 -1.913696e-01 2.426285e-01
3.606121e-01 4.130217e-03 2.411940e-02 4.279813e-01 2.869257e-01 3.478620e-01 -1.432699e-01 -1.736338e-01
7.099850e-01 -8.652127e-02 -2.183377e-02 5.663915e-02 -8.578911e-02 -3.687514e-02 8.613851e-02 -1.422210e-01
-3.127162e-02 -2.836875e-01 4.512062e-01 7.893704e-02 3.005822e-01 -1.228470e-01 -3.536339e-02 -1.212424e-01
4.933912e-01 -1.767489e-01 -6.964231e-02 3.891868e-01 2.888361e-01 2.631940e-01 -8.226436e-02 -2.504214e-01
2.783779e-01 -2.360593e-01 -1.357535e-01 3.717361e-02 -9.740355e-02 -1.154635e-01 2.855908e-02 -3.681257e-02
-5.393438e-02 -1.539102e-01 1.626199e-01 -2.016190e-01 -2.852112e-01 -1.800968e-01 2.289602e-01 -8.079555e-02
2.191247e-01 -1.810258e-01 2.933858e-01 4.246985e-01 3.229156e-01 1.503867e-01 -4.854465e-02 -2.005985e-01
3.091882e-01 -2.839122e-01 5.921450e-02 4.350354e-01 1.460233e-01 1.364994e-01 3.179905e-02 -6.649044e-02
1.549749e-01 -2.460865e-02 4.390818e-01 2.984247e-01 3.866313e-01 1.477248e-01 -1.281533e-01 -1.035435e-01
3.671942e-01 -2.114261e-01 5.546559e-02 4.079610e-01 5.132160e-01 2.167144e-01 -1.151162e-01 -3.086241e-01
-2.386615e-01 -1.694469e-01 2.163271e-01 -9.521233e-02 -1.503690e-01 -2.281532e-01 -9.554517e-02 1.203897e-01
2.421435e-02 -4.146510e-03 1.271464e-01 5.229165e-02 4.175262e-01 -1.966762e-02 -1.065696e-01 1.432884e-01
3.906237e-01 -2.004306e-01 5.298670e-02 3.977773e-01 1.386994e-01 -1.289418e-01 7.331430e-02 -8.573883e-02
-1.873403e-02 -2.060642e-01 9.375732e-02 3.869779e-02 3.982750e-01 -1.412072e-01 -1.461998e-01 4.405192e-02
-5.362038e-02 8.764641e-02 -6.269572e-02 2.994635e-01 -5.264762e-03 -4.707444e-02 -1.809257e-01 -1.631655e-01
-1.199547e-01 -2.457857e-01 2.855764e-01 -1.986432e-01 1.551484e-01 2.097794e-01 2.385232e-01 -1.559626e-02
-1.401338e-01 -9.646021e-03 -7.228431e-02 3.059542e-01 -3.999107e-02 -4.974658e-02 -1.657130e-01 -8.520598e-02
-5.640792e-02 -1.477542e-01 1.803934e-01 2.177674e-01 -1.180632e-01 -4.895792e-02 -8.549324e-02 -8.676694e-02
-1.579086e-01 -1.204949e-01 -1.001072e-01 -1.166483e-02 -1.903596e-01 2.690681e-01 2.334111e-01 -9.379643e-02
6.460738e-02 3.568336e-01 -2.388904e-01 -3.011094e-02 2.903916e-02 8.831010e-02 3.640577e-01 -5.536723e-02
2.601243e-02 -4.748917e-02 -9.898186e-02 1.189837e-02 2.887442e-01 -5.876711e-02 4.698047e-01 -6.342366e-02
-1.509985e-01 8.370396e-02 5.236761e-02 2.245222e-01 -9.656801e-02 -7.412823e-02 -1.259165e-01 -1.002619e-01
-1.082472e-01 -5.814562e-02 3.987357e-03 5.499195e-02 4.222895e-02 -6.686279e-02 -1.915774e-01 -3.945540e-02
5.348208e-02 -8.210270e-02 -7.743721e-02 2.051612e-01 6.420286e-02 -2.822910e-02 -2.451393e-01 8.255196e-04
-9.473826e-02 -6.848983e-02 -6.567075e-02 -6.156085e-02 -2.148893e-01 2.430906e-01 3.508072e-01 -8.614986e-02
-1.365451e-01 -5.018619e-02 5.154089e-02 -1.963699e-01 1.566458e-02 -1.816179e-01 7.887153e-02 -8.015091e-03
-7.412629e-02 1.712277e-02 -1.788884e-02 2.969134e-01 -1.013321e-01 -7.290417e-02 -1.368724e-01 -1.492357e-01
-1.042827e-01 3.846630e-02 -1.084014e-01 4.202801e-01 -4.753672e-02 -6.525807e-02 -1.109007e-01 -1.053984e-01
1.827917e-01 1.484373e-01 -1.365299e-01 6.382089e-02 1.021368e-01 1.966029e-01 3.657054e-01 -1.702462e-01
-9.700050e-02 2.840282e-01 -1.968966e-01 4.602137e-01 -1.478887e-02 -3.877932e-02 -1.327372e-01 -1.667918e-01
-1.125925e-01 2.905947e-01 -5.180807e-02 7.338988e-02 -1.354398e-01 3.850523e-01 1.540466e-01 8.870759e-03
-1.525504e-01 1.975612e-02 -1.361924e-01 1.142056e-01 -1.750351e-01 4.076765e-01 2.230494e-01 -1.470917e-01
-5.733968e-02 -2.427980e-01 1.494092e-01 -2.080454e-02 -1.555777e-01 2.424480e-01 1.778705e-01 -3.546743e-02
-5.654347e-02 -1.481174e-01 -1.999893e-02 -3.133471e-02 2.115585e-01 -4.556901e-02 5.063630e-01 -5.355161e-02
-1.472716e-01 -1.050707e-01 -1.173379e-02 -1.039293e-01 -4.065211e-02 -1.064518e-01 -7.865241e-02 -2.390962e-02
-1.274546e-01 -1.225907e-01 -1.021733e-01 8.248653e-02 -1.214806e-01 -6.955002e-02 -1.588420e-01 -9.611891e-02
-5.135777e-03 -1.250502e-02 4.345295e-02 6.236403e-02 -1.410045e-01 -3.398178e-02 -1.884454e-01 -1.606040e-01
1.054558e-01 9.722319e-02 -1.561909e-01 4.744429e-03 1.035647e-01 2.700099e-01 3.318071e-01 1.077206e-02
-7.632551e-02 4.132206e-02 1.499005e-01 2.863702e-01 -5.978340e-02 1.094626e-01 -1.654907e-01 -2.385118e-01
1.410729e-01 1.961816e-02 -5.796121e-03 -3.362255e-02 3.474326e-01 5.027287e-02 3.272490e-01 5.797975e-02
1.003286e-01 3.405892e-01 -2.026117e-01 2.449647e-02 1.130841e-01 5.158911e-02 3.205673e-01 -1.766973e-01
-1.060909e-01 -8.903057e-02 1.788411e-01 -7.555217e-02 -8.040226e-02 2.061548e-01 3.467072e-01 -1.299683e-01
-1.827835e-01 3.192830e-02 -1.707448e-01 2.450117e-02 -2.292404e-01 3.112078e-01 2.578044e-01 5.233024e-02
-8.940600e-03 1.252843e-01 -1.616204e-01 1.592425e-01 -3.852077e-02 -1.936131e-02 -2.282091e-01 -9.315167e-02
-1.596828e-01 -3.941954e-02 1.602443e-01 8.258284e-02 -7.119615e-02 -9.392279e-02 -1.257326e-01 -6.948264e-02
5.118583e-02 2.614287e-01 -1.927064e-01 -2.137921e-01 3.179714e-01 2.908368e-01 1.811443e-01 -6.813393e-02
-1.976622e-01 -1.238113e-01 3.053195e-01 -3.245525e-02 -1.086603e-01 2.903149e-01 9.835225e-02 -7.114439e-02
-8.374690e-02 -1.338936e-01 -4.254491e-02 -1.962674e-02 -2.186448e-01 1.798851e-01 2.830309e-01 -5.915407e-02
2.204500e-01 1.058284e-01 -1.898532e-01 7.120775e-02 2.258963e-01 1.955590e-01 2.003282e-01 -1.408285e-01
-9.843040e-02 -7.730717e-02 -8.341802e-02 -3.052918e-02 1.005669e-01 5.623232e-02 -6.837326e-02 -1.115358e-01
-1.178453e-01 -5.461849e-02 -1.239954e-01 3.461894e-01 -2.413164e-02 7.398725e-02 -1.854188e-01 -2.384378e-01
-7.122522e-02 1.808336e-01 -1.672359e-01 3.862213e-01 -1.742974e-02 -2.505837e-02 -2.231894e-01 -1.084150e-01
7.220482e-03 1.406235e-01 -1.703450e-01 7.596935e-02 3.275078e-02 -3.002187e-03 3.999975e-01 -1.178555e-01
-1.027790e-01 9.578732e-02 3.522183e-02 3.031476e-01 -1.638481e-02 -2.198562e-02 -1.613527e-01 -1.696785e-01
-1.443243e-01 -7.117262e-02 1.845915e-01 -3.929761e-02 -5.647444e-03 -4.823199e-03 -1.684440e-01 1.795530e-02
1.899626e-01 2.467093e-01 -6.064052e-02 -5.659733e-02 2.643332e-01 1.349681e-01 2.353364e-01 -1.741508e-01
-1.625503e-01 2.577863e-01 -1.253256e-01 3.961332e-01 1.174206e-02 4.370250e-02 -2.489074e-01 -1.841850e-01
-7.105310e-02 -4.893986e-03 8.676612e-02 2.923977e-01 -1.004722e-01 -3.855362e-02 -1.210739e-01 -1.099112e-01
-9.143905e-02 -1.554803e-01 1.529237e-01 -8.268317e-02 2.370205e-01 -7.382236e-02 4.856914e-01 2.327172e-02
-1.691460e-01 5.359816e-01 -3.272636e-02 3.362576e-01 -2.928880e-02 1.134249e-02 -1.118037e-01 3.309117e-02
-4.338320e-02 -1.776353e-01 -4.981028e-02 -2.012649e-02 -4.365722e-02 4.429745e-01 1.655524e-01 -9.064157e-02
-8.878366e-02 8.599010e-03 -1.504095e-01 3.006972e-01 -1.290525e-01 -8.553632e-02 -1.527915e-01 4.185108e-02
6.549687e-03 -2.463190e-02 -1.293707e-01 2.253294e-01 -2.231380e-02 3.504668e-02 -2.679614e-01 -1.257285e-01
5.796584e-02 1.375631e-01 -1.476589e-01 5.856026e-02 3.187132e-01 -2.767416e-02 4.703141e-01 -6.861721e-02
-8.835478e-02 -1.292108e-01 4.548392e-02 2.260692e-01 -1.489574e-01 -6.235728e-02 -1.424791e-01 -1.552126e-01
8.080828e-02 -9.183496e-03 -3.772215e-02 -2.333547e-01 3.809759e-01 1.602462e-01 6.649315e-02 -1.996303e-02
-9.844130e-02 5.497430e-02 7.979985e-02 2.791084e-01 -6.103703e-02 8.667110e-02 -3.357835e-01 -2.290891e-01
-1.341084e-01 3.727136e-01 -1.780000e-01 3.838485e-01 -1.006526e-01 -1.714340e-02 -1.265794e-01 1.374353e-02
-2.150320e-01 -8.653764e-02 2.845083e-02 1.033665e-01 1.972065e-02 -1.322756e-01 -1.679291e-01 -5.840348e-02
-1.422777e-01 -3.206945e-02 -1.173932e-01 1.008164e-01 -6.773476e-02 -8.486412e-02 -1.928413e-01 -1.022621e-01
-1.230654e-02 -6.533608e-04 -8.490756e-02 -3.270878e-02 -2.387437e-02 2.244373e-02 4.137181e-01 -3.106138e-02
-7.871175e-02 -8.810002e-02 1.761908e-02 -1.008756e-01 -1.531090e-01 3.265036e-01 2.431034e-01 2.295244e-02
6.177833e-02 5.220300e-01 3.158281e-02 -2.086393e-02 6.153225e-02 2.079351e-01 1.250775e-01 -1.610249e-01
-1.218984e-01 8.926814e-02 -1.012598e-01 -1.361031e-01 1.918483e-02 -1.524345e-01 -7.088619e-02 6.180908e-02
-2.184827e-01 -1.606261e-01 1.662982e-01 -1.003135e-02 -8.055603e-02 -8.979691e-02 -1.887902e-01 -5.884185e-02
-8.758563e-02 1.449516e-01 -5.441830e-02 3.940366e-01 -2.358232e-02 -4.966812e-02 -1.425540e-01 -2.034344e-01
-9.192207e-02 -1.326298e-01 3.258119e-01 7.703020e-02 -3.235818e-02 -1.987229e-02 -1.010537e-01 -4.462064e-02
-1.539608e-01 3.917459e-01 -7.676283e-02 5.246646e-02 -5.753012e-02 -7.743625e-02 -1.329454e-01 6.389457e-03
-4.151319e-02 -1.107735e-01 -3.441224e-01 -1.227983e-01 -2.915005e-01 -8.100515e-02 2.805826e-01 -7.909834e-02
1.519352e-01 5.114814e-02 1.590664e-01 -1.554530e-02 -1.366962e-01 4.178687e-02 -6.361899e-02 -2.544788e-02
-6.817245e-02 -1.636806e-01 -1.920297e-01 1.636493e-03 1.139468e-01 -2.054570e-01 3.916746e-02 -4.657745e-02
1.934726e-01 -1.068778e-01 -1.086811e-01 -6.498070e-02 7.697779e-02 -1.339827e-01 -1.061478e-01 1.809466e-01
-1.160867e-01 -1.061247e-01 -7.417659e-02 -7.530517e-02 1.272552e-01 -1.191902e-01 3.050395e-02 -1.636726e-01
-4.158344e-02 -1.177723e-01 -2.221005e-01 2.085656e-01 -2.007128e-01 -1.162921e-01 2.847589e-01 -2.084075e-01
-4.988289e-02 -1.486184e-01 -1.709626e-01 -1.003340e-01 -2.103947e-01 -1.902114e-01 5.533458e-01 -3.325738e-02
-1.411301e-01 1.131528e-01 2.014053e-01 3.698228e-02 -1.150267e-01 1.928234e-01 -7.416108e-02 -1.497765e-01
4.171481e-01 -1.097984e-01 -9.005322e-02 -9.903880e-02 -1.932616e-01 -1.139035e-01 -2.179324e-02 -6.582486e-02
-4.643944e-02 5.390651e-01 -2.479990e-02 4.675522e-03 -8.654886e-02 -1.347556e-01 -7.345569e-02 6.624252e-02
5.448040e-02 -2.144678e-01 -2.053398e-02 -8.251856e-02 -1.225720e-01 3.132328e-01 4.123285e-03 1.161352e-01
3.278602e-02 -2.074447e-01 -7.707117e-02 1.820171e-01 -1.437616e-01 -1.402993e-01 5.696893e-01 4.256541e-02
-1.500527e-01 1.815699e-01 -2.497564e-03 5.144908e-01 -3.369058e-02 -1.505170e-01 -1.016370e-01 -8.668923e-02
4.007219e-01 -1.049969e-01 -1.043202e-01 -9.242653e-02 -1.308856e-01 -1.005954e-01 1.267983e-01 1.745158e-01
-1.666227e-02 -4.502966e-02 -3.273909e-01 8.670399e-02 -2.114024e-01 -1.566415e-01 1.222562e-01 -1.199155e-01
2.362389e-01 -1.281159e-01 3.256919e-02 -7.354473e-03 1.357782e-01 -9.804471e-02 -2.577255e-01 2.811708e-01
5.666170e-02 -1.310771e-01 9.144491e-02 2.301114e-02 2.065200e-01 1.781192e-01 -2.176369e-01 2.691991e-01
4.172758e-01 -1.235555e-01 -4.696588e-02 4.369741e-02 -2.096841e-01 -2.613620e-01 -6.326775e-02 -3.136709e-02
1.688078e-02 8.550353e-02 -1.846386e-01 -1.850886e-01 -5.267503e-02 -5.047100e-02 9.490195e-02 -5.891756e-02
-1.106238e-01 -1.655334e-01 -1.136395e-01 -4.882754e-02 2.485814e-01 -8.176975e-02 -1.183859e-01 -5.327154e-02
-8.199628e-02 -7.047846e-02 -1.381571e-01 -1.431977e-01 1.538838e-01 -1.405610e-01 -1.223580e-01 -1.490259e-01
-1.451399e-01 -1.577716e-01 -2.315597e-01 -2.529722e-01 -4.536632e-02 -1.139196e-01 4.026818e-01 -2.259835e-01
3.648258e-01 2.029668e-02 -6.222851e-02 -1.407878e-01 -2.712144e-01 -6.782652e-02 -1.475971e-01 -2.350647e-01
3.267710e-01 -1.317517e-01 -7.418807e-02 3.375498e-03 -2.071011e-02 -2.213103e-01 -1.292654e-01 2.979230e-01
8.906427e-02 -2.147328e-01 -2.322730e-03 2.423646e-01 -8.771155e-04 -1.011094e-01 4.751309e-01 1.295227e-01
-1.003014e-02 -2.804861e-02 -2.338346e-01 -1.894626e-02 -3.642034e-01 -1.027747e-01 2.210697e-01 -2.111712e-01
1.128028e-01 -1.123126e-01 -3.114285e-01 1.502829e-01 -2.678212e-01 -1.201530e-01 2.872895e-01 -2.473755e-02
-2.337576e-01 -6.890746e-02 1.333399e-01 -1.293050e-01 1.803114e-01 1.495958e-01 2.040855e-02 -2.598758e-01
-1.871362e-01 1.773676e-01 -1.241201e-01 -2.042628e-01 -1.325175e-01 7.915405e-02 2.159054e-01 -1.545505e-01
4.871675e-01 -8.187166e-02 -4.267987e-02 -4.051264e-02 -1.134075e-01 -9.089252e-02 -4.558221e-02 5.602613e-02
1.915076e-01 -9.299151e-02 -1.281810e-01 -9.893486e-02 -6.868282e-02 -1.474641e-01 -7.866355e-02 5.114459e-02
-7.548289e-02 1.843772e-01 -1.855618e-01 -7.273874e-02 -3.768707e-02 -1.112780e-03 2.286930e-01 -5.530106e-02
3.491544e-02 -1.414032e-01 -1.641340e-01 -1.254157e-01 -8.564021e-02 8.878525e-02 -7.613387e-02 -7.710274e-03
-1.870252e-02 4.620507e-01 -1.676013e-02 4.438197e-01 3.523298e-03 -1.307407e-01 -1.185967e-01 7.997890e-02
4.092514e-01 -1.009049e-01 4.466783e-02 1.248939e-02 -3.730686e-02 -7.743035e-02 -2.243646e-01 1.666602e-01
-2.697897e-01 1.989439e-01 -1.923829e-01 1.089024e-01 -2.354342e-01 3.181959e-03 3.446149e-01 1.371161e-01
-1.760938e-01 -9.670363e-02 -4.418213e-02 -7.563708e-02 1.218662e-01 5.307749e-02 -4.718588e-02 -7.653923e-02
-1.471452e-01 2.753735e-01 4.091108e-02 3.743125e-01 -4.553218e-02 -1.403433e-01 2.396468e-02 2.877542e-01
3.586641e-02 -8.769687e-02 -1.186904e-01 -9.596713e-02 5.181453e-02 -1.090866e-01 -6.725454e-02 -4.671638e-02
5.118889e-02 -1.564705e-01 -2.191305e-02 -8.200685e-02 1.327138e-01 -1.304950e-01 -2.117160e-01 1.405172e-01
-1.528463e-01 1.597741e-01 -8.432347e-02 -5.799695e-02 -6.706253e-03 -3.617002e-02 6.555960e-02 -2.639104e-01
3.747762e-01 4.443126e-03 -1.770117e-01 -3.945230e-02 -1.791567e-01 -1.619591e-01 -1.149000e-01 -2.290479e-01
-6.255996e-02 -9.607824e-02 -1.286738e-01 -9.482852e-02 8.357736e-02 -1.165497e-01 2.353252e-02 -2.977599e-02
3.752759e-01 -1.117483e-01 -5.746470e-02 -8.210988e-02 -7.747371e-02 -1.034801e-01 3.001441e-03 2.323508e-01
-2.835494e-01 3.577043e-01 1.673261e-01 1.542100e-01 9.658737e-02 -2.141766e-02 -1.132172e-01 1.478129e-01
2.322265e-01 -4.643641e-02 -1.935060e-01 -1.844965e-01 -1.496054e-01 -5.660417e-02 -3.930791e-02 2.019262e-02
3.534602e-02 7.797614e-02 -5.581601e-02 -1.994452e-01 4.214172e-02 1.432995e-01 -1.460088e-01 -2.485548e-01
-7.666006e-02 -1.053879e-01 -2.035232e-01 -2.034879e-01 -1.364181e-01 -1.140403e-01 4.674511e-01 -1.507024e-01
2.733915e-01 -1.778747e-01 -5.623373e-02 -1.355243e-01 -1.210895e-01 7.108253e-02 -1.477647e-01 2.140659e-01
3.050849e-01 -6.918775e-02 -2.410737e-01 -4.612998e-02 -1.609128e-01 2.670139e-02 -1.428994e-01 -1.837811e-01
3.220103e-01 -7.315022e-02 -1.541114e-01 -1.259194e-01 -1.123019e-01 -1.935466e-01 4.441585e-02 1.705518e-01
-1.507213e-01 -1.555916e-01 -1.195073e-01 -1.054926e-01 1.549972e-01 2.230484e-01 -2.294321e-03 -9.581094e-02
3.250613e-01 -9.285183e-02 -1.595388e-01 -5.553032e-02 -1.634501e-01 -1.224036e-01 -9.651593e-02 -1.913548e-01
1.700462e-01 -7.499522e-02 -2.238105e-01 -7.536776e-02 -1.984218e-01 -1.649256e-02 1.620060e-02 -1.884023e-01
-7.838807e-02 -1.576498e-01 -8.831383e-02 -3.608983e-03 3.109718e-03 2.766641e-01 -7.238892e-02 -7.381418e-02
4.299589e-01 -5.310453e-02 -1.129061e-01 -6.130890e-02 -1.287159e-01 -1.159380e-01 -7.204708e-02 -3.756567e-02
-8.861609e-02 -1.866180e-01 1.177364e-01 -8.330007e-02 1.356135e-02 2.971948e-01 -2.144219e-01 -1.126915e-01
-4.236211e-02 -1.932858e-01 -1.241837e-01 -7.742143e-03 -2.005983e-01 -1.897254e-01 5.244134e-01 5.484454e-02
3.293390e-01 -1.530362e-01 -1.132362e-01 -2.126800e-02 -1.506130e-01 -1.987062e-01 2.079562e-02 2.570822e-01
-7.119414e-02 -5.016461e-02 -1.275812e-01 -8.329317e-02 -5.107652e-02 3.375767e-02 4.545010e-02 -1.479897e-01
4.014914e-01 -3.926519e-02 -1.004631e-01 -2.055814e-01 -2.486814e-01 -1.508315e-01 -3.051719e-02 -1.881215e-01
2.382908e-01 -1.030188e-01 -2.947122e-01 8.645958e-02 -1.743653e-01 -5.121218e-02 7.979134e-02 -1.284645e-01
2.291011e-02 -9.156541e-02 -1.782081e-01 -1.370809e-01 5.654186e-03 -6.810787e-02 -7.140377e-02 -8.237249e-02
1.679290e-01 1.100055e-01 -5.960315e-02 -1.790941e-01 -5.037941e-02 1.159109e-01 -1.498003e-01 -8.085527e-02
-2.929575e-01 -2.423460e-01 2.421274e-01 -6.247906e-02 3.994201e-02 2.315708e-02 -2.311858e-01 2.692572e-01
-1.051395e-01 -4.967272e-02 -1.439980e-01 -4.931831e-02 1.738919e-01 3.215198e-01 7.248504e-02 -1.136833e-01
4.352008e-01 -3.561816e-02 2.130546e-01 -7.163277e-02 -8.249175e-02 -9.476657e-02 3.033921e-01 -8.251785e-02
-1.667982e-01 -2.396852e-01 -3.885904e-02 5.106873e-02 1.358899e-01 1.677347e-01 -2.120825e-01 1.526743e-01
1.443415e-01 -3.012422e-01 6.545735e-02 -1.040436e-01 -1.543348e-02 -3.299356e-02 8.055402e-02 1.296083e-01
-4.836565e-02 2.703381e-02 -1.942732e-01 -1.733331e-01 1.421643e-01 1.567299e-01 1.458616e-01 1.070382e-01
-3.084611e-01 -2.871006e-01 -9.096728e-03 -4.084666e-02 -4.018579e-02 -2.432809e-02 -1.894786e-01 1.939818e-02
-1.238494e-01 1.894689e-01 -1.423112e-01 3.505155e-01 1.480989e-01 -4.911821e-02 -1.352382e-01 4.959785e-02
-2.293582e-01 -1.961645e-03 3.293023e-01 -1.445557e-01 -1.363789e-02 4.969896e-02 -7.366358e-03 2.722293e-01
-1.519990e-01 -1.337230e-01 2.940208e-01 -1.316551e-02 -8.943430e-02 -2.624937e-01 -6.540548e-02 -6.660472e-02
-4.404545e-02 -1.915492e-01 3.236792e-01 -1.590939e-03 -2.655533e-01 -8.221798e-02 -1.580521e-01 -1.726636e-02
-1.650232e-01 -1.265603e-01 -3.382968e-02 1.777632e-01 3.271465e-01 9.297010e-02 -1.188995e-01 -7.321102e-02
-1.930884e-01 -4.047268e-02 -1.670192e-01 -2.190962e-01 1.228580e-01 2.044024e-01 -2.647855e-02 -1.043591e-01
5.707913e-01 -1.049324e-01 2.598243e-01 -1.268058e-01 -1.176272e-01 -8.781254e-02 9.648669e-02 5.357277e-02
6.005134e-03 8.628011e-03 2.374520e-01 1.808740e-01 -6.541419e-03 1.312605e-01 -3.371325e-01 -3.212915e-01
-2.205257e-01 1.349358e-01 -2.567648e-02 -1.312371e-02 1.719723e-01 -1.025480e-01 -8.069637e-02 -7.962158e-02
-2.520321e-01 -5.178524e-02 -3.692976e-02 -7.503105e-02 2.314582e-01 4.622256e-02 -1.265175e-01 -2.988019e-02
-1.355705e-01 -4.157597e-02 -1.055982e-01 2.133186e-01 3.747786e-01 2.506598e-01 -1.178992e-01 -9.119092e-03
-2.353808e-01 -1.544707e-01 2.470273e-01 -1.593144e-01 2.832114e-02 -1.070082e-01 -1.423092e-01 1.498057e-01
-2.167518e-01 -5.453748e-01 1.200921e-01 -2.275064e-02 -9.485993e-03 -4.249929e-02 -2.497231e-01 5.709759e-02
-1.387748e-01 -6.192259e-02 -2.220606e-01 -2.636402e-01 1.414070e-01 1.577388e-01 1.153635e-01 -2.064479e-03
-2.762161e-01 1.761904e-03 -1.161115e-01 -1.210667e-03 2.257671e-01 -7.398886e-02 -2.433940e-01 -7.275919e-02
-1.339109e-01 8.965870e-02 4.635423e-01 1.300105e-01 -2.904179e-01 -9.024018e-02 -3.584265e-01 -2.387547e-01
-2.282351e-01 -6.970359e-02 -1.558890e-01 -9.267277e-02 1.849721e-01 1.013864e-02 5.778618e-02 8.854865e-02
-2.899008e-01 -1.464996e-02 -7.809510e-02 -7.421756e-02 2.068029e-01 -1.756212e-01 -2.822475e-01 -6.694235e-02
-1.585561e-01 -1.679601e-01 -1.155910e-01 4.463761e-02 4.362521e-01 2.460663e-01 -7.166146e-02 -2.438628e-02
-2.151628e-03 -3.099889e-01 2.352794e-01 3.162553e-02 -4.745149e-02 -1.261602e-01 -1.359673e-01 1.070255e-02
-1.680936e-01 -7.843762e-02 3.008255e-03 -1.444171e-01 1.007239e-01 -5.321008e-02 1.255242e-02 -1.314222e-01
-5.630976e-02 -3.760575e-02 -2.070330e-01 4.273110e-01 2.376171e-01 2.609632e-01 -8.920466e-02 -1.323424e-01
5.742625e-02 -1.765022e-02 -1.322977e-01 -2.171936e-01 2.093396e-01 2.475665e-01 1.585174e-01 3.873903e-02
-1.505398e-01 -1.153723e-01 -2.178933e-01 -1.894640e-01 2.984111e-01 1.884327e-01 1.839793e-01 6.230219e-02
-3.456777e-01 -2.061681e-01 -7.687353e-02 -1.045558e-01 2.379539e-01 -7.098079e-02 -2.071735e-01 -5.157170e-02
-2.452295e-01 -1.497468e-01 -7.405995e-02 2.070948e-01 3.879407e-01 9.710118e-02 -2.072723e-01 4.399901e-02
-6.491585e-02 -1.805886e-01 -2.466579e-01 -7.379876e-02 1.714892e-01 3.442765e-01 1.006506e-01 1.660742e-02
-2.801229e-01 -1.570620e-01 2.719549e-01 -1.059192e-01 -1.190570e-01 -2.190201e-01 -7.219522e-02 1.898620e-02
-4.988253e-03 -4.662680e-02 -4.113716e-03 4.320196e-01 2.076640e-01 4.843482e-02 -3.290218e-01 -1.633639e-01
-3.333891e-01 1.302885e-02 -1.407833e-01 -2.768637e-02 1.354266e-01 -2.133604e-01 -6.244062e-02 2.702760e-02
3.709658e-01 -2.047460e-01 1.471016e-01 -4.934975e-02 1.038135e-01 -3.913429e-02 1.854634e-01 2.458607e-02
-2.361867e-01 -1.462033e-01 -2.804894e-02 1.022776e-01 3.636175e-01 -8.572924e-02 -1.356949e-01 -1.068843e-01
3.019357e-01 -1.170719e-01 3.263818e-01 1.889650e-01 2.473770e-02 -1.647191e-01 1.283095e-01 -2.132333e-01
-2.625810e-01 -1.156358e-01 -1.771719e-01 1.217833e-01 2.308634e-01 -7.887386e-03 -2.681412e-01 -4.636342e-02
3.692088e-01 -2.681945e-01 2.106090e-01 1.707711e-01 6.553283e-02 -6.765694e-02 -2.130462e-02 -1.093777e-01
-1.535143e-01 1.776529e-01 2.681828e-01 -4.015716e-02 -1.728668e-01 -8.043282e-02 -5.479710e-02 4.672350e-02
-3.299419e-01 -1.093561e-01 -2.235241e-01 1.852012e-02 2.190115e-01 -3.430602e-02 -2.298625e-01 -3.111944e-02
-6.339552e-02 -9.519361e-02 -1.114240e-01 7.499455e-03 3.278681e-01 2.979167e-01 -4.038673e-03 -4.395544e-02
-8.217900e-02 -4.144655e-02 -2.163524e-01 3.285899e-01 2.803646e-01 4.075639e-01 -3.820625e-02 -9.982085e-02
5.601516e-01 -1.880722e-02 1.949887e-01 -1.548478e-01 -1.231491e-01 -7.092638e-02 1.795075e-01 5.160734e-02
-1.451399e-01 1.958653e-01 3.223159e-01 7.469432e-02 5.547796e-03 -1.030483e-01 -4.437566e-01 -2.987102e-01
-4.762253e-01 -1.685787e-01 -1.851143e-01 -1.936198e-01 -2.379485e-02 -1.782176e-01 -3.073834e-02 1.260763e-01
-2.869804e-01 -1.044467e-01 -1.577339e-01 8.862708e-03 9.148445e-02 5.809836e-02 -1.089136e-01 2.571990e-02
2.593706e-01 -3.870915e-01 5.786761e-02 -1.357626e-01 7.365077e-02 -1.014694e-02 9.501202e-02 2.435003e-02
-1.932603e-01 4.614232e-02 -1.758909e-01 -2.554011e-02 3.138481e-01 -6.114260e-02 -1.128691e-01 -2.844743e-02
-5.471943e-02 -1.236507e-01 -1.381226e-01 1.394695e-02 4.388737e-01 2.379541e-01 3.399503e-03 -4.999335e-02
-2.867292e-01 -1.885301e-01 -3.017454e-01 5.809911e-02 2.018158e-01 3.628189e-01 -4.528162e-03 -1.734255e-02
-1.865471e-01 -1.041071e-01 -8.735511e-02 2.095754e-02 3.005381e-01 4.336037e-02 -1.262705e-02 -1.983427e-02
-1.485814e-01 -8.359021e-02 3.031716e-01 -3.783919e-02 4.950395e-02 -1.632969e-02 -2.373117e-01 2.374745e-01
-1.088846e-01 -1.421400e-01 -8.067653e-02 3.323889e-02 4.445047e-01 2.095890e-01 -6.258548e-02 -4.667027e-02
-2.044730e-01 -1.915943e-01 -7.801173e-02 2.843584e-01 3.044719e-01 -1.993593e-01 -3.753494e-01 -2.019324e-01
-1.699266e-01 -1.798533e-01 -1.878950e-02 1.069616e-01 3.427888e-01 -3.937741e-02 -5.569715e-02 -6.918912e-02
4.388728e-02 -2.266743e-01 2.532262e-01 1.181971e-01 -5.101416e-02 -3.023117e-01 -2.809033e-01 -1.907228e-01
-3.232871e-01 -1.496231e-01 1.058631e-01 -1.053287e-01 -7.820369e-02 -2.438007e-01 4.932630e-02 1.531753e-01
-1.056632e-01 -4.038766e-02 -1.179912e-01 1.407429e-01 1.494826e-01 3.670675e-01 -5.940762e-02 3.475246e-03
3.420315e-01 -2.529481e-01 8.772660e-02 -4.606951e-02 7.562911e-02 -9.736174e-02 5.745364e-02 -3.659840e-02
-1.406666e-01 -4.859469e-02 -9.699593e-02 -2.691450e-01 8.557327e-02 1.716518e-01 1.603331e-01 1.415049e-02
1.797924e-01 3.252526e-02 1.123035e-01 3.446223e-01 4.757208e-01 -6.929459e-02 2.470361e-01 -3.035645e-02
4.537330e-01 -1.388184e-01 -1.321014e-02 3.901932e-01 1.036558e-01 1.308816e-01 5.208367e-03 -1.399948e-01
-7.728820e-02 -1.390928e-01 1.686459e-01 -1.246709e-01 -1.793274e-01 -1.833064e-01 1.593582e-01 8.645584e-02
5.129245e-01 -1.000374e-01 -7.704934e-02 -1.169128e-01 -3.337313e-02 -1.015025e-02 2.447040e-01 -3.228046e-02
2.670136e-01 -3.337353e-02 8.842648e-02 2.856519e-01 2.138330e-01 -1.803613e-02 1.898528e-01 -1.420571e-01
3.475189e-01 -2.297385e-01 -1.534713e-01 8.058669e-02 -8.411593e-02 -5.993932e-02 5.760087e-02 -1.460165e-01
2.382828e-01 -4.108429e-02 -2.989715e-01 3.302847e-01 4.077290e-01 -2.185960e-02 -4.241459e-02 -5.996394e-02
-6.997494e-02 -1.460502e-01 -1.481281e-01 2.518633e-01 -9.467817e-02 -3.698814e-01 -4.766568e-02 2.445792e-01
-5.448930e-02 6.735524e-02 3.845030e-02 1.280826e-01 5.829234e-01 2.688677e-02 1.613265e-01 -1.182715e-01
-1.178402e-01 -1.408660e-01 4.218088e-01 -3.141581e-02 1.710828e-01 -6.303504e-02 5.167021e-02 -4.737875e-02
1.644138e-01 -2.311372e-01 -1.019094e-01 3.354593e-01 2.130325e-01 -4.200328e-02 -4.215727e-02 -2.171200e-01
5.947397e-02 -9.539250e-02 3.056371e-01 1.320853e-01 2.017432e-01 4.298850e-02 -2.678348e-03 -2.455736e-01
3.826180e-01 1.020130e-01 1.805990e-01 6.497252e-02 -3.381236e-02 3.120872e-01 1.191904e-02 -9.897936e-02
1.292440e-01 -1.215769e-01 1.306284e-01 2.888156e-01 -3.950410e-02 4.001743e-03 1.510047e-03 -1.576410e-01
1.902355e-01 -1.808998e-01 -4.724864e-03 3.623465e-01 5.159298e-01 -2.687631e-02 7.682100e-02 -1.920226e-01
-3.971477e-02 -1.606987e-01 -4.924767e-02 -1.127615e-01 -1.988533e-01 -1.019594e-01 1.656966e-01 9.018201e-03
-1.405036e-02 1.576459e-01 3.900853e-01 5.917424e-02 1.467289e-01 -7.163172e-03 1.800363e-01 1.554864e-01
3.075928e-01 -1.801119e-01 7.840225e-02 3.630539e-01 1.701167e-01 6.829828e-02 1.518773e-01 -2.089329e-02
5.560804e-01 -1.224371e-01 -1.316369e-01 1.000248e-01 -6.436571e-02 -1.273922e-02 1.072433e-01 -1.221435e-01
-1.334289e-01 -3.304794e-02 1.853658e-01 2.187754e-04 5.336580e-01 -6.713939e-02 6.657183e-02 6.417477e-02
-1.006519e-01 1.387943e-01 6.588948e-02 -9.287101e-02 -2.167866e-01 2.830823e-02 -3.797382e-01 1.969070e-01
4.833340e-01 -5.826163e-02 -1.764087e-01 3.670419e-01 1.474990e-01 8.558393e-02 -4.243560e-02 -1.386417e-01
5.210630e-01 -1.065758e-01 4.196827e-02 3.457438e-01 2.011791e-02 3.955612e-02 5.241847e-02 -8.969017e-02
1.572871e-01 -1.064145e-01 -8.280175e-02 2.510114e-01 4.729247e-01 -7.265073e-02 -5.297899e-02 -2.130543e-02
1.098280e-01 -2.234981e-01 8.083495e-03 4.062687e-01 4.013172e-01 -1.442141e-01 9.602159e-02 -1.780908e-01
-5.250623e-02 -1.330682e-01 1.862573e-02 -5.000974e-03 -1.822537e-01 -5.952304e-02 -4.386680e-03 2.139079e-02
4.197372e-01 -4.665401e-02 -6.969198e-02 -6.699639e-02 -1.136767e-01 -7.491516e-03 1.186800e-01 -6.574659e-03
2.139282e-01 -1.212063e-01 -9.531739e-02 3.521253e-01 5.097637e-01 -9.585588e-02 9.441317e-02 -8.103833e-02
4.149938e-01 -7.156170e-02 -1.721359e-01 4.075025e-01 2.684376e-01 1.285034e-01 -3.658284e-02 -1.455462e-01
-1.465808e-01 4.340741e-02 2.028162e-01 -1.544480e-01 2.308675e-01 -2.910379e-02 -2.007543e-01 -9.169220e-03
1.761056e-01 -6.272876e-03 2.996374e-01 1.564681e-01 1.090892e-01 -2.440769e-02 1.169498e-01 -9.085587e-02
4.410475e-02 -3.034673e-01 1.789512e-01 3.407782e-01 4.181795e-01 -5.062945e-02 7.417881e-02 -2.058217e-01
-8.877290e-02 1.312640e-01 3.876235e-01 -9.350481e-03 3.242878e-01 -1.315053e-01 5.604058e-02 1.349447e-01
3.014318e-01 -3.044676e-02 -1.824105e-01 3.408457e-01 1.644974e-01 1.900017e-02 -8.097418e-02 -5.255372e-02
3.521842e-01 -1.190397e-01 -1.969326e-01 4.298140e-01 3.223209e-01 7.777325e-03 4.294967e-02 -1.594519e-01
5.709555e-01 -2.912912e-02 -1.543629e-01 -3.203307e-02 -1.100564e-01 3.158743e-02 4.725876e-02 -4.764108e-03
1.827233e-01 1.453413e-01 -3.492413e-02 3.454413e-01 1.696353e-01 -1.105795e-01 -4.265360e-03 7.579619e-02
-8.780656e-02 -1.709630e-01 1.389545e-01 -4.780973e-02 -1.920919e-01 -1.652262e-01 1.286601e-01 -3.836304e-02
-6.943914e-02 3.888883e-04 1.794988e-01 -2.754885e-01 -2.033833e-02 -7.429616e-02 3.247882e-01 9.705582e-02
1.838067e-01 -5.508672e-02 1.679735e-01 3.109949e-01 3.325070e-01 -1.276008e-01 8.145011e-02 -2.120150e-02
-8.997607e-02 -2.286347e-01 1.712626e-01 2.631526e-01 -8.746704e-02 -5.734785e-02 -4.946171e-03 -1.425331e-01
2.871362e-01 -1.442822e-01 1.228521e-02 2.891431e-01 1.733103e-01 -5.071797e-02 -9.959770e-02 4.019891e-03
-9.225625e-02 -3.561537e-02 1.116125e-01 4.625256e-02 -7.172803e-02 -9.290403e-02 -2.018014e-01 3.214988e-01
8.780175e-02 -3.506978e-01 -1.151924e-01 3.994268e-01 -9.672967e-02 7.261290e-02 -3.326528e-02 -1.463779e-01
4.188735e-01 -1.543008e-01 1.105071e-02 4.738761e-01 1.133150e-01 -9.829989e-02 7.540628e-02 -1.312982e-01
6.162754e-03 1.068721e-01 -1.799856e-01 -2.015396e-01 -1.374826e-01 8.270712e-02 -2.592244e-01 5.308995e-01
-7.407210e-02 2.019547e-01 1.420100e-01 -2.024388e-01 -1.402126e-01 -6.011732e-02 -1.970450e-01 3.245145e-02
5.024137e-01 -5.996503e-02 -1.687752e-01 5.354077e-02 -7.159167e-02 6.899469e-02 1.971774e-01 -1.126649e-01
-6.375382e-02 -5.083092e-02 5.289821e-02 -1.486870e-01 -1.651745e-01 -3.670869e-03 -3.355590e-01 1.041645e-01
2.884028e-01 1.992502e-02 -2.300612e-01 4.024443e-01 3.365604e-01 8.789177e-02 3.086699e-02 -7.866231e-02
3.392143e-01 4.290376e-02 1.705413e-02 -3.631979e-02 6.895302e-02 -8.205363e-02 2.177666e-01 -1.660589e-01
-1.077669e-01 2.174064e-01 2.407712e-01 -8.440288e-02 -9.218354e-02 -1.699317e-02 -2.640122e-02 3.878158e-01
3.845930e-01 -2.097325e-01 -9.037748e-02 3.387993e-01 4.335172e-02 -6.159702e-03 -4.210988e-02 -7.150484e-02
-2.686909e-02 -5.279747e-02 1.985122e-01 1.093011e-01 5.928448e-01 -1.167553e-01 4.252139e-02 -1.318550e-01
5.605072e-01 -1.242488e-01 -1.514385e-01 3.798720e-01 5.987940e-02 8.238786e-02 -2.255315e-02 -1.922353e-01
3.455234e-01 -1.544639e-01 -7.321116e-03 4.177669e-01 3.488207e-01 6.891283e-02 1.965464e-01 -1.229717e-01
5.164264e-01 -1.105624e-01 -2.012118e-01 1.686274e-02 -9.726339e-02 -1.304094e-02 4.012866e-02 -1.306320e-02
2.932125e-01 -1.763291e-02 -1.206187e-01 2.428395e-01 4.026278e-01 -3.444694e-02 1.335873e-01 -1.710391e-01
-3.351980e-02 2.076006e-01 8.232997e-02 1.148483e-02 2.429207e-01 1.170478e-02 -8.072545e-02 3.173501e-02
8.226090e-02 -1.721734e-01 2.394074e-01 1.680766e-01 4.666931e-01 -4.506719e-03 1.412290e-01 -1.707744e-01
3.384701e-01 -1.878211e-01 -2.121428e-02 3.667980e-01 1.905927e-01 3.023385e-02 8.862653e-02 -1.782248e-01
5.799621e-02 1.338356e-01 1.754182e-01 1.017724e-01 2.395645e-01 4.514971e-02 2.623878e-01 -9.942348e-02
-5.966403e-02 -1.205118e-01 9.037311e-02 7.194448e-02 5.750508e-01 -6.423256e-02 6.941488e-02 -8.712191e-02
2.426351e-01 -2.136174e-01 1.450751e-01 3.891424e-01 3.093029e-01 3.990144e-03 3.832063e-02 -2.430168e-01
