4 6 8 32 64
-2.728595e-01 -7.474780e-04 1.093937e-01 1.509417e-01 1.627738e-02 7.843611e-02 -1.006572e-01 3.037419e-02
-2.059369e-01 1.537091e-02 -1.602549e-01 -1.281610e-02 -1.320881e-01 1.744100e-01 1.657865e-01 -6.906798e-02
-1.182464e-01 9.832913e-02 -3.844302e-02 3.549964e-01 -8.367978e-02 -1.248506e-01 -5.543516e-02 -8.520759e-02
-1.434793e-01 7.540142e-02 -7.973997e-02 -1.762594e-01 3.036216e-02 3.558366e-01 1.824804e-01 -8.392988e-02
-1.259696e-01 3.276694e-01 -4.379236e-02 2.780075e-01 -3.001248e-02 6.665037e-02 -2.283544e-01 -1.549705e-01
-3.895006e-02 -1.362585e-01 -3.276163e-01 1.615774e-02 -5.573564e-02 3.234774e-01 2.334367e-01 -1.350074e-01
-2.414806e-02 -1.729865e-01 -1.178337e-01 2.290197e-01 -8.436970e-02 -1.391505e-01 -1.485138e-01 -6.886806e-02
-8.600946e-02 -9.789383e-02 -8.899656e-02 8.042962e-03 -1.610619e-01 9.365068e-02 2.622217e-02 -2.384543e-01
-1.690397e-02 3.521959e-01 -2.646070e-01 3.855658e-01 -1.856934e-01 -1.006992e-01 -1.257807e-01 -9.498575e-02
4.213819e-02 -2.186497e-02 -4.876461e-03 -2.445919e-02 3.868236e-01 1.034239e-01 2.646040e-01 -3.047016e-02
-2.256547e-01 2.317983e-01 -1.280475e-01 -3.468362e-02 -7.181183e-02 3.482755e-01 9.100270e-02 -1.814999e-01
-1.633830e-01 -1.608990e-01 6.662106e-02 -4.597254e-02 -1.040394e-01 -1.675212e-01 -1.702438e-01 -1.012785e-01
6.668799e-02 4.933735e-01 -3.153207e-01 1.451870e-01 -5.711962e-03 -6.737521e-02 4.009366e-01 -2.213759e-01
-1.192647e-01 4.469395e-02 -5.488162e-02 2.115307e-01 6.381396e-02 7.637801e-03 -3.009222e-01 -1.653490e-01
-2.326099e-01 2.407097e-01 -1.301695e-01 -1.670375e-01 2.061862e-02 -8.542606e-02 -1.310619e-01 5.990099e-02
5.385938e-02 2.398512e-01 -2.855345e-01 1.181316e-01 -5.359174e-02 -4.538689e-02 4.056177e-01 -2.385729e-01
-1.407182e-01 -1.248316e-03 -7.296500e-02 2.587960e-01 1.732098e-02 -8.284441e-02 -2.626546e-01 -2.005254e-01
-1.736832e-01 -6.465807e-02 -2.131606e-01 -2.566923e-02 -1.674140e-01 1.329408e-01 1.474395e-02 -7.524663e-02
-1.729228e-01 -1.208423e-01 -9.614635e-02 -3.837952e-02 -2.670966e-02 1.623116e-01 1.465900e-01 -1.186645e-01
-2.557466e-01 5.001433e-02 2.237181e-01 -1.315950e-01 1.296309e-02 1.180560e-02 -1.308730e-01 -4.462049e-02
-2.733868e-02 -6.952175e-02 9.009621e-02 -1.514697e-01 1.573709e-01 2.797375e-02 5.109358e-01 -1.002500e-01
-1.018043e-01 3.278407e-01 -1.995079e-01 3.170319e-01 -1.332475e-01 -1.372619e-01 -7.845147e-02 -1.974463e-01
-2.695052e-02 -3.984758e-02 -4.176165e-01 1.165319e-01 -1.366493e-01 1.037679e-01 2.253218e-01 -1.836329e-01
5.164388e-02 5.283315e-02 -1.499465e-01 -1.093864e-01 3.942188e-01 5.308592e-02 -2.052053e-02 -1.393465e-01
-2.565980e-01 2.761467e-02 1.080474e-01 -9.705256e-04 1.090272e-01 -1.780933e-02 -1.646943e-01 -1.235880e-02
1.909602e-01 1.005660e-01 -1.511433e-01 -3.052076e-03 1.600360e-01 2.327588e-01 3.929992e-01 -1.136365e-01
-1.839343e-01 -9.203518e-02 5.841435e-02 2.635866e-01 -7.218593e-02 -7.345706e-02 -1.466916e-02 -1.737759e-01
-6.722112e-02 -1.801750e-01 -1.552757e-01 5.969701e-02 -1.299899e-01 -1.665226e-02 -1.419753e-01 -1.811092e-01
-1.268679e-01 -4.389624e-02 -3.179882e-02 -5.280340e-02 2.190986e-02 2.307406e-02 -1.819655e-01 -2.677260e-02
1.468415e-01 2.286375e-01 -2.668992e-01 4.525288e-01 -8.820411e-02 -6.109055e-02 -1.478229e-01 -1.032979e-02
-1.504458e-01 -8.822407e-02 -1.401897e-01 3.900568e-02 -8.612896e-02 -2.342334e-02 3.872756e-01 -2.373299e-01
8.890073e-02 2.248692e-01 -2.086040e-01 3.500636e-01 5.459362e-02 -8.347700e-02 -1.803947e-01 -1.052001e-01
-1.569038e-01 -1.725349e-01 -2.989104e-02 6.471690e-02 -5.518975e-02 -5.033378e-02 -1.754143e-01 -4.689332e-02
-1.771910e-01 4.746080e-01 7.016791e-02 1.791532e-01 -4.155883e-02 -4.973928e-02 -2.165401e-01 -6.641707e-02
1.576298e-01 3.038370e-01 -1.077818e-01 -5.833644e-02 2.346439e-01 3.060817e-01 3.120366e-01 -6.057075e-02
9.083344e-02 3.509916e-01 -2.157795e-01 1.960039e-02 -2.656324e-02 1.094698e-01 4.851432e-01 -1.505446e-01
-6.949124e-02 3.377358e-01 -1.674297e-01 4.101415e-01 -1.075145e-01 -1.327064e-01 -1.377570e-01 -6.369439e-02
-5.773673e-02 2.089645e-02 -1.520361e-01 3.159139e-01 -6.767002e-02 -1.213511e-04 -1.251997e-01 2.484779e-02
6.418694e-04 1.991188e-01 -2.128354e-01 4.316595e-01 -1.478657e-01 -1.333648e-01 -1.702772e-01 -9.302918e-02
3.631713e-01 3.787327e-01 -2.578703e-01 6.743618e-02 1.115847e-01 2.111140e-01 3.098831e-01 -7.479536e-02
-1.756796e-01 -8.034039e-02 5.011696e-02 7.858226e-02 5.610831e-02 -4.641148e-03 -2.389511e-01 -1.082297e-01
1.417726e-01 5.041840e-01 -7.986388e-02 -1.347440e-01 2.308419e-01 2.592283e-01 1.279779e-01 -9.282428e-02
9.918127e-02 5.361084e-01 -2.864834e-01 1.221704e-01 -1.908945e-02 -2.277926e-02 3.938746e-01 -1.663360e-01
-2.825356e-01 -1.945800e-02 -2.508694e-01 -1.887476e-03 -1.758669e-01 3.383400e-01 2.516960e-01 3.145150e-02
-7.810649e-03 3.611898e-01 -1.939422e-01 4.752991e-01 -1.149362e-01 -1.310387e-01 -1.011781e-01 -1.644491e-01
-1.571201e-01 1.537810e-01 -6.283076e-02 2.595652e-01 4.107840e-02 9.772640e-03 -2.225033e-01 4.784616e-02
-2.918526e-01 8.722909e-02 2.682350e-01 1.093409e-02 -6.988771e-02 8.927071e-02 -1.329286e-01 -1.795235e-01
-2.058314e-01 1.075535e-01 -2.234650e-01 -1.913511e-03 -6.710754e-02 3.013712e-01 1.078909e-01 -6.674293e-02
2.217773e-01 1.848860e-01 -2.637866e-01 3.590366e-01 -8.025417e-02 -2.628591e-02 -8.786177e-02 -7.600704e-03
-1.820681e-01 -1.023470e-01 2.812090e-02 -1.099007e-01 9.008214e-02 2.374442e-01 1.384542e-01 -2.715456e-02
-1.565848e-01 -5.240233e-02 4.761166e-02 1.803512e-01 -1.953277e-02 -1.157762e-01 -1.510342e-01 -5.223031e-02
-1.159073e-01 2.698194e-01 -1.382196e-01 3.564164e-01 -1.588453e-01 -2.249603e-01 6.383631e-02 -1.770064e-01
3.634786e-02 6.417296e-02 -8.238067e-02 2.512114e-01 -4.611853e-03 9.034676e-02 -9.055378e-02 -1.625970e-01
-6.154650e-02 6.484486e-03 -4.048935e-02 -5.072452e-02 3.545559e-01 1.244537e-01 3.482240e-01 8.715179e-02
-1.685791e-01 -4.944784e-02 1.202947e-01 -7.602212e-02 -3.377978e-02 1.003317e-01 1.753642e-01 -8.409145e-02
-2.366410e-01 -1.130623e-01 2.210665e-01 9.133775e-02 1.211490e-02 7.488003e-02 -9.892476e-02 -9.639636e-02
3.181007e-01 1.002588e-01 -1.262186e-01 4.334492e-02 2.058238e-01 2.130560e-01 2.275207e-01 -1.956985e-01
-1.612866e-01 -1.187016e-02 4.412680e-02 1.801639e-01 8.196743e-02 -9.174633e-02 -2.073747e-01 -7.714956e-02
1.468758e-01 -2.836419e-02 -1.185208e-01 1.192470e-01 -1.400458e-01 1.725073e-02 -6.069153e-02 -1.190998e-01
-2.191508e-02 2.432843e-02 -1.641801e-02 -9.726287e-02 8.096306e-02 9.926601e-02 4.909166e-01 -1.144976e-01
-2.805344e-02 7.395725e-02 -1.883508e-01 2.683700e-01 -3.432750e-02 3.884471e-02 -2.096718e-01 -2.661317e-02
-1.218782e-01 -3.096521e-02 -2.340320e-01 -9.934267e-02 2.161396e-01 -1.608808e-01 -9.982464e-02 -3.042701e-02
1.081749e-01 6.925164e-03 -1.962809e-01 2.604972e-01 3.739381e-02 4.398819e-02 -1.364203e-01 -3.151788e-02
-2.232898e-01 -8.023319e-02 -2.186555e-01 3.421000e-02 -7.650451e-02 4.029287e-01 6.368304e-02 -4.487149e-03
-6.905176e-02 -1.128231e-01 -1.765815e-01 1.642725e-01 -2.046480e-01 -2.716095e-01 2.625335e-01 -1.855609e-01
4.900719e-01 -1.364727e-02 -1.898087e-01 -1.760722e-01 -1.736837e-01 -2.304557e-01 -1.436017e-01 4.102172e-02
-4.045439e-02 -1.714316e-02 -1.321454e-01 -3.310912e-02 1.588527e-01 -3.728901e-01 -1.678179e-01 1.090313e-01
-2.638180e-02 -1.713233e-01 -2.023992e-01 -1.481682e-01 7.337025e-02 -2.639946e-02 -1.792879e-02 -1.144363e-01
-7.267389e-02 1.435588e-01 -3.280594e-01 -1.524058e-01 -2.918094e-01 4.843310e-02 2.518488e-01 -3.111815e-01
-8.863036e-02 -9.093803e-02 -1.909547e-01 -1.341958e-01 -1.904972e-01 -1.303320e-01 8.028479e-01 -2.494057e-02
9.959954e-02 -1.168083e-01 -8.020119e-02 -5.629184e-02 5.841983e-02 -3.764594e-01 -3.298536e-02 1.490311e-01
3.765059e-02 9.092493e-02 -2.846982e-01 -2.028279e-01 -3.057897e-02 -2.186204e-01 4.233572e-02 -5.182891e-03
1.231480e-01 7.771913e-02 -1.277581e-01 1.295473e-01 -2.481832e-01 -1.864344e-01 6.242253e-01 1.177321e-01
3.218271e-01 -2.115241e-02 -2.318533e-01 -1.683736e-01 -1.915279e-01 -2.535810e-01 -1.265243e-02 -1.306915e-01
1.971009e-01 3.132204e-02 -1.249388e-01 5.262230e-02 3.840781e-02 2.495659e-01 -2.251467e-01 2.208051e-01
-2.245777e-02 3.631242e-01 -1.763653e-01 3.759644e-01 -1.739688e-01 -2.501397e-01 -1.386596e-01 -6.903119e-02
1.704897e-01 -1.217036e-01 -4.281640e-01 1.225508e-03 -2.493750e-01 -1.120741e-01 6.891893e-02 -2.341793e-01
6.934696e-02 4.496912e-01 -1.762437e-01 -5.986307e-02 -2.023762e-01 -3.052981e-01 -9.627092e-02 1.797325e-01
-7.498465e-02 5.584721e-02 -2.824270e-01 -8.047104e-02 -1.385189e-01 -3.302195e-02 1.375255e-01 -2.492933e-01
5.464823e-01 -1.087897e-01 -2.368594e-01 3.423439e-02 -7.376786e-02 -2.108797e-01 -2.178627e-01 4.377202e-01
3.092142e-02 -8.827618e-02 -4.036031e-01 -4.108394e-02 -2.764079e-01 3.549960e-04 4.790280e-01 -1.531199e-01
3.465644e-01 -1.031662e-01 -1.684077e-01 -1.393169e-01 -1.628845e-01 -2.197735e-01 -1.557640e-02 -1.923537e-01
1.501438e-01 -6.828916e-02 -2.184812e-01 -9.999113e-02 -1.600526e-01 -1.470194e-01 -2.066142e-01 -2.101921e-01
-7.350924e-03 2.393779e-01 -2.476260e-01 1.229477e-01 1.443647e-02 -2.594170e-01 -1.120078e-01 -2.157028e-02
4.335134e-01 -9.612680e-02 -2.312052e-01 8.365124e-02 -5.817400e-03 -3.273392e-02 -3.306705e-01 3.409645e-01
-2.759428e-02 9.864557e-02 -3.007721e-01 -1.361377e-01 -1.008111e-01 4.702558e-02 1.889098e-01 -2.848426e-01
2.657722e-02 6.624345e-02 1.282813e-01 -2.302277e-02 -6.473371e-02 -9.641536e-02 1.048481e-02 -1.778406e-02
3.434389e-01 -1.725241e-01 -1.154969e-01 -1.304064e-01 -1.959585e-01 -3.333514e-01 -8.114658e-02 -8.211959e-02
2.598784e-01 -2.552215e-01 -2.486167e-02 -6.873731e-02 -6.232760e-02 -3.341667e-01 -6.893574e-02 4.773531e-02
1.170448e-01 1.784588e-01 -2.287241e-01 -2.153653e-01 -1.503312e-01 -1.855764e-02 -5.947192e-02 -2.444777e-01
-1.825418e-01 1.990337e-01 1.018047e-02 1.701263e-01 5.551390e-02 -1.932534e-01 -2.424805e-02 -4.214822e-03
-2.530502e-01 -5.680846e-02 -1.407249e-01 -6.647897e-03 -3.319531e-02 -1.875953e-01 5.785859e-01 -1.630464e-01
-3.819311e-02 6.814647e-01 -3.324093e-01 -2.235052e-01 -2.980342e-01 7.098280e-03 1.077017e-01 -5.939402e-02
2.885554e-01 -3.543941e-02 -2.322568e-01 -9.480799e-02 -1.950969e-01 -2.108651e-01 -1.380119e-01 -2.554862e-01
1.203799e-01 -9.838890e-02 -3.441416e-01 -1.026019e-01 -8.162397e-02 -1.193156e-01 1.193403e-01 -1.882249e-01
1.120697e-01 3.702639e-02 -2.533675e-01 -1.278654e-01 -3.201110e-01 5.291979e-02 2.082879e-01 -1.624158e-01
-2.146645e-02 -4.467422e-02 -1.194695e-01 -1.495191e-01 5.668332e-02 -2.126315e-01 -5.963455e-02 -6.781166e-02
1.444210e-01 -7.023024e-02 -1.675502e-01 -1.253483e-01 -1.361727e-01 -2.565189e-01 -4.881537e-02 -1.957466e-01
-1.481040e-01 -6.233010e-02 -2.081188e-01 -6.477868e-02 -2.441758e-01 1.656274e-02 3.644206e-01 -1.406726e-01
-8.004788e-02 -1.121738e-01 -1.864357e-02 -1.341555e-01 -2.599222e-02 2.252897e-01 -1.158262e-01 -1.422136e-01
-1.022816e-01 -1.070780e-01 -2.332318e-01 -6.787223e-02 7.894717e-02 -3.511868e-01 -7.869688e-02 -2.156042e-02
-4.375518e-02 5.277196e-02 -1.192237e-01 -8.372100e-02 4.014771e-02 -2.633986e-01 -1.614379e-01 -5.007581e-02
3.731313e-01 1.153524e-01 -1.780476e-01 -9.194516e-02 -2.329422e-01 -1.133938e-01 -2.344976e-01 -3.804275e-01
-8.348890e-02 -6.737348e-02 -2.512330e-01 1.491041e-02 9.531467e-02 -3.750356e-01 -7.952143e-02 -8.207425e-02
2.021949e-02 -4.140572e-02 -3.719065e-01 5.521863e-02 -2.335822e-01 -5.081891e-02 2.288211e-02 -3.138506e-01
3.022384e-01 -1.826370e-01 1.155903e-02 -9.065730e-02 -1.045863e-01 -2.881186e-01 -6.739789e-02 6.115123e-02
-4.622562e-02 -1.035649e-01 -4.077333e-02 -1.157472e-01 9.475115e-02 -2.101074e-02 -1.355591e-01 -1.112944e-01
4.449283e-02 6.774769e-01 -2.323146e-01 2.755454e-01 -1.135259e-01 -1.247308e-01 -1.132214e-01 6.978993e-02
3.526175e-01 -5.179761e-02 -4.633041e-02 -1.938844e-01 -5.682556e-02 -2.925936e-01 -6.191031e-02 2.427987e-01
-2.724369e-02 -1.297983e-01 -1.475660e-01 -2.141446e-01 1.039505e-01 -3.519101e-01 -2.036043e-02 5.505262e-02
-8.914509e-02 -5.574531e-02 -2.225377e-01 4.557529e-02 6.910738e-02 -2.190961e-01 -9.960128e-02 -4.369406e-02
-7.672330e-03 -2.293175e-01 -1.127791e-01 -1.338866e-02 -2.177674e-02 -2.200494e-01 -2.906727e-02 -2.437613e-02
2.204835e-02 -7.372312e-02 -3.427316e-01 1.877703e-02 -7.660434e-02 -2.042643e-01 5.399889e-02 -2.454095e-01
2.426844e-02 3.072170e-02 -2.910634e-01 -1.184274e-01 -1.164569e-01 6.569906e-02 3.261752e-01 -1.201898e-01
-4.897631e-02 -3.046559e-02 -4.335525e-01 -1.004905e-01 -1.528054e-02 -1.377610e-01 1.687421e-01 -2.061091e-01
2.555538e-01 1.094085e-01 -2.907731e-01 -2.011672e-01 -2.195472e-01 3.340448e-02 1.582857e-01 5.530410e-02
7.883956e-02 -9.668064e-02 -7.863460e-02 -2.515582e-01 3.312873e-03 -2.158630e-01 1.681948e-02 4.083611e-02
3.519115e-01 3.973556e-02 -2.126786e-01 -2.149742e-01 -2.472042e-01 -1.195434e-01 -4.606811e-02 -2.032180e-01
2.819449e-01 -1.200255e-01 -2.398134e-01 -1.184922e-01 -1.754996e-01 -2.709547e-01 -7.168438e-02 -2.361740e-01
-4.692417e-02 -1.705529e-01 1.044580e-02 1.414694e-01 5.404129e-02 -7.812345e-02 -5.860583e-02 1.576262e-02
-9.490835e-03 8.662403e-02 -2.712617e-01 -1.167698e-01 -1.467404e-01 8.936066e-02 2.755336e-01 -1.575725e-01
-8.400550e-02 -9.096967e-02 -1.995286e-01 1.559813e-01 -1.437363e-01 -2.387413e-01 1.854258e-01 -2.271458e-01
-1.324046e-01 2.880580e-01 -5.758389e-02 4.739020e-01 -3.734343e-02 -3.499844e-01 1.132622e-01 3.420656e-02
-5.122307e-02 7.850163e-02 -2.052592e-01 6.522341e-02 1.076934e-01 -3.022497e-01 -1.153258e-01 -4.265222e-02
8.003626e-02 2.130287e-01 -2.104454e-01 3.928796e-01 6.628450e-04 -2.680237e-01 -1.352633e-01 2.486905e-02
-2.398415e-01 -3.308838e-03 -2.822827e-01 -5.127429e-02 1.787535e-02 -1.102349e-01 4.688285e-01 -2.253510e-01
3.889723e-01 -4.208923e-02 -5.510129e-02 -1.265522e-01 -1.678325e-01 -2.004404e-01 -9.172722e-02 -1.166391e-01
-1.667349e-01 -2.035275e-01 -3.936171e-01 -2.944062e-02 -3.049875e-01 6.847037e-02 6.312183e-01 -4.524958e-02
-1.540204e-01 1.780559e-02 1.469120e-01 -1.171770e-01 1.338232e-01 -1.628270e-01 -1.441508e-01 -1.815407e-01
-1.696028e-01 -1.563099e-01 1.132609e-01 -2.098283e-01 8.208690e-02 -1.238733e-01 -1.143987e-01 3.790430e-02
6.320733e-01 -2.168537e-01 9.613022e-02 1.752661e-02 1.232306e-01 1.459390e-01 3.364978e-01 1.210844e-01
-1.898014e-01 -1.275901e-01 -3.782352e-02 2.438343e-01 2.966292e-01 3.903576e-01 -1.893627e-01 -9.028652e-02
-1.786306e-01 -5.959386e-02 -2.224937e-02 -7.258566e-02 2.818044e-01 -1.046757e-01 -2.017981e-01 -1.074168e-01
5.165030e-01 -1.013215e-01 3.642140e-02 1.369246e-01 1.806848e-01 -4.126721e-02 1.523950e-02 -2.801107e-03
-2.570255e-01 3.440767e-02 1.224710e-01 -4.718980e-02 -1.308552e-01 1.022050e-01 -8.480618e-02 2.120915e-01
-3.926200e-01 -4.234262e-01 1.915985e-01 -1.737390e-01 -2.891856e-03 -6.639043e-02 -1.103473e-01 1.202374e-01
-1.820190e-01 -1.584487e-01 -1.318576e-01 2.039411e-01 4.066644e-01 4.425215e-02 -1.216312e-01 -1.155332e-01
-2.473343e-01 2.521234e-02 -1.592316e-01 -8.249837e-02 4.001525e-01 1.316984e-01 -9.292126e-02 -6.269579e-02
-1.138188e-01 -2.684985e-02 3.947498e-01 -1.786814e-01 -9.102563e-02 -6.273403e-02 -1.431104e-01 1.658585e-02
-1.714514e-01 -1.331898e-01 -2.659236e-01 3.495537e-01 4.104472e-01 1.228980e-02 -7.764401e-02 1.174748e-02
-1.393504e-01 -9.839348e-02 -1.171828e-01 2.266038e-01 1.685321e-01 4.897787e-01 -1.997698e-01 1.842844e-03
-6.707760e-02 -8.589754e-02 -1.206639e-01 5.382491e-02 2.171206e-01 3.667783e-01 -2.335378e-01 -2.017381e-01
-2.955065e-01 -1.259070e-01 1.742683e-01 -2.177900e-01 -1.850341e-01 -2.793134e-03 -4.282329e-02 1.885721e-01
-2.810793e-01 -4.231914e-01 -2.014509e-02 -1.959743e-01 6.896701e-02 -7.915749e-02 -2.934016e-02 3.762759e-02
2.088136e-02 6.129264e-02 4.665782e-01 -2.108331e-01 -5.292456e-02 -2.566456e-01 -2.224116e-01 -5.976279e-02
-2.000892e-01 -7.416376e-02 -1.030575e-01 3.246904e-01 4.853434e-01 6.732585e-02 -1.702732e-01 -9.961626e-02
-1.903616e-01 -2.443755e-02 -1.961163e-01 -2.052374e-01 4.162470e-01 1.315651e-01 1.263794e-01 3.897698e-02
-2.829998e-01 -1.863734e-01 4.034261e-01 1.307006e-01 -2.348578e-01 -8.636269e-02 -2.395184e-01 2.199221e-02
1.423281e-01 -3.624610e-02 5.325469e-01 -7.655484e-03 -2.566463e-03 -2.209789e-01 -3.030870e-01 -1.807684e-01
-3.002204e-01 -2.876284e-01 3.362420e-01 -6.425665e-02 -2.362316e-02 -7.317683e-02 -1.430045e-01 1.970364e-01
-1.598654e-01 -2.107028e-02 -1.771174e-01 -1.477268e-02 1.840428e-01 3.309752e-01 -2.569294e-01 4.101931e-03
-4.021969e-01 4.464471e-02 -2.510509e-01 -2.202194e-01 4.731270e-02 -1.762933e-02 -2.632246e-02 2.626994e-01
4.961933e-01 -1.609835e-01 1.284197e-01 1.280162e-01 2.438029e-01 7.733908e-02 2.711695e-01 -3.443494e-02
-1.681645e-01 -1.415232e-01 -1.570359e-01 3.042825e-01 3.916501e-01 9.022725e-02 -1.440055e-01 -1.065052e-01
-2.204082e-01 -1.799015e-02 3.417871e-01 -9.267558e-02 -1.722145e-01 -7.373831e-02 -1.327087e-01 -5.780404e-02
-4.174890e-01 -6.702780e-02 -3.168967e-01 -2.577151e-01 -7.650235e-02 2.969834e-01 -9.020678e-02 1.252453e-01
-2.275879e-01 -1.151286e-01 -1.450764e-01 1.044866e-01 4.425786e-01 9.173765e-02 -1.756777e-01 -5.326742e-02
-3.484696e-01 7.881240e-02 -8.176119e-02 -2.606306e-01 1.069196e-01 2.018470e-01 -5.736352e-03 1.908345e-02
-1.513659e-01 -4.256251e-01 -1.498084e-01 2.384043e-01 3.512418e-01 -5.825603e-03 -1.114892e-01 -1.413939e-01
-3.481848e-02 -1.588759e-01 -7.019626e-02 -2.155645e-02 8.595782e-02 1.666945e-01 -1.827684e-01 -1.646894e-01
-3.467278e-01 -7.913198e-02 1.609674e-01 1.547550e-01 -2.301684e-01 -4.322788e-02 -2.324329e-01 1.257261e-01
-2.446972e-01 -3.080574e-01 -1.437131e-02 -1.920660e-01 2.187579e-01 -5.370720e-02 -1.522481e-01 -2.988429e-02
-2.598938e-01 -3.045078e-04 -1.755782e-01 -2.441817e-02 3.035149e-01 2.887487e-01 -2.973975e-02 -8.410106e-02
-3.382459e-01 4.928159e-02 -1.188301e-01 -2.760150e-01 1.537784e-01 -1.108573e-01 -4.261477e-02 7.679601e-02
1.351828e-01 -2.723185e-01 -5.571101e-02 -1.849006e-01 1.193979e-01 8.953082e-02 2.290269e-01 2.736959e-01
-3.500957e-01 -4.690750e-02 -8.553030e-02 -3.909400e-01 8.305697e-02 -1.833236e-02 -9.078613e-03 1.038160e-01
-2.706573e-01 -1.924220e-01 7.135062e-02 -6.652464e-02 6.344248e-03 9.912849e-02 -4.792251e-02 2.033397e-01
-2.825371e-01 -9.498890e-02 3.741426e-02 -1.993933e-01 2.965444e-02 -5.494839e-02 1.086153e-02 2.299736e-01
-1.725012e-01 -1.426119e-01 -7.035843e-02 2.745524e-01 4.367835e-01 1.788084e-01 -2.351504e-01 -1.294816e-01
-2.089135e-02 -1.365944e-01 -2.160187e-01 5.189678e-01 2.096883e-01 9.307820e-02 -1.744381e-01 1.307242e-01
-2.945927e-01 -4.428244e-01 8.239093e-02 -1.731222e-01 6.568511e-02 -2.445774e-01 -1.479519e-01 -1.135880e-02
-3.161753e-01 4.867011e-01 3.379664e-01 1.464943e-01 -1.295347e-01 -7.268430e-02 -1.028270e-01 2.050352e-02
-1.273880e-01 -6.801002e-02 -3.673243e-01 3.954621e-02 3.434213e-01 3.574683e-01 1.312548e-01 1.073937e-02
-2.169138e-01 1.004267e-01 -2.560133e-01 -2.768704e-01 1.615715e-01 2.322484e-01 -9.074283e-02 -1.740425e-02
-1.672393e-01 -1.654363e-01 4.528132e-03 5.337996e-02 3.359496e-01 1.335945e-01 -9.376334e-02 -5.365099e-02
-3.645242e-01 -8.850857e-02 -1.551860e-01 6.949978e-02 2.456469e-01 -1.083432e-01 -1.846261e-01 2.936684e-02
-2.055718e-01 2.662319e-01 -3.744072e-02 8.519629e-02 1.341063e-01 -1.391675e-01 -1.581860e-01 7.529347e-02
-1.568705e-01 -1.247550e-01 2.557081e-01 2.217731e-01 -4.832070e-02 1.026958e-01 -2.111350e-01 2.157978e-01
-3.983501e-01 2.499194e-02 -2.672102e-01 -3.544374e-01 -3.121862e-02 2.070116e-01 1.001498e-02 1.671737e-01
-2.668365e-01 2.443614e-01 4.123998e-01 4.225720e-02 -1.698834e-01 -1.863002e-01 -2.728440e-01 -1.768583e-01
-1.122920e-01 3.938021e-02 4.210911e-01 -8.963712e-02 -1.869650e-01 -2.380098e-01 -1.436719e-01 -1.853559e-01
-1.943077e-01 -1.216748e-02 -4.491360e-02 -1.112481e-01 1.911660e-01 -3.141117e-02 -1.847664e-01 -8.365121e-02
-2.936409e-01 -2.082392e-01 8.014639e-02 -5.420638e-02 -5.157316e-02 -1.612433e-01 -7.491621e-02 1.547169e-01
2.885068e-01 -2.788092e-01 -9.620749e-02 -3.817678e-01 -1.635006e-02 1.204485e-01 5.228803e-01 3.145963e-01
-2.409014e-01 -1.961932e-01 -4.269693e-02 -1.953025e-01 2.822609e-01 -1.118765e-01 1.294125e-01 1.117430e-02
-2.591832e-01 -5.844259e-02 -2.993327e-02 -2.346079e-01 8.614132e-02 -5.688524e-02 -1.815221e-01 3.045442e-02
-1.110726e-01 -1.040047e-01 -4.142831e-02 2.617466e-01 3.816632e-01 2.249946e-01 -1.068302e-01 -9.625839e-02
-4.445571e-01 -8.878066e-02 -3.066676e-01 -9.148623e-02 1.161247e-01 2.519870e-01 -1.330419e-01 -3.071635e-02
-3.182968e-01 -1.378415e-01 -6.582163e-02 4.770966e-03 2.202572e-01 1.365556e-02 -2.794877e-01 5.483136e-02
-1.223713e-01 -3.614545e-02 2.384048e-01 3.165205e-01 1.039716e-03 7.457781e-02 -2.657886e-01 -9.065519e-02
-1.948137e-01 -1.002604e-01 -8.877174e-04 -2.238262e-01 1.142098e-01 -1.679409e-01 -1.265567e-01 -1.016787e-01
-3.114618e-01 -1.230989e-02 -1.293058e-01 -2.340170e-01 3.983109e-02 2.519251e-01 -1.866821e-01 2.693833e-02
-8.988323e-03 -2.968084e-01 2.437839e-01 -8.455830e-02 -8.470134e-02 -1.559948e-01 -1.438801e-01 2.701370e-02
3.964754e-01 -1.788692e-01 9.888472e-02 4.389302e-01 2.790214e-01 2.754030e-01 -6.213421e-02 -1.855065e-01
-8.944303e-02 -8.288168e-02 2.789682e-01 3.869116e-02 3.405276e-01 -1.086077e-01 -1.310657e-01 -3.437940e-02
6.251486e-01 -6.080839e-02 1.550582e-01 1.194080e-01 -3.315970e-02 1.920090e-02 8.041592e-02 -5.243140e-02
-1.077764e-01 -1.473744e-01 2.851316e-01 7.447454e-02 -8.756801e-02 -3.232058e-02 -3.712137e-02 1.800990e-02
4.862539e-01 -1.892920e-01 7.904579e-03 4.155815e-01 3.962593e-01 -3.579039e-02 -1.615433e-01 -1.722865e-01
2.695694e-01 -2.281689e-01 1.432168e-01 3.871742e-01 4.892283e-01 2.316837e-01 -1.659788e-01 -2.637905e-01
-1.100061e-01 2.114130e-01 -1.490760e-01 9.276301e-02 1.001711e-01 1.321548e-01 -2.455627e-01 3.039877e-01
4.932525e-01 -2.599709e-01 8.319637e-02 3.144593e-01 1.194728e-01 4.684356e-03 3.042263e-02 -1.363136e-01
2.937201e-01 -2.813730e-01 5.438295e-02 3.684060e-02 -3.348101e-02 7.022050e-02 -1.188427e-03 -9.916924e-02
9.691579e-02 -1.935308e-01 2.516595e-01 1.386148e-01 4.547801e-01 1.481198e-01 -2.192720e-01 -2.359006e-01
3.264930e-02 -1.197221e-01 3.592078e-01 1.340718e-01 3.530447e-01 1.859811e-02 2.223438e-02 -9.306028e-02
6.553891e-01 -2.134841e-01 9.744645e-03 9.718365e-02 -1.406200e-01 -2.154415e-02 1.255963e-01 -1.133067e-01
4.226028e-01 -2.257318e-01 4.897779e-02 4.185832e-01 5.970296e-02 2.414073e-02 2.444514e-02 -1.770071e-01
1.042180e-01 -1.433084e-01 4.324767e-02 -1.332677e-02 -2.796801e-02 -1.857230e-01 -9.419461e-02 1.963698e-01
-1.596421e-02 -3.294761e-01 2.980232e-01 -8.581660e-02 3.788426e-01 -2.543433e-01 -1.164212e-01 -2.110460e-01
1.182094e-01 1.078798e-01 -1.422847e-01 3.242178e-01 3.276727e-01 1.715446e-02 -2.120745e-01 1.383684e-01
1.932507e-01 -1.759834e-01 1.990752e-01 3.493992e-01 -1.129380e-01 -9.477368e-03 9.425492e-03 7.021089e-02
2.877540e-01 -5.621466e-02 2.183209e-01 4.130826e-01 4.170037e-01 3.641927e-01 -1.261059e-01 -1.793921e-01
-1.249760e-01 1.615084e-01 2.792822e-01 -1.104090e-01 2.606756e-01 -6.511780e-02 -3.298416e-01 2.103962e-01
6.377805e-01 -3.264471e-01 -7.254129e-02 1.185847e-01 -7.907300e-02 -3.000746e-02 2.441149e-02 -1.809751e-01
3.900696e-02 -6.460402e-02 4.912127e-01 8.953151e-02 2.209627e-01 -8.779798e-02 -1.051116e-01 -4.911617e-02
2.670243e-01 -2.442702e-01 1.614222e-01 3.378022e-01 2.678030e-01 1.288981e-01 -9.702083e-02 -2.235285e-01
4.994528e-01 -1.811822e-01 2.584279e-02 1.633112e-01 1.334896e-02 -6.796675e-02 7.219963e-02 -1.707168e-01
-5.941461e-02 -2.045854e-01 1.603485e-01 -8.538713e-02 -7.735996e-02 -1.630816e-01 -7.182463e-02 4.182509e-01
4.850033e-01 -7.000970e-02 -1.482558e-02 3.691189e-01 2.089693e-01 1.111207e-02 3.849601e-02 -1.673211e-01
-1.927869e-01 1.061524e-01 1.878363e-01 -2.153361e-01 3.056848e-01 -1.445046e-01 -3.021407e-01 3.097470e-01
-9.222092e-02 6.224944e-02 1.823047e-01 -9.991077e-02 -6.669579e-02 -4.955691e-02 -1.583340e-01 3.073969e-01
6.785864e-01 -2.709852e-01 3.556759e-02 1.524894e-01 1.775757e-02 1.429740e-01 9.938403e-02 -2.101715e-01
2.450124e-02 -8.502930e-02 2.453410e-01 1.955642e-01 5.626090e-01 -2.845615e-02 -3.009008e-02 -1.520342e-01
1.590711e-01 3.086795e-03 1.374068e-01 2.282167e-01 1.804787e-01 -7.613441e-02 1.788676e-02 8.570298e-02
4.368836e-01 -2.803030e-01 -4.766580e-02 3.213341e-01 1.031849e-01 7.857185e-02 2.288460e-02 -2.429667e-01
1.942858e-01 -1.445761e-01 1.733369e-02 -1.425079e-01 -2.156597e-01 -1.625777e-01 1.726936e-01 9.246464e-03
4.643514e-01 -1.173024e-01 4.387769e-02 1.991937e-02 -1.416029e-01 -5.748838e-02 1.832872e-01 -2.020168e-01
4.670091e-01 -2.756744e-02 1.631027e-02 3.623590e-01 2.561916e-01 -2.541707e-02 -8.388532e-02 -9.897923e-02
1.825057e-01 1.246550e-02 1.691159e-01 2.006839e-01 1.980339e-01 -4.208563e-02 -6.977228e-04 3.873010e-02
1.572411e-01 -1.699486e-01 -4.439700e-02 -4.308079e-02 -1.279996e-01 -1.141235e-01 -9.119010e-03 -4.467901e-02
-6.405141e-02 -1.711362e-01 2.423251e-01 -8.124616e-02 -1.025123e-01 -2.548176e-01 -1.349117e-01 3.061265e-01
4.714644e-01 -1.654683e-01 -5.390014e-02 4.411447e-01 4.527307e-01 1.714806e-01 -1.176556e-01 -2.481398e-01
-7.179619e-02 -2.891291e-01 2.292775e-01 4.974888e-04 1.492755e-01 -1.315261e-01 -1.405672e-01 -2.766277e-01
4.101388e-01 -2.554340e-02 2.058275e-01 4.034617e-02 -1.564328e-02 2.364163e-01 -7.705370e-02 -1.203917e-01
4.753077e-01 -1.431999e-01 -4.031691e-02 3.622504e-01 1.568900e-01 -8.329515e-02 4.739526e-02 -8.208492e-02
2.371012e-02 -9.936937e-02 2.874673e-01 1.749120e-01 3.344000e-01 5.528841e-02 -9.581575e-02 -2.203592e-01
-4.496652e-02 -2.315147e-01 4.315565e-01 7.810465e-03 8.100671e-02 -1.042955e-01 -1.696787e-01 -2.152540e-01
2.717888e-01 -6.366629e-02 1.499351e-01 3.806545e-01 2.492274e-01 -9.782664e-02 7.628842e-02 -1.279636e-02
-4.791852e-02 -1.305300e-01 3.453973e-01 1.508316e-01 3.113241e-01 1.752516e-02 -9.590682e-02 -7.704379e-02
-1.506187e-02 -2.884857e-02 3.571374e-01 1.039804e-01 1.045539e-01 -4.271353e-02 -5.014317e-02 -8.345714e-03
4.043853e-01 -8.463068e-02 7.749557e-03 3.921490e-01 1.521870e-01 1.168905e-01 4.856929e-02 -6.153934e-02
2.752855e-01 -1.794027e-01 2.337076e-01 3.883420e-01 4.911523e-01 -1.366774e-01 -2.852552e-02 -9.499713e-02
1.908774e-01 2.503294e-02 -1.339217e-01 8.425625e-02 -4.393265e-02 9.978590e-02 -2.792316e-01 1.105660e-01
3.825835e-01 -5.907354e-02 1.318467e-01 4.016035e-01 3.583769e-01 3.583210e-01 -1.187104e-01 -2.266716e-01
7.385630e-01 -1.093663e-01 -6.656396e-02 4.947376e-02 -1.285109e-01 -6.418359e-02 1.320737e-01 -1.565418e-01
-4.598318e-02 -1.350594e-01 4.333731e-01 1.095084e-01 2.331679e-01 -6.143191e-02 -5.138380e-02 -1.459908e-01
3.823836e-01 -2.156738e-01 -1.927840e-02 3.600338e-01 4.234765e-01 3.399022e-01 -9.267320e-02 -3.212898e-01
3.449195e-01 -2.202660e-01 -9.494079e-02 7.033776e-02 -4.550174e-02 -9.893922e-02 5.161609e-02 -9.238429e-02
3.958681e-02 -2.170180e-01 3.147138e-01 -1.327555e-01 -2.309579e-01 -1.845634e-01 2.277046e-01 -1.115578e-01
-2.883103e-02 -1.324684e-02 1.914152e-01 2.078064e-01 2.480424e-01 1.329631e-02 7.303888e-02 -4.867851e-02
3.231669e-01 -1.981927e-01 8.014750e-02 4.734226e-01 1.259136e-01 1.156224e-01 -3.178925e-02 -2.023510e-02
1.783532e-01 -1.085748e-03 3.478277e-01 3.276784e-01 4.054528e-01 2.256744e-01 -1.747771e-01 -1.035099e-01
3.931029e-01 -2.274493e-01 9.489748e-02 4.105482e-01 5.177007e-01 1.309018e-01 -9.835219e-02 -2.447361e-01
-5.342579e-02 -2.892970e-02 1.942959e-01 1.375330e-02 -2.319205e-01 1.824982e-02 -8.182928e-02 4.664868e-02
3.637486e-02 -3.096424e-02 1.501205e-01 3.170184e-02 2.409119e-01 -8.169205e-02 -2.150800e-01 2.125318e-01
4.433581e-01 -1.830209e-01 -4.240524e-03 3.838958e-01 1.032672e-01 -1.630040e-01 6.600346e-02 -4.492014e-02
-5.334666e-02 -2.244546e-01 3.026042e-01 -4.762950e-02 4.414319e-01 -2.586227e-01 -7.166950e-02 -5.470220e-02
-1.165005e-01 1.098431e-01 -7.103508e-02 3.192077e-01 2.907719e-02 -3.123793e-02 -1.766194e-01 -1.762573e-01
4.137657e-02 -1.519599e-01 1.706036e-01 -1.760293e-01 2.465026e-01 2.299210e-01 2.889583e-01 7.730062e-02
-1.071230e-01 -1.698990e-02 -8.329716e-02 3.100185e-01 -3.946164e-02 -5.359593e-02 -1.718943e-01 -7.919847e-02
-6.168450e-02 -1.196386e-01 1.828408e-01 2.321940e-01 -1.223222e-01 -5.118859e-02 -1.094744e-01 -9.355585e-02
-1.498843e-01 -9.446810e-02 -5.296476e-03 -1.052608e-01 -1.295560e-01 2.760458e-01 1.810095e-01 -3.348583e-02
2.482178e-02 3.622556e-01 -2.420129e-01 -1.202556e-01 2.117751e-02 1.244777e-01 3.514542e-01 -5.405376e-02
-4.129387e-02 -4.406373e-02 -6.387363e-02 -7.256649e-02 3.126412e-01 -1.761284e-02 4.607243e-01 -4.122397e-02
-1.732174e-01 5.619123e-02 1.487639e-02 1.909995e-01 -1.384233e-01 -9.107036e-02 -1.564683e-01 -9.263202e-02
-1.224442e-01 -1.080572e-01 -2.566002e-02 4.840759e-02 4.124515e-02 -5.920026e-02 -1.339258e-01 -1.434626e-02
3.919301e-02 -7.848312e-02 -2.059301e-01 2.171448e-01 5.918280e-02 2.939453e-02 -2.550013e-01 -2.134591e-02
-7.483736e-02 -1.086017e-01 -6.240153e-02 -3.984954e-02 -1.919512e-01 1.684506e-01 3.070219e-01 -8.797427e-02
-1.208065e-01 -3.511514e-02 -9.977236e-03 -1.757144e-01 3.901114e-02 -1.454601e-01 2.297577e-01 -1.374572e-02
-1.264226e-01 -1.356922e-02 6.749593e-03 2.955210e-01 -8.047990e-02 -5.646769e-02 -1.362930e-01 -1.155344e-01
-1.119780e-01 4.623944e-02 -1.171344e-01 4.186780e-01 -6.875556e-02 -1.013194e-01 -1.134411e-01 -1.101907e-01
1.759633e-01 1.999204e-01 -1.457607e-01 1.482356e-01 8.992635e-02 1.751325e-01 3.852467e-01 -1.563452e-01
-7.946911e-02 2.788339e-01 -2.008235e-01 4.739646e-01 -4.036446e-02 -6.535716e-02 -1.475043e-01 -1.852189e-01
-1.054557e-01 2.574735e-01 -5.076564e-02 7.325652e-02 -1.451200e-01 3.705901e-01 1.457449e-01 -2.079551e-02
-1.162101e-01 5.321845e-02 -1.518254e-01 1.141617e-01 -1.604171e-01 4.001657e-01 2.462676e-01 -9.167209e-02
-3.210509e-02 -2.040958e-01 1.544507e-01 -1.128811e-02 -1.042802e-01 2.128867e-01 1.604257e-01 -6.324383e-02
1.187049e-04 -9.378473e-02 -7.096206e-02 5.368714e-02 2.149392e-01 -6.952056e-02 5.618989e-01 -1.051785e-01
-1.837551e-01 -6.777841e-02 -3.311528e-02 -1.061986e-01 -6.092055e-03 -9.626007e-02 -7.657550e-02 1.443306e-03
-1.028631e-01 -6.627087e-02 -7.413346e-02 7.974215e-02 -1.407371e-01 -8.765601e-02 -1.600128e-01 -6.963593e-02
-4.395858e-02 -6.361111e-02 9.921112e-02 -1.091442e-03 -8.977769e-02 -1.187979e-02 -2.103395e-01 -1.168701e-01
1.411813e-01 8.560906e-02 -9.245674e-02 1.594274e-02 2.729136e-01 8.753351e-02 2.291318e-01 -3.615668e-02
-1.173673e-01 5.782509e-02 2.265105e-01 1.455183e-01 -5.998939e-02 4.478672e-02 -1.664515e-01 -1.432346e-01
3.454973e-02 3.294078e-02 1.107377e-01 -6.169597e-02 3.256315e-01 8.055937e-02 3.106102e-01 1.425237e-01
9.975614e-03 2.656094e-01 -1.165184e-01 -2.013032e-02 1.246250e-01 2.253450e-02 3.387342e-01 -8.479813e-02
-1.025934e-01 -9.934665e-02 1.955324e-01 -6.079433e-02 -9.668081e-02 1.990451e-01 3.054480e-01 -1.582856e-01
-2.141622e-01 1.020420e-02 -1.642532e-01 3.713888e-02 -2.119235e-01 3.035071e-01 2.654512e-01 4.698057e-02
-1.003358e-02 7.997997e-02 -1.558653e-01 1.712160e-01 3.636647e-02 -5.401156e-02 -2.380164e-01 -9.453855e-02
-2.133948e-01 -8.921120e-02 3.003157e-01 2.619248e-02 -1.286128e-02 -3.937563e-02 -1.284483e-01 -1.070530e-02
1.386645e-01 2.161118e-01 -1.082024e-01 -1.636409e-01 4.546402e-01 9.396810e-02 9.393000e-02 -3.716749e-02
-1.832158e-01 -1.743221e-01 2.833366e-01 -7.279254e-02 -1.090405e-01 2.686298e-01 1.160915e-01 -2.259104e-02
-1.087749e-01 -1.145875e-01 -1.124476e-01 2.057694e-02 -2.225302e-01 1.823592e-01 2.456961e-01 -1.349906e-01
2.637718e-01 5.215252e-02 -7.821108e-02 -9.319942e-02 2.855904e-01 3.006731e-01 1.445885e-01 -1.401890e-01
-1.105627e-01 -1.278191e-02 -1.759186e-01 -3.507413e-02 3.741131e-02 2.873279e-02 -8.850564e-02 -1.905774e-01
-1.328899e-01 -8.545881e-02 2.046339e-02 1.386497e-01 6.574056e-02 -1.224182e-02 -2.027442e-01 -7.776186e-02
-8.817790e-02 1.969942e-01 -1.363275e-01 4.077218e-01 -1.904556e-02 -4.639675e-02 -1.931068e-01 -9.275213e-02
-1.024111e-01 9.318403e-02 -1.063673e-01 -1.031055e-01 -6.863730e-02 1.304108e-01 4.323677e-01 -4.996726e-02
-7.406244e-02 1.497968e-01 1.055524e-01 2.455213e-01 -3.005718e-02 -1.740084e-02 -1.609962e-01 -1.366166e-01
-1.501337e-01 -1.143379e-01 1.487049e-01 -2.720084e-02 3.258912e-02 -2.005242e-03 -1.879696e-01 1.123248e-03
2.183703e-01 2.970294e-01 -2.067962e-01 -8.812983e-02 2.085601e-01 1.263385e-01 2.082021e-01 -2.726579e-01
-1.229204e-01 3.009795e-01 -7.175391e-02 4.242387e-01 6.657586e-02 3.624190e-02 -2.445738e-01 -1.422934e-01
-7.397520e-02 4.237024e-02 3.952699e-02 3.116585e-01 -7.823105e-02 -5.885029e-02 -1.165928e-01 -1.502765e-01
1.469018e-02 -6.987689e-02 3.652059e-02 -1.835308e-02 1.342830e-01 1.991023e-02 5.824561e-01 -9.511092e-02
-9.899268e-02 4.991665e-01 -2.784543e-02 3.342659e-01 -4.260846e-02 -1.126363e-03 -1.424530e-01 1.456525e-02
2.059494e-02 -1.447830e-01 -7.673535e-02 -3.674745e-03 -7.125100e-02 4.512830e-01 2.008337e-01 -1.175102e-01
-8.288071e-02 2.676301e-02 -1.424754e-01 2.596236e-01 -1.120269e-01 -4.752574e-02 -1.425050e-01 6.964684e-02
7.308639e-03 -4.770593e-02 -3.260425e-02 1.412165e-01 -1.936175e-02 4.723129e-02 -2.947220e-01 -1.415644e-01
6.328157e-03 1.175067e-01 -1.064138e-01 -3.688753e-02 2.789976e-01 5.415790e-02 4.550807e-01 -5.694991e-02
-1.146312e-01 -1.357507e-01 5.522810e-02 1.931171e-01 -1.071688e-01 -5.485354e-02 -1.610280e-01 -1.098623e-01
1.604341e-02 -9.036482e-02 -1.620823e-03 -2.386800e-01 3.715410e-01 7.006160e-02 5.805232e-02 -9.473626e-03
-6.435736e-02 2.273539e-03 4.772763e-02 3.001807e-01 -8.664070e-02 7.704746e-02 -3.744445e-01 -2.534532e-01
-1.280764e-01 2.193319e-01 -1.555821e-01 3.836405e-01 -1.281957e-01 -2.959209e-02 -1.824625e-01 -6.442633e-03
-2.131246e-01 -7.435835e-02 4.097211e-02 1.296383e-01 -9.686184e-03 -1.194649e-01 -1.611098e-01 -7.481377e-02
-8.213060e-02 -6.941906e-02 -1.244896e-01 1.672810e-01 -6.468396e-02 -8.152504e-02 -1.713171e-01 -7.456651e-02
5.486630e-02 1.337455e-02 -1.403280e-01 3.426983e-02 8.002123e-03 5.888939e-02 4.589253e-01 -4.866755e-02
-1.269986e-01 -4.689592e-02 2.812971e-03 -6.631339e-02 -1.636787e-01 3.251975e-01 2.730582e-01 2.298430e-02
8.117826e-02 5.438416e-01 -2.525477e-02 -6.962804e-03 6.093856e-02 2.327866e-01 1.328261e-01 -2.500368e-01
-1.004347e-01 1.445349e-01 -1.354867e-01 -1.435242e-01 1.047718e-02 -1.642207e-01 -8.979926e-02 5.820038e-02
-1.923443e-01 -1.527304e-01 1.271503e-01 4.986782e-02 -8.275971e-02 -8.540405e-02 -1.741270e-01 -6.705371e-02
-8.233392e-02 1.726769e-01 -5.571091e-02 4.219599e-01 -1.714809e-02 -5.895813e-02 -1.396081e-01 -2.070911e-01
-8.138292e-02 -1.059603e-01 3.115734e-01 1.060907e-01 -7.509609e-02 -5.006016e-02 -9.564414e-02 -7.606459e-02
-1.618137e-01 3.706434e-01 -7.619768e-02 4.787548e-02 -6.017237e-02 -6.597867e-02 -1.292855e-01 4.583080e-04
-4.706589e-02 -1.778721e-01 -2.612105e-01 -4.255856e-02 -2.478462e-01 -1.067591e-01 2.519404e-01 -3.325083e-02
9.964133e-02 7.850502e-02 1.151053e-01 -4.932289e-02 -1.572016e-01 4.555821e-02 1.001421e-02 -3.370944e-02
-5.070622e-02 -1.654350e-01 -1.797590e-01 7.246030e-03 1.122017e-01 -2.543477e-01 2.662846e-02 -3.852273e-02
1.813584e-01 -8.062135e-02 -1.190870e-01 -6.027012e-02 9.673011e-02 -1.163765e-01 -7.425817e-02 1.800135e-01
-1.612706e-01 -9.882966e-02 -1.352805e-01 -8.799982e-02 9.658435e-02 -1.124912e-01 1.096157e-02 -1.704463e-01
-7.082348e-02 -8.663671e-02 -2.012726e-01 1.960504e-01 -1.664047e-01 -8.724321e-02 2.726794e-01 -1.965713e-01
-8.310103e-02 -1.598608e-01 -1.993147e-01 -9.598080e-02 -1.907451e-01 -1.788094e-01 5.803419e-01 -5.337569e-02
-1.336466e-01 1.284341e-01 1.741504e-01 -1.677599e-02 -1.053258e-01 1.619093e-01 -4.996734e-03 -1.976534e-01
4.925000e-01 -1.182740e-01 -6.839761e-02 -8.964731e-02 -2.044129e-01 -1.341437e-01 -4.823453e-02 -5.087125e-02
-7.219309e-02 5.378122e-01 -7.310229e-03 1.749869e-02 -7.330075e-02 -1.216749e-01 -9.767456e-02 9.309168e-02
1.057577e-01 -2.153608e-01 6.193528e-03 -7.503441e-02 -7.769509e-02 3.074866e-01 -5.286726e-02 1.352265e-01
-2.533187e-03 -1.891914e-01 -8.611487e-02 1.709151e-01 -1.415775e-01 -1.320204e-01 5.502712e-01 3.009342e-02
-1.259210e-01 1.879381e-01 1.122653e-02 5.245678e-01 -3.032041e-02 -1.426544e-01 -1.131896e-01 -9.425752e-02
4.480171e-01 -7.874297e-02 -5.820271e-02 -1.008703e-01 -1.641523e-01 -1.211041e-01 4.722947e-02 2.188739e-01
5.800543e-02 2.884261e-02 -3.068290e-01 1.221940e-01 -2.325319e-01 -1.372802e-01 1.555762e-01 -1.105569e-01
2.463592e-01 -1.496220e-01 2.722661e-02 1.348642e-02 1.425617e-01 -9.248853e-02 -2.324883e-01 2.870328e-01
1.477838e-02 -1.294041e-01 9.210675e-02 5.544287e-02 2.116689e-01 2.258825e-01 -1.914490e-01 2.801237e-01
3.977051e-01 -1.406074e-01 -6.269645e-02 2.510597e-02 -2.407053e-01 -2.849959e-01 6.712659e-03 -4.456316e-02
1.654353e-01 -1.960169e-02 -1.908836e-01 -2.164405e-01 -1.111680e-01 -1.425640e-01 -9.606801e-03 -2.626488e-02
-1.099870e-01 -1.636524e-01 -1.022014e-01 -3.321115e-02 2.382753e-01 -6.182465e-02 -1.497500e-01 -5.968816e-02
-7.500228e-02 -9.046035e-02 -1.379457e-01 -1.305839e-01 1.382484e-01 -1.503166e-01 -1.077925e-01 -1.344096e-01
-1.146737e-01 -1.772092e-01 -1.851554e-01 -2.402469e-01 1.317129e-02 -1.024662e-01 3.769255e-01 -1.859663e-01
4.106673e-01 1.567121e-02 -6.395636e-02 -1.074693e-01 -3.160275e-01 -5.970769e-02 -1.374020e-01 -2.247212e-01
3.229029e-01 -1.819478e-01 -7.993895e-02 -2.736993e-02 -2.228016e-02 -2.452726e-01 -1.068925e-01 2.999887e-01
8.841828e-02 -1.922692e-01 -6.916006e-03 2.139690e-01 -1.344583e-02 -1.015126e-01 4.689045e-01 1.330339e-01
2.725377e-02 1.239554e-02 -1.723376e-01 -3.990935e-02 -3.323488e-01 -7.038847e-02 2.386444e-01 -1.657275e-01
-4.328384e-02 -1.470528e-02 -2.171247e-01 2.498423e-01 -1.859763e-01 -3.834216e-02 3.035462e-01 6.974386e-02
-2.315326e-01 -1.154044e-01 1.107656e-01 -1.259776e-01 1.722172e-01 1.499727e-01 -3.002566e-02 -2.552617e-01
-1.305518e-01 1.933816e-01 -1.268053e-01 -1.470615e-01 -1.659208e-01 1.000581e-01 2.368961e-01 -1.011098e-01
4.450898e-01 -1.044628e-02 -6.205709e-02 -4.244963e-03 -1.702642e-01 -9.700315e-02 -9.252427e-02 2.448610e-02
2.360065e-01 -7.897335e-02 -1.137122e-01 -1.172684e-01 -4.677501e-02 -1.136328e-01 -1.544186e-01 8.069734e-02
-6.596851e-02 1.725216e-01 -2.208042e-01 -2.405301e-02 -1.420834e-01 -6.047131e-02 2.179927e-01 -5.486219e-02
2.034611e-02 -1.227379e-01 -1.899041e-01 -2.525986e-01 -1.062625e-01 6.001037e-02 -7.847442e-02 -4.580410e-02
-3.539974e-02 4.505133e-01 -3.464570e-02 4.197534e-01 -2.170624e-03 -1.732226e-01 -1.453542e-01 2.559578e-02
3.840682e-01 -1.352775e-01 5.554643e-02 -1.626323e-02 1.644262e-02 -3.359674e-02 -2.357746e-01 1.360126e-01
-1.432251e-01 1.137638e-01 -2.216352e-01 3.783465e-02 -2.027503e-01 -7.160638e-02 3.170570e-01 1.030946e-01
-2.058824e-01 8.561375e-03 -3.865577e-02 -9.151639e-02 6.856095e-02 5.375380e-02 6.557921e-02 -7.935729e-02
-1.360547e-01 2.622045e-01 3.447273e-02 3.518318e-01 -4.356503e-03 -1.134439e-01 2.507145e-02 2.833821e-01
6.360180e-02 -7.551300e-02 -1.062937e-01 -1.218200e-01 3.312701e-02 -1.299437e-01 -8.001138e-02 -1.049833e-02
4.777177e-02 -1.401328e-01 3.693603e-03 -5.295476e-02 9.038772e-02 -1.121856e-01 -1.839542e-01 1.654806e-01
-1.636234e-01 1.628540e-01 -8.277584e-02 -2.972382e-02 -1.222224e-02 -1.886495e-02 3.378630e-02 -2.462499e-01
3.346615e-01 1.813552e-02 -1.871395e-01 -6.093015e-02 -1.662163e-01 -1.594189e-01 -1.157008e-01 -2.504058e-01
-6.894784e-02 -6.756765e-02 -1.231252e-01 -7.631063e-02 6.168456e-02 -9.160257e-02 5.711814e-02 -4.054606e-02
3.495674e-01 -1.270583e-01 -1.010008e-01 -7.143937e-02 -6.307923e-02 -1.040317e-01 7.318871e-02 2.049491e-01
-3.083201e-01 3.512083e-01 1.827133e-01 1.716391e-01 1.266170e-01 9.709953e-03 -1.233879e-01 1.277869e-01
3.704898e-01 -3.644507e-02 -8.364201e-02 -9.912079e-02 -1.126976e-01 -3.504369e-02 -2.922424e-02 1.166270e-01
-2.828303e-03 9.127724e-02 -4.193196e-02 -2.168189e-01 2.068521e-02 1.246418e-01 -1.479215e-01 -2.163937e-01
-1.244145e-01 -1.473152e-01 -2.875065e-01 -2.444530e-01 -1.712419e-01 -7.552197e-02 4.277084e-01 -2.104351e-01
2.144937e-01 -1.797035e-01 -8.635213e-02 -1.512327e-01 -1.369786e-01 4.715065e-02 -7.598581e-02 1.742559e-01
3.670596e-01 -5.645509e-02 -1.470761e-01 -7.061328e-02 -8.926713e-02 1.176999e-01 -2.101973e-01 -1.565890e-01
2.666855e-01 -7.178900e-02 -1.990748e-01 -1.378164e-01 -1.130348e-01 -1.887380e-01 1.206949e-01 1.238600e-01
-1.555758e-01 -1.596689e-01 -1.296268e-01 -1.103092e-01 1.612987e-01 2.138250e-01 -4.695737e-02 -1.016396e-01
3.330273e-01 -1.142701e-01 -1.675493e-01 -7.789681e-02 -1.882030e-01 -1.489484e-01 -9.299598e-02 -1.921233e-01
1.557166e-02 -1.062754e-01 -3.137383e-01 -9.046339e-03 -2.317693e-01 -1.083564e-01 1.046602e-01 -2.055329e-01
-1.405311e-01 -1.216487e-01 -5.161423e-02 -7.234976e-02 1.172462e-02 3.322865e-01 -2.075492e-02 -1.110026e-01
4.087193e-01 -2.084967e-02 -1.537787e-01 -3.615442e-02 -1.630945e-01 -1.252978e-01 -3.073521e-02 -7.571643e-02
-5.657694e-02 -1.681975e-01 1.175757e-01 -6.116694e-02 1.029151e-02 3.145881e-01 -1.147885e-01 -1.465408e-01
-4.165197e-02 -1.720000e-01 -1.218893e-01 -5.203188e-03 -1.799148e-01 -1.805423e-01 5.360146e-01 6.580967e-02
3.315926e-01 -1.273935e-01 -1.319076e-01 2.092599e-02 -1.291985e-01 -1.937121e-01 -5.350380e-02 2.485628e-01
-1.280531e-01 -5.305763e-02 -9.058298e-02 -1.092476e-01 -8.753709e-03 7.568359e-02 1.933989e-02 -1.847414e-01
3.789238e-01 -2.192272e-02 -8.958022e-02 -2.247085e-01 -1.923331e-01 -9.939639e-02 -6.014901e-02 -1.957141e-01
1.999085e-01 -1.123594e-01 -3.189683e-01 5.098791e-02 -1.972576e-01 -8.013568e-02 9.240291e-02 -1.179386e-01
-3.030043e-02 -1.682353e-02 -2.222262e-01 -1.818750e-01 -1.408127e-02 -6.951356e-02 -3.853998e-02 -1.589266e-01
1.925922e-01 7.461076e-02 -2.712636e-02 -1.864505e-01 -5.295560e-02 1.285640e-01 -1.396491e-01 -9.943551e-02
-2.905069e-01 -2.113043e-01 7.534477e-02 -1.027608e-01 1.207513e-02 5.859062e-02 -6.999445e-02 2.052845e-01
-1.226103e-01 -1.031452e-01 -8.142193e-02 -9.685247e-02 2.330610e-01 3.298838e-01 1.166001e-02 -1.256683e-01
4.328747e-01 -2.123065e-02 2.130390e-01 -1.026648e-01 -9.116600e-02 -1.001623e-01 3.338340e-01 -7.066473e-02
-2.797242e-01 -2.025220e-01 -1.317310e-01 6.895532e-03 1.040103e-01 1.361651e-01 -2.333952e-01 1.811096e-01
2.764491e-01 -2.907477e-01 5.972033e-02 -9.474229e-02 -3.257236e-02 -5.901025e-04 1.517157e-01 5.350897e-03
2.582038e-02 3.573114e-03 -1.754567e-01 -2.868373e-01 1.644701e-01 2.129781e-01 1.297881e-01 7.628490e-02
-3.273410e-01 -2.331551e-01 -3.684216e-02 -6.005552e-02 -6.420971e-03 -9.061782e-02 -1.908226e-01 -8.722907e-02
-1.370656e-01 2.056148e-01 -1.410739e-01 3.418100e-01 1.691783e-01 -8.250053e-02 -1.281854e-01 5.945864e-02
-2.407975e-01 -5.630521e-02 3.062469e-01 -1.814088e-01 -8.651677e-03 5.170733e-02 6.043367e-02 3.351823e-01
-8.809059e-02 -2.015269e-01 3.092604e-01 9.247941e-02 -8.364089e-02 -2.980619e-01 -1.636071e-01 -9.576876e-02
-1.314617e-01 -2.402748e-01 2.995524e-01 -2.182058e-02 -2.546794e-01 -1.921605e-01 -1.682217e-01 1.653828e-02
-1.417499e-01 -1.349211e-01 -7.518183e-02 1.757023e-01 3.581688e-01 1.177690e-01 -1.586637e-01 -4.336324e-02
-1.057410e-01 -5.126909e-02 -1.826110e-01 -2.156430e-01 1.775077e-01 3.042352e-01 5.298360e-02 -8.116604e-02
5.991045e-01 -1.230425e-01 2.816738e-01 -1.281397e-01 -1.245365e-01 -7.851315e-02 1.448589e-01 4.656260e-02
-7.576536e-02 -4.521108e-02 3.085435e-01 1.413583e-01 -2.040299e-01 1.620661e-01 -3.778535e-01 -3.872929e-01
-2.405182e-01 1.274330e-01 1.877594e-02 -1.293226e-01 2.235947e-01 -6.227342e-02 -4.817795e-03 -4.561765e-02
-1.543250e-01 3.774528e-02 -7.682300e-02 -5.302180e-02 3.327492e-01 6.748440e-02 -1.430429e-01 6.968974e-03
-1.547778e-01 -1.096496e-01 -1.225834e-01 1.603812e-01 3.703583e-01 2.485575e-01 -1.013923e-01 -7.277374e-03
-2.765359e-01 -2.033818e-01 2.680149e-01 -1.770296e-01 -2.817772e-02 -1.461023e-01 -1.510355e-01 2.332859e-01
-1.961726e-01 -5.784266e-01 1.366639e-01 -4.691495e-02 -6.407870e-02 -8.041559e-02 -2.564866e-01 3.258232e-02
-1.688761e-01 -5.877235e-02 -1.775394e-01 -2.782581e-01 1.534845e-01 1.508536e-01 1.623443e-01 -8.158479e-02
-2.988238e-01 1.646416e-02 -1.057283e-01 -1.468401e-02 3.111538e-01 -8.961570e-02 -2.777998e-01 -3.784966e-02
-9.811767e-02 1.250308e-01 4.748337e-01 1.636128e-01 -2.695072e-01 -5.969344e-02 -3.610428e-01 -2.156273e-01
-2.619971e-01 -4.961311e-02 -2.112896e-01 -1.722945e-01 1.984253e-01 1.178765e-02 4.995185e-02 6.031926e-02
-3.241609e-01 -7.196566e-02 2.474293e-02 -9.804256e-02 1.895780e-01 -1.501515e-01 -2.610951e-01 -9.849766e-02
-2.195857e-01 -1.311689e-01 -8.147363e-02 5.308209e-02 4.498893e-01 1.951754e-01 -1.170189e-01 -5.906557e-04
-6.718855e-02 -3.773517e-01 3.066706e-01 -2.041982e-02 -2.779986e-02 -1.322469e-01 -1.650125e-01 9.714279e-02
-2.431276e-01 -1.478760e-01 8.489657e-02 -1.442961e-01 3.819610e-02 -8.069102e-02 -5.609484e-02 -1.691642e-01
-1.192094e-01 5.558719e-03 -1.771929e-01 4.349392e-01 3.098897e-01 2.175376e-01 -1.548866e-01 -1.252969e-01
1.010419e-01 -1.925110e-02 -1.648805e-01 -2.152466e-01 2.214625e-01 2.644797e-01 1.387305e-01 2.411282e-02
-1.067470e-01 -9.790435e-02 -2.142552e-01 -1.610773e-01 3.441282e-01 1.713096e-01 1.711059e-01 1.006163e-01
-2.426639e-01 -3.963747e-01 -6.923146e-02 -4.388277e-03 1.046140e-01 -1.145312e-01 -2.506706e-01 -1.413836e-01
-2.532713e-01 -1.375527e-01 -4.207801e-02 1.792449e-01 4.238925e-01 5.176099e-02 -2.518705e-01 -3.521765e-03
-3.993980e-02 -1.961907e-01 -1.937596e-01 -5.241567e-02 1.791451e-01 3.214633e-01 7.818963e-02 -1.173468e-02
-1.796698e-01 -1.742740e-01 2.461814e-01 -2.276990e-02 -7.170856e-02 -2.927071e-01 -1.760907e-02 -9.055486e-02
-1.088737e-01 -7.927284e-02 -4.191907e-02 3.891408e-01 2.105948e-01 5.410551e-02 -3.184462e-01 -2.324753e-01
-3.103480e-01 -2.989764e-02 -1.539868e-01 -8.577874e-02 1.868022e-01 -1.629715e-01 -9.606890e-02 -7.287275e-03
4.462017e-01 -9.051112e-02 1.813284e-01 -8.042251e-02 1.086191e-01 2.996138e-02 2.297095e-01 3.164184e-02
-1.902239e-01 -1.683814e-01 -6.075706e-02 1.517065e-01 3.308555e-01 3.599124e-02 -1.831141e-01 -2.715326e-02
2.683039e-01 -2.018129e-01 3.036751e-01 1.961483e-01 2.051872e-02 -2.043034e-01 1.513161e-01 -1.867532e-01
-2.739797e-01 -1.338137e-01 -1.656906e-01 9.999564e-02 3.381853e-01 -1.327369e-02 -2.564899e-01 -1.586071e-01
2.669471e-01 -2.821433e-01 1.594769e-01 1.083158e-01 4.671614e-02 -9.796478e-02 5.569728e-03 -8.110492e-03
-1.717272e-01 2.122913e-01 3.271431e-01 5.927719e-02 -1.793388e-01 -1.146102e-01 -1.457503e-01 -1.044789e-01
-2.712354e-01 -1.109132e-01 -5.616906e-02 -1.522759e-02 7.713805e-02 -3.659649e-02 -2.999299e-01 -7.312452e-02
-4.912056e-02 -3.560683e-02 -1.196344e-01 -1.444081e-04 3.205528e-01 2.919561e-01 1.242628e-02 -8.613980e-02
-1.074954e-01 -4.460339e-02 -2.006231e-01 3.078088e-01 2.278502e-01 3.949111e-01 -7.507846e-02 -6.483521e-02
5.380208e-01 -5.994571e-02 1.549529e-01 -1.373381e-01 -1.238495e-01 -7.723594e-02 1.354923e-01 7.910646e-02
-2.018658e-01 1.841870e-01 3.232584e-01 5.559881e-02 -4.399046e-02 -9.569445e-02 -3.740881e-01 -2.731602e-01
-3.729364e-01 -3.654705e-01 -1.554451e-01 -9.452656e-02 9.276430e-02 -2.627723e-01 -1.601781e-01 -9.522481e-02
-2.498540e-01 -1.135437e-01 -2.277817e-01 -3.518962e-02 1.065974e-01 1.183657e-01 -5.246847e-02 6.207943e-02
2.697959e-01 -4.116759e-01 1.786291e-01 -1.324131e-01 8.958314e-02 -3.681704e-02 2.401724e-02 9.831277e-02
-1.487095e-01 1.903919e-01 -9.972034e-02 1.543569e-01 1.957456e-01 -6.819059e-02 -1.693412e-01 7.349911e-02
-5.837534e-02 -1.138781e-01 -1.803187e-01 -2.777653e-02 4.213500e-01 2.490155e-01 3.913605e-02 -3.037295e-02
-2.172385e-01 -2.187148e-01 -2.558526e-01 9.493577e-02 2.316345e-01 3.390277e-01 -1.672490e-02 -3.321775e-02
-1.906440e-01 -8.217320e-02 -1.429594e-01 -2.315288e-02 3.557446e-01 -1.188829e-02 -4.162735e-02 3.042437e-02
-2.048107e-01 -2.082089e-01 3.167852e-01 -1.157698e-01 1.671448e-02 1.142157e-02 -1.827167e-01 2.224619e-01
-7.200249e-02 -9.722897e-02 -1.184254e-01 3.910751e-02 4.280673e-01 2.085651e-01 -2.638027e-02 -3.242976e-02
-3.192979e-01 -1.322896e-01 -9.366322e-02 1.260190e-01 2.361989e-01 -1.850877e-01 -3.724699e-01 -1.291550e-01
-2.109278e-01 -1.172866e-01 1.708838e-02 4.199941e-02 3.292438e-01 -5.497077e-02 -2.580382e-02 -4.351634e-02
4.130751e-02 -2.408846e-01 3.771768e-01 5.270825e-02 -6.379112e-02 -2.659054e-01 -2.315810e-01 -1.146859e-01
-2.765877e-01 -1.867359e-01 7.838482e-02 -1.203110e-01 1.985309e-02 -2.282042e-01 2.483539e-02 5.197926e-02
-8.258711e-02 -2.359384e-03 -1.385055e-01 2.550451e-01 1.632077e-01 3.323982e-01 2.396203e-02 2.249666e-03
3.842465e-01 -2.660907e-01 1.431586e-01 2.136190e-03 6.905810e-02 -6.711512e-02 5.886110e-02 -4.193022e-02
-1.791441e-01 4.088988e-02 -1.107318e-01 -2.666194e-01 9.203804e-02 7.923689e-02 1.191345e-01 9.820122e-02
1.719015e-01 9.729065e-02 1.382900e-01 2.600944e-01 3.682317e-01 -8.309607e-02 1.596737e-01 -5.145441e-02
4.782808e-01 -1.903263e-01 -8.591084e-03 4.276139e-01 1.277443e-01 1.530000e-01 1.162738e-02 -1.360706e-01
-1.175973e-01 -7.538471e-02 2.017366e-01 -9.788905e-02 -1.130647e-01 -1.174140e-01 1.089978e-01 9.833436e-02
5.377095e-01 -1.373776e-01 -1.593614e-01 -1.062744e-01 -1.814399e-02 5.880472e-03 2.588570e-01 -8.392659e-02
2.240731e-01 -4.729290e-02 8.436863e-02 2.859728e-01 2.055343e-01 7.530247e-02 1.695727e-01 -1.906879e-01
4.389856e-01 -1.887154e-01 -1.408724e-01 1.381147e-01 -7.442115e-02 -3.928473e-02 7.874358e-02 -1.923070e-01
3.192750e-01 -3.519905e-02 -2.529155e-01 3.969644e-01 3.845248e-01 7.722486e-02 -7.832297e-03 -1.362176e-01
-5.702395e-02 -1.588131e-01 -2.927261e-01 2.395476e-01 -3.162659e-02 -3.058494e-01 9.346674e-02 2.879180e-01
-5.365527e-02 6.653534e-02 6.731467e-03 8.971538e-02 5.386566e-01 5.335579e-02 1.968685e-01 -7.424854e-02
-1.223680e-01 -1.627194e-01 3.762592e-01 3.769448e-02 1.851598e-01 -9.924205e-02 2.309984e-02 -6.487521e-02
1.789792e-01 -2.252083e-01 -1.622000e-01 3.423075e-01 2.581757e-01 -3.778390e-02 -4.270710e-02 -2.208488e-01
9.370581e-02 -2.269097e-01 1.933338e-01 1.893679e-01 2.157708e-01 1.097307e-02 -4.472175e-02 -2.949039e-01
2.546109e-01 5.854437e-02 2.639129e-01 -1.357217e-01 1.015857e-02 2.632705e-01 -1.412323e-01 -6.792042e-03
8.590231e-02 -2.721891e-01 6.576648e-02 2.628647e-01 -1.319614e-01 4.277083e-02 -6.571085e-02 -7.144168e-02
1.748658e-01 -1.789460e-01 1.493786e-02 3.617297e-01 5.008385e-01 -1.184436e-02 9.989814e-02 -1.759458e-01
-6.897555e-02 -1.481667e-01 1.000032e-01 -6.014683e-02 -1.932518e-01 -4.743376e-03 -5.338334e-02 1.813395e-01
-7.488877e-02 1.328927e-01 4.106403e-01 -4.048326e-02 1.853953e-01 -1.069342e-01 1.396635e-01 1.186246e-01
2.668135e-01 -2.053706e-01 9.965751e-02 3.284651e-01 1.269183e-01 2.081792e-01 1.839281e-01 -4.767080e-02
5.683222e-01 -1.579058e-01 -1.024461e-01 1.328651e-01 -3.998506e-02 -1.039885e-01 1.395180e-01 -9.313074e-02
-1.235794e-01 -1.339375e-02 2.267873e-01 -1.125049e-02 4.833810e-01 -1.371961e-01 1.096679e-01 3.029411e-02
-1.110670e-01 1.627715e-01 2.942188e-01 -2.250813e-01 -2.370203e-01 7.684439e-02 -2.356969e-01 3.323151e-01
4.621915e-01 -5.078451e-02 -1.142366e-01 4.272466e-01 1.536857e-01 8.632384e-02 -6.137856e-03 -1.245406e-01
5.174063e-01 -1.618179e-01 7.311630e-02 3.242791e-01 8.337806e-02 5.868720e-02 6.447864e-02 -1.562573e-01
1.700585e-01 -1.293310e-01 -1.621183e-01 2.140254e-01 4.490193e-01 -6.785829e-02 -6.876244e-02 2.754865e-02
1.036812e-01 -1.922352e-01 5.011193e-02 4.116228e-01 4.276436e-01 -1.220836e-01 3.965655e-02 -1.252033e-01
-1.506849e-02 -9.852217e-02 -1.756871e-02 2.813448e-02 -2.182429e-01 -9.321077e-02 -6.603018e-02 -3.995255e-02
5.349079e-01 -1.242216e-01 -9.553068e-02 1.608446e-02 -1.374745e-01 3.347123e-02 9.712686e-02 -9.491917e-02
1.107850e-01 -1.081106e-01 7.804000e-02 3.541166e-01 4.826303e-01 9.670177e-03 1.651126e-01 5.112574e-03
4.701913e-01 -1.085212e-01 -1.513814e-01 4.342442e-01 1.602843e-01 1.695836e-01 -3.411972e-02 -1.813813e-01
-1.233163e-01 8.435420e-02 1.643195e-01 -1.628843e-01 2.488483e-01 -1.245900e-01 -2.053388e-01 -8.344556e-02
3.646957e-02 -7.225244e-02 2.318790e-01 1.803232e-01 4.559072e-02 -9.086898e-03 6.452757e-02 -1.323599e-01
-3.366406e-02 -1.826694e-01 3.609783e-01 1.504154e-01 3.476319e-01 1.776352e-02 3.432379e-02 -9.724573e-02
-9.595286e-02 9.172504e-02 4.515538e-01 -8.254226e-03 3.549516e-01 -1.134127e-02 2.453063e-02 1.571288e-01
3.801498e-01 -1.741147e-02 1.206643e-01 3.520200e-01 2.105443e-01 2.388550e-01 -1.130952e-01 -1.129796e-01
3.680664e-01 -1.124591e-01 -2.387170e-01 4.383261e-01 2.862121e-01 8.090506e-02 2.129542e-02 -1.448051e-01
5.812697e-01 -2.785012e-02 -1.954147e-01 -1.177460e-02 -1.476092e-01 -3.208588e-03 3.125487e-02 -4.249340e-02
3.251917e-01 4.936117e-02 -1.050975e-01 3.725542e-01 1.475127e-01 -1.007861e-02 -1.824935e-02 3.109265e-02
-6.974635e-02 -2.866973e-01 -1.062794e-02 -2.424821e-02 -1.842590e-01 -2.049807e-01 2.032184e-01 4.338540e-02
-9.525516e-02 8.790223e-02 2.235126e-01 -3.193481e-01 -8.420157e-02 -9.288748e-02 3.092223e-01 9.925829e-02
1.908762e-01 -4.312366e-03 1.636225e-01 3.113537e-01 3.582881e-01 -1.812454e-01 7.408408e-02 -2.430963e-02
-1.418377e-01 -2.625576e-01 1.230318e-01 2.771462e-01 -1.232922e-01 -5.305948e-02 -5.105390e-02 -1.808547e-01
2.647565e-01 -9.879691e-02 2.883002e-03 3.147050e-01 2.195977e-01 -8.287612e-02 -1.070643e-01 3.527230e-02
-2.953665e-02 1.477121e-02 1.658114e-01 8.983864e-03 -7.557270e-02 -4.616783e-02 -1.857441e-01 3.039268e-01
1.411722e-01 -2.301219e-01 -8.265048e-02 3.216628e-01 -3.816034e-02 3.045354e-03 1.370230e-02 -9.134269e-02
4.161641e-01 -1.754839e-01 -6.940871e-02 4.951963e-01 1.257160e-01 -6.441714e-02 5.550345e-03 -1.532688e-01
-6.468012e-02 1.990197e-01 -1.006048e-01 -2.066784e-01 -2.169073e-01 1.012924e-01 -2.250266e-01 5.348536e-01
-1.852676e-02 1.667546e-01 1.682006e-01 -2.419038e-01 -1.312941e-01 -3.342815e-02 -1.122851e-01 2.758187e-02
4.130934e-01 -5.738911e-02 -2.090534e-01 -1.655891e-02 -4.269550e-03 8.986566e-02 1.304255e-01 8.030923e-03
1.511316e-04 -7.579557e-02 5.162529e-02 -1.797963e-01 -1.879961e-01 2.598402e-02 -2.981162e-01 5.305194e-02
1.896304e-01 -2.515440e-02 -2.918944e-01 3.750947e-01 2.843581e-01 6.775770e-02 -3.033791e-02 6.783830e-03
2.561513e-01 1.123993e-01 1.200617e-01 3.882872e-03 4.943913e-02 -7.495070e-02 2.322318e-01 -1.788380e-01
-9.610707e-02 1.650767e-01 2.174338e-01 -1.054110e-01 -6.236427e-02 -4.668996e-02 9.201284e-03 4.369451e-01
3.825203e-01 -2.681269e-01 -1.327594e-01 3.225378e-01 1.342474e-01 -6.232017e-04 -4.443234e-03 -7.830416e-02
-1.454216e-02 -1.006259e-01 1.851019e-01 1.523948e-01 5.582592e-01 -1.500300e-01 7.378519e-02 -1.754110e-01
5.400367e-01 -7.858342e-02 -2.203150e-01 3.718452e-01 7.193211e-02 3.977512e-02 -2.345426e-02 -1.042561e-01
3.374097e-01 -9.862486e-02 1.020727e-03 3.628390e-01 2.971696e-01 4.929670e-02 1.427121e-01 -1.303076e-01
5.688512e-01 -9.888770e-02 -2.316330e-01 9.123735e-02 -8.887400e-02 6.471647e-03 9.471498e-02 -8.278967e-02
2.901993e-01 -6.739230e-02 -1.803047e-01 3.634762e-01 3.840405e-01 9.810480e-03 5.059880e-02 -1.902843e-01
-1.402909e-01 2.805046e-01 1.668626e-01 -1.086206e-01 2.896453e-01 8.031266e-02 -1.293915e-01 1.474448e-01
9.079687e-02 -1.603164e-01 2.674044e-01 2.285512e-01 4.481521e-01 -9.404675e-02 5.173825e-02 -1.832779e-01
3.408076e-01 -2.204536e-01 -7.183747e-02 4.143089e-01 2.238279e-01 5.542084e-02 4.486026e-02 -2.595499e-01
-4.404816e-02 1.191127e-01 5.860380e-02 2.676991e-02 1.227821e-01 5.135199e-02 1.176628e-01 -2.380881e-02
-1.921516e-02 -1.317769e-01 1.009468e-01 1.547619e-01 5.902885e-01 -1.212029e-01 9.508564e-02 -1.566016e-01
2.234076e-01 -2.148523e-01 1.485553e-01 3.218439e-01 3.282012e-01 -2.299148e-02 1.701419e-02 -2.164079e-01
