1 5 16 16 32
-3.092256e-01 -1.267474e-01 -1.687628e-01 4.686659e-01 6.006855e-01 1.471619e-01 4.333400e-01 -4.102835e-02 -4.573030e-02 3.067542e-01 -5.914537e-02 1.257241e-01 3.550325e-01 1.622698e-02 4.418461e-01 -2.519818e-01
-1.422415e-01 3.056402e-01 2.651900e-01 2.441551e-01 4.646473e-02 -3.032172e-01 2.478366e-03 3.284929e-01 -2.997281e-01 -1.049943e-01 1.254746e-01 4.711497e-01 2.363695e-01 -1.519147e-01 -4.786308e-01 -4.510662e-02
8.595873e-04 -2.822381e-01 2.471179e-01 1.608251e-01 -8.886243e-02 4.402436e-01 2.250461e-02 1.021534e-02 2.452331e-01 -7.797665e-02 -1.214269e-01 -4.698320e-02 5.327742e-01 -3.905500e-01 -8.135822e-02 -3.008717e-01
2.301454e-01 -3.891806e-01 -2.345339e-01 -3.038554e-01 -2.216291e-01 3.928294e-01 -1.456160e-01 5.734477e-02 2.879938e-01 2.410175e-01 -1.468400e-01 -4.393764e-01 -2.842033e-01 1.377527e-01 8.429376e-01 -1.627293e-01
4.692547e-01 4.134754e-01 3.435172e-01 -2.174558e-01 -5.246487e-01 -2.472104e-01 -4.683962e-01 3.515978e-01 -1.798856e-01 -1.504483e-01 6.697963e-01 -4.101626e-02 -3.116467e-01 -1.298897e-01 -4.387963e-01 4.678793e-01
-7.590777e-02 4.444536e-01 -9.361894e-02 -1.878986e-01 1.185533e-01 2.938904e-01 3.953549e-01 -5.760514e-01 3.070275e-01 -4.233620e-01 -4.310990e-01 -7.136183e-02 3.833938e-01 3.642615e-01 -2.313350e-01 -1.070612e-01
-1.192074e-01 2.720535e-01 -2.811831e-01 2.198912e-04 3.602321e-01 1.808912e-01 -4.441878e-01 -2.531673e-01 4.419926e-02 -2.490876e-01 2.054532e-01 4.171188e-01 -2.200646e-01 7.965257e-02 4.642563e-01 -1.835249e-01
-1.619407e-01 1.492879e-01 -7.780787e-03 -2.553472e-01 -3.945680e-02 -4.365821e-01 -1.904296e-01 5.114417e-01 1.716744e-01 3.763512e-02 -1.593018e-01 -2.993612e-01 -4.662859e-01 6.659440e-01 7.463770e-01 -6.156279e-01
1.760754e-02 1.051867e-01 -2.405123e-01 1.920461e-01 -7.579761e-02 1.057238e-02 4.203044e-01 3.230268e-01 2.960509e-02 2.702790e-01 1.272761e-01 -6.041748e-02 4.516363e-01 1.547359e-01 -1.140184e-01 4.825301e-01
-6.334905e-03 -3.188294e-01 1.988777e-01 -1.701823e-01 1.772654e-01 -2.341905e-01 -4.790819e-01 1.905430e-01 1.095546e-01 -4.308076e-01 -1.627331e-01 4.656455e-01 -7.090318e-02 5.167336e-03 7.104719e-01 -2.199182e-01
2.309558e-01 -2.585761e-01 5.762634e-02 4.290823e-01 -4.342946e-01 -2.785292e-01 -4.813609e-01 6.034812e-01 -4.017521e-01 5.960604e-01 6.637028e-01 -1.952267e-01 -3.892333e-01 -1.710193e-01 -5.777264e-02 3.447931e-01
-2.206830e-02 -3.096131e-01 4.086484e-01 1.090487e-03 -4.766817e-01 -2.781540e-01 5.631525e-01 3.175416e-01 -1.120025e-01 3.588089e-01 -3.759274e-02 -2.906653e-01 2.186880e-01 -2.658422e-01 -3.762710e-01 1.739130e-01
-2.263734e-01 6.892401e-01 -1.170667e-01 -5.003728e-02 1.834586e-01 -1.798049e-01 -2.793333e-01 1.384886e-01 -2.047765e-01 1.481068e-01 4.895328e-03 2.027897e-01 -2.758312e-01 -7.432060e-02 -4.564932e-01 -2.051954e-01
-1.337819e-01 -1.739234e-01 -1.503417e-01 8.250301e-02 4.266483e-01 1.234368e-01 -4.509225e-01 2.784342e-02 2.887686e-01 -3.931702e-01 -1.259520e-01 6.474473e-01 -5.877363e-02 -4.835736e-02 6.067325e-01 1.267464e-01
6.077599e-01 5.005067e-01 -1.713132e-01 -2.716354e-01 -1.575393e-01 -4.134092e-01 -5.879647e-01 1.622137e-01 -2.970160e-01 -2.289769e-01 6.142559e-01 -2.101879e-01 -6.301542e-01 1.217107e-01 -1.533533e-01 6.317723e-02
1.025621e-01 -3.180141e-01 -3.956690e-02 -2.405691e-01 4.071664e-02 5.163795e-01 3.509215e-01 -3.967490e-01 3.641621e-01 -1.289875e-01 -1.275525e-02 -2.091159e-01 7.663401e-02 1.649251e-01 4.887614e-01 5.684170e-02
-8.015908e-02 -1.939108e-01 -1.594792e-01 -8.981980e-02 5.207248e-01 1.518682e-01 -7.904775e-02 1.031627e-01 -2.638035e-02 -2.030086e-01 -1.953748e-01 -2.801164e-01 -1.034383e-01 1.854588e-01 7.326811e-01 -7.335246e-01
7.985868e-02 3.352571e-01 5.620474e-02 2.545489e-01 -1.016604e-01 -3.396566e-01 -3.382221e-01 5.559155e-01 -3.743315e-01 3.364139e-01 1.774372e-01 2.649160e-01 -7.444386e-02 -2.941388e-01 -4.880966e-01 -2.675719e-02
-2.825136e-01 -1.686733e-01 3.036023e-01 2.518703e-01 8.448108e-02 -1.420785e-01 1.045728e-02 9.060360e-02 3.347196e-01 -8.761180e-02 -2.343266e-01 4.543057e-01 2.454484e-01 -2.864603e-01 -2.093930e-01 -1.240567e-02
-4.355548e-03 -6.217257e-01 -2.609376e-01 -9.978908e-02 1.097990e-01 1.782797e-01 -2.122124e-01 -2.710099e-02 3.941225e-01 4.099417e-02 -7.283710e-03 9.662253e-02 2.125497e-02 1.812196e-01 9.912592e-01 5.523584e-02
-1.199788e-01 1.843273e-01 5.089103e-01 7.494631e-02 -1.835015e-01 -7.299546e-02 -1.353271e-01 4.240239e-01 -2.565120e-01 3.915535e-01 4.066829e-01 6.308711e-02 1.523352e-01 -1.443096e-02 -1.641706e-01 5.622124e-01
-1.434449e-01 1.773660e-01 -9.438258e-03 -1.125071e-01 6.663819e-01 -1.595611e-01 -2.893927e-01 -8.701796e-02 3.341513e-01 -2.583238e-01 -2.683804e-01 2.265711e-01 -1.520997e-01 1.538489e-01 9.033698e-02 -8.054611e-02
2.577653e-01 2.634137e-01 -2.464088e-01 4.073539e-01 -2.321675e-01 2.270426e-01 -1.182502e-02 9.592698e-02 7.991816e-03 5.627130e-01 5.179020e-01 -2.401602e-01 -8.713401e-02 -1.696000e-01 -2.304704e-01 1.405177e-01
-5.268782e-02 3.708518e-01 1.663131e-01 -2.407400e-01 1.673408e-01 3.136680e-01 -9.422277e-02 -5.551502e-01 -9.328482e-02 2.756463e-01 2.965908e-02 -1.926851e-01 -4.845907e-01 -3.843748e-01 -1.767226e-01 -2.709704e-01
7.617869e-01 1.748170e-01 -3.230710e-01 -8.886873e-02 -2.363243e-01 2.284543e-01 -2.652396e-01 -1.125162e-01 -1.090839e-01 -3.361708e-01 1.626748e-01 -1.138801e-01 -1.784045e-01 -5.751918e-02 -4.922447e-03 -5.613425e-01
-8.868774e-02 5.245127e-01 1.237770e-01 -7.439801e-02 3.627636e-01 2.911787e-01 -9.232000e-02 2.063769e-01 -3.477097e-02 -2.724422e-02 -4.571663e-02 3.690209e-01 -2.633522e-01 -2.409654e-01 -3.485088e-01 -1.958417e-01
-5.357363e-01 -7.340715e-02 -3.542001e-01 -1.672053e-01 6.150878e-01 1.906215e-01 4.819432e-01 -4.558476e-01 5.381026e-01 -3.609887e-01 -5.765705e-01 4.702192e-01 3.915068e-01 1.311427e-01 1.463086e-01 7.067209e-03
5.416218e-01 1.531670e-01 -2.325531e-01 -3.957399e-02 -2.917812e-01 5.776510e-01 1.344101e-01 -1.011018e-01 -1.239277e-01 -1.361829e-01 9.024106e-02 -8.330169e-02 5.905241e-02 -9.715240e-02 -2.009992e-01 -5.867337e-01
-4.023595e-01 -1.999436e-01 1.951779e-01 1.893385e-01 1.698071e-01 -3.608612e-01 -3.164909e-02 -1.161474e-02 -7.180980e-03 1.552660e-01 1.789675e-02 3.471338e-01 1.340548e-01 -2.172759e-01 -3.124501e-01 6.480461e-01
-1.990637e-01 9.846858e-02 3.004710e-01 1.073356e-01 -2.532634e-01 1.753286e-01 4.454370e-02 3.423622e-01 -1.955987e-01 2.871458e-01 1.132605e-01 1.801763e-01 4.778564e-01 6.512898e-02 -2.708432e-01 6.024309e-01
-2.165493e-02 4.599046e-01 6.042054e-02 -7.800205e-02 2.872056e-01 -1.328378e-01 4.956564e-02 2.164039e-01 -1.253405e-01 -3.891163e-02 1.654057e-01 5.828476e-01 -5.890811e-02 -1.275459e-01 -2.841941e-01 -3.040404e-01
6.985056e-01 2.678421e-02 1.717611e-01 -3.548643e-01 -4.890578e-01 -2.042390e-01 -5.890485e-01 6.301297e-04 -2.526034e-03 -4.881450e-01 1.657160e-01 -2.937071e-01 -3.184074e-01 -1.924983e-01 -4.113644e-01 7.785713e-02
2.741001e-02 -1.543535e-01 -1.043747e-01 -7.880917e-02 1.112457e-01 -6.729311e-03 1.710219e-01 -5.767434e-01 -1.923511e-01 3.588066e-01 3.804263e-01 1.300205e-01 -5.402344e-02 1.954523e-01 -4.023747e-01 -9.651387e-02
1.147366e-01 3.624963e-01 4.144789e-01 -6.951020e-02 -4.329781e-01 1.006483e-01 -1.945583e-01 -1.101184e-01 -1.728832e-01 -3.466012e-01 3.334418e-01 -1.490859e-01 1.705188e-02 -1.500917e-01 4.486333e-01 1.193165e-01
-1.512697e-01 -4.669757e-01 -1.517044e-02 2.830176e-01 3.142622e-01 -3.912129e-01 -3.344678e-01 6.208412e-01 7.504139e-02 -2.147708e-01 -3.343524e-01 1.517364e-01 -2.036556e-01 -8.293028e-02 2.807018e-01 2.517963e-02
1.964424e-01 2.495629e-01 3.342395e-02 -4.848243e-02 -7.220909e-02 6.244392e-01 -6.019972e-01 -1.513350e-01 1.508766e-01 -5.040252e-01 1.026765e-01 -2.873004e-01 -4.196432e-01 2.173401e-01 1.082262e-01 1.020420e-01
-2.604578e-02 -2.442496e-01 -3.723257e-02 3.855808e-01 1.891540e-01 -3.147057e-01 1.864985e-01 7.537995e-02 -2.533541e-01 1.441514e-01 -1.846825e-02 3.997402e-01 2.076436e-01 -1.287162e-01 -2.044006e-01 -7.778542e-02
-7.537388e-02 3.972458e-01 -6.123889e-02 4.138304e-02 -5.577070e-01 -2.977617e-01 -8.723895e-02 -9.359529e-02 6.468562e-01 -4.190336e-01 -1.539015e-01 -7.706548e-02 4.811507e-01 -1.806397e-01 -2.552005e-01 6.906750e-02
-9.707849e-02 1.026543e-01 1.608423e-01 -1.739628e-01 -3.037507e-01 -3.555216e-01 5.633357e-02 -4.919517e-01 -2.745575e-01 -1.609631e-01 -1.068298e-01 3.834635e-01 5.269498e-01 -6.136203e-02 9.863801e-02 4.234668e-01
-2.340836e-01 2.650425e-01 -1.918419e-01 1.341924e-01 2.971502e-01 -5.447127e-01 3.809807e-02 -2.283789e-01 2.315269e-01 -7.371861e-02 4.958991e-02 -2.080817e-01 -2.020792e-01 -1.956912e-01 1.203025e-01 6.137663e-02
-2.542804e-01 1.687346e-02 -2.428544e-01 1.646640e-02 1.837372e-01 -1.729767e-01 -1.864891e-01 1.672605e-01 -1.807715e-01 3.500088e-01 3.548392e-01 3.197161e-01 -2.489743e-04 8.533085e-02 5.419902e-01 -1.260535e-01
2.893795e-01 4.452346e-01 -1.902024e-01 -3.258675e-01 -9.290840e-02 9.142844e-02 -1.612448e-01 -2.419983e-01 -9.413140e-02 1.859321e-01 2.722725e-01 -8.244894e-02 3.872598e-01 1.098035e-01 6.820055e-01 -1.215635e-01
5.950051e-01 -2.123645e-01 -9.402980e-02 -2.327266e-01 -4.504214e-02 -1.311728e-01 -1.427121e-01 -3.208390e-02 3.213244e-01 -1.564486e-01 -2.622293e-01 -1.707449e-01 4.058569e-01 1.506460e-01 8.681896e-02 7.544557e-02
3.314291e-01 -3.157175e-01 3.123705e-01 5.674471e-02 1.728409e-01 1.788275e-01 -2.505012e-01 -7.483088e-02 -3.948126e-01 -1.281376e-01 -2.339575e-01 1.093030e-01 3.265531e-01 3.365269e-02 2.946264e-01 4.238840e-02
-1.717110e-01 1.751360e-01 5.443327e-01 -2.004779e-01 -8.653247e-02 1.520398e-01 -2.976687e-02 3.931811e-01 2.133712e-01 -4.906320e-01 4.395242e-02 -2.709257e-01 5.124184e-02 -5.168063e-01 -5.632705e-03 5.985007e-01
-1.652767e-01 1.453232e-01 -4.871314e-03 5.997028e-01 1.452259e-01 -1.960221e-01 1.162984e-01 -7.740652e-02 7.984819e-01 -3.329669e-01 -1.853646e-01 -1.265741e-01 -8.885378e-02 -4.349937e-01 -2.117654e-01 4.253625e-01
4.719933e-01 -5.186634e-02 1.690890e-02 3.590358e-01 7.719485e-02 1.906762e-01 -1.244229e-01 4.030440e-01 3.523407e-01 -4.096054e-01 -1.132566e-01 -7.130383e-02 -2.731179e-02 -2.281019e-01 -4.042959e-01 -1.409870e-01
-2.856398e-02 -5.117135e-02 5.529318e-03 2.619664e-01 5.321077e-02 -7.257375e-02 1.599091e-01 2.267486e-01 4.271728e-01 -2.500659e-01 -5.980207e-01 -5.725838e-02 -5.385904e-02 -3.602499e-03 -5.455039e-01 1.101948e-01
7.585850e-02 -7.301967e-02 -6.334709e-02 1.528532e-01 3.534513e-01 -2.964024e-02 -1.710922e-01 -2.411927e-02 -3.692659e-01 2.081452e-01 3.624729e-01 1.707156e-01 -8.082096e-02 -2.566943e-01 -4.271087e-01 -7.432479e-02
1.734840e-01 2.445626e-01 -1.861626e-01 -1.115553e-01 -4.846775e-03 -3.826233e-01 -2.750612e-02 -5.856062e-01 -1.395801e-01 1.335296e-01 4.294022e-01 2.151547e-01 2.411087e-01 3.280459e-01 4.969360e-01 -3.406285e-01
7.839310e-02 1.472682e-01 -1.199897e-02 1.394218e-01 1.156687e-01 -5.318729e-02 -1.294462e-01 7.841008e-01 3.526898e-01 -2.543142e-02 -1.418860e-01 -3.718520e-01 3.901439e-02 1.421950e-01 -1.369528e-01 -2.481835e-01
2.019497e-01 2.630124e-01 3.049196e-01 1.656484e-03 -2.531844e-01 2.141150e-01 2.195894e-01 -4.396521e-01 5.780661e-02 -2.276298e-01 1.820364e-01 -1.969885e-01 1.373650e-01 7.777001e-02 -5.021009e-01 3.604918e-02
8.023969e-02 7.207021e-02 2.418506e-02 1.517516e-01 2.639372e-01 1.831775e-01 1.467989e-01 1.021656e-01 -2.188224e-01 -5.789350e-02 1.321923e-01 1.307125e-01 -1.779799e-01 1.581410e-02 1.295763e-02 4.239213e-01
2.065282e-01 5.461784e-01 1.410507e-01 -3.539881e-01 -4.384694e-01 2.975310e-01 1.657514e-01 -4.863061e-01 2.280306e-02 6.729849e-02 2.086110e-01 -1.514945e-01 3.975244e-01 1.893443e-02 -2.576357e-01 -7.862493e-02
1.250230e-01 -2.393846e-01 -6.303601e-01 2.920118e-02 1.529090e-01 -2.792263e-01 7.237365e-02 -2.444880e-01 -2.466330e-01 4.346959e-01 -6.285156e-02 1.656717e-01 -8.180889e-02 4.708636e-01 -1.971212e-01 -5.695134e-01
2.815132e-01 -4.983359e-02 -1.511986e-01 -3.655539e-01 -2.662130e-02 1.958364e-01 -1.813325e-01 -1.182694e-01 -7.061402e-01 1.831261e-01 7.240914e-03 2.519088e-01 2.828072e-01 2.691665e-01 1.417669e-01 -7.499922e-02
3.332889e-01 -9.824747e-02 -5.795601e-02 2.150811e-02 -1.131396e-01 -1.601229e-01 1.117308e-01 3.958332e-01 1.262913e-01 1.002409e-01 -1.108984e-01 2.802484e-02 7.400255e-01 -1.597743e-01 -7.837892e-01 -2.719512e-02
8.755826e-05 -2.280647e-02 -4.266787e-03 6.181840e-02 -2.524540e-02 1.321942e-01 1.694923e-01 -3.565455e-01 -8.595797e-03 2.371521e-01 8.672526e-02 2.060175e-01 2.509805e-01 -2.455078e-02 -7.348947e-01 3.267951e-02
-2.170151e-02 6.919896e-02 3.726684e-01 -3.196872e-03 -1.913722e-01 4.236609e-01 -1.483791e-01 2.547720e-01 -5.403911e-02 -3.904180e-01 7.987060e-02 5.858997e-02 2.905247e-01 -2.204648e-01 1.955602e-01 2.698438e-01
-4.332951e-01 2.281419e-01 2.224467e-01 -1.306922e-01 4.446230e-02 2.829780e-01 -4.314008e-01 -3.257421e-01 -2.558961e-01 -2.412200e-01 1.304252e-01 -3.782490e-02 -3.799472e-01 1.663754e-01 6.981000e-01 -5.235415e-02
5.240661e-02 1.527943e-01 1.704456e-01 4.342791e-02 -1.487072e-01 -3.692936e-02 -1.710166e-01 3.329097e-01 2.911717e-01 -5.467086e-01 -3.451770e-01 -1.324041e-01 1.889150e-01 -1.944188e-02 5.200285e-01 5.862566e-02
-1.266747e-01 1.800530e-02 -1.234689e-01 2.422456e-01 1.871218e-01 9.293973e-02 -1.156574e-01 -2.401469e-01 4.922471e-02 -5.726456e-02 5.240209e-02 8.972395e-02 -5.678324e-01 1.022255e-01 -2.185319e-01 -1.292522e-01
4.771612e-01 -1.466617e-01 5.561742e-02 -8.536932e-02 -2.253156e-01 6.213627e-01 -2.428487e-01 -2.472158e-02 3.377948e-02 -1.595754e-01 -1.913128e-01 4.788604e-02 3.543252e-01 3.040357e-02 -8.147564e-02 7.297632e-02
1.167212e-01 2.178437e-01 4.677512e-02 -3.434432e-01 -2.003110e-01 3.202957e-02 3.338751e-01 7.465832e-02 1.231825e-01 -9.057728e-02 -8.502688e-02 -4.185977e-02 9.307170e-01 -5.761642e-02 1.855637e-01 6.926138e-02
-5.524070e-02 1.796704e-01 1.016322e-01 -1.312803e-01 -5.029441e-02 -8.232851e-02 -1.087621e-01 1.373037e-01 -4.515189e-02 4.097518e-01 -1.672076e-01 -1.972364e-01 -1.641652e-01 -1.205170e-02 -4.013709e-02 4.877957e-02
-3.280528e-02 1.581002e-01 -3.401453e-02 -2.080808e-01 2.787893e-01 3.072624e-02 1.109071e-01 1.108417e-02 1.687007e-01 2.588023e-01 2.585414e-01 4.213484e-01 -1.116368e-01 2.722427e-02 7.927154e-02 -1.327831e-01
4.815813e-01 -1.962906e-01 -1.436616e-01 1.050033e-01 -6.283629e-02 9.582405e-02 1.580900e-02 -1.217238e-01 3.357710e-02 -1.925507e-01 1.135709e-02 3.049347e-01 2.133743e-01 -8.110679e-02 -1.212893e-01 -1.493189e-01
-2.490812e-01 -1.977378e-02 1.403923e-01 9.335467e-02 4.511408e-01 1.080164e-01 4.023980e-01 1.743760e-01 6.889048e-02 8.621328e-02 3.755230e-02 -2.334707e-01 5.093199e-02 1.542466e-01 2.994292e-01 3.374130e-03
-3.558360e-01 1.956411e-01 3.294178e-01 1.500742e-01 1.438855e-01 2.072500e-01 1.257335e-01 1.395077e-01 5.450404e-02 5.201452e-01 1.506491e-01 2.873831e-01 1.288970e-01 4.645268e-02 1.170798e-01 1.501087e-01
7.542878e-02 -1.254993e-01 2.948242e-01 -1.029798e-01 -1.281645e-01 -1.340706e-01 3.311713e-01 -6.317940e-02 -7.803832e-02 -1.563293e-01 -2.505315e-01 -2.240418e-01 1.951632e-01 8.658252e-02 -2.324712e-01 -2.132648e-02
-6.123707e-02 3.653114e-02 -2.720497e-01 1.172272e-01 1.934604e-02 1.407560e-01 -2.449071e-01 8.893093e-02 2.633355e-02 -2.114768e-02 2.333493e-01 3.327088e-01 -1.937436e-01 -5.672577e-02 4.548624e-01 -1.582353e-02
-1.080831e-02 1.240929e-01 -1.059219e-01 7.791230e-02 2.086284e-01 -1.095567e-01 -2.647274e-02 8.419391e-02 -2.144895e-01 6.687778e-02 4.819653e-01 -8.378646e-02 9.813009e-02 -1.705880e-01 -3.628566e-02 8.670741e-02
3.214487e-01 -2.898576e-02 -1.135281e-01 -1.276823e-01 -4.426517e-03 5.364276e-01 -1.181596e-01 2.742951e-02 -1.039653e-01 -7.895759e-02 -4.105467e-02 -3.353225e-01 1.107061e-01 -1.292791e-02 -1.048419e-02 -2.209462e-01
-1.559410e-01 1.141281e-02 -4.501205e-02 -1.695398e-01 5.539170e-02 7.111008e-02 4.366517e-01 -4.923733e-02 2.328688e-01 -1.039076e-01 -3.389591e-01 1.189092e-01 4.374737e-01 1.346469e-01 -2.475880e-01 9.250532e-02
-2.257290e-01 1.255862e-01 4.262167e-01 3.014620e-02 1.813352e-01 1.706124e-01 5.056437e-02 3.585258e-01 -2.088978e-01 2.075077e-01 2.081314e-01 -6.313248e-02 1.558469e-01 6.035326e-02 1.226947e-01 2.826886e-01
1.212914e-01 -9.659506e-03 6.486156e-02 -3.503434e-02 2.682396e-01 9.453311e-02 1.965609e-01 2.740899e-02 -1.936132e-02 -1.735145e-02 3.177094e-01 6.421275e-01 2.893829e-01 -6.757913e-02 6.961040e-02 -1.234710e-01
1.234026e-01 -3.024622e-01 -1.431568e-01 1.419474e-01 -4.826266e-02 1.336202e-01 1.943924e-01 -8.196778e-02 3.634012e-02 -2.407787e-02 3.525761e-01 3.538705e-01 1.432882e-01 -1.913536e-01 3.155566e-01 -1.086328e-01
-1.040618e-01 2.243280e-01 -1.199018e-01 -8.968263e-02 7.226489e-03 -3.256063e-01 2.201914e-02 -5.317505e-02 -3.014623e-01 2.283966e-01 2.140878e-01 1.046856e-01 -2.669457e-01 5.558185e-02 -2.490343e-01 4.383951e-01
-1.983911e-02 -7.747547e-02 7.458885e-02 -1.508046e-01 -6.489891e-02 2.161305e-01 6.735098e-02 -9.182750e-02 4.179843e-01 -6.114326e-02 -2.099854e-01 2.828778e-01 -2.589884e-02 1.781229e-01 6.162941e-03 -7.923220e-02
-1.224163e-01 1.852568e-01 1.292177e-01 -2.008146e-01 6.124858e-01 1.435465e-02 -2.728834e-01 8.690774e-02 8.374365e-02 -1.306064e-01 -2.531398e-01 4.410991e-02 -6.688157e-02 1.201647e-02 6.052398e-02 -2.567174e-01
2.037893e-01 -2.467173e-01 4.895810e-02 1.362248e-01 -1.155041e-01 4.792363e-01 -6.082515e-02 4.400907e-03 1.689149e-01 -2.068002e-01 -1.037559e-01 -2.083983e-01 2.754466e-01 -1.456470e-01 1.675560e-01 -2.752376e-01
-2.799006e-01 -2.260629e-02 1.128113e-02 1.959857e-02 3.545777e-01 -1.300157e-01 -7.189380e-02 -5.733446e-02 2.577459e-01 -1.471221e-01 -2.554671e-01 4.071585e-01 3.437384e-02 -1.112543e-02 5.938527e-02 1.905228e-02
5.289823e-01 1.638181e-01 -4.554577e-02 4.686032e-02 -7.245047e-02 -6.784432e-03 -5.637430e-03 -6.931364e-02 -1.136598e-01 1.099048e-01 4.325045e-02 -2.086193e-01 -8.108908e-02 -4.606672e-02 -3.771343e-02 -4.343660e-02
-3.480750e-02 -9.373039e-02 1.318715e-01 1.758225e-01 8.091533e-02 -3.521487e-03 1.537910e-01 2.703120e-02 -1.201846e-01 -2.647191e-01 2.296711e-01 3.634011e-01 5.124345e-01 4.275867e-03 -1.367158e-02 -1.395491e-02
9.299771e-02 -1.188978e-01 -5.570063e-02 2.567518e-01 -1.294136e-01 -1.699398e-02 -2.748905e-01 1.759261e-01 -1.240654e-01 1.832269e-01 3.761213e-01 -5.411759e-03 -2.642697e-01 -1.465140e-01 2.956377e-01 -6.170167e-03
1.207616e-01 -1.745019e-02 2.624255e-01 -2.984919e-01 -6.523609e-02 -8.242291e-02 -1.766017e-01 1.185636e-02 -1.817866e-01 -9.944087e-02 4.119132e-01 -1.714172e-01 -1.172933e-01 -1.953273e-01 -1.837710e-01 9.096184e-02
2.814277e-02 2.950993e-01 3.583736e-02 -1.519338e-01 1.022370e-01 1.385252e-01 4.432267e-01 -1.945675e-01 1.699458e-02 -2.449972e-01 -2.479814e-01 5.190713e-02 2.900233e-01 2.798757e-01 -1.791131e-01 2.232275e-03
5.357529e-02 2.080159e-01 2.391703e-01 -9.000288e-02 5.173470e-02 1.290603e-01 -2.069964e-02 1.741643e-01 -1.863547e-02 7.687455e-02 -1.023174e-01 4.835697e-01 2.810916e-02 -1.232254e-01 -1.909553e-01 -1.165424e-01
7.739628e-03 -4.704642e-02 -1.279996e-01 1.796887e-01 -2.938035e-01 -2.024971e-01 9.565749e-02 -1.443704e-01 -2.524462e-01 1.328300e-01 2.170205e-01 1.156478e-01 -4.275872e-02 -1.352034e-01 -2.793468e-01 5.097010e-01
-2.214409e-02 -1.052858e-01 -2.400091e-02 5.314810e-01 -5.096945e-02 -3.161950e-02 2.625852e-02 1.334394e-02 -1.272964e-01 -1.702628e-01 -3.799023e-02 -1.266886e-01 3.261385e-02 -9.405535e-02 6.226250e-02 7.249596e-02
1.572120e-01 -1.214225e-01 -1.095366e-01 7.169407e-03 2.664067e-01 1.333221e-01 1.897151e-01 -1.894656e-01 2.426176e-01 -1.682212e-01 3.510976e-01 4.774247e-01 2.294960e-01 6.308614e-02 1.404016e-02 -1.655265e-01
-2.583186e-01 3.222827e-01 7.145808e-02 -2.613672e-01 1.939854e-01 -1.914823e-01 6.708339e-02 -5.465485e-02 -5.735591e-02 1.384030e-01 -4.518094e-02 -1.340593e-01 1.140563e-01 3.598027e-01 -2.024245e-01 3.982475e-01
-1.739614e-01 -1.211350e-02 -1.511148e-01 1.726603e-01 -1.283114e-01 1.093158e-01 2.628650e-01 1.499334e-01 8.572352e-02 2.405987e-01 2.149424e-02 2.147599e-01 3.802277e-01 7.769507e-02 -9.359930e-02 1.987821e-01
-5.930069e-02 5.319359e-01 -2.250889e-01 -1.028800e-02 1.779101e-01 7.457357e-02 5.339053e-02 4.109105e-02 1.628928e-01 1.634453e-01 -2.343602e-02 1.583196e-02 1.911423e-01 1.606333e-01 -1.471884e-01 2.174900e-01
-3.492985e-01 1.322051e-01 2.552927e-02 2.972429e-01 3.063486e-01 2.370836e-01 2.326657e-01 9.728011e-02 7.725374e-02 4.042502e-01 -1.472643e-01 2.734991e-01 1.334078e-01 1.122908e-01 3.079383e-01 -1.247793e-01
-1.087441e-01 1.104991e-01 -6.800761e-02 -7.853001e-02 1.567467e-01 -1.176011e-01 -7.836796e-03 -1.226970e-01 2.132340e-01 -9.230996e-02 -5.411281e-02 -5.112068e-02 -1.365823e-01 2.313300e-01 4.322740e-01 -7.923115e-02
1.514560e-01 -1.100200e-02 1.033796e-01 -1.250189e-01 2.651515e-01 -8.402478e-03 -1.326557e-01 5.815990e-03 -1.786148e-01 3.019585e-01 4.936573e-01 4.128672e-03 -1.423708e-01 -2.626983e-01 -2.145915e-01 -3.476920e-02
-9.264056e-02 -1.028371e-01 -1.974349e-01 1.633617e-01 3.458260e-01 -1.313745e-01 -2.580984e-01 -5.304710e-02 -2.314620e-01 6.231236e-02 4.092270e-01 3.683480e-01 -5.502264e-02 -3.116464e-01 -1.551350e-01 -5.842194e-02
-4.019921e-02 -6.264445e-02 -3.929756e-01 -4.528113e-03 -2.546779e-01 2.445196e-01 5.426005e-03 1.995493e-01 1.641289e-01 -2.552415e-01 -3.322573e-01 2.580335e-02 -7.382300e-02 2.256466e-02 -2.088868e-01 -2.824381e-02
-1.294233e-02 5.063692e-02 4.112236e-02 -1.515489e-01 -8.097720e-02 -1.772283e-02 1.330267e-01 9.762017e-02 1.521506e-01 7.657640e-02 -1.758581e-01 -2.901485e-01 -5.943317e-02 2.130730e-01 2.618617e-01 7.328899e-03
1.693095e-01 2.672817e-01 5.661124e-02 -4.565183e-01 7.290460e-03 -1.848434e-01 4.106652e-02 -2.365699e-01 -2.220166e-01 9.473799e-02 -4.441806e-02 -2.290262e-01 -3.416844e-02 1.928899e-02 -2.241345e-02 2.970779e-02
-2.049049e-01 2.926460e-01 -2.780391e-01 -1.775054e-01 2.443432e-01 8.318348e-03 -1.398673e-02 -9.895265e-04 3.913355e-02 4.339406e-02 -1.615147e-01 1.342497e-01 3.884822e-01 -1.232111e-01 3.979972e-01 -1.509508e-01
4.800883e-02 1.396450e-01 1.700349e-01 -6.885777e-02 -6.829455e-03 -6.296241e-01 6.541003e-02 -1.378927e-02 -2.621701e-01 1.597427e-01 1.007316e-01 -6.443724e-02 -6.723931e-02 -2.258093e-01 -8.752240e-03 1.109629e-01
-1.425095e-01 1.945429e-01 -1.457624e-02 2.264282e-01 -4.473945e-02 2.322960e-01 -4.172440e-02 -3.505826e-01 -5.820597e-02 1.015823e-01 2.207735e-01 1.357678e-01 -4.473026e-01 -1.227675e-01 -2.562942e-02 -7.035782e-02
-1.152878e-01 -1.091212e-01 -1.382132e-01 4.696375e-01 3.689367e-02 3.107592e-02 -3.361880e-02 1.427194e-01 9.658594e-02 -1.738634e-02 7.155892e-02 2.815330e-01 6.534142e-02 -3.528282e-02 1.371281e-01 7.744609e-02
-1.081747e-01 -1.818605e-03 2.340095e-02 -2.145193e-01 8.337919e-02 -1.907779e-02 6.082471e-02 4.139324e-01 -3.231944e-02 -6.704305e-02 -4.655179e-02 -2.930961e-02 4.142828e-01 -6.246565e-02 -5.333225e-02 8.435923e-02
2.273397e-01 -1.151794e-01 -1.626694e-02 1.982165e-01 -1.085407e-01 4.817990e-02 -4.729043e-02 4.774645e-02 -7.384792e-02 -3.881099e-01 1.256687e-01 4.262177e-01 -6.207299e-02 -3.160916e-01 -2.557809e-01 2.078679e-01
4.942193e-02 1.177482e-01 2.314912e-02 -2.346876e-02 3.581861e-01 1.769951e-01 2.831059e-01 4.224391e-02 -3.150770e-01 -2.569750e-02 -3.727251e-02 -3.303492e-02 -2.820151e-01 1.753333e-01 -1.948692e-01 2.402209e-01
-2.176149e-01 8.219904e-02 1.202128e-01 -8.287475e-02 1.040436e-01 1.457903e-01 -1.438567e-01 -6.160508e-01 6.086642e-02 -4.592507e-02 -2.169357e-02 -9.564377e-02 -2.746110e-01 2.533033e-01 7.026548e-02 1.303482e-01
-3.922873e-02 -1.978418e-02 -2.600414e-01 1.933576e-01 1.443693e-01 9.029811e-02 -2.150213e-02 -4.529773e-01 1.418317e-01 1.521500e-01 -1.037747e-01 1.527688e-01 1.117938e-01 4.665565e-02 1.312438e-01 -3.172510e-01
2.682431e-01 -2.290239e-02 -5.120736e-03 -2.128642e-02 -3.556120e-02 -1.407416e-01 4.398891e-02 -5.961580e-01 3.957465e-02 8.484970e-02 1.418477e-01 -1.169554e-01 -3.614943e-01 1.835816e-01 2.566495e-01 4.896981e-02
-1.616854e-02 1.161894e-01 -3.878623e-01 1.801716e-01 3.750019e-01 -3.265112e-01 7.854026e-02 -1.532257e-01 -1.572321e-01 2.002626e-01 -2.039694e-02 -7.351954e-02 -3.072416e-02 5.546461e-02 1.056154e-01 -8.685265e-02
-7.080537e-02 -4.352245e-02 -1.035331e-01 6.021409e-02 -2.733675e-01 -6.557302e-02 -2.381571e-01 -1.685080e-02 3.345817e-01 4.330462e-02 1.757241e-02 1.209369e-01 3.065270e-01 -8.447723e-02 3.225935e-01 -1.030913e-01
1.010393e-01 -3.160133e-01 -3.283837e-02 2.502793e-01 1.271041e-01 -4.652192e-03 -1.617670e-01 -2.224067e-02 -8.014748e-02 1.469809e-01 1.120574e-01 -1.794107e-01 -1.801940e-01 2.165889e-01 -3.918820e-01 1.574199e-02
2.723139e-03 -7.813567e-02 4.221454e-01 1.238322e-01 3.560979e-01 -1.557688e-02 3.266427e-02 -2.302637e-01 3.141353e-02 2.560874e-02 1.718186e-01 -1.194927e-01 1.911324e-01 -1.930833e-01 1.867871e-01 1.892218e-01
2.295015e-01 -9.096266e-02 1.360356e-02 6.972259e-02 2.408001e-02 -8.000185e-02 7.391394e-02 -2.428552e-02 4.497921e-01 -4.179522e-02 -3.149453e-01 3.212487e-02 -3.976884e-02 -1.549754e-01 -1.762500e-01 -3.056981e-02
3.552561e-01 -7.892545e-02 7.944396e-02 1.439011e-01 3.595332e-01 -1.929563e-01 1.717688e-02 2.854630e-03 1.444763e-01 3.022839e-01 2.823031e-01 -1.870841e-05 -1.553399e-01 2.114845e-02 2.190307e-01 -6.984413e-02
4.811331e-02 1.970740e-01 1.308258e-01 -1.192492e-01 -1.831447e-01 8.736384e-02 -1.005315e-01 -2.081372e-01 2.329997e-02 3.316118e-02 4.396381e-01 -3.339536e-03 8.659197e-02 9.287514e-03 2.216319e-01 -4.962662e-02
-4.388967e-02 -1.416163e-01 -6.244788e-02 1.677851e-02 -3.752524e-02 5.693231e-01 -1.709776e-01 2.556939e-02 2.108581e-01 -6.802297e-02 -1.577526e-03 3.584600e-02 -6.333704e-02 -3.285015e-02 4.126676e-02 -9.211392e-02
1.326885e-02 -2.115280e-01 -6.003206e-02 8.836709e-02 4.727654e-01 1.496061e-01 -2.784625e-01 -7.740132e-02 -1.244750e-01 -7.453887e-03 4.218097e-01 1.462650e-01 -2.892928e-01 -1.213651e-01 -2.399724e-01 5.331679e-02
-2.949869e-02 3.313602e-02 2.150856e-01 9.160614e-02 3.815871e-01 1.639677e-01 1.135445e-01 -7.404777e-02 3.802551e-02 -1.325931e-01 -1.446548e-01 6.699386e-02 5.758548e-01 1.609115e-01 7.876164e-02 7.448300e-03
-5.884310e-02 1.384902e-01 -4.810304e-01 1.173681e-01 3.840729e-01 4.679884e-02 -3.324816e-01 -1.476236e-01 1.261183e-01 6.507246e-02 -6.773271e-02 -4.380367e-02 -4.245358e-02 -5.160768e-02 2.005371e-01 -7.425158e-02
3.563418e-01 -3.291071e-01 -5.179292e-02 -2.060892e-01 4.815405e-02 -2.501355e-01 -4.650652e-04 1.691732e-01 1.651757e-01 -1.334454e-01 -2.946444e-01 -8.975068e-02 3.675203e-01 1.148638e-01 -4.261467e-02 6.634022e-02
5.871101e-02 -3.442467e-02 1.533330e-01 -1.780444e-01 -2.660031e-01 8.047212e-03 3.225057e-02 -2.201255e-02 1.086855e-02 -9.464627e-02 8.469488e-02 -7.032031e-02 -1.879632e-01 6.431517e-02 -4.370773e-01 9.984539e-03
-4.071067e-02 2.316178e-03 2.100999e-01 -2.481526e-02 -3.054183e-02 -3.197888e-03 3.765355e-02 5.209728e-01 -1.201592e-01 -2.698603e-01 -1.049132e-01 -5.324899e-02 -7.269948e-02 -1.460793e-01 -1.438622e-01 2.533673e-01
-2.666784e-01 1.418461e-01 4.567306e-02 1.952750e-02 6.405690e-02 2.496589e-01 -2.048868e-01 -3.275049e-01 -4.993991e-03 1.082811e-01 -2.522246e-02 1.315232e-01 1.475198e-01 4.493045e-02 -5.350245e-01 1.295163e-02
-1.575364e-01 9.142815e-02 -3.673732e-03 -4.615169e-02 2.200856e-02 -1.165667e-02 -4.105202e-02 1.724003e-02 -5.684291e-01 -7.491080e-03 1.354836e-01 -5.697442e-02 9.918098e-02 1.576580e-01 6.731785e-02 -7.616190e-02
2.924366e-01 -9.038464e-02 -6.136651e-02 4.241800e-02 -1.093894e-01 -1.682427e-01 9.188191e-02 5.914171e-01 -9.949554e-03 -5.134524e-02 -7.466573e-02 3.458634e-02 8.019100e-02 -6.421109e-02 8.025958e-02 7.233443e-03
