4 6 8 32 64
-2.920723e-01 1.856993e-02 6.656451e-02 2.318535e-01 -4.001235e-02 5.394477e-02 -1.781525e-01 1.432695e-01
-7.103539e-02 1.638789e-01 -2.927054e-01 7.411904e-02 -1.605354e-02 1.420458e-02 2.923567e-01 -2.620136e-01
-1.063719e-01 2.301931e-01 -7.402390e-02 4.319158e-01 -1.260920e-01 -1.359035e-01 -2.864550e-02 -2.414774e-01
-6.229023e-02 1.893989e-01 -6.320325e-02 -1.141042e-01 6.973237e-02 3.669884e-01 2.161780e-01 -2.536215e-01
-1.044459e-01 2.329378e-01 -3.179555e-02 1.153752e-01 3.179273e-02 7.890525e-02 -2.533706e-01 -6.521105e-02
-9.055733e-02 -9.594219e-02 -2.886969e-01 5.546759e-02 -1.926675e-01 2.362881e-01 2.643746e-01 -2.104051e-01
-7.872013e-02 1.099750e-01 -1.296092e-01 3.147005e-01 -8.157770e-02 -1.201983e-01 -2.158203e-01 -1.677892e-01
-8.774519e-02 -8.898707e-02 -5.092702e-03 -7.194033e-02 -1.772894e-01 2.087309e-02 -8.105230e-02 -1.507299e-01
-4.134828e-03 3.204083e-01 -3.259518e-01 2.760010e-01 -5.907254e-02 -4.793116e-02 -1.170190e-01 6.968518e-02
1.133674e-01 -4.658729e-02 -1.680084e-02 5.946233e-02 2.954433e-01 8.668143e-02 2.944984e-01 -7.821979e-02
-1.465444e-01 1.314399e-01 -1.457565e-01 7.721427e-02 -7.227145e-02 3.988588e-01 8.613628e-02 -1.359947e-01
-2.240348e-01 2.066297e-02 1.256496e-01 4.566108e-02 -3.218766e-02 3.140965e-03 -1.434143e-01 -9.787299e-02
-1.434718e-01 4.283793e-01 -2.816573e-01 5.107193e-02 9.146736e-02 5.616043e-03 4.374470e-01 -1.200340e-01
1.361429e-01 1.171971e-01 -2.728530e-01 2.489437e-01 8.106767e-02 6.957464e-02 -2.086986e-01 -9.939724e-02
-2.240936e-01 4.126225e-02 -5.021415e-02 -1.097379e-01 -1.287787e-01 4.907298e-02 -9.215897e-02 2.447428e-02
-1.553494e-01 2.511034e-01 -2.022145e-01 1.439022e-01 3.511267e-02 1.128705e-01 3.683325e-01 -2.066827e-01
7.398951e-02 1.994767e-01 -3.415312e-01 2.598204e-01 1.372320e-01 -9.339476e-02 -2.290033e-01 -1.144415e-01
-1.269215e-01 -5.335028e-02 -1.802665e-01 -2.259434e-02 -1.444758e-01 -8.964916e-03 -6.328218e-05 -3.746289e-02
-1.933652e-01 -1.621745e-01 -4.123965e-02 -9.525986e-02 4.387697e-02 1.801518e-01 6.809270e-02 -5.749143e-02
-1.680504e-01 -1.290463e-01 3.790895e-01 -6.679459e-02 -3.750024e-02 1.626109e-01 -5.782818e-02 -9.801468e-02
-1.214190e-01 -1.015206e-01 1.434695e-02 -4.046272e-02 1.510084e-01 -1.177924e-01 5.019696e-01 -1.564384e-01
-1.273596e-01 4.259653e-01 -1.161211e-01 3.120987e-01 -2.887642e-01 -4.541032e-02 -3.064304e-02 -1.749627e-01
-2.511488e-01 7.144265e-02 -3.094539e-01 1.366363e-01 -1.491998e-01 3.602371e-01 1.715433e-01 3.513561e-02
1.841359e-01 3.229145e-01 -1.331824e-01 -1.080650e-01 2.438742e-01 2.955595e-01 7.124142e-02 -1.224429e-02
-2.600393e-01 3.120722e-02 1.535120e-01 2.802274e-01 -1.629333e-01 -1.101568e-03 -8.611874e-02 -1.995243e-01
1.341038e-01 2.325464e-01 -2.341992e-01 5.469120e-02 1.871491e-01 1.341792e-01 3.893599e-01 -1.548920e-01
-1.243642e-01 7.735279e-03 1.318632e-01 1.801597e-01 -3.015135e-02 4.179734e-02 -1.789863e-01 -1.888257e-01
-1.538915e-01 -1.573165e-01 -1.987156e-01 8.771982e-02 -1.199573e-01 -1.603910e-02 -1.631809e-01 -1.819968e-02
-1.671157e-01 -1.488401e-02 3.938413e-02 -3.340942e-02 1.310967e-01 1.369705e-01 -1.482399e-01 6.425421e-02
-3.386761e-04 1.589821e-01 -3.387382e-01 3.920516e-01 -8.572929e-03 -2.467936e-02 -2.018632e-01 9.360174e-02
-1.527900e-01 -7.056925e-03 -4.940655e-02 5.486131e-02 6.805052e-02 3.687762e-02 3.807089e-01 -2.678504e-01
-8.710906e-03 2.562431e-01 -2.607836e-01 1.547119e-01 8.909058e-02 -3.533436e-02 -2.933648e-01 -1.432751e-01
-1.780984e-01 -1.865753e-01 -3.662424e-03 9.073672e-02 1.331931e-02 -1.340829e-01 -2.111117e-01 -1.116482e-01
-1.986260e-01 2.084375e-01 1.167718e-02 1.961197e-01 -6.224621e-02 -3.430672e-02 -8.880532e-02 1.494150e-03
1.809960e-01 3.710200e-01 -2.150552e-01 5.950520e-02 2.346290e-01 9.922630e-02 3.388802e-01 4.302945e-02
-2.943836e-02 2.661380e-01 -2.880993e-01 3.122353e-02 1.102306e-01 4.435649e-02 4.629994e-01 -1.994934e-01
-1.495583e-01 3.545360e-01 -2.649909e-01 3.159793e-01 -1.808351e-01 -5.558591e-02 -1.428605e-01 2.454263e-02
-4.809653e-02 5.949210e-02 -2.947108e-01 3.112147e-01 -5.831416e-02 -1.420349e-01 -2.120063e-01 6.979566e-02
-1.047238e-02 3.193149e-01 -3.083735e-01 3.795253e-01 -5.705490e-02 -1.034521e-01 -1.642431e-01 -9.548305e-02
1.304616e-02 5.679945e-01 -2.828082e-01 -1.599150e-01 3.236268e-01 1.301617e-01 2.924462e-02 4.929622e-02
-1.330825e-01 -1.518156e-01 1.048201e-01 -1.104066e-02 4.015589e-02 1.271700e-02 -2.820638e-01 -1.135205e-01
1.363002e-01 5.429952e-01 -3.452780e-02 -1.345212e-01 2.097174e-01 1.646839e-01 1.438648e-01 2.682968e-02
-5.878422e-02 5.451887e-01 -1.815605e-01 8.485919e-02 1.821418e-02 2.680314e-02 3.789238e-01 -1.395197e-01
-3.292189e-01 7.179865e-02 -3.033072e-01 7.960789e-02 -2.067910e-01 3.895692e-01 2.332506e-01 2.257943e-02
-2.855871e-02 3.388604e-01 -1.422547e-01 3.782628e-01 -1.789964e-01 -3.762968e-02 -4.199106e-02 -1.690163e-01
-1.424433e-01 2.321832e-01 -1.890633e-01 2.471562e-01 4.122948e-03 1.688529e-02 -2.841344e-01 2.199041e-01
-2.874905e-01 -4.629274e-02 2.496920e-01 1.592211e-01 -1.289114e-01 5.568928e-02 -9.565451e-02 -1.464787e-01
-2.139397e-01 6.321677e-02 -1.971782e-01 1.336888e-01 -9.140398e-02 4.534500e-01 1.871055e-01 -4.696958e-02
3.590998e-03 1.535012e-01 -2.417875e-01 3.328355e-01 4.383535e-02 7.686161e-02 -2.361323e-01 4.032100e-02
-2.290587e-01 -1.408443e-01 1.773502e-02 -1.035703e-01 1.240351e-01 3.285771e-01 5.270147e-02 5.986903e-02
-1.204985e-01 -9.596641e-02 -5.721245e-02 4.470079e-02 -9.388888e-02 -1.646992e-02 -1.508866e-01 -9.122609e-05
-1.999050e-01 1.072347e-01 -4.669113e-03 1.402335e-01 -4.415017e-02 -5.288888e-02 -3.893984e-02 -1.056916e-01
-3.101014e-02 6.233595e-02 -3.608622e-02 1.827627e-01 5.957929e-02 5.036700e-02 -2.998509e-01 -1.355035e-01
-2.206170e-02 -1.991096e-02 -3.165021e-02 -5.985247e-02 2.926058e-01 3.965683e-02 3.485820e-01 9.411591e-02
-1.910651e-01 -1.799641e-01 1.031434e-01 -2.286130e-02 -5.776451e-02 3.011428e-01 1.882992e-01 -1.967441e-01
-1.478289e-01 -6.097680e-02 5.342435e-02 1.780308e-01 -1.997083e-02 -4.597081e-02 -1.656182e-01 -1.944574e-01
-8.827436e-02 -1.056058e-01 -6.427240e-02 -1.557854e-01 3.511180e-01 1.617228e-01 1.040458e-01 8.219150e-02
-8.630895e-02 -2.261344e-02 -2.052568e-02 9.506848e-02 1.057364e-01 1.685531e-02 -2.501674e-01 -1.701942e-01
5.470507e-02 1.159395e-02 -1.829767e-01 6.708857e-02 -1.376194e-01 -6.062616e-02 -1.189316e-01 -1.853230e-01
-6.965386e-02 1.164135e-01 -1.552517e-01 1.731736e-02 1.278044e-01 -4.311576e-02 5.002415e-01 -1.966462e-01
-1.069132e-01 -5.162259e-02 -9.124500e-02 1.911627e-01 -1.101999e-01 2.386176e-02 -1.829511e-01 -3.278266e-02
-1.290303e-01 -6.987724e-02 -2.195930e-01 -1.188272e-01 2.370662e-01 -1.102098e-03 -9.643571e-02 -2.402284e-02
-2.337117e-02 -1.078271e-01 -1.330839e-01 2.671614e-01 -7.771873e-03 7.425041e-02 -1.468582e-01 1.792696e-02
-3.354321e-01 -5.143631e-02 -1.287581e-01 1.671519e-01 -8.632303e-02 5.757301e-01 1.568309e-01 7.043678e-02
-5.217184e-02 -4.919295e-02 -3.325861e-01 2.899927e-01 -1.716016e-01 -2.775038e-01 2.045526e-01 -2.797227e-01
4.978251e-01 -4.032735e-02 -2.180847e-01 -1.751401e-01 -1.212065e-01 -3.171275e-01 -1.302739e-01 3.086319e-02
-1.573931e-01 -6.056691e-02 -2.331930e-01 1.122201e-01 2.226723e-01 -3.486578e-01 1.626522e-03 -2.909457e-02
-3.509762e-02 -1.240519e-01 -2.586847e-01 3.137463e-02 4.354149e-02 -1.560292e-01 -8.016919e-02 -7.709296e-02
-1.163520e-01 5.747467e-02 -2.043772e-01 -1.227806e-01 -2.776976e-01 1.821090e-02 2.575243e-01 -2.552369e-01
-1.408671e-01 -6.288797e-02 -3.007475e-01 -6.394821e-02 -1.242475e-01 -2.445884e-01 7.688193e-01 -6.997206e-02
2.981538e-01 -3.728575e-02 -1.963182e-01 5.400449e-02 -1.264715e-02 -2.868542e-01 -2.547578e-01 2.421467e-01
5.179658e-02 1.518169e-02 -3.412179e-01 -6.051558e-02 -1.108388e-01 -1.782384e-01 -2.013411e-02 -1.389923e-01
2.673548e-01 -1.141794e-01 -2.877762e-01 -2.885006e-02 -2.626294e-01 9.465401e-03 6.792097e-01 1.188700e-01
4.359463e-01 -4.461210e-02 -2.268713e-01 -2.543908e-01 -1.744744e-01 -1.985674e-01 -1.918530e-01 9.024343e-02
2.227978e-01 4.801324e-02 -3.082107e-01 -1.004222e-01 2.727726e-02 6.451131e-02 -2.542449e-01 1.746782e-01
4.242891e-02 -8.726436e-02 -2.981873e-01 1.862827e-02 -4.821385e-02 -3.010614e-01 -4.772740e-02 -1.292966e-01
1.366532e-01 8.405784e-03 -5.984679e-01 4.507054e-02 -4.084600e-01 -2.734237e-01 1.257374e-01 -1.711369e-01
5.931614e-02 5.071649e-01 -2.537373e-01 -3.062770e-02 -6.919964e-02 -2.002439e-01 -1.243009e-01 2.707051e-01
-1.222526e-01 -5.572582e-02 -1.265558e-01 -7.344345e-02 5.423213e-02 8.617650e-02 -3.129303e-02 -2.533017e-01
5.151545e-01 -1.037278e-01 -2.210689e-01 -1.042382e-01 -1.833427e-01 -3.659659e-01 -1.693086e-01 3.866576e-01
1.155574e-01 -2.568211e-02 -2.874442e-01 2.545877e-01 -8.108956e-02 -2.712061e-01 5.249420e-02 1.126095e-01
6.428685e-01 -3.691973e-02 -6.094377e-02 -8.126639e-02 -5.072666e-02 -2.529620e-01 -9.571846e-02 1.446726e-01
9.723902e-02 -3.870880e-02 -2.916314e-01 -3.013010e-02 -9.265897e-02 5.013853e-02 -2.950490e-01 -2.213916e-01
-7.093741e-02 1.366106e-01 -1.132353e-01 2.449799e-04 1.338409e-01 -1.353922e-01 -2.644551e-01 -9.969460e-02
2.617165e-01 -8.853620e-02 -2.615719e-01 -1.711310e-01 -1.452008e-01 -1.363843e-01 6.200404e-03 7.352875e-02
5.485292e-02 3.306396e-02 -2.814590e-01 -1.159039e-01 -1.240098e-01 -1.342227e-01 6.516826e-02 -1.755861e-01
1.443956e-01 1.590191e-01 1.699366e-01 4.867077e-02 8.799832e-02 -1.090876e-01 -1.341238e-01 6.996104e-02
4.148142e-01 9.526421e-03 -1.340281e-01 3.441305e-01 -2.557174e-02 -2.609723e-01 -1.795853e-01 3.533970e-01
3.651104e-01 -1.258202e-01 -2.544236e-01 -9.722439e-02 -1.976098e-01 -2.308068e-01 -2.788083e-01 3.012899e-01
1.149096e-01 8.413868e-02 -1.649142e-01 -2.400209e-01 -5.814680e-02 3.577169e-03 -7.146814e-02 -2.455783e-01
-1.866041e-01 4.146206e-01 4.460950e-02 2.970327e-01 -1.161802e-01 -4.625435e-01 -2.979424e-02 2.504566e-02
-1.843122e-01 1.959097e-02 -3.753446e-01 1.281705e-02 -6.093379e-02 -2.571059e-01 5.583150e-01 -1.374700e-01
-2.905345e-03 5.778681e-01 -3.130374e-01 -3.144187e-01 -1.120969e-01 -4.621520e-03 2.089657e-01 -6.155875e-02
3.866806e-01 2.553814e-02 -3.290005e-01 -1.129210e-01 -1.996858e-01 -3.135093e-01 -1.816323e-01 -1.868631e-01
1.808359e-01 -7.080694e-02 -3.862570e-01 -7.520067e-02 -9.736031e-02 -2.628819e-01 -2.150580e-02 -1.246846e-01
1.039115e-01 1.518597e-01 -2.136680e-01 -1.135621e-01 -3.447561e-01 -5.482177e-02 1.432646e-01 -5.033164e-02
1.044940e-01 -1.041631e-01 -3.196045e-01 -4.503156e-02 -2.070243e-02 -2.085600e-01 -8.183657e-02 -1.895539e-01
1.185633e-01 -4.026796e-02 -2.930621e-01 -8.559797e-02 -5.056774e-02 -2.560608e-01 -6.699759e-02 -1.259915e-01
-5.250024e-02 2.220994e-03 -3.141259e-01 -9.816007e-02 -2.523324e-01 -9.268871e-02 2.860610e-01 -9.594318e-02
-8.190170e-02 -3.502138e-02 -9.339893e-02 -6.964657e-02 8.627140e-03 2.214319e-01 -5.084920e-02 -7.914498e-02
-6.374933e-02 -7.931182e-02 -2.060849e-01 2.031791e-02 9.273978e-02 -3.098283e-01 -2.733006e-02 1.413979e-02
-3.670899e-02 7.450708e-03 -2.798588e-01 -7.179719e-02 7.484120e-02 -3.187120e-01 -8.123614e-02 1.512085e-02
3.871619e-01 1.067128e-01 -2.387495e-01 -1.540167e-01 -2.550390e-01 -1.475479e-01 -2.300118e-01 -4.108716e-01
-2.298599e-02 -5.103523e-02 -2.562642e-01 1.353111e-03 4.463190e-02 -2.608368e-01 -9.498501e-02 -6.297885e-02
2.983706e-02 8.665925e-02 -4.703229e-01 -3.540738e-02 -4.021231e-01 -1.844144e-01 4.607918e-02 -2.861277e-01
1.678800e-01 -7.651827e-02 1.492931e-01 4.455400e-01 -3.980954e-02 -2.881670e-01 -1.185633e-01 1.352748e-01
-1.605149e-01 -9.367886e-02 -7.299872e-02 -8.775314e-02 1.876741e-01 2.095061e-02 -9.476411e-03 -2.113741e-01
1.976747e-02 6.937693e-01 -3.082387e-01 9.227664e-02 -1.383096e-01 -1.400660e-01 -6.183759e-02 -1.770923e-02
5.112986e-01 -7.965700e-02 -8.668005e-02 -1.940992e-01 -1.776528e-01 -2.641591e-01 4.705076e-02 2.101396e-01
3.912336e-02 -6.327751e-02 -3.361219e-01 6.708445e-02 2.105434e-02 -2.787595e-01 1.494112e-01 3.587796e-02
-1.821622e-02 -1.378998e-01 -3.362122e-01 3.128901e-02 9.102054e-02 -5.454624e-02 -9.776840e-02 -1.602389e-01
3.868364e-02 -1.516011e-01 -4.173130e-01 -7.691342e-02 -3.831660e-01 -1.612939e-01 4.497750e-01 3.991010e-02
1.034229e-01 -4.321194e-02 -3.662833e-01 -3.032686e-02 -7.783359e-02 -2.417664e-01 -5.688359e-02 -1.193374e-01
1.153458e-01 7.745911e-02 -3.073870e-01 -9.746637e-02 -3.443988e-01 -1.386333e-01 1.578488e-01 -8.076052e-02
-1.137104e-01 7.647316e-04 -3.165296e-01 -5.605772e-02 1.149776e-01 -2.492564e-01 -1.890057e-02 -1.501637e-01
3.550840e-01 -9.629926e-02 -3.124107e-01 -1.673502e-01 -1.144522e-01 -2.799620e-01 -6.359690e-03 1.983691e-01
2.938619e-02 -6.812888e-02 -1.185905e-01 2.646330e-02 5.208496e-02 -2.780035e-01 1.212667e-02 1.016816e-01
3.346570e-01 5.699837e-02 -1.567551e-01 -2.429273e-01 -2.189385e-01 -1.678022e-01 -5.141637e-02 -1.637916e-01
1.382579e-01 -9.093386e-02 -2.911242e-01 -3.062052e-02 -8.837885e-02 -2.074060e-01 -6.050376e-02 -2.557896e-01
-5.677501e-02 -1.193344e-01 -1.563148e-01 2.332333e-01 3.578297e-02 -3.734010e-01 -3.697003e-02 1.210024e-02
5.441308e-02 1.384220e-01 -1.845133e-01 -1.513231e-01 -2.211476e-01 2.409176e-03 9.526228e-02 -1.759703e-01
3.197851e-02 1.006466e-02 -2.896608e-01 3.086177e-01 -2.205755e-01 -2.742071e-01 7.209340e-02 -2.355606e-01
-5.237873e-02 4.397720e-01 -2.097480e-01 4.123068e-01 -3.038261e-02 -3.311099e-01 -1.399197e-01 1.252333e-01
-9.468855e-02 1.494008e-02 -2.637153e-01 7.157578e-02 1.728021e-01 -2.857037e-01 -1.953609e-02 -1.150715e-01
4.540526e-02 -1.196861e-02 -3.740409e-01 2.380586e-01 7.626875e-02 -2.527935e-01 -1.481812e-01 -9.493765e-02
-1.844020e-01 -1.914465e-02 -3.518174e-01 -3.573575e-02 5.062534e-02 -1.488179e-01 4.054691e-01 -2.672470e-01
2.827229e-01 -4.286502e-02 -2.138891e-01 -5.618474e-02 -1.300241e-01 -2.929814e-01 -4.719339e-02 -2.289816e-01
1.308290e-02 -1.288724e-01 -4.538524e-01 -2.524289e-02 -3.393022e-01 -7.679046e-02 5.207540e-01 -1.641683e-01
-1.353378e-01 2.390693e-03 -2.361107e-01 -3.586888e-01 1.889439e-01 2.067996e-01 9.788512e-02 -4.047482e-02
-2.347798e-01 -1.407248e-01 1.649619e-01 -2.709460e-01 4.351444e-02 -9.303071e-02 -6.724995e-02 -3.659758e-03
7.515815e-01 -3.560925e-01 -1.331829e-01 3.746540e-02 1.951069e-01 -2.239168e-02 2.572292e-01 -8.590852e-02
-2.123423e-01 -8.649572e-02 -5.066586e-02 1.918530e-01 3.601360e-01 2.331356e-01 -1.365019e-01 -1.291030e-01
-5.558821e-02 -2.382495e-01 -1.946567e-01 -9.193788e-02 2.807068e-01 9.626747e-02 -1.414060e-01 -2.796942e-01
4.509742e-02 8.968671e-02 4.911278e-01 -2.304721e-01 -1.202553e-01 -1.639126e-01 -1.388511e-01 -1.581437e-01
-2.132691e-01 7.530353e-02 1.945882e-01 2.094661e-01 -2.724547e-03 1.953217e-01 -7.985627e-02 3.817772e-01
-2.916091e-01 -5.322792e-01 1.984495e-01 -1.349460e-01 -1.722598e-01 -8.377941e-02 -1.574372e-01 1.901434e-02
-1.048446e-01 -8.313659e-02 -1.566607e-01 1.562968e-01 2.901162e-01 -4.705141e-02 -1.165188e-01 5.577168e-02
-1.329163e-01 -1.180494e-01 -1.673146e-01 1.638223e-01 3.681315e-01 2.868078e-01 -3.976332e-02 7.718285e-02
-1.614826e-01 -6.132118e-02 2.162758e-01 -1.787936e-01 -6.019107e-02 7.859405e-02 -1.484351e-01 1.235098e-01
-2.535782e-01 -2.111129e-01 -1.401051e-01 1.769010e-01 1.478459e-01 -1.936983e-01 -2.351711e-01 -3.165432e-02
-1.404960e-01 -3.275796e-02 -7.162751e-02 2.032879e-01 1.174478e-01 3.801444e-01 -2.949487e-01 2.189604e-02
-5.927511e-02 -1.277461e-01 -7.919016e-02 -3.247671e-02 2.836489e-01 2.773781e-01 -1.580616e-01 -1.903737e-01
-2.951946e-01 -8.675969e-02 1.667318e-01 -2.954435e-01 -2.084410e-01 6.886252e-03 2.755832e-02 7.621966e-02
-3.349709e-01 -2.943593e-01 6.399835e-02 -1.446603e-01 -2.766652e-02 -6.236161e-02 -7.919437e-02 1.036980e-01
3.440138e-01 -2.038820e-01 1.730360e-01 -7.550202e-02 1.296200e-01 8.812052e-02 9.627727e-02 1.189900e-01
-1.827191e-01 -8.526438e-02 -1.358007e-01 1.605725e-01 3.997482e-01 1.121316e-01 -8.960931e-02 -2.091461e-01
-2.002351e-01 -8.388779e-02 -6.313288e-02 -1.355569e-01 5.848767e-01 1.422252e-01 6.569476e-02 9.629849e-02
-2.539199e-01 -1.794563e-01 3.538639e-01 4.684816e-02 -2.601004e-01 -1.123951e-01 -2.643399e-01 -9.548936e-02
4.172593e-01 -2.362807e-01 2.858457e-01 1.219591e-01 1.459461e-01 1.259619e-01 -1.282807e-01 6.064132e-02
-1.819329e-01 -3.453027e-01 4.281060e-01 -1.156099e-01 -1.622882e-01 -1.588258e-01 -2.227196e-01 7.528848e-02
-1.378649e-01 -1.420029e-01 -1.864211e-01 -7.551023e-02 2.302850e-01 3.323860e-01 -1.766591e-01 -7.095618e-02
-1.628531e-01 3.536481e-03 -2.887893e-01 -2.939306e-01 1.801627e-01 1.555998e-01 -9.998535e-02 2.121502e-01
1.863454e-01 9.480939e-02 4.685408e-01 -4.620435e-03 1.016119e-01 -9.549820e-02 -1.356725e-02 -2.096957e-01
-1.791705e-01 -1.397897e-01 -1.637902e-01 1.409059e-01 4.433081e-01 2.495199e-02 -1.229819e-01 -7.543389e-02
-1.437105e-01 -4.340613e-02 3.586364e-01 -3.749688e-01 -2.059759e-01 -1.419559e-01 -1.553398e-01 -1.049582e-01
-2.606764e-01 -1.416533e-01 -2.877889e-01 -2.782695e-01 -4.896008e-03 3.516956e-01 -1.718777e-02 1.121544e-02
-1.725699e-01 -1.626591e-01 -1.625313e-01 5.421864e-02 3.451603e-01 7.670121e-02 -1.449001e-01 -1.875342e-01
-2.964090e-01 -2.623429e-02 -1.630902e-01 -2.733800e-01 1.645650e-01 1.905318e-01 2.758718e-02 5.561597e-02
-3.504213e-01 -3.459543e-01 -8.541191e-02 1.475463e-01 1.487713e-01 -6.399771e-02 -1.697872e-01 -5.317355e-02
-2.193885e-01 -6.850839e-02 1.599213e-03 -1.656077e-01 3.734880e-02 -1.444805e-01 -1.903385e-01 -2.980834e-02
-2.212318e-01 -1.315742e-01 1.397022e-01 1.620265e-02 -6.992136e-02 -2.855081e-02 -1.328501e-01 1.228095e-01
-2.744217e-01 -2.552108e-01 -2.361624e-01 -1.209867e-01 1.907055e-01 1.940639e-01 -1.620487e-01 1.773866e-02
-3.057208e-01 -1.992466e-01 -2.609152e-02 -1.648370e-02 3.050319e-01 2.083204e-01 -9.076947e-02 -6.551275e-02
-6.601530e-02 -4.441245e-02 -2.560980e-01 -2.338650e-01 2.913293e-01 2.431141e-01 -4.475090e-02 6.018983e-02
2.639293e-01 -4.664288e-01 8.464701e-03 -1.741969e-01 1.592667e-01 8.090721e-02 5.775399e-02 2.008317e-01
-2.340090e-01 -1.557817e-01 -9.322336e-02 -3.432987e-01 1.579817e-01 8.483093e-02 3.130237e-03 9.942873e-02
-1.874511e-01 -1.374398e-01 -2.826720e-02 -6.511339e-02 8.317517e-02 1.427866e-01 -2.269305e-02 1.395312e-01
-3.405132e-01 -1.887088e-01 2.627567e-01 -1.094327e-01 -9.517927e-02 -6.765305e-02 -2.989498e-02 1.890870e-01
-1.311735e-01 -1.696030e-01 -1.712420e-01 9.160580e-02 3.474813e-01 1.108466e-01 -2.275101e-01 -1.148719e-01
-1.039031e-01 -1.777347e-01 -1.354429e-01 4.883784e-01 1.347527e-01 5.883859e-02 -2.646939e-01 -1.542107e-02
-3.540288e-01 -4.098808e-01 1.143567e-02 -1.060623e-01 3.173005e-02 -1.922706e-01 -6.851473e-02 7.599494e-02
-1.866775e-01 5.463385e-01 4.228745e-01 2.091684e-01 -1.727312e-01 -2.429669e-01 -2.050720e-01 -2.196839e-01
-7.033329e-02 -7.295415e-02 -1.953298e-01 -8.253901e-02 1.612557e-01 3.927146e-01 -3.656192e-02 -5.600473e-02
-1.110415e-01 -1.015505e-01 -2.199728e-01 -1.730240e-01 2.703851e-01 2.412873e-01 -1.962399e-01 -1.860820e-01
-3.824280e-01 -3.245554e-01 -5.832306e-03 7.289342e-02 1.743620e-01 -9.898107e-02 -1.596377e-01 -6.834554e-04
-3.847747e-01 -1.831618e-01 -4.303307e-02 1.566473e-01 1.082929e-01 -3.517265e-01 -2.876710e-01 2.069714e-02
-2.095785e-01 2.691449e-01 -9.628077e-02 1.295398e-01 2.040700e-01 -3.676497e-02 -1.260398e-01 5.796810e-02
-1.880751e-01 1.790517e-02 2.381681e-01 2.012264e-01 3.447891e-02 1.237860e-01 -1.975361e-01 1.986481e-01
-2.520822e-01 -3.734359e-02 -2.035031e-01 -3.664325e-01 7.988908e-02 1.380990e-01 -1.751555e-02 -3.084148e-02
-1.601754e-01 1.712441e-01 3.572100e-01 -1.796156e-01 -3.699068e-01 -2.203014e-01 -2.048156e-01 -3.306809e-01
-2.031357e-02 -3.759271e-02 4.234529e-01 -3.517727e-01 -2.896570e-01 -1.509438e-01 -1.855626e-01 -9.736940e-02
-2.230670e-01 -1.439573e-01 -6.444136e-02 -1.701391e-01 2.285321e-01 -3.607851e-02 -1.264850e-01 2.146686e-02
-2.938998e-01 -1.886501e-01 2.030206e-01 9.189729e-02 3.670448e-02 -1.966937e-01 -8.396760e-02 2.086743e-01
3.300126e-01 -2.366262e-01 -3.790656e-02 1.832236e-01 -9.645174e-02 8.932329e-02 5.097088e-01 2.949590e-01
-3.553956e-01 -2.769808e-01 -1.659089e-03 -1.828253e-01 1.943145e-01 -1.065368e-01 9.597798e-02 8.181661e-02
-4.031993e-01 -1.898864e-01 -5.503273e-02 1.082924e-02 2.486338e-01 -6.574687e-02 -5.277296e-02 2.355081e-01
-1.120432e-01 -1.004757e-01 -1.211079e-01 1.534804e-01 4.769939e-01 -3.780533e-03 1.173318e-01 2.503358e-02
-1.935033e-01 -2.664357e-01 -3.326883e-01 -1.507448e-01 9.348243e-02 3.475482e-01 -1.074720e-01 3.771951e-02
-1.267166e-01 -2.146671e-01 -1.352218e-01 -7.976856e-02 2.192374e-01 1.812676e-01 -1.984600e-01 -1.519990e-01
-1.110789e-01 -8.790972e-02 2.438204e-01 2.898808e-01 -8.233285e-02 -5.931299e-02 -4.373917e-01 -2.610711e-01
-1.635594e-01 -2.012420e-01 -7.529238e-02 -7.038661e-02 2.256309e-01 -2.264686e-01 -1.226556e-01 -1.030504e-01
-2.333004e-01 -1.305642e-01 -1.544854e-01 -2.134634e-01 1.833661e-01 1.987856e-01 -9.490685e-02 -1.486549e-01
-1.123960e-01 -1.586344e-01 2.946302e-01 -1.519634e-01 -8.527778e-02 -2.330384e-01 -9.961651e-02 1.453148e-01
3.581716e-01 -1.180868e-01 9.223496e-02 4.774104e-01 2.162908e-01 5.313559e-02 -6.834287e-02 -6.764770e-02
-9.018414e-02 -3.589155e-02 5.846468e-02 3.526149e-02 3.999501e-01 -9.857024e-02 -1.128536e-01 1.807521e-01
6.382695e-01 -1.662658e-01 -1.108919e-03 9.645259e-02 -1.950643e-01 -2.208251e-02 4.773112e-02 1.930025e-02
8.266306e-03 -1.679727e-01 3.015634e-01 2.144615e-01 5.567010e-02 5.104093e-02 -9.102532e-02 -6.797991e-02
4.645876e-01 -2.213818e-01 1.086034e-01 4.012961e-01 3.003034e-01 -1.317593e-02 -1.061953e-01 -1.412301e-01
2.856188e-01 -8.679447e-02 1.657304e-01 4.220245e-01 6.075187e-01 3.139115e-01 -1.948135e-01 -3.323077e-01
-9.707079e-02 6.298891e-02 1.209365e-01 -2.884694e-01 1.174071e-01 -1.688729e-01 -2.877681e-01 5.683754e-01
5.300417e-01 -3.083271e-01 1.777398e-02 4.079148e-01 4.732753e-02 3.690395e-03 -9.742504e-03 -7.645822e-02
2.916246e-01 -1.090254e-01 9.267064e-02 -4.636603e-03 8.834274e-03 2.098824e-01 -1.779280e-02 -1.192150e-01
1.030052e-01 -3.468024e-02 2.414459e-01 1.806939e-01 7.071911e-01 1.227380e-01 -2.502591e-01 -1.645943e-01
5.183337e-02 -2.674074e-02 3.250282e-01 2.550482e-01 5.535786e-01 -5.829027e-02 7.483239e-02 -5.120719e-02
6.950161e-01 -1.666998e-01 2.432242e-02 1.443243e-01 -2.827856e-01 1.234939e-01 1.517525e-01 -2.228172e-01
4.751126e-01 -2.642090e-01 7.264057e-02 4.669806e-01 2.135068e-02 5.109898e-02 -6.828389e-02 -2.693901e-01
4.100644e-03 -4.758644e-02 9.744980e-02 -3.427981e-02 8.083825e-02 -2.079921e-01 -1.646370e-01 3.009765e-01
-6.151762e-02 -2.485093e-01 2.283971e-01 -8.154441e-02 3.922351e-01 -2.600962e-01 -3.675672e-02 -1.460554e-01
2.648577e-01 1.931419e-01 6.777215e-02 3.589751e-01 3.907071e-01 3.170180e-01 -1.467994e-01 -2.191553e-01
1.053241e-01 -2.744832e-01 2.871717e-01 3.276929e-01 -2.724954e-04 1.091282e-01 -7.100416e-02 -3.310683e-03
2.292084e-01 -2.849378e-03 3.159890e-02 2.143520e-01 8.830525e-02 4.120170e-01 -1.363644e-01 -1.412915e-01
-1.811128e-01 1.207431e-01 2.577165e-01 -2.063027e-02 3.816122e-01 3.037927e-02 -2.773281e-01 1.216620e-01
6.185619e-01 -3.155259e-01 -1.218795e-01 1.124163e-01 -1.752560e-01 -1.832728e-02 1.894618e-02 -1.174233e-01
-1.409660e-02 -1.085504e-01 4.379351e-01 7.854843e-02 2.303696e-01 -1.605926e-01 -6.678399e-02 -1.049065e-01
2.684465e-01 -1.922280e-01 6.200850e-02 3.713769e-01 2.830864e-01 2.618489e-01 -1.712935e-01 -3.309089e-01
4.814062e-01 -2.223122e-01 -2.547686e-02 1.355914e-01 -6.472339e-02 -3.732318e-02 8.169482e-02 -1.511058e-01
-1.866660e-02 -1.652501e-01 1.660204e-01 -5.039620e-02 2.629974e-02 -1.366383e-01 -1.487565e-01 4.197340e-01
4.642158e-01 -2.061879e-01 2.582746e-03 4.269156e-01 1.478435e-01 8.983726e-03 -1.583244e-02 -1.813478e-01
-2.009349e-01 1.118929e-01 2.956215e-01 -2.695004e-01 3.763233e-01 -8.219030e-02 -1.243192e-01 3.041194e-01
-1.743543e-01 2.364300e-02 1.370357e-01 5.471605e-02 -6.384774e-02 -8.324850e-03 -2.877901e-01 3.117846e-01
6.291675e-01 -1.071880e-01 -3.089127e-02 1.153518e-01 1.004874e-01 2.417831e-01 1.211430e-01 -2.529943e-01
8.282945e-02 -8.136870e-02 3.329858e-01 2.625819e-01 6.392520e-01 -4.466079e-02 -5.281076e-02 -1.975764e-01
7.624198e-02 -2.312395e-01 2.137839e-01 2.617065e-01 -5.187672e-02 -2.528958e-02 -1.156396e-01 -1.377763e-02
4.044863e-01 -1.776506e-01 -7.245275e-02 3.371596e-01 1.722761e-01 2.028149e-01 3.365422e-02 -2.732255e-01
1.125674e-01 -3.516007e-01 6.719464e-03 -1.622490e-01 -2.027412e-01 -2.204042e-01 3.292487e-01 -6.571633e-02
4.000476e-01 -1.522590e-01 -4.727575e-02 -5.675591e-02 -9.716077e-02 -6.424146e-02 2.892773e-01 -1.720835e-01
4.995168e-01 2.335029e-02 3.259580e-02 3.890963e-01 2.229685e-01 8.968841e-04 -9.820727e-02 -1.395292e-01
6.344857e-02 -1.162156e-01 2.222073e-01 8.046117e-02 7.043187e-02 -8.406550e-02 7.477788e-02 -1.039694e-01
2.138588e-01 -2.392067e-01 -9.940680e-02 -5.698778e-02 -1.387915e-01 -1.184320e-02 -7.815512e-02 -7.802767e-02
-1.527844e-01 -2.188972e-01 2.372661e-01 -3.499773e-03 -6.226776e-02 -2.509630e-01 -8.462524e-03 2.475491e-01
5.139528e-01 -1.638198e-01 -5.537277e-02 3.620853e-01 2.187943e-01 1.136803e-01 -5.945427e-02 -1.848999e-01
-9.193109e-03 -2.921126e-01 8.148085e-02 4.219870e-02 -1.742716e-01 -2.755884e-02 -5.824446e-02 -1.824015e-01
3.493155e-01 1.131114e-01 -1.926283e-01 -5.112811e-02 -5.151822e-02 6.818082e-02 -2.776096e-02 3.923120e-02
3.251323e-01 -1.767050e-01 2.950321e-02 4.844827e-01 1.624556e-01 5.742960e-02 4.556520e-03 -2.589470e-01
-1.071560e-02 -9.832037e-02 4.054299e-01 1.121253e-01 6.468770e-01 -1.590146e-01 -6.617877e-02 -6.755584e-03
-5.424054e-02 -9.533590e-02 2.983585e-01 4.457809e-03 -8.763464e-02 -3.724067e-02 -1.409116e-01 -8.410279e-02
1.694091e-01 -1.030795e-01 1.209675e-01 3.643531e-01 3.870676e-01 5.110340e-03 4.583256e-02 -1.736169e-01
-3.535443e-02 7.984068e-02 3.834553e-01 1.800058e-01 5.044312e-01 8.188040e-04 -7.802432e-02 2.880426e-02
5.975416e-02 -2.029428e-01 2.909176e-01 1.850982e-01 2.858195e-02 6.556895e-02 -8.280114e-02 -7.171713e-02
4.045426e-01 -1.142874e-01 4.836278e-02 3.096476e-01 2.168894e-01 2.677267e-01 -6.674882e-03 -2.238279e-01
1.655506e-01 -1.290220e-01 2.264147e-01 3.009700e-01 6.638571e-01 -3.594447e-02 -3.134368e-02 -2.273738e-01
1.233831e-01 -2.521361e-02 -1.837986e-01 2.105224e-01 -6.720102e-03 9.295111e-02 -1.831109e-01 3.680009e-01
3.392286e-01 3.635288e-02 4.987327e-02 4.777284e-01 1.991968e-01 2.239358e-01 -1.664272e-01 -1.267873e-02
6.917651e-01 -2.155720e-01 -8.946060e-02 1.344599e-02 -1.309685e-01 5.834648e-02 1.329282e-01 -1.474757e-01
-4.363015e-02 -1.577588e-01 3.970217e-01 1.004176e-01 2.331495e-01 -1.396502e-01 2.209439e-02 -2.217850e-01
4.964583e-01 -7.555842e-02 -7.192343e-02 2.971441e-01 2.751077e-01 2.457100e-01 -6.434833e-02 -1.950519e-01
3.804933e-01 -2.055072e-01 -1.013328e-01 1.508619e-01 -7.298606e-02 -3.336358e-02 3.154602e-02 -1.370370e-01
4.952662e-02 -2.896566e-01 2.192623e-01 -1.779258e-01 -3.365986e-01 -2.862748e-02 2.023173e-01 -1.523557e-01
1.442387e-01 -8.397175e-02 2.740450e-01 3.941883e-01 4.430387e-01 7.906030e-02 1.728939e-02 -2.240510e-01
3.042214e-01 -2.627368e-01 2.577195e-02 4.077133e-01 1.710244e-01 1.353372e-01 -8.574792e-02 -1.491480e-01
2.125020e-01 1.552862e-01 3.063538e-01 4.023188e-01 4.909044e-01 3.189253e-01 -1.367732e-01 -1.788686e-01
4.371773e-01 -2.068009e-01 2.293782e-02 3.642583e-01 3.702403e-01 1.949063e-01 -1.042209e-01 -2.917588e-01
-1.689890e-01 -1.619442e-01 2.356914e-01 1.751565e-01 -3.521535e-02 -5.122092e-03 -1.326907e-01 -1.193406e-01
-1.057971e-01 5.472652e-02 2.316796e-01 -1.107694e-01 4.844687e-01 -4.689224e-02 -1.952010e-01 2.226834e-01
4.462351e-01 -8.118193e-02 2.004103e-02 3.269905e-01 2.031242e-01 -3.200901e-02 -4.861177e-02 -1.964344e-01
7.827543e-04 -6.490992e-02 1.928255e-01 9.138323e-02 6.909213e-01 -6.069938e-02 -1.490150e-01 6.473546e-02
-1.152431e-01 1.810464e-01 -8.801328e-02 3.116674e-01 2.107199e-02 -2.251322e-02 -2.014468e-01 -2.162102e-01
-6.047414e-02 -1.389356e-01 2.039734e-01 -2.099698e-01 1.547395e-01 2.656097e-01 2.994734e-01 4.790430e-02
-1.157245e-01 -1.580006e-02 -1.339907e-01 3.270402e-01 -7.330296e-02 -5.162633e-02 -1.318315e-01 -1.148814e-01
-9.313462e-02 -1.210055e-01 1.791167e-01 1.783430e-01 -1.366220e-01 -6.051055e-02 -1.000660e-01 -1.339034e-01
-1.882774e-01 -1.227141e-01 -5.970014e-02 -4.431491e-02 -1.593803e-01 2.785396e-01 2.000608e-01 -2.331384e-02
7.171550e-02 3.703138e-01 -2.442594e-01 -5.238137e-02 4.708755e-02 3.406776e-02 3.846997e-01 -8.086960e-02
-3.934528e-02 -5.641837e-02 -4.357814e-02 -4.446828e-02 3.396224e-01 -5.489103e-02 4.285629e-01 -2.133534e-02
-1.192194e-01 1.396092e-01 3.899186e-02 2.397264e-01 -7.754935e-02 -8.946270e-02 -1.486340e-01 -1.191460e-01
-1.156509e-01 -2.081760e-02 -9.679293e-02 3.837966e-02 -4.251308e-02 -2.315467e-02 -2.085927e-01 -1.634257e-01
5.060444e-02 -6.171365e-02 6.842095e-02 1.205283e-01 1.216660e-01 3.897530e-02 -2.460917e-01 4.603129e-02
-1.004535e-01 -1.030536e-01 -2.356603e-02 -4.180839e-02 -1.862869e-01 2.056131e-01 3.204981e-01 -7.130919e-02
-3.005594e-02 -3.581547e-03 -1.610739e-02 -6.751935e-02 3.685966e-02 -3.699264e-02 4.603996e-01 -8.313759e-02
-9.708851e-02 3.894586e-02 7.296739e-02 2.688682e-01 -9.554226e-02 -5.647559e-02 -1.281915e-01 -1.255483e-01
-1.332898e-01 5.846708e-02 -1.224002e-01 4.365068e-01 -4.849862e-02 -6.807289e-02 -9.234111e-02 -9.205286e-02
-5.509741e-02 7.057214e-02 -2.706875e-02 1.579343e-02 -1.452978e-01 3.629231e-01 3.118072e-01 5.048120e-02
-1.349306e-01 3.306970e-01 -1.989606e-01 4.794074e-01 -6.041541e-02 -4.340128e-02 -1.291530e-01 -1.583197e-01
-1.133925e-01 2.425534e-01 -1.064679e-01 1.371942e-01 -1.595379e-01 4.125079e-01 1.687783e-01 -2.150992e-02
-1.139174e-01 -3.712147e-02 -6.782956e-02 9.468644e-02 -1.527619e-01 3.879223e-01 2.072394e-01 -8.558973e-02
-1.405899e-02 -1.897539e-01 1.556808e-01 -6.401019e-02 -1.582351e-01 2.865700e-01 1.536176e-01 -1.953765e-02
-3.253189e-02 -1.211329e-01 -3.397675e-02 4.647290e-03 2.114403e-01 -4.757748e-03 5.362631e-01 -6.859564e-02
-1.241992e-01 -5.818812e-02 -6.561428e-02 -9.267615e-02 -3.325303e-02 -1.265697e-01 -7.291334e-02 -1.432472e-02
-9.747761e-02 -1.083978e-01 -9.586190e-02 1.680799e-01 -1.173678e-01 -6.283011e-02 -1.133211e-01 -6.321224e-02
6.721647e-03 -1.225221e-02 8.938951e-02 -1.942731e-02 -1.132648e-01 -8.858570e-03 -1.945361e-01 -1.392635e-01
9.785829e-02 1.051062e-01 -8.399098e-02 -8.288028e-02 7.128561e-02 3.646500e-01 3.546734e-01 4.849147e-02
-1.983723e-02 1.430328e-01 1.420191e-01 2.940000e-01 -8.258768e-02 9.168172e-02 -1.734171e-01 -2.463649e-01
-1.400022e-01 -1.307120e-02 2.242624e-01 -1.632278e-01 2.361608e-01 -5.533061e-02 7.225149e-02 1.798456e-01
1.098519e-01 3.251955e-01 -1.985133e-01 5.351665e-02 1.816437e-01 1.212570e-02 3.668372e-01 -1.355868e-01
-1.416970e-01 -1.713171e-01 2.577785e-01 -8.611830e-02 -8.087203e-02 1.778659e-01 3.031393e-01 -1.247876e-01
-1.951673e-01 6.386126e-02 -2.230868e-01 1.305325e-03 -2.376394e-01 2.989765e-01 2.609645e-01 6.017523e-02
1.807568e-02 7.282132e-02 -1.244606e-01 1.726190e-01 2.306686e-02 -5.039389e-03 -2.434279e-01 -9.796949e-02
-1.723907e-01 -4.114251e-02 1.994338e-01 8.521269e-02 -6.602897e-02 -9.204665e-02 -1.290643e-01 -5.421447e-02
1.138530e-01 2.529118e-01 -1.147532e-01 -8.620603e-02 3.455293e-01 8.198655e-02 2.143906e-01 -4.761738e-02
-1.548003e-01 -1.924796e-01 1.444502e-01 1.653678e-02 -1.469797e-01 1.980273e-01 1.554091e-01 -1.203144e-01
-1.375195e-01 -1.326564e-01 -2.709098e-02 -4.340059e-02 -2.331898e-01 1.837355e-01 2.797008e-01 -1.373087e-02
2.203686e-01 1.082709e-01 -1.812016e-01 5.596456e-03 2.113566e-01 3.167388e-01 2.659321e-01 -1.200103e-01
-8.227110e-02 -6.144885e-02 -5.279680e-02 -9.507705e-02 1.123551e-01 6.437869e-02 -9.865092e-02 -7.967040e-02
-9.566569e-02 5.600015e-02 -5.812371e-03 1.936535e-01 4.894086e-04 -3.706524e-02 -2.056997e-01 -1.441121e-01
-7.028658e-02 8.979848e-02 -8.633918e-02 3.710840e-01 -3.284685e-02 -2.695535e-02 -2.273844e-01 -7.689205e-02
3.970314e-03 1.515660e-01 -1.811135e-01 -2.510173e-02 2.566468e-02 -4.589486e-02 3.982629e-01 -1.083452e-01
-1.056597e-01 1.568998e-01 4.484248e-02 2.952588e-01 -2.330695e-02 -4.082652e-02 -1.609415e-01 -1.624808e-01
-1.108801e-01 -1.157124e-01 9.684659e-02 2.521008e-02 2.129386e-02 -4.348526e-03 -1.909667e-01 -1.047232e-01
1.762317e-01 2.708204e-01 -1.082747e-01 -1.132796e-01 1.785927e-01 2.781762e-01 2.786346e-01 -1.125043e-01
-1.553041e-01 2.753568e-01 -1.101227e-01 4.029754e-01 -1.882823e-02 -1.681226e-03 -2.970255e-01 -2.402469e-01
-1.070327e-01 5.236010e-02 1.458246e-01 1.841591e-01 -4.834952e-02 -4.582693e-02 -1.503607e-01 -7.926565e-02
-1.096831e-01 -1.333100e-01 1.232482e-01 -6.555306e-02 2.318701e-01 -4.306302e-02 5.323573e-01 5.676243e-03
-1.262105e-01 5.098459e-01 -5.994125e-03 3.219828e-01 -6.634420e-02 5.775827e-03 -1.507283e-01 -4.166470e-02
-3.361079e-02 -1.766960e-01 -9.036738e-02 -2.431827e-02 -7.273804e-02 4.448321e-01 1.864377e-01 -1.285269e-01
-1.164846e-01 1.808129e-02 -5.415680e-02 3.033664e-01 -1.340304e-01 -8.322941e-02 -1.312077e-01 9.578300e-02
-5.563905e-02 3.498022e-04 -4.477023e-02 2.690623e-01 -1.530931e-02 3.055279e-02 -2.704587e-01 -1.539018e-01
3.418617e-02 1.038360e-01 -1.251494e-01 5.965281e-02 3.207534e-01 -1.791109e-02 4.484125e-01 -8.935118e-02
-8.672126e-02 -1.470672e-01 8.038840e-02 1.734086e-01 -6.942034e-02 -7.060327e-02 -1.444386e-01 -1.146688e-01
1.526873e-01 3.303922e-02 -9.103091e-03 -8.786599e-02 3.545668e-01 2.120934e-01 2.677508e-01 3.167450e-02
-1.146916e-01 7.589883e-02 3.309625e-02 2.780711e-01 3.667539e-03 4.573063e-02 -3.530874e-01 -1.944169e-01
-8.808399e-02 2.560368e-01 -1.286742e-01 3.436607e-01 -8.202882e-02 -4.799579e-02 -1.959843e-01 -5.617685e-02
-1.968905e-01 -8.924225e-02 4.918854e-02 8.059930e-02 -1.463331e-02 -1.113029e-01 -1.309350e-01 -6.765430e-02
-1.336166e-01 -7.057548e-02 -1.267385e-01 1.282864e-01 -1.424260e-02 -4.671770e-02 -1.781283e-01 -7.803547e-02
8.417330e-02 5.155996e-02 -1.890804e-01 2.178648e-02 2.477884e-02 3.436643e-02 4.254685e-01 -1.342880e-01
-7.881970e-02 -4.743836e-02 3.983459e-02 -7.811791e-02 -1.195209e-01 3.144328e-01 2.613850e-01 -4.137371e-02
1.249733e-01 4.958632e-01 1.369810e-03 1.011826e-02 5.018619e-02 2.468146e-01 1.398932e-01 -1.626684e-01
-1.228459e-01 1.508152e-01 -1.392341e-01 -1.573154e-01 3.109715e-02 -1.198076e-01 -6.320073e-02 9.885649e-02
-9.667871e-02 -1.705504e-01 1.165013e-01 -3.736495e-02 -4.296903e-02 -4.380722e-02 -1.158098e-01 -9.874735e-02
-8.628935e-02 2.117060e-01 -9.046990e-02 4.555802e-01 -2.013998e-02 -9.041549e-02 -1.375841e-01 -2.066792e-01
-1.008648e-01 -1.227731e-01 3.239562e-01 5.907512e-02 -7.735875e-02 -6.191587e-02 -1.189053e-01 2.126251e-03
-1.655369e-01 3.739427e-01 -7.887889e-02 1.017618e-01 -7.063523e-02 -6.901463e-02 -1.454875e-01 -2.757357e-02
-1.756322e-01 1.198684e-02 -3.244381e-01 6.825335e-04 -2.446188e-01 -2.623257e-02 3.232953e-01 -7.584799e-02
2.388305e-01 -1.180851e-01 7.456401e-02 -5.093425e-02 -2.144740e-01 -2.169771e-02 -4.091821e-02 -3.250499e-02
-6.849030e-02 -1.318245e-01 -2.031186e-01 3.386863e-02 8.934304e-02 -2.505365e-01 1.759483e-02 -9.390944e-02
1.828686e-01 -7.932890e-02 -8.921948e-02 -3.733705e-02 7.807448e-02 -1.132833e-01 -1.065609e-01 2.038430e-01
-1.627614e-01 -1.215433e-01 -1.126474e-01 -3.127062e-02 1.182108e-01 -3.268697e-02 4.728295e-02 -2.009366e-01
3.066986e-03 -1.093757e-01 -1.806416e-01 2.281509e-01 -1.824061e-01 -1.117816e-01 2.674978e-01 -1.565553e-01
-1.052306e-02 -8.624949e-02 -1.418352e-01 -3.347433e-02 -1.699483e-01 -1.391019e-01 5.030702e-01 -1.118408e-02
6.274016e-02 -9.183645e-02 3.063762e-01 -6.885735e-02 2.920048e-02 2.092389e-01 -1.637249e-01 2.032235e-02
4.273540e-01 -7.444452e-02 -3.096983e-03 -2.164647e-02 -1.615927e-01 -6.615177e-02 -5.087297e-02 4.232522e-02
-5.765006e-02 5.418434e-01 -2.585511e-02 2.292151e-02 -7.016735e-02 -1.116645e-01 -3.330939e-02 9.378578e-02
2.827455e-02 -1.733807e-01 -1.532308e-02 -1.067982e-01 -1.041568e-01 3.302632e-01 -1.706986e-02 1.027525e-01
6.113475e-02 -1.594245e-01 -6.547217e-02 1.833318e-01 -1.057718e-01 -1.028270e-01 5.412173e-01 4.159500e-02
-1.409302e-01 2.068345e-01 8.554243e-03 5.039816e-01 -4.293576e-02 -1.457855e-01 -1.453247e-01 -1.066744e-01
3.807057e-01 -8.571734e-02 -8.670469e-02 -1.057938e-01 -1.526812e-01 -1.056907e-01 -4.213143e-03 1.815475e-01
1.876929e-01 -8.081182e-02 -2.906972e-01 -5.438048e-02 -1.191522e-01 -3.727779e-02 -4.022782e-02 -1.602520e-01
2.226484e-01 -1.445081e-01 9.745240e-03 -6.588833e-03 1.498922e-01 -1.265411e-01 -2.011568e-01 2.834903e-01
1.185432e-01 -1.372732e-01 -4.860483e-02 -2.629175e-02 1.040074e-01 1.102634e-01 -1.411122e-01 1.674531e-01
4.564787e-01 -8.388965e-02 8.188953e-02 1.544243e-01 -1.552222e-01 -2.578145e-01 -2.225543e-03 1.299974e-01
1.929024e-01 -4.240892e-03 -1.712718e-01 -2.258256e-01 -1.292466e-01 -1.205894e-01 8.273960e-03 -3.550140e-02
-1.235985e-01 -1.339018e-01 -9.559738e-02 -5.748406e-02 2.057638e-01 -1.059146e-01 -1.853029e-01 -2.986287e-02
-6.948335e-02 -1.151737e-01 -1.540511e-01 -1.422933e-01 1.486580e-01 -1.610905e-01 -1.100735e-01 -1.233752e-01
-1.623864e-01 -1.269328e-01 -1.904396e-01 -2.359512e-01 -1.968819e-02 -4.201905e-02 4.231279e-01 -2.040952e-01
3.669333e-01 4.396503e-02 -7.433365e-02 -1.733657e-01 -2.526705e-01 -7.584748e-02 -1.400862e-01 -2.576568e-01
3.308196e-01 -1.616762e-01 -7.870110e-02 -2.137006e-02 -3.406492e-02 -2.243204e-01 -1.055413e-01 2.945068e-01
1.059823e-01 -2.086991e-01 -2.196088e-03 2.166973e-01 -2.358960e-02 -1.106337e-01 4.770048e-01 1.263234e-01
1.014366e-02 -1.507698e-02 -1.206760e-01 -4.807742e-02 -2.254529e-01 -3.767430e-02 2.655064e-01 -1.371040e-01
-1.012580e-01 1.449839e-01 -8.944456e-02 3.718811e-01 -9.178491e-02 1.447918e-01 2.127175e-01 8.114369e-02
-1.727806e-01 -9.371047e-02 9.552241e-02 -6.733912e-02 1.329713e-01 1.013154e-01 -3.462958e-03 -1.839310e-01
-2.424957e-02 -7.568348e-02 -2.988060e-01 -1.956744e-01 -2.886786e-01 1.266668e-02 1.471958e-01 -2.023222e-01
4.790764e-01 -5.968554e-02 -2.691755e-02 -2.585257e-02 -1.265020e-01 -6.604212e-02 -1.053629e-01 3.622299e-02
1.973610e-01 -9.129418e-02 -9.526034e-02 -8.953447e-02 -1.979463e-02 -6.751721e-02 -5.830067e-02 8.805058e-02
8.905045e-02 -5.037764e-02 -2.109789e-01 -9.121696e-02 -3.700805e-02 -1.747243e-01 3.044242e-02 1.105488e-02
7.628453e-03 -1.613655e-01 -1.697147e-01 -8.403800e-02 -1.819292e-02 1.176748e-01 -2.427679e-02 -1.838309e-02
-8.982492e-02 4.327762e-01 1.120893e-01 4.514132e-01 2.000125e-02 -3.872462e-03 -1.282155e-01 1.644022e-01
3.801186e-01 -7.746542e-02 -3.972609e-03 6.963834e-03 -7.393432e-02 -1.062323e-01 -1.674682e-01 8.210090e-02
-1.522856e-01 -5.438069e-02 -2.026716e-01 1.949674e-01 -2.341306e-01 -1.190968e-01 3.753472e-01 1.117997e-01
-2.162532e-01 9.507263e-02 -2.794836e-02 -4.516198e-02 6.084754e-02 1.833466e-02 1.564257e-02 -9.948136e-03
-1.578479e-01 3.497134e-01 8.406572e-03 3.640485e-01 -4.321866e-02 -1.273675e-01 2.149883e-02 1.923908e-01
5.808439e-02 -9.447914e-02 -9.952973e-02 -9.776725e-02 4.892274e-02 -1.062172e-01 -6.758672e-02 -4.573866e-03
1.171108e-02 -1.302449e-01 -2.658398e-02 -7.825945e-02 8.483984e-02 -1.345058e-01 -1.622089e-01 1.413853e-01
-1.464995e-01 1.663688e-01 -7.613309e-02 -2.082417e-02 2.876596e-02 5.133075e-02 7.328669e-02 -2.716749e-01
3.686556e-01 -1.154684e-02 -1.397850e-01 -7.898746e-03 -1.767624e-01 -1.355642e-01 -1.273550e-01 -1.912288e-01
-7.683690e-02 -1.080855e-01 -1.489426e-01 -6.491006e-02 8.159691e-02 -1.152219e-01 1.711031e-02 -9.686770e-02
3.691061e-01 -7.801742e-02 -1.143780e-01 -6.141321e-02 -6.637479e-02 -9.263697e-02 -8.659068e-02 1.351312e-01
-3.026148e-01 3.737203e-01 1.494348e-01 1.611745e-01 4.391012e-02 -5.048969e-02 -9.528982e-02 1.353456e-01
3.018696e-01 -9.253632e-02 -1.425099e-01 -1.624222e-01 -1.513669e-01 -9.800056e-02 -1.595633e-02 7.886221e-02
-1.382283e-02 1.450829e-01 -2.481921e-02 -1.949182e-01 5.012209e-02 1.706790e-01 -7.737881e-02 -2.675642e-01
-5.779800e-02 -7.515261e-02 -1.794252e-01 -1.743641e-01 -1.243436e-01 -6.836531e-02 5.017993e-01 -1.215605e-01
2.533231e-01 -1.223877e-01 -8.105091e-02 -1.680303e-01 -1.328073e-01 5.652574e-02 -1.510253e-01 1.663986e-01
3.279150e-01 -9.605619e-02 -1.949620e-01 -4.669079e-03 -9.527300e-02 4.462582e-02 -1.512850e-01 -1.143171e-01
3.054986e-01 -1.048751e-01 -1.281849e-01 -9.621428e-02 -6.637336e-02 -1.524378e-01 -1.092687e-02 2.083079e-01
-1.329066e-01 -1.579913e-01 -1.273730e-01 -1.506035e-01 1.713763e-01 2.299986e-01 -2.504189e-02 -1.182875e-01
2.971597e-01 -1.113059e-01 -1.484153e-01 -3.078720e-02 -1.511853e-01 -1.165440e-01 -7.956228e-02 -1.644828e-01
1.243009e-01 -1.346469e-02 -1.022894e-01 -3.300421e-02 -8.697604e-02 1.004361e-01 -3.036729e-02 -1.090743e-01
-1.282544e-01 -1.188895e-01 -2.342923e-02 -6.901356e-02 6.288941e-03 2.922462e-01 6.849491e-03 -6.721319e-02
4.763245e-01 -4.779529e-02 -4.501276e-02 -2.268036e-02 -7.951262e-02 -8.016515e-02 -6.345533e-02 4.785800e-02
-4.641934e-02 -8.067366e-02 3.397251e-02 1.963876e-02 -1.486543e-01 2.172888e-01 -1.561057e-01 -1.070099e-01
-3.038844e-02 -1.184334e-01 -1.067061e-01 2.742497e-03 -1.587220e-01 -1.705685e-01 4.960713e-01 5.579291e-02
3.689362e-01 -1.462466e-01 -1.392203e-01 -5.055802e-02 -1.586868e-01 -1.968939e-01 3.039275e-02 2.845874e-01
-1.040381e-01 1.860007e-03 5.062897e-03 -1.594005e-02 2.624408e-03 7.966785e-02 -1.856486e-02 -1.561702e-01
3.682406e-01 3.223870e-02 -1.116567e-01 -2.307059e-01 -2.278682e-01 -1.144630e-01 -2.901049e-02 -1.380982e-01
1.331281e-01 -9.278458e-02 -2.849037e-01 1.997753e-01 -1.816177e-01 -4.510852e-02 2.029146e-01 -6.668691e-02
-6.648838e-02 3.038240e-03 -2.048683e-01 -1.740651e-01 6.674192e-03 -1.711411e-02 1.222418e-02 -1.342490e-01
1.990137e-01 1.131551e-01 -2.102461e-02 -1.878666e-01 -6.656908e-02 1.075648e-01 -1.161897e-01 -9.224954e-02
-3.245708e-01 -9.035852e-02 1.287176e-01 -1.085076e-01 2.438600e-02 -1.000750e-01 -4.480773e-02 1.499016e-01
-3.626186e-03 -4.686231e-02 -1.048933e-01 5.562156e-02 1.943946e-01 3.684689e-01 -3.188049e-03 -1.042040e-02
4.603352e-01 -3.467973e-02 2.147878e-01 -8.366205e-02 -8.113835e-02 -1.095961e-01 3.124847e-01 -3.535867e-02
-2.278963e-01 -2.453622e-01 -1.657676e-02 2.929717e-02 1.597882e-01 1.660872e-01 -2.978195e-01 1.585417e-01
1.881915e-02 -3.651754e-01 9.358809e-02 -8.712679e-02 4.227645e-02 -1.109378e-01 3.743676e-04 1.656410e-01
-1.162253e-01 -4.488528e-02 -1.540547e-01 -2.459684e-01 1.755782e-01 1.452287e-01 1.093607e-01 8.074792e-02
-2.051134e-01 -4.807989e-01 -9.310046e-04 -1.146391e-01 -8.998764e-03 -1.578167e-01 -1.458282e-01 -2.317336e-02
-7.531236e-02 1.672624e-01 -1.064665e-01 3.138641e-01 1.055998e-01 1.617347e-02 -1.060226e-01 1.135989e-01
-2.909921e-01 7.742143e-02 2.474808e-01 -7.626160e-02 -3.689689e-02 -5.097733e-02 7.959370e-02 2.112115e-01
-1.206241e-01 -2.171643e-01 3.170740e-01 8.866583e-02 -7.868299e-02 -2.771802e-01 -2.132344e-01 -1.020363e-01
-3.689206e-02 3.777870e-03 3.183464e-01 1.760909e-02 -2.535517e-01 1.002359e-01 -1.715100e-01 -2.159640e-01
-2.014783e-01 -1.286104e-01 -3.710506e-02 2.284448e-01 3.701293e-01 6.560017e-02 -1.314300e-01 -1.544712e-01
-1.320106e-01 -4.098652e-02 -1.719959e-01 -1.725999e-01 1.576656e-01 2.658168e-01 -5.692657e-03 -4.354900e-02
5.912663e-01 -1.115554e-01 2.609524e-01 -1.407876e-01 -1.281446e-01 -8.179706e-02 1.655639e-01 4.758603e-02
-3.789127e-02 1.866782e-02 2.371894e-01 2.212505e-01 -1.314221e-01 1.219967e-01 -3.400616e-01 -3.848167e-01
-1.819219e-01 2.268171e-02 -5.941396e-02 -1.814655e-01 1.791513e-01 1.578818e-02 -1.245423e-02 -1.661928e-02
-2.477131e-01 -6.844029e-02 -2.045617e-01 5.372793e-02 3.369546e-01 -3.873251e-02 -1.687467e-01 -1.088955e-02
-1.549087e-01 -6.575696e-02 -1.466010e-01 2.095429e-01 3.601415e-01 2.582937e-01 -8.663269e-02 -3.317431e-02
-1.911786e-01 -1.425263e-01 2.167693e-01 -1.322745e-02 -1.186517e-01 -3.011147e-01 -8.100620e-02 -7.429874e-02
-1.282769e-01 -5.378172e-01 1.646566e-01 3.351715e-02 3.934104e-03 -8.216713e-02 -2.313233e-01 5.909234e-02
-1.100925e-01 -3.792371e-02 -1.924648e-01 -2.338708e-01 1.214443e-01 1.715343e-01 1.849655e-01 -1.978435e-02
-2.072462e-01 -3.938409e-02 -1.550901e-01 5.444206e-02 2.904494e-01 -4.442868e-02 -2.839749e-01 -6.840311e-02
-1.591448e-01 1.774458e-01 4.089048e-01 9.521049e-02 -1.833332e-01 -1.056696e-01 -2.539064e-01 -9.117443e-02
-2.794946e-01 -9.075177e-02 -1.183916e-01 -1.605022e-01 1.490201e-01 2.081399e-02 7.768049e-02 1.367254e-01
-2.598788e-01 -4.103407e-02 -6.691918e-02 -6.278721e-02 2.349089e-01 -2.592724e-01 -2.886317e-01 -1.664135e-01
-1.794092e-01 -1.423546e-01 -1.369357e-01 5.620027e-02 4.242091e-01 1.980211e-01 -7.945645e-02 -4.489489e-02
-2.056327e-01 -1.752658e-01 3.012539e-01 -1.125653e-01 -2.166682e-03 -1.065462e-01 -1.758126e-01 1.425659e-01
-2.103977e-01 -6.229329e-02 9.092797e-02 -7.754503e-02 5.016051e-02 -6.910911e-02 -4.474293e-02 -2.107629e-01
-1.505879e-01 -1.304531e-01 -1.629656e-01 3.888072e-01 3.346049e-01 1.649330e-01 -1.844446e-01 -2.336846e-01
1.371744e-01 -5.653344e-02 -1.121271e-01 -1.666143e-01 1.982183e-01 2.795877e-01 1.387476e-01 -1.760804e-02
-5.156253e-02 -1.087973e-01 -1.436673e-01 3.914250e-02 4.019226e-01 9.301414e-02 1.478087e-02 7.361174e-02
-3.467183e-01 -1.819643e-01 -1.417612e-01 -4.207705e-02 1.584619e-01 -2.385237e-02 -1.452993e-01 2.984816e-02
-2.507784e-01 -1.466938e-01 -6.739265e-02 1.785460e-01 3.086985e-01 6.991474e-02 -1.479337e-01 2.373824e-02
-7.091067e-02 -1.751497e-01 -2.283944e-01 -4.935559e-02 1.991893e-01 3.278684e-01 8.391412e-02 -1.292550e-02
-2.657731e-01 -1.488031e-01 2.169440e-01 -6.968082e-02 -7.498720e-02 -2.523910e-01 -6.432630e-02 5.385312e-02
-8.142473e-02 3.552170e-02 2.978075e-02 4.320743e-01 2.028712e-01 8.904733e-02 -3.433633e-01 -1.721496e-01
-3.763126e-01 -6.461484e-02 -1.732542e-01 6.882919e-02 1.940041e-01 -2.861418e-01 -5.217035e-02 5.740742e-02
3.425772e-01 -1.361776e-01 1.435652e-01 -2.028731e-03 1.111265e-01 6.230657e-04 1.707983e-01 1.522349e-02
-2.231999e-01 -3.633415e-02 -3.460056e-02 4.136965e-02 3.029092e-01 1.166024e-02 -1.157521e-01 -8.470004e-02
2.022973e-01 -1.503181e-01 3.338419e-01 1.239506e-01 1.685510e-02 -1.717318e-01 2.021226e-01 -2.390315e-01
-2.474571e-01 -1.086798e-01 -1.665651e-01 1.255479e-01 1.457930e-01 7.883212e-02 -2.671339e-01 -4.026621e-02
2.699736e-01 -3.402139e-01 1.905078e-01 2.058875e-01 4.437260e-02 -2.244464e-01 -7.377864e-02 -1.328069e-01
-2.368352e-01 1.594510e-01 2.625432e-01 -7.562080e-02 -9.016718e-02 -1.979307e-01 2.262849e-02 5.645486e-02
-2.969127e-01 -3.142634e-01 -1.546147e-01 1.798390e-01 2.258323e-01 -3.399128e-02 -2.705643e-01 -1.845527e-01
-4.771677e-02 -1.026706e-01 -8.443422e-02 -1.228851e-01 2.217456e-01 3.231902e-01 1.876105e-02 -8.320379e-02
-7.892495e-02 -5.866197e-02 -1.569830e-01 3.946663e-01 2.629783e-01 3.842941e-01 -5.426408e-03 -1.487392e-02
5.606497e-01 -2.953651e-02 1.908555e-01 -1.452914e-01 -1.506481e-01 -4.961833e-02 1.611924e-01 6.097484e-02
-1.731659e-01 2.257476e-01 3.415749e-01 9.000599e-02 -2.348925e-02 -9.119024e-02 -4.124969e-01 -2.696671e-01
-2.678960e-01 -5.025791e-02 -1.546675e-01 -1.436203e-01 1.562045e-01 -1.462212e-01 -2.075071e-01 1.556104e-03
-2.044591e-01 -2.953537e-01 -9.935051e-02 5.036012e-02 7.114304e-02 1.061838e-01 -1.736095e-01 2.500451e-02
2.119154e-01 -3.707916e-01 1.195497e-01 -7.699115e-02 4.445110e-02 -5.959656e-02 6.735355e-02 9.118006e-03
-2.380668e-01 1.625716e-01 -7.137878e-02 1.738178e-02 1.815234e-01 -1.069761e-02 -1.062672e-01 8.796822e-02
-4.400297e-02 -5.864339e-02 -1.263297e-01 3.092801e-02 4.093428e-01 2.614938e-01 -2.919209e-02 -1.015490e-02
-2.193132e-01 -2.012192e-01 -2.525454e-01 1.283653e-01 2.508647e-01 3.204755e-01 -3.386789e-02 -5.182375e-02
-1.488328e-01 -7.278211e-02 -1.147466e-01 4.247763e-02 3.338448e-01 4.056709e-02 -4.024265e-02 1.160484e-02
-1.389485e-01 -1.003990e-01 3.023329e-01 2.464190e-02 5.519147e-02 -2.049760e-01 -1.282827e-01 8.170493e-03
-1.010938e-01 -7.588590e-02 -1.382913e-01 6.806309e-03 3.970081e-01 1.735671e-01 -6.099224e-02 -9.231692e-02
-3.627516e-01 -1.740675e-01 -1.700450e-01 9.813157e-02 1.392530e-01 -1.017941e-01 -3.136911e-01 -1.524291e-01
-2.169353e-01 -1.177887e-01 -2.340126e-02 1.103314e-01 4.043221e-01 -1.057268e-01 -1.460798e-01 -1.018780e-02
3.034106e-02 -2.418228e-01 2.947619e-01 5.053162e-02 -6.647612e-02 -2.847275e-01 -2.008440e-01 -1.443495e-01
-3.208281e-01 -1.486090e-01 1.275409e-01 -6.964254e-02 -1.073600e-02 -2.207295e-01 -1.260098e-01 5.922305e-02
-1.736609e-01 -3.658457e-02 -2.140126e-01 1.237835e-01 1.486152e-01 3.381647e-01 -6.350655e-02 8.856336e-02
4.127657e-01 -2.845789e-01 1.289221e-01 -5.229549e-02 1.296290e-01 -8.686516e-02 4.046408e-03 -4.351559e-02
-3.183673e-02 1.732227e-02 -9.271641e-02 -2.975541e-01 5.754414e-02 1.566641e-01 1.456140e-01 1.478748e-01
1.681332e-01 5.794222e-02 5.615671e-02 2.481601e-01 4.202916e-01 -3.790807e-02 1.815527e-01 -8.202273e-02
4.170835e-01 -1.599957e-01 -3.603883e-02 4.219329e-01 1.341314e-01 1.480937e-01 4.968906e-02 -1.246196e-01
-9.055444e-02 -7.784483e-02 3.421653e-01 -2.244647e-02 -1.269916e-01 -8.242330e-02 -4.928962e-02 5.958289e-02
5.351823e-01 -9.677488e-02 -1.204736e-01 -8.243769e-02 -3.296649e-02 1.206922e-02 1.868401e-01 -3.537362e-02
-8.456123e-02 1.077796e-01 1.997102e-01 -1.173939e-01 -5.529387e-02 3.676199e-02 -9.595277e-02 2.426116e-01
4.355909e-01 -1.200456e-01 -1.547221e-01 1.514211e-01 -8.991592e-02 -1.191184e-02 1.124513e-01 -1.996483e-01
2.112984e-01 -4.396900e-02 -1.908249e-01 2.739620e-01 4.019114e-01 -1.743283e-02 -4.692637e-02 -6.232199e-02
1.238071e-02 -7.588489e-02 -2.149675e-01 2.207785e-01 -5.790368e-02 -2.144870e-01 3.792933e-02 1.572254e-01
-4.605661e-02 1.840468e-02 -1.085393e-02 1.321757e-01 5.135933e-01 1.045305e-01 1.005885e-01 -1.665814e-02
-1.162432e-01 -1.283827e-01 4.135758e-01 -1.742840e-02 1.876222e-01 -6.645438e-02 1.632831e-02 -1.074235e-01
1.227914e-01 -2.321455e-01 -7.144176e-02 2.606165e-01 1.843264e-01 -5.217486e-02 -9.043074e-02 -1.891522e-01
-7.302209e-03 -8.977979e-02 3.220556e-01 1.959649e-01 2.731573e-01 1.081279e-02 -5.490151e-04 -2.045570e-01
1.673454e-01 1.058544e-01 1.463677e-01 -2.443565e-01 -6.077994e-02 2.380139e-01 -1.516853e-01 1.889591e-01
-1.347636e-01 -2.290824e-01 1.059341e-01 2.419591e-01 -1.512217e-01 4.184331e-02 -1.488985e-01 -5.173165e-02
1.743424e-01 -9.769556e-02 -4.982242e-03 3.819508e-01 5.295897e-01 -1.080033e-02 8.390798e-02 -1.796437e-01
-6.169385e-03 -2.376826e-01 -1.048410e-02 -3.742106e-02 -2.079759e-01 -1.821455e-02 4.528960e-02 -9.377632e-02
-1.020688e-01 -1.755147e-02 3.917256e-01 4.680089e-02 2.522833e-01 -8.428690e-02 5.818052e-02 1.890691e-01
1.985036e-01 -1.994525e-01 -4.601381e-02 3.884697e-01 2.274825e-01 3.103481e-02 2.126577e-01 -7.081985e-02
4.636723e-01 -7.472540e-02 -3.180513e-02 2.196068e-01 -2.760372e-02 -7.922567e-02 1.353453e-01 -7.397605e-02
-1.222600e-01 2.091127e-02 4.122784e-01 -1.410940e-02 4.608096e-01 3.185938e-02 6.281346e-02 1.155793e-01
-1.441806e-01 2.522281e-01 1.693132e-01 -2.610445e-01 -1.874166e-01 6.141840e-02 -2.179484e-01 2.608202e-01
2.589672e-01 1.155548e-02 -1.698354e-01 3.306617e-01 1.990307e-01 8.992186e-02 -1.859866e-03 -1.903890e-01
4.942000e-01 -2.164243e-01 -2.378170e-02 2.653653e-01 -1.007830e-03 1.150720e-01 1.322214e-01 -1.063102e-01
2.613477e-01 -8.721032e-02 -1.224295e-01 3.506787e-01 5.504250e-01 8.409303e-02 1.264823e-02 -1.455376e-01
8.668175e-02 -2.494516e-01 1.556678e-02 4.776932e-01 3.427757e-01 -1.040770e-01 1.196862e-01 -2.507290e-01
-3.034789e-02 -1.414024e-01 3.497425e-02 1.291728e-02 -2.640235e-01 -8.465298e-02 -1.378145e-02 -1.644569e-02
4.787890e-01 4.424530e-03 -9.298427e-02 -1.165121e-01 -1.395051e-01 2.224070e-03 1.401808e-01 4.943496e-03
1.627214e-01 -1.456658e-01 3.163865e-04 3.330961e-01 4.140856e-01 -8.208556e-02 6.580679e-02 -1.565968e-02
3.914548e-01 -7.105874e-02 -1.926018e-01 4.359595e-01 2.400287e-01 1.719533e-01 -8.788687e-02 -1.751257e-01
-1.909526e-01 2.042129e-02 1.291154e-01 -2.023495e-01 2.367382e-01 -1.556746e-01 -1.959891e-01 -9.761702e-02
1.322469e-01 5.396760e-02 1.618339e-01 2.903637e-01 1.010836e-01 5.230348e-02 1.722763e-01 -1.356204e-01
3.848274e-02 -1.475002e-01 2.032921e-01 3.000742e-01 4.463366e-01 -3.057492e-02 1.159172e-01 -1.868890e-01
-6.734384e-02 1.328436e-01 3.616488e-01 -1.692797e-02 3.191329e-01 -5.129605e-02 5.923059e-02 1.797453e-01
2.377324e-01 -4.576563e-03 3.213524e-02 2.386959e-01 2.650308e-01 1.218743e-01 -4.689228e-03 -2.468451e-02
4.148234e-01 -1.446085e-01 -1.664904e-01 4.840424e-01 3.317425e-01 2.037090e-03 5.529450e-02 -1.565146e-01
5.857102e-01 -6.118564e-02 -1.364730e-01 1.183934e-01 -2.894382e-02 8.418317e-02 5.747839e-02 -1.638334e-01
3.671839e-01 -8.517331e-02 -1.061512e-02 3.202656e-01 4.978957e-02 -2.116842e-02 3.585250e-02 -8.940826e-02
-1.322258e-01 -1.876875e-01 7.489209e-02 -8.082203e-03 -2.109756e-01 -1.800355e-01 1.534290e-01 6.666068e-02
-1.208285e-01 -1.726327e-02 1.993838e-01 -1.834823e-01 -2.402030e-02 -1.002849e-01 2.801934e-01 9.906475e-02
1.496092e-01 -8.632387e-02 1.789747e-01 3.685573e-01 3.557744e-01 -1.009917e-01 2.794521e-02 -3.357641e-02
-2.063348e-02 -1.145065e-01 2.321292e-01 1.251731e-01 -1.541587e-02 -7.671516e-02 -3.082967e-02 -7.832310e-02
2.683591e-01 -2.179836e-01 6.879995e-02 2.540193e-01 1.759477e-01 -1.052288e-01 -8.931962e-02 3.171604e-02
1.895002e-01 9.363358e-02 -7.057955e-02 2.812422e-01 4.853986e-02 -6.885751e-02 8.878975e-02 -1.418715e-02
1.154796e-01 -3.112942e-01 -1.233803e-01 3.773412e-01 -1.538184e-01 3.660476e-02 -3.441365e-02 -9.628858e-02
3.809737e-01 -8.626827e-02 8.667449e-02 4.026122e-01 1.653439e-01 -1.665395e-01 2.199116e-02 -1.716859e-01
1.037473e-01 1.143114e-01 -2.098542e-01 -2.516299e-01 -1.630975e-01 9.326316e-02 -2.149781e-01 4.725578e-01
-3.799926e-02 2.938534e-02 5.254696e-02 -2.438747e-01 -1.778268e-01 1.744952e-02 -8.814444e-02 1.590237e-01
3.921777e-01 -6.519337e-02 -5.669512e-02 -8.776081e-02 -4.137343e-03 5.869972e-02 7.763603e-02 1.679091e-02
-8.396278e-03 -1.320036e-01 1.482317e-01 -9.060455e-02 -1.880692e-01 -1.324359e-02 -2.111949e-01 1.289551e-01
2.098424e-01 -1.476194e-01 -2.075390e-01 2.880143e-01 3.409041e-01 5.082943e-02 -8.320308e-02 3.767882e-02
3.527559e-01 1.496307e-01 9.676295e-02 -1.119925e-01 3.789630e-02 -1.157331e-01 2.383728e-01 -1.469974e-01
-4.748788e-02 1.399702e-01 2.341970e-01 -1.364252e-01 -9.361768e-02 -4.919213e-02 -2.112572e-02 5.244707e-01
4.242875e-01 -2.054179e-01 -1.265456e-01 3.368959e-01 3.427351e-02 1.838754e-02 8.915573e-04 -1.190292e-01
-1.017175e-01 -5.126155e-02 2.618499e-01 1.308714e-01 5.189971e-01 -9.570606e-02 4.789591e-02 -9.891339e-02
5.153098e-01 -1.292198e-01 -1.716868e-01 3.800448e-01 4.183933e-02 1.045431e-01 -4.293473e-02 -1.288225e-01
2.727460e-01 -1.373740e-01 -1.887481e-02 4.413498e-01 4.126717e-01 -7.839113e-03 9.385383e-02 -1.571583e-01
5.349410e-01 -1.440646e-01 -1.496380e-01 9.716588e-02 -1.580292e-01 7.079284e-02 -2.338226e-02 -8.362765e-02
3.022353e-01 -5.058992e-02 -1.781254e-01 2.817966e-01 4.453072e-01 2.258867e-02 -3.993011e-02 -1.014056e-01
-2.351529e-01 3.372561e-01 3.331928e-02 -1.484543e-01 2.419973e-01 -1.829991e-02 -6.975413e-02 1.648677e-01
7.850111e-02 -1.503893e-01 2.224121e-01 2.632326e-01 4.786224e-01 -5.875836e-02 5.177169e-02 -2.069150e-01
2.672614e-01 -2.449592e-01 -9.341703e-02 4.208829e-01 2.251335e-01 3.049593e-02 7.444849e-02 -2.600509e-01
8.828623e-02 7.935649e-02 6.815615e-02 2.274542e-01 2.661841e-01 1.082995e-01 2.134902e-01 -2.205974e-01
-1.137501e-01 -9.039569e-02 1.070320e-01 9.064066e-02 6.162927e-01 -5.951032e-02 9.329975e-02 -4.020521e-02
1.652865e-01 -1.164740e-01 1.308804e-01 4.013804e-01 3.200235e-01 -1.690328e-02 2.527830e-02 -2.727790e-01
