1 5 16 16 32
-2.832253e-01 -5.492789e-02 -1.759461e-01 3.780492e-01 4.832678e-01 2.782890e-01 4.662836e-01 -1.125895e-02 2.645387e-02 2.846314e-01 -1.185187e-01 8.174012e-02 3.792202e-01 1.563470e-03 3.908326e-01 -2.129372e-01
-2.828790e-01 1.876107e-01 3.368392e-01 2.840513e-01 2.840467e-01 -3.272938e-01 3.179684e-02 3.646234e-01 -2.660125e-01 -6.313440e-02 1.025915e-01 5.188221e-01 3.066014e-01 -1.722828e-01 -5.867606e-01 -8.728350e-03
2.493075e-01 -3.007896e-01 9.144890e-02 -2.759409e-02 -1.580680e-01 6.754529e-01 -3.848170e-02 -1.286593e-01 1.717429e-01 -2.980046e-01 -1.046117e-01 -2.020344e-01 5.774669e-01 -3.721420e-01 -2.841499e-02 -2.656070e-01
3.018901e-01 -1.697924e-01 -2.235557e-01 -2.729278e-01 -2.740372e-01 4.708305e-01 -1.226661e-01 -1.360031e-01 1.879307e-01 2.324162e-01 -8.516558e-02 -4.713848e-01 -2.437162e-01 9.242044e-02 7.550675e-01 -1.365540e-01
6.086049e-01 1.822442e-01 2.657938e-01 -1.906006e-01 -4.979803e-01 -1.977346e-02 -5.127791e-01 1.115386e-01 2.528446e-02 -3.233562e-01 6.451205e-01 -3.318614e-01 -2.243792e-01 -1.456287e-01 -2.224690e-01 5.676516e-01
-1.780676e-01 5.300494e-01 -1.055620e-01 -3.436699e-01 2.757400e-01 2.745745e-01 5.988916e-01 -5.895970e-01 2.762014e-01 -4.596395e-01 -5.402963e-01 1.660034e-02 3.682694e-01 3.569432e-01 -1.799128e-01 -1.129442e-01
-1.438541e-01 2.686285e-01 -3.218625e-01 -6.284823e-02 3.339841e-01 1.717070e-01 -3.961986e-01 -9.738627e-02 -8.272785e-02 -2.494219e-01 1.120453e-01 4.809802e-01 -1.033325e-01 -2.905001e-02 5.617667e-01 -1.538698e-01
-3.194369e-02 3.197952e-01 7.407095e-02 -1.411013e-01 2.839064e-02 -3.456613e-01 -2.775649e-02 2.954278e-01 1.255973e-01 1.409685e-01 -6.816422e-02 -1.871421e-01 -3.202974e-01 5.504898e-01 5.721768e-01 -5.356474e-01
4.302492e-01 1.348378e-01 -4.936999e-01 -2.496970e-02 -3.199345e-01 3.903395e-01 2.202863e-01 -6.528984e-02 6.762424e-02 3.449354e-02 4.747898e-01 -4.890569e-01 4.420402e-01 9.671918e-02 -3.603512e-02 2.101320e-01
-2.926795e-01 -1.886818e-01 2.929905e-02 -2.431357e-01 1.840486e-01 -3.117729e-01 -3.111469e-01 9.594921e-02 -9.738798e-02 -3.877003e-01 -6.845569e-03 4.867016e-01 -1.274815e-01 2.618601e-01 6.768696e-01 -1.276083e-01
4.741502e-01 -4.107869e-01 8.089893e-02 3.581898e-01 -4.340895e-01 -3.361994e-01 -6.155218e-01 5.000639e-01 -2.681662e-01 3.670165e-01 5.721989e-01 -2.616929e-01 -1.620554e-01 -1.031371e-01 1.671235e-01 2.442797e-01
8.405451e-02 -4.534866e-01 3.262739e-01 2.869657e-02 -4.823008e-01 -3.569286e-01 5.535244e-01 4.034895e-01 1.455450e-02 3.050564e-01 -6.871952e-02 -3.702354e-01 1.573290e-01 1.660350e-01 -3.786135e-01 2.940614e-01
-1.931230e-01 7.204662e-01 -7.010037e-02 -5.472454e-02 1.031643e-01 -2.331403e-01 -2.793601e-01 1.588715e-01 -1.949888e-01 1.008465e-01 -4.865544e-02 1.726393e-01 -2.568201e-01 -8.085632e-02 -4.044920e-01 -2.674489e-01
-3.783429e-01 -3.173297e-02 -3.775080e-01 9.242611e-03 2.850088e-01 5.248817e-02 -1.646781e-01 1.071812e-01 1.112333e-01 -1.809142e-01 5.174004e-02 5.926182e-01 -1.838175e-01 9.947546e-02 5.354319e-01 1.438117e-01
7.015365e-01 4.722096e-01 -1.851826e-01 -1.592264e-01 -5.057938e-01 -3.142251e-01 -4.784065e-01 6.836542e-02 -2.806794e-01 -3.248849e-01 6.658672e-01 -4.048574e-01 -4.527134e-01 1.299715e-01 1.547325e-01 3.937215e-01
3.897299e-01 -2.879465e-01 -4.061037e-01 -3.045244e-01 -3.288908e-01 9.362308e-01 1.145452e-01 -4.505840e-01 1.540026e-01 -2.767772e-01 8.858971e-02 -5.133839e-01 3.926430e-01 5.641371e-02 4.251692e-01 -1.998385e-01
-2.459745e-01 3.194979e-02 -2.883420e-01 -9.859324e-02 5.872865e-01 2.218502e-01 8.354662e-02 -1.130963e-01 -5.327788e-02 -8.612210e-02 -6.007848e-02 8.965646e-03 -7.143889e-02 5.001353e-02 6.587312e-01 -4.407517e-01
-5.911082e-02 4.671636e-01 4.169041e-02 1.460763e-01 1.162206e-01 -2.574521e-01 -1.790221e-01 3.618377e-01 -2.664221e-01 1.098349e-01 5.049707e-02 3.456433e-01 2.601447e-02 -2.223156e-01 -3.422729e-01 -1.157921e-01
-3.546307e-01 -3.099202e-01 3.191149e-01 3.326719e-01 2.219801e-01 -1.588640e-01 9.587271e-02 1.210731e-01 3.527482e-01 3.659357e-02 -4.114546e-01 4.583731e-01 1.528176e-01 -1.304421e-01 -9.344483e-02 -1.945815e-02
-3.511892e-02 -4.279743e-01 -1.877155e-01 -9.437097e-02 1.241925e-01 1.490819e-01 -1.063621e-01 -2.262393e-01 9.360489e-02 8.274712e-02 1.277838e-01 1.292471e-01 1.034107e-01 1.439081e-01 9.517422e-01 5.234448e-02
-1.956644e-01 9.643993e-02 5.575264e-01 4.129462e-02 -6.892711e-02 6.268665e-02 4.266177e-02 3.387748e-01 -1.374570e-01 3.368158e-01 2.618704e-01 5.362288e-02 3.030289e-01 6.027172e-02 -2.181966e-01 4.859110e-01
-3.876840e-01 1.667945e-01 2.361901e-01 6.423749e-02 6.730684e-01 -2.445864e-01 -2.744711e-01 8.546156e-02 1.302512e-01 1.082458e-01 -3.132179e-01 3.803789e-01 -1.297860e-01 9.098572e-02 5.356615e-02 7.301828e-02
7.753807e-01 3.574446e-01 -4.608791e-02 3.484027e-01 -5.977448e-01 1.867050e-01 -5.141640e-01 1.958496e-01 -1.128882e-01 1.408961e-01 7.724169e-01 -4.683364e-01 -5.842634e-02 -2.729540e-01 1.623117e-01 2.892690e-01
2.321073e-02 2.841840e-01 2.480157e-01 -8.644141e-02 4.304452e-01 5.167138e-01 -2.141049e-02 -5.549160e-01 9.306118e-02 -1.284346e-01 -4.269277e-01 -7.701049e-02 -6.911068e-02 -6.999158e-01 -1.905468e-01 -2.825088e-01
6.761989e-01 7.122517e-02 -4.975417e-01 -3.160151e-01 -2.816977e-01 7.489085e-01 -1.821516e-01 -5.409046e-01 -4.031993e-02 -4.694484e-01 6.478600e-02 -5.378951e-01 2.740875e-01 -1.504097e-01 2.403179e-01 -3.215308e-01
-1.037963e-01 7.216879e-01 5.723510e-02 -1.006214e-01 4.534078e-01 1.871063e-01 -1.507227e-01 1.942661e-01 -1.573095e-01 -9.270495e-02 -5.502943e-02 4.443048e-01 -2.229221e-01 -2.207222e-01 -2.668608e-01 -2.980052e-01
-5.637777e-01 -2.918009e-02 -2.451100e-01 -2.137723e-01 3.677799e-01 9.977113e-02 5.553521e-01 -5.591606e-02 2.781688e-01 -1.896318e-01 -3.897557e-01 5.215512e-01 2.845339e-01 1.355064e-01 8.658498e-02 3.884741e-02
3.137409e-01 -2.908187e-01 5.695173e-02 -3.116942e-02 -1.753338e-01 6.665742e-01 -5.389652e-02 -1.375216e-01 1.587387e-01 -3.383695e-01 -8.037106e-02 -1.742974e-01 5.187910e-01 -3.504688e-01 -4.773048e-02 -2.580910e-01
-3.357154e-01 -1.536242e-01 1.346758e-01 2.037799e-01 1.602226e-01 -3.790314e-01 -2.621419e-03 7.212576e-02 3.713855e-02 6.123750e-02 -2.869184e-02 5.992354e-01 5.570911e-02 -1.912278e-01 -4.479725e-01 3.174203e-01
-1.619508e-01 1.777200e-01 2.246691e-01 1.192517e-01 -1.869523e-01 1.459305e-01 -4.357339e-02 4.521765e-01 -1.200127e-01 2.965752e-01 -2.173204e-02 2.979327e-01 3.256238e-01 7.525020e-02 -2.403067e-01 4.872416e-01
-2.682303e-02 4.940576e-01 4.714890e-02 -9.107772e-02 3.069737e-01 -4.335301e-02 3.371897e-02 1.430394e-01 -1.352559e-01 -4.748467e-02 1.672055e-01 5.731785e-01 -2.970850e-02 -1.384486e-01 -2.932060e-01 -2.866354e-01
7.307802e-01 -1.164926e-01 -3.669961e-02 -3.502632e-01 -3.598186e-01 -2.218792e-01 -4.693544e-01 -2.083990e-01 1.264939e-01 -7.280688e-01 2.490759e-01 -5.904593e-01 -4.763579e-01 -1.538313e-01 -2.054819e-01 1.565038e-01
3.057861e-02 7.208753e-02 -9.910535e-03 6.033264e-02 6.118485e-02 -1.542206e-02 1.565461e-01 -7.384835e-01 2.539599e-02 2.895768e-01 3.310117e-01 8.392254e-02 4.385446e-01 -2.476171e-02 -4.104130e-01 -1.455172e-01
2.910475e-01 1.451369e-01 5.776990e-01 -4.371570e-03 -4.401110e-01 1.583963e-01 -2.706709e-01 -1.918098e-01 2.254740e-01 -4.763203e-02 5.773983e-01 -4.858375e-02 1.558962e-01 -2.019256e-01 2.765945e-01 2.886610e-01
-3.157623e-01 -5.139782e-01 -7.608401e-03 2.096079e-01 4.126343e-01 -3.879241e-01 -2.819872e-01 4.816925e-01 8.236012e-02 -1.464576e-01 -2.696379e-01 8.244369e-02 -4.368906e-01 5.706972e-02 1.370008e-01 7.888269e-03
1.487200e-01 9.460098e-04 2.379234e-01 -1.054105e-01 -2.429087e-02 6.286954e-01 -7.133323e-01 1.971975e-01 1.979626e-01 -2.193582e-03 1.155386e-01 -2.352958e-01 6.900623e-02 -5.358723e-02 -1.024042e-02 4.987744e-02
-3.773131e-01 -1.460785e-01 -2.486935e-01 3.803696e-01 2.141541e-01 -2.237512e-01 1.506316e-01 -1.729219e-01 -2.930489e-01 2.108674e-01 2.525798e-01 2.624493e-01 3.069179e-01 -1.928742e-01 -2.665927e-01 -1.239649e-01
-9.421253e-02 2.710202e-01 -1.356940e-02 -5.605198e-02 -4.259587e-01 -2.714051e-01 -5.179954e-02 -3.940012e-02 6.168000e-01 -2.243057e-01 1.749626e-01 -1.113486e-01 5.529038e-01 -2.812682e-02 -1.100251e-01 -2.890856e-02
-2.420976e-01 -4.309170e-02 1.819540e-01 -3.642357e-01 -2.757199e-01 -2.705799e-01 -3.731667e-02 -4.694550e-01 -2.505197e-01 6.399892e-02 2.507800e-01 3.277926e-01 1.657409e-01 -9.028802e-02 1.345731e-01 3.058199e-01
-3.604450e-01 2.197984e-01 -1.718363e-01 4.811526e-02 3.420497e-01 -5.417535e-01 9.775206e-02 -3.180767e-01 2.564672e-01 -2.803016e-01 1.101852e-01 -6.490076e-02 1.148699e-01 -1.768420e-01 -3.554469e-02 -6.198869e-02
-5.536031e-01 -2.068102e-01 -4.877171e-01 -6.565859e-02 1.354071e-01 9.711175e-02 -4.986984e-02 2.362379e-01 -5.933366e-03 3.833324e-01 1.074781e-01 6.279164e-02 9.315898e-02 -1.010558e-01 5.225575e-01 -1.907655e-01
1.892626e-01 -7.919259e-02 5.437106e-03 -1.558131e-01 -5.670995e-02 1.338299e-02 -1.738913e-01 -1.776044e-01 3.957533e-01 2.067008e-01 4.519976e-01 -2.911326e-01 5.032973e-01 7.845793e-02 5.806423e-01 1.409602e-01
4.546103e-01 -3.289005e-01 -1.298004e-01 -3.553514e-01 3.534281e-02 -1.446667e-01 -2.060709e-01 3.099902e-01 3.377306e-01 -1.641631e-02 -2.180068e-01 -1.512986e-01 3.647331e-01 1.024258e-01 5.202081e-01 2.380679e-03
-7.596331e-02 -4.736682e-01 2.389144e-01 -1.147947e-01 1.649399e-01 3.503406e-01 -6.134543e-01 5.590083e-02 -2.578700e-01 1.324845e-01 -1.864615e-01 -3.499141e-02 2.812659e-01 -1.238393e-01 2.352293e-01 -3.275187e-01
1.309482e-01 1.111997e-01 6.662409e-01 -2.473503e-01 -2.598040e-01 1.275377e-01 -2.925532e-01 3.948691e-01 2.660730e-01 -4.485608e-01 3.590100e-01 -9.427324e-02 -8.780041e-02 -4.837487e-01 3.429553e-02 7.081201e-01
-3.045155e-02 5.747222e-02 2.476515e-01 2.360865e-01 -9.003384e-02 -3.359644e-01 -6.966034e-02 4.367194e-02 6.348705e-01 -2.681470e-01 3.153192e-01 9.380654e-02 2.324268e-01 -3.529275e-01 -1.970866e-02 4.073488e-01
3.787915e-01 -1.326170e-02 1.101325e-02 5.080582e-01 -3.918545e-04 1.330388e-01 -1.722148e-01 3.151738e-02 4.597195e-01 -9.937405e-02 9.831342e-02 -1.943711e-01 4.079700e-01 -5.014412e-02 -3.511970e-01 -1.742720e-01
-1.454553e-01 4.620129e-02 5.747486e-02 1.962208e-01 1.442612e-01 -1.661636e-01 9.356256e-02 -2.421089e-01 3.770735e-01 -8.052772e-02 -1.625739e-01 1.107686e-01 3.339693e-01 -1.608706e-01 -5.914721e-01 -2.570861e-01
8.015907e-02 4.930134e-02 -1.058859e-01 3.307272e-01 2.414239e-01 -8.698498e-02 -1.349482e-01 -3.512959e-01 -1.777958e-01 3.034210e-01 5.567440e-01 1.894084e-02 -7.210082e-02 -4.428238e-01 -6.019050e-01 2.080389e-02
-2.786704e-01 1.818571e-01 -2.475010e-01 -2.397015e-01 -2.959652e-02 -1.685598e-01 1.537642e-01 -5.804137e-01 -2.178037e-01 2.450765e-01 3.881235e-01 7.732073e-02 8.844893e-02 2.112584e-01 1.896516e-01 -4.267716e-01
2.395778e-02 -1.164191e-01 -1.003949e-01 1.273517e-01 9.435263e-02 1.072803e-01 -2.416116e-01 5.558046e-01 4.224788e-01 -1.971393e-01 -2.036239e-01 -4.618165e-01 1.775582e-01 2.224101e-01 -9.618726e-02 -3.299650e-01
3.240889e-01 2.319845e-01 3.185662e-01 -1.140823e-01 -3.184505e-01 3.910637e-01 1.397492e-01 -4.496713e-01 2.875124e-01 2.672613e-02 3.403408e-01 4.977121e-02 3.264310e-01 4.567315e-02 -3.710169e-01 -1.866505e-01
-2.796665e-01 -1.604738e-01 -9.239363e-02 -8.691496e-02 1.643070e-01 3.869778e-01 9.815627e-02 2.077540e-01 -4.980297e-02 2.009818e-01 4.563018e-01 3.831228e-03 -3.212317e-01 -1.507164e-01 2.327383e-02 1.574716e-01
1.986826e-01 6.731037e-01 9.049348e-02 -4.945183e-01 -2.851741e-01 4.328917e-01 9.409747e-02 -4.639795e-01 3.077805e-02 -1.174787e-01 1.896342e-01 -6.267761e-02 5.980493e-01 -1.846019e-02 -1.252566e-01 -3.108623e-01
-3.050936e-01 -2.225147e-01 -8.328371e-01 2.764704e-02 5.217308e-01 -8.396319e-02 3.635118e-01 -2.571102e-01 -2.221547e-01 5.761966e-01 -3.778656e-01 9.743008e-02 -1.232972e-01 3.028806e-01 -1.766990e-01 -7.756370e-01
-3.305029e-01 -1.257106e-01 -2.781292e-01 -3.700021e-01 1.327790e-02 5.337808e-01 2.494857e-01 -7.645711e-02 -7.456155e-01 -8.472926e-02 -8.983316e-02 -1.595316e-01 3.395200e-02 -5.425961e-02 -8.146712e-02 -3.825624e-01
2.811209e-01 -1.109299e-02 -1.627547e-01 4.023691e-01 -8.875021e-02 -2.353928e-01 2.949279e-01 -1.422256e-01 2.471293e-01 1.248582e-01 1.541170e-01 5.609663e-02 7.084016e-01 2.561137e-02 -8.122633e-01 1.078540e-01
-8.292099e-02 8.113669e-02 -1.589824e-01 1.032826e-01 -7.502722e-03 3.644499e-02 1.113450e-01 -5.598455e-01 -6.859678e-02 4.009732e-01 2.426918e-01 7.646747e-02 6.009457e-01 -8.912715e-02 -8.079386e-01 6.379319e-02
2.554932e-01 2.587711e-02 6.029724e-01 7.481539e-02 -2.674323e-01 3.877671e-01 -1.786882e-01 1.604931e-01 2.729380e-01 -3.123227e-01 5.155726e-01 -2.504532e-03 1.412701e-01 -4.283811e-01 -2.551437e-02 4.894734e-01
-4.111379e-01 6.109874e-02 1.629878e-01 -2.380147e-01 -7.703543e-02 3.282427e-01 -4.034339e-01 -1.885839e-01 -1.179004e-01 8.533210e-02 3.909729e-01 -1.665634e-01 -2.858114e-01 -1.203020e-01 7.537503e-01 -9.361802e-03
8.651287e-02 7.816653e-02 9.010853e-02 -3.594398e-02 -8.559830e-02 1.783947e-02 -2.114410e-01 5.987474e-01 3.096529e-01 -2.521968e-01 -2.711278e-01 -1.935109e-01 2.381836e-01 -2.219111e-02 8.007100e-01 -1.139002e-02
-5.407357e-01 6.930915e-02 -1.844602e-01 1.475569e-01 2.179789e-01 5.319969e-02 1.620617e-01 -2.869530e-01 1.011435e-01 1.142634e-01 1.592767e-01 7.226854e-02 -2.376482e-01 -2.495334e-01 -3.585221e-01 -4.229269e-01
9.662302e-02 -1.012019e-01 -5.219120e-02 -7.388982e-02 -1.649309e-01 7.464742e-01 -5.180132e-02 9.467652e-02 -5.798509e-02 1.691245e-01 -4.426824e-02 -3.423712e-02 1.886937e-02 4.703915e-02 3.457012e-02 -2.294476e-01
-1.602853e-01 1.339710e-01 -9.770457e-02 -1.892468e-01 -8.040738e-02 2.798302e-03 2.500600e-01 -1.781437e-01 3.047243e-01 -6.346968e-02 9.548102e-02 -1.726447e-01 9.088831e-01 -1.004132e-01 1.426709e-01 1.054454e-02
-5.524070e-02 1.796704e-01 1.016322e-01 -1.312803e-01 -5.029441e-02 -8.232851e-02 -1.087621e-01 1.373037e-01 -4.515189e-02 4.097518e-01 -1.672076e-01 -1.972364e-01 -1.641652e-01 -1.205170e-02 -4.013709e-02 4.877957e-02
-3.280528e-02 1.581002e-01 -3.401453e-02 -2.080808e-01 2.787893e-01 3.072624e-02 1.109071e-01 1.108417e-02 1.687007e-01 2.588023e-01 2.585414e-01 4.213484e-01 -1.116368e-01 2.722427e-02 7.927154e-02 -1.327831e-01
4.815813e-01 -1.962906e-01 -1.436616e-01 1.050033e-01 -6.283629e-02 9.582405e-02 1.580900e-02 -1.217238e-01 3.357710e-02 -1.925507e-01 1.135709e-02 3.049347e-01 2.133743e-01 -8.110679e-02 -1.212893e-01 -1.493189e-01
-2.490812e-01 -1.977378e-02 1.403923e-01 9.335467e-02 4.511408e-01 1.080164e-01 4.023980e-01 1.743760e-01 6.889048e-02 8.621328e-02 3.755230e-02 -2.334707e-01 5.093199e-02 1.542466e-01 2.994292e-01 3.374130e-03
-3.558360e-01 1.956411e-01 3.294178e-01 1.500742e-01 1.438855e-01 2.072500e-01 1.257335e-01 1.395077e-01 5.450404e-02 5.201452e-01 1.506491e-01 2.873831e-01 1.288970e-01 4.645268e-02 1.170798e-01 1.501087e-01
7.542878e-02 -1.254993e-01 2.948242e-01 -1.029798e-01 -1.281645e-01 -1.340706e-01 3.311713e-01 -6.317940e-02 -7.803832e-02 -1.563293e-01 -2.505315e-01 -2.240418e-01 1.951632e-01 8.658252e-02 -2.324712e-01 -2.132648e-02
-6.123707e-02 3.653114e-02 -2.720497e-01 1.172272e-01 1.934604e-02 1.407560e-01 -2.449071e-01 8.893093e-02 2.633355e-02 -2.114768e-02 2.333493e-01 3.327088e-01 -1.937436e-01 -5.672577e-02 4.548624e-01 -1.582353e-02
-1.080831e-02 1.240929e-01 -1.059219e-01 7.791230e-02 2.086284e-01 -1.095567e-01 -2.647274e-02 8.419391e-02 -2.144895e-01 6.687778e-02 4.819653e-01 -8.378646e-02 9.813009e-02 -1.705880e-01 -3.628566e-02 8.670741e-02
3.214487e-01 -2.898576e-02 -1.135281e-01 -1.276823e-01 -4.426517e-03 5.364276e-01 -1.181596e-01 2.742951e-02 -1.039653e-01 -7.895759e-02 -4.105467e-02 -3.353225e-01 1.107061e-01 -1.292791e-02 -1.048419e-02 -2.209462e-01
-1.559410e-01 1.141281e-02 -4.501205e-02 -1.695398e-01 5.539170e-02 7.111008e-02 4.366517e-01 -4.923733e-02 2.328688e-01 -1.039076e-01 -3.389591e-01 1.189092e-01 4.374737e-01 1.346469e-01 -2.475880e-01 9.250532e-02
-2.257290e-01 1.255862e-01 4.262167e-01 3.014620e-02 1.813352e-01 1.706124e-01 5.056437e-02 3.585258e-01 -2.088978e-01 2.075077e-01 2.081314e-01 -6.313248e-02 1.558469e-01 6.035326e-02 1.226947e-01 2.826886e-01
1.212914e-01 -9.659506e-03 6.486156e-02 -3.503434e-02 2.682396e-01 9.453311e-02 1.965609e-01 2.740899e-02 -1.936132e-02 -1.735145e-02 3.177094e-01 6.421275e-01 2.893829e-01 -6.757913e-02 6.961040e-02 -1.234710e-01
1.234026e-01 -3.024622e-01 -1.431568e-01 1.419474e-01 -4.826266e-02 1.336202e-01 1.943924e-01 -8.196778e-02 3.634012e-02 -2.407787e-02 3.525761e-01 3.538705e-01 1.432882e-01 -1.913536e-01 3.155566e-01 -1.086328e-01
-1.040618e-01 2.243280e-01 -1.199018e-01 -8.968263e-02 7.226489e-03 -3.256063e-01 2.201914e-02 -5.317505e-02 -3.014623e-01 2.283966e-01 2.140878e-01 1.046856e-01 -2.669457e-01 5.558185e-02 -2.490343e-01 4.383951e-01
-1.983911e-02 -7.747547e-02 7.458885e-02 -1.508046e-01 -6.489891e-02 2.161305e-01 6.735098e-02 -9.182750e-02 4.179843e-01 -6.114326e-02 -2.099854e-01 2.828778e-01 -2.589884e-02 1.781229e-01 6.162941e-03 -7.923220e-02
-1.224163e-01 1.852568e-01 1.292177e-01 -2.008146e-01 6.124858e-01 1.435465e-02 -2.728834e-01 8.690774e-02 8.374365e-02 -1.306064e-01 -2.531398e-01 4.410991e-02 -6.688157e-02 1.201647e-02 6.052398e-02 -2.567174e-01
2.037893e-01 -2.467173e-01 4.895810e-02 1.362248e-01 -1.155041e-01 4.792363e-01 -6.082515e-02 4.400907e-03 1.689149e-01 -2.068002e-01 -1.037559e-01 -2.083983e-01 2.754466e-01 -1.456470e-01 1.675560e-01 -2.752376e-01
-2.799006e-01 -2.260629e-02 1.128113e-02 1.959857e-02 3.545777e-01 -1.300157e-01 -7.189380e-02 -5.733446e-02 2.577459e-01 -1.471221e-01 -2.554671e-01 4.071585e-01 3.437384e-02 -1.112543e-02 5.938527e-02 1.905228e-02
5.289823e-01 1.638181e-01 -4.554577e-02 4.686032e-02 -7.245047e-02 -6.784432e-03 -5.637430e-03 -6.931364e-02 -1.136598e-01 1.099048e-01 4.325045e-02 -2.086193e-01 -8.108908e-02 -4.606672e-02 -3.771343e-02 -4.343660e-02
-3.480750e-02 -9.373039e-02 1.318715e-01 1.758225e-01 8.091533e-02 -3.521487e-03 1.537910e-01 2.703120e-02 -1.201846e-01 -2.647191e-01 2.296711e-01 3.634011e-01 5.124345e-01 4.275867e-03 -1.367158e-02 -1.395491e-02
9.299771e-02 -1.188978e-01 -5.570063e-02 2.567518e-01 -1.294136e-01 -1.699398e-02 -2.748905e-01 1.759261e-01 -1.240654e-01 1.832269e-01 3.761213e-01 -5.411759e-03 -2.642697e-01 -1.465140e-01 2.956377e-01 -6.170167e-03
1.207616e-01 -1.745019e-02 2.624255e-01 -2.984919e-01 -6.523609e-02 -8.242291e-02 -1.766017e-01 1.185636e-02 -1.817866e-01 -9.944087e-02 4.119132e-01 -1.714172e-01 -1.172933e-01 -1.953273e-01 -1.837710e-01 9.096184e-02
2.814277e-02 2.950993e-01 3.583736e-02 -1.519338e-01 1.022370e-01 1.385252e-01 4.432267e-01 -1.945675e-01 1.699458e-02 -2.449972e-01 -2.479814e-01 5.190713e-02 2.900233e-01 2.798757e-01 -1.791131e-01 2.232275e-03
5.357529e-02 2.080159e-01 2.391703e-01 -9.000288e-02 5.173470e-02 1.290603e-01 -2.069964e-02 1.741643e-01 -1.863547e-02 7.687455e-02 -1.023174e-01 4.835697e-01 2.810916e-02 -1.232254e-01 -1.909553e-01 -1.165424e-01
7.739628e-03 -4.704642e-02 -1.279996e-01 1.796887e-01 -2.938035e-01 -2.024971e-01 9.565749e-02 -1.443704e-01 -2.524462e-01 1.328300e-01 2.170205e-01 1.156478e-01 -4.275872e-02 -1.352034e-01 -2.793468e-01 5.097010e-01
-2.214409e-02 -1.052858e-01 -2.400091e-02 5.314810e-01 -5.096945e-02 -3.161950e-02 2.625852e-02 1.334394e-02 -1.272964e-01 -1.702628e-01 -3.799023e-02 -1.266886e-01 3.261385e-02 -9.405535e-02 6.226250e-02 7.249596e-02
1.572120e-01 -1.214225e-01 -1.095366e-01 7.169407e-03 2.664067e-01 1.333221e-01 1.897151e-01 -1.894656e-01 2.426176e-01 -1.682212e-01 3.510976e-01 4.774247e-01 2.294960e-01 6.308614e-02 1.404016e-02 -1.655265e-01
-2.583186e-01 3.222827e-01 7.145808e-02 -2.613672e-01 1.939854e-01 -1.914823e-01 6.708339e-02 -5.465485e-02 -5.735591e-02 1.384030e-01 -4.518094e-02 -1.340593e-01 1.140563e-01 3.598027e-01 -2.024245e-01 3.982475e-01
-1.739614e-01 -1.211350e-02 -1.511148e-01 1.726603e-01 -1.283114e-01 1.093158e-01 2.628650e-01 1.499334e-01 8.572352e-02 2.405987e-01 2.149424e-02 2.147599e-01 3.802277e-01 7.769507e-02 -9.359930e-02 1.987821e-01
-5.930069e-02 5.319359e-01 -2.250889e-01 -1.028800e-02 1.779101e-01 7.457357e-02 5.339053e-02 4.109105e-02 1.628928e-01 1.634453e-01 -2.343602e-02 1.583196e-02 1.911423e-01 1.606333e-01 -1.471884e-01 2.174900e-01
-3.492985e-01 1.322051e-01 2.552927e-02 2.972429e-01 3.063486e-01 2.370836e-01 2.326657e-01 9.728011e-02 7.725374e-02 4.042502e-01 -1.472643e-01 2.734991e-01 1.334078e-01 1.122908e-01 3.079383e-01 -1.247793e-01
-1.087441e-01 1.104991e-01 -6.800761e-02 -7.853001e-02 1.567467e-01 -1.176011e-01 -7.836796e-03 -1.226970e-01 2.132340e-01 -9.230996e-02 -5.411281e-02 -5.112068e-02 -1.365823e-01 2.313300e-01 4.322740e-01 -7.923115e-02
1.514560e-01 -1.100200e-02 1.033796e-01 -1.250189e-01 2.651515e-01 -8.402478e-03 -1.326557e-01 5.815990e-03 -1.786148e-01 3.019585e-01 4.936573e-01 4.128672e-03 -1.423708e-01 -2.626983e-01 -2.145915e-01 -3.476920e-02
-9.264056e-02 -1.028371e-01 -1.974349e-01 1.633617e-01 3.458260e-01 -1.313745e-01 -2.580984e-01 -5.304710e-02 -2.314620e-01 6.231236e-02 4.092270e-01 3.683480e-01 -5.502264e-02 -3.116464e-01 -1.551350e-01 -5.842194e-02
-4.019921e-02 -6.264445e-02 -3.929756e-01 -4.528113e-03 -2.546779e-01 2.445196e-01 5.426005e-03 1.995493e-01 1.641289e-01 -2.552415e-01 -3.322573e-01 2.580335e-02 -7.382300e-02 2.256466e-02 -2.088868e-01 -2.824381e-02
-1.294233e-02 5.063692e-02 4.112236e-02 -1.515489e-01 -8.097720e-02 -1.772283e-02 1.330267e-01 9.762017e-02 1.521506e-01 7.657640e-02 -1.758581e-01 -2.901485e-01 -5.943317e-02 2.130730e-01 2.618617e-01 7.328899e-03
1.693095e-01 2.672817e-01 5.661124e-02 -4.565183e-01 7.290460e-03 -1.848434e-01 4.106652e-02 -2.365699e-01 -2.220166e-01 9.473799e-02 -4.441806e-02 -2.290262e-01 -3.416844e-02 1.928899e-02 -2.241345e-02 2.970779e-02
-2.049049e-01 2.926460e-01 -2.780391e-01 -1.775054e-01 2.443432e-01 8.318348e-03 -1.398673e-02 -9.895265e-04 3.913355e-02 4.339406e-02 -1.615147e-01 1.342497e-01 3.884822e-01 -1.232111e-01 3.979972e-01 -1.509508e-01
4.800883e-02 1.396450e-01 1.700349e-01 -6.885777e-02 -6.829455e-03 -6.296241e-01 6.541003e-02 -1.378927e-02 -2.621701e-01 1.597427e-01 1.007316e-01 -6.443724e-02 -6.723931e-02 -2.258093e-01 -8.752240e-03 1.109629e-01
-1.425095e-01 1.945429e-01 -1.457624e-02 2.264282e-01 -4.473945e-02 2.322960e-01 -4.172440e-02 -3.505826e-01 -5.820597e-02 1.015823e-01 2.207735e-01 1.357678e-01 -4.473026e-01 -1.227675e-01 -2.562942e-02 -7.035782e-02
-1.152878e-01 -1.091212e-01 -1.382132e-01 4.696375e-01 3.689367e-02 3.107592e-02 -3.361880e-02 1.427194e-01 9.658594e-02 -1.738634e-02 7.155892e-02 2.815330e-01 6.534142e-02 -3.528282e-02 1.371281e-01 7.744609e-02
-1.081747e-01 -1.818605e-03 2.340095e-02 -2.145193e-01 8.337919e-02 -1.907779e-02 6.082471e-02 4.139324e-01 -3.231944e-02 -6.704305e-02 -4.655179e-02 -2.930961e-02 4.142828e-01 -6.246565e-02 -5.333225e-02 8.435923e-02
2.273397e-01 -1.151794e-01 -1.626694e-02 1.982165e-01 -1.085407e-01 4.817990e-02 -4.729043e-02 4.774645e-02 -7.384792e-02 -3.881099e-01 1.256687e-01 4.262177e-01 -6.207299e-02 -3.160916e-01 -2.557809e-01 2.078679e-01
4.942193e-02 1.177482e-01 2.314912e-02 -2.346876e-02 3.581861e-01 1.769951e-01 2.831059e-01 4.224391e-02 -3.150770e-01 -2.569750e-02 -3.727251e-02 -3.303492e-02 -2.820151e-01 1.753333e-01 -1.948692e-01 2.402209e-01
-2.176149e-01 8.219904e-02 1.202128e-01 -8.287475e-02 1.040436e-01 1.457903e-01 -1.438567e-01 -6.160508e-01 6.086642e-02 -4.592507e-02 -2.169357e-02 -9.564377e-02 -2.746110e-01 2.533033e-01 7.026548e-02 1.303482e-01
-3.922873e-02 -1.978418e-02 -2.600414e-01 1.933576e-01 1.443693e-01 9.029811e-02 -2.150213e-02 -4.529773e-01 1.418317e-01 1.521500e-01 -1.037747e-01 1.527688e-01 1.117938e-01 4.665565e-02 1.312438e-01 -3.172510e-01
2.682431e-01 -2.290239e-02 -5.120736e-03 -2.128642e-02 -3.556120e-02 -1.407416e-01 4.398891e-02 -5.961580e-01 3.957465e-02 8.484970e-02 1.418477e-01 -1.169554e-01 -3.614943e-01 1.835816e-01 2.566495e-01 4.896981e-02
-1.616854e-02 1.161894e-01 -3.878623e-01 1.801716e-01 3.750019e-01 -3.265112e-01 7.854026e-02 -1.532257e-01 -1.572321e-01 2.002626e-01 -2.039694e-02 -7.351954e-02 -3.072416e-02 5.546461e-02 1.056154e-01 -8.685265e-02
-7.080537e-02 -4.352245e-02 -1.035331e-01 6.021409e-02 -2.733675e-01 -6.557302e-02 -2.381571e-01 -1.685080e-02 3.345817e-01 4.330462e-02 1.757241e-02 1.209369e-01 3.065270e-01 -8.447723e-02 3.225935e-01 -1.030913e-01
1.010393e-01 -3.160133e-01 -3.283837e-02 2.502793e-01 1.271041e-01 -4.652192e-03 -1.617670e-01 -2.224067e-02 -8.014748e-02 1.469809e-01 1.120574e-01 -1.794107e-01 -1.801940e-01 2.165889e-01 -3.918820e-01 1.574199e-02
2.723139e-03 -7.813567e-02 4.221454e-01 1.238322e-01 3.560979e-01 -1.557688e-02 3.266427e-02 -2.302637e-01 3.141353e-02 2.560874e-02 1.718186e-01 -1.194927e-01 1.911324e-01 -1.930833e-01 1.867871e-01 1.892218e-01
2.295015e-01 -9.096266e-02 1.360356e-02 6.972259e-02 2.408001e-02 -8.000185e-02 7.391394e-02 -2.428552e-02 4.497921e-01 -4.179522e-02 -3.149453e-01 3.212487e-02 -3.976884e-02 -1.549754e-01 -1.762500e-01 -3.056981e-02
3.552561e-01 -7.892545e-02 7.944396e-02 1.439011e-01 3.595332e-01 -1.929563e-01 1.717688e-02 2.854630e-03 1.444763e-01 3.022839e-01 2.823031e-01 -1.870841e-05 -1.553399e-01 2.114845e-02 2.190307e-01 -6.984413e-02
4.811331e-02 1.970740e-01 1.308258e-01 -1.192492e-01 -1.831447e-01 8.736384e-02 -1.005315e-01 -2.081372e-01 2.329997e-02 3.316118e-02 4.396381e-01 -3.339536e-03 8.659197e-02 9.287514e-03 2.216319e-01 -4.962662e-02
-4.388967e-02 -1.416163e-01 -6.244788e-02 1.677851e-02 -3.752524e-02 5.693231e-01 -1.709776e-01 2.556939e-02 2.108581e-01 -6.802297e-02 -1.577526e-03 3.584600e-02 -6.333704e-02 -3.285015e-02 4.126676e-02 -9.211392e-02
1.326885e-02 -2.115280e-01 -6.003206e-02 8.836709e-02 4.727654e-01 1.496061e-01 -2.784625e-01 -7.740132e-02 -1.244750e-01 -7.453887e-03 4.218097e-01 1.462650e-01 -2.892928e-01 -1.213651e-01 -2.399724e-01 5.331679e-02
-2.949869e-02 3.313602e-02 2.150856e-01 9.160614e-02 3.815871e-01 1.639677e-01 1.135445e-01 -7.404777e-02 3.802551e-02 -1.325931e-01 -1.446548e-01 6.699386e-02 5.758548e-01 1.609115e-01 7.876164e-02 7.448300e-03
-5.884310e-02 1.384902e-01 -4.810304e-01 1.173681e-01 3.840729e-01 4.679884e-02 -3.324816e-01 -1.476236e-01 1.261183e-01 6.507246e-02 -6.773271e-02 -4.380367e-02 -4.245358e-02 -5.160768e-02 2.005371e-01 -7.425158e-02
3.563418e-01 -3.291071e-01 -5.179292e-02 -2.060892e-01 4.815405e-02 -2.501355e-01 -4.650652e-04 1.691732e-01 1.651757e-01 -1.334454e-01 -2.946444e-01 -8.975068e-02 3.675203e-01 1.148638e-01 -4.261467e-02 6.634022e-02
5.871101e-02 -3.442467e-02 1.533330e-01 -1.780444e-01 -2.660031e-01 8.047212e-03 3.225057e-02 -2.201255e-02 1.086855e-02 -9.464627e-02 8.469488e-02 -7.032031e-02 -1.879632e-01 6.431517e-02 -4.370773e-01 9.984539e-03
-4.071067e-02 2.316178e-03 2.100999e-01 -2.481526e-02 -3.054183e-02 -3.197888e-03 3.765355e-02 5.209728e-01 -1.201592e-01 -2.698603e-01 -1.049132e-01 -5.324899e-02 -7.269948e-02 -1.460793e-01 -1.438622e-01 2.533673e-01
-2.666784e-01 1.418461e-01 4.567306e-02 1.952750e-02 6.405690e-02 2.496589e-01 -2.048868e-01 -3.275049e-01 -4.993991e-03 1.082811e-01 -2.522246e-02 1.315232e-01 1.475198e-01 4.493045e-02 -5.350245e-01 1.295163e-02
-1.575364e-01 9.142815e-02 -3.673732e-03 -4.615169e-02 2.200856e-02 -1.165667e-02 -4.105202e-02 1.724003e-02 -5.684291e-01 -7.491080e-03 1.354836e-01 -5.697442e-02 9.918098e-02 1.576580e-01 6.731785e-02 -7.616190e-02
2.924366e-01 -9.038464e-02 -6.136651e-02 4.241800e-02 -1.093894e-01 -1.682427e-01 9.188191e-02 5.914171e-01 -9.949554e-03 -5.134524e-02 -7.466573e-02 3.458634e-02 8.019100e-02 -6.421109e-02 8.025958e-02 7.233443e-03
