4 5 8 32 32
-1.216394e-01 -9.425076e-02 -7.656701e-02 2.496459e-01 6.378573e-02 -2.286137e-02 -1.744048e-01 -2.274334e-01
-9.990132e-02 -1.430583e-01 2.896756e-02 -3.309704e-02 -5.763910e-02 1.877711e-01 1.154642e-01 -1.236600e-01
-1.331692e-01 1.522648e-01 -1.174706e-01 4.021057e-01 -6.822790e-03 -7.410716e-02 -1.441219e-01 -4.965753e-02
9.075554e-03 4.458621e-01 -2.493960e-01 2.443054e-02 -2.595702e-02 1.612631e-02 2.848526e-01 4.812171e-02
7.469393e-03 9.677707e-03 3.064598e-02 -5.025483e-02 2.392716e-01 1.992775e-01 3.452868e-01 -3.614935e-02
5.368047e-04 -1.218983e-01 8.908880e-02 9.541705e-02 -2.360568e-01 -5.436927e-02 -3.895780e-02 -1.832911e-02
-9.795137e-02 4.853392e-02 -1.596087e-01 3.747514e-01 1.131479e-02 -2.237741e-02 -2.314067e-01 -1.418435e-01
-5.218668e-02 -4.290554e-02 -1.559829e-01 1.746540e-01 -7.484275e-02 4.865821e-01 6.416365e-02 -9.340734e-03
-1.409153e-01 1.172128e-01 -2.336445e-01 -6.925421e-02 1.012222e-01 -8.997888e-02 1.080581e-01 -1.192976e-01
5.120634e-02 4.487537e-01 -3.123764e-01 2.697359e-02 -4.430168e-02 1.882350e-01 6.976395e-02 -2.750286e-01
-6.563759e-02 -5.870544e-02 -1.312834e-01 -3.933368e-02 2.181799e-01 8.990498e-03 5.222872e-01 -1.462219e-01
-1.115391e-01 -2.853218e-02 2.451054e-02 1.209374e-01 6.841666e-02 -1.445936e-01 -2.534432e-01 -2.241675e-01
-1.272793e-01 2.110941e-01 2.567943e-02 1.966136e-01 -6.384189e-02 1.585933e-02 -8.431184e-02 -5.412555e-02
-9.321928e-02 -2.494288e-03 -9.166875e-02 2.880471e-01 8.671802e-02 4.795259e-02 -3.029683e-01 -2.286278e-01
-1.631403e-01 3.195560e-01 -2.258113e-01 3.318057e-01 -3.592700e-02 -4.899112e-02 -2.059018e-01 -7.251520e-02
-9.840401e-02 -7.177387e-02 -1.982907e-01 -1.685296e-01 -6.908655e-02 -1.237466e-02 -6.693535e-02 -1.303007e-01
2.575262e-01 2.048322e-01 -1.018997e-01 8.364099e-02 2.022952e-01 2.399168e-01 2.729864e-01 -1.966036e-01
-8.754592e-02 1.248876e-01 -2.851350e-01 2.830371e-01 -1.718503e-01 1.023868e-01 -1.029911e-01 3.635477e-02
-1.507659e-01 1.582352e-02 -3.079916e-01 9.633270e-02 -1.482038e-01 3.282970e-01 1.834438e-01 -5.861991e-02
6.991939e-02 1.791524e-01 2.702094e-02 -4.285933e-02 2.709405e-01 1.605152e-01 3.624777e-01 1.269107e-02
2.848729e-02 1.861503e-01 -2.321064e-01 -4.560934e-02 1.430492e-01 2.811554e-02 4.765896e-01 -7.566760e-02
-1.510623e-02 -1.654502e-01 -1.474921e-01 8.176303e-03 -7.654107e-02 2.028126e-01 2.238591e-01 -1.811389e-01
-1.137146e-01 -1.269629e-01 -1.079325e-01 3.121207e-01 -7.724585e-03 -8.682914e-02 -1.353499e-01 -1.666029e-01
-2.428082e-02 1.477512e-01 -1.288836e-01 3.295084e-01 -3.495754e-02 -2.741370e-02 -2.616906e-01 -1.735708e-01
-9.458823e-02 -8.053983e-02 -4.491367e-02 9.509359e-02 2.021662e-01 -4.566113e-03 -1.583010e-01 -2.451335e-01
-2.257768e-02 1.253779e-01 -4.149187e-02 1.281955e-01 1.779862e-02 -1.071541e-02 -2.181728e-01 -2.160700e-01
-7.080970e-02 4.070592e-01 -2.794769e-02 1.927928e-01 -8.318202e-02 -9.724689e-02 -1.736823e-01 -5.355535e-02
-2.100946e-01 -5.799813e-02 2.615836e-01 1.144869e-01 -8.449011e-02 9.916244e-02 -2.157331e-02 -1.596904e-01
-5.134062e-02 -8.372159e-02 -3.865487e-03 9.696732e-03 1.740293e-02 1.690975e-02 2.910805e-01 -7.705437e-02
1.707939e-01 2.990478e-01 -8.180814e-02 -1.518546e-02 2.158383e-01 1.061957e-01 2.123502e-01 -1.665719e-01
6.473599e-02 1.522337e-01 -1.018999e-01 1.093096e-02 8.916231e-02 2.678905e-01 2.270822e-01 -1.243708e-01
-1.367454e-01 -8.375204e-02 5.302652e-02 4.854338e-02 -1.840402e-01 2.184837e-01 -2.251808e-02 1.815554e-02
3.943796e-01 -1.072436e-01 -1.477983e-01 -3.331544e-02 -6.297801e-02 -2.186989e-01 -1.299326e-01 3.294054e-01
-1.512815e-02 4.716356e-02 -2.924041e-01 -1.234325e-01 7.076383e-02 1.481009e-02 -7.850823e-02 -1.039290e-01
4.698599e-01 -2.421339e-02 -1.855641e-01 -1.641115e-01 -2.051233e-01 -2.235431e-01 -5.160772e-02 -1.076751e-01
9.569910e-02 -8.439092e-02 -2.304220e-01 6.609929e-02 -1.090332e-01 -1.654689e-01 6.469827e-01 -1.234432e-02
-7.414052e-02 5.520241e-01 -3.330664e-01 -1.507511e-01 -5.149560e-02 -2.237237e-01 -9.628511e-02 -2.625102e-02
1.724809e-01 3.758159e-02 -2.280557e-01 -1.542253e-01 3.464234e-02 -2.157498e-01 -6.728324e-02 -1.440117e-01
1.214247e-01 2.051923e-02 -3.560801e-01 8.205048e-02 -1.676180e-01 -2.331320e-01 4.741603e-01 -7.059187e-02
1.071310e-01 -8.958849e-02 -3.559737e-01 2.728769e-01 -2.201240e-03 -2.088241e-01 2.471384e-01 -2.450037e-01
2.323403e-01 -1.839260e-02 -1.564509e-01 -1.768300e-01 -3.556358e-02 -1.554410e-01 -7.850057e-02 5.557187e-02
-1.380154e-01 -7.271551e-03 -2.879531e-01 -1.376168e-01 3.791428e-02 -8.482619e-02 4.439293e-01 -1.117374e-01
1.418110e-02 -2.724427e-03 -3.306762e-01 -2.163771e-01 1.569021e-02 -1.124826e-01 -3.019838e-02 -1.591746e-01
8.488852e-02 -4.929238e-02 -4.039511e-01 -9.646153e-02 -8.800582e-03 -2.110075e-01 -1.229371e-02 -1.160930e-01
-6.257353e-02 3.422476e-01 -9.015429e-02 3.867526e-01 -4.020564e-02 -9.855744e-02 -2.340728e-01 -1.246472e-02
-1.298479e-01 7.820418e-02 -3.498417e-01 -6.331295e-02 1.237258e-02 -1.622481e-01 -4.340797e-02 -2.479309e-01
2.097364e-01 -5.086501e-03 -1.047439e-01 -1.387016e-01 -5.518740e-02 -1.060918e-01 -8.177584e-02 4.009087e-02
9.232587e-02 5.065497e-02 -3.607787e-01 -7.105634e-02 -5.788878e-03 1.423140e-01 -1.376029e-01 2.816124e-03
4.169730e-01 -8.087651e-02 -1.403872e-01 -1.498483e-01 -8.128167e-02 -1.214045e-01 -9.659159e-02 1.852930e-01
-5.040159e-02 2.757738e-02 -3.601869e-01 -2.011981e-01 -3.142715e-01 -1.214685e-01 2.095104e-01 -1.576247e-01
1.535880e-01 -8.849910e-02 -4.249569e-01 1.768706e-01 -1.708824e-01 -1.158997e-01 4.512125e-02 -2.112197e-01
2.826292e-01 -7.660831e-02 -1.885411e-01 -1.083337e-01 -2.931067e-02 5.850649e-02 -1.787768e-01 1.530297e-01
2.229148e-01 -1.147443e-01 -2.112415e-01 3.260691e-02 -1.417157e-01 -9.621643e-02 -1.532351e-01 -1.105439e-01
-8.224832e-02 -3.357433e-02 -3.529153e-01 8.041553e-03 1.082001e-01 -2.174300e-01 5.038624e-02 -2.244925e-01
3.635566e-01 8.159770e-02 -1.812108e-01 -7.875342e-02 -2.217166e-01 -6.324125e-02 -2.143912e-01 -2.294637e-01
-4.732700e-02 -4.150730e-02 -5.455412e-02 -1.094002e-01 3.577119e-02 1.163003e-02 -1.556984e-01 1.688491e-02
8.717309e-02 -1.706893e-01 -2.354669e-02 5.490319e-03 1.672595e-01 1.188814e-01 -3.418833e-01 4.527526e-01
2.468759e-01 -1.802376e-02 -3.303785e-01 -1.144331e-01 -2.103546e-01 -1.462391e-01 3.096235e-02 1.264493e-02
5.398197e-01 -5.633774e-02 -1.099153e-01 -9.930691e-02 -9.449870e-02 -8.305509e-02 -8.770449e-02 -9.118253e-03
4.185054e-01 -4.970808e-02 -1.157964e-01 -3.653642e-03 -1.140505e-01 -4.089997e-01 4.185135e-02 -1.496985e-02
1.046020e-01 2.635115e-02 -1.078005e-01 -9.861425e-02 -5.125999e-02 3.397937e-01 -2.320334e-01 -5.905027e-02
-2.213725e-02 5.364414e-01 -7.924443e-02 3.062807e-01 1.798502e-02 -2.307938e-01 -6.668071e-02 3.305656e-02
-2.908006e-02 4.789209e-02 -1.585076e-01 -9.343351e-02 -1.627077e-01 1.226761e-01 3.577172e-01 8.640677e-02
1.423180e-01 3.391248e-02 -4.133459e-01 -6.888770e-02 -3.969379e-01 -1.129085e-01 2.197426e-01 -9.809652e-02
-1.982240e-02 -5.384437e-02 1.412234e-01 1.125652e-01 1.483343e-01 3.017389e-02 -1.873014e-01 1.406537e-02
-9.884619e-02 -1.220291e-01 9.517333e-02 -1.163408e-01 3.474013e-01 1.474261e-01 3.289289e-02 1.800297e-01
3.678898e-01 -1.897788e-01 2.795167e-01 -1.159771e-01 2.555764e-01 -1.212681e-02 -7.128141e-02 1.062239e-01
-1.423403e-01 -1.108242e-01 2.926632e-01 -1.019375e-01 -6.892089e-02 -2.117568e-01 -1.975588e-01 -5.882760e-02
-1.543916e-01 -1.634067e-01 -1.999173e-01 6.812309e-02 2.667421e-01 -1.248353e-01 2.363551e-02 -6.988594e-02
-1.471009e-01 -1.286535e-01 -6.129145e-02 1.660407e-01 3.345300e-01 4.054118e-01 -2.101351e-01 -7.271935e-03
5.632779e-01 -2.597268e-01 1.668697e-01 -2.446619e-02 1.477223e-01 -1.301170e-01 6.576493e-02 -3.066792e-02
-2.658164e-01 -3.326453e-01 -2.496631e-02 -2.040912e-01 8.747987e-02 2.542342e-02 -1.791009e-01 9.707715e-02
-2.305024e-01 -9.953874e-02 -5.570033e-02 -3.074037e-02 2.958068e-01 -1.074425e-01 -3.132029e-01 -3.733913e-02
-1.856645e-01 -1.388859e-01 -5.986883e-02 2.308293e-03 3.022208e-01 -1.486505e-01 -2.596297e-01 -1.013397e-01
-3.212846e-01 -3.698745e-02 -2.537094e-02 -2.620534e-01 2.989450e-01 3.357962e-01 -8.655062e-02 1.638143e-01
-2.305303e-01 -2.784748e-01 1.585506e-01 -2.402645e-02 4.340733e-02 -1.374026e-01 -1.670266e-01 -1.552561e-02
-2.486911e-01 -7.184557e-02 3.965515e-01 -2.658438e-02 -2.295158e-01 -1.682284e-01 -1.881096e-01 -1.816177e-02
-2.578610e-01 9.531077e-03 1.537665e-03 -3.961131e-01 2.479483e-01 2.182237e-01 -1.097354e-01 1.543354e-01
-6.291391e-02 4.326456e-02 -1.004124e-01 3.598500e-01 3.581800e-01 7.997970e-02 -3.314712e-01 -4.863152e-02
-1.619422e-01 -1.914312e-01 -2.713860e-01 2.908530e-02 2.946140e-01 -1.325464e-02 -1.154701e-02 -2.786110e-01
-1.792121e-02 -2.767181e-01 -1.338399e-01 -5.659243e-02 1.793313e-01 -1.050550e-01 -2.419295e-02 -1.073378e-01
-1.202848e-01 -1.465283e-01 -1.430757e-01 2.279469e-01 4.011569e-01 1.264131e-01 -1.632457e-01 -1.912649e-01
-2.615336e-01 -3.694285e-01 -1.814361e-01 1.126625e-01 2.407415e-01 5.747004e-02 -1.878845e-01 -1.071214e-01
1.977749e-01 -5.409103e-01 4.878824e-02 -1.142036e-01 3.969997e-02 2.936702e-02 1.022784e-01 8.511055e-02
1.570459e-01 -5.670131e-02 3.587236e-01 -4.261738e-02 1.392677e-02 -1.085530e-01 -5.900906e-02 -3.382501e-02
-6.856117e-02 -2.416109e-01 -2.921330e-02 1.776309e-01 5.116760e-01 5.093049e-02 -1.501640e-01 -3.404300e-02
-7.194531e-02 -2.050490e-01 2.046152e-01 -2.732955e-02 2.460380e-01 -2.544692e-01 -3.151900e-01 4.235188e-03
-1.680923e-01 -3.735619e-01 3.778603e-02 6.077971e-02 -2.564687e-02 -1.936975e-01 -5.530306e-02 -1.041926e-01
-1.766349e-01 -2.640545e-01 -1.063001e-01 -1.328952e-01 1.233371e-01 4.812671e-01 -1.605712e-01 1.384224e-01
-1.009258e-01 -1.859456e-01 2.972192e-01 1.147457e-01 -2.663167e-01 -1.479587e-01 -1.780766e-01 -1.349233e-01
-2.843358e-01 -1.043720e-01 -1.344383e-01 -2.192024e-01 2.322419e-01 5.004007e-01 -2.112805e-01 1.044872e-01
-1.313134e-01 -2.582513e-01 2.609471e-01 -1.762766e-01 -1.565487e-01 -1.657689e-01 -8.679605e-02 1.217078e-01
-2.232182e-01 -4.375329e-01 3.220197e-02 -1.378131e-01 -1.492775e-01 2.028684e-02 -1.200350e-01 -1.008698e-01
-4.251381e-02 1.570600e-01 3.218440e-01 6.603567e-02 -7.936208e-02 -3.054338e-01 -2.555560e-01 -1.908729e-01
-2.493597e-01 -3.082781e-01 2.614446e-01 -9.327263e-02 -1.531684e-01 -3.217477e-02 -1.127807e-01 -8.665464e-02
-2.472514e-01 -1.241453e-02 -1.100978e-01 1.392933e-01 4.203358e-01 1.173043e-02 -3.263657e-01 -2.063512e-01
7.281866e-02 -2.441626e-01 4.606872e-01 -6.526465e-02 -8.422757e-02 -1.197298e-01 -3.059498e-02 9.656513e-02
2.628053e-01 -1.989222e-01 2.104147e-01 2.889334e-01 2.869034e-01 -6.386627e-02 1.140638e-01 6.153275e-02
2.863347e-01 -2.318460e-01 8.199376e-04 4.657260e-01 1.454845e-01 7.227264e-02 -2.894445e-02 -5.943520e-02
1.233825e-02 -5.045737e-02 3.929316e-01 -1.849312e-02 4.106357e-01 -1.190621e-01 2.383046e-02 -3.675751e-02
5.269636e-01 -1.770644e-01 8.812903e-02 2.007614e-02 -1.011380e-01 2.510974e-02 2.459632e-01 -1.041595e-01
-1.682581e-02 -2.023423e-02 2.048405e-01 4.587992e-02 4.408368e-01 -6.352482e-02 -1.041722e-01 -9.374424e-02
2.093477e-01 -2.328716e-01 4.071679e-02 1.914274e-01 3.767040e-01 -8.029856e-02 1.099404e-01 -3.970772e-02
3.669040e-01 -9.554636e-02 -8.264001e-02 4.044906e-01 4.128617e-01 1.838255e-01 -8.064577e-02 -1.580672e-01
5.906583e-02 -2.814376e-01 4.087419e-01 4.078409e-01 -1.378850e-01 4.838468e-02 -1.179615e-01 4.623265e-03
6.469386e-02 -5.627791e-02 2.421698e-01 -2.008637e-01 1.203298e-01 -3.098371e-02 -1.234116e-01 6.208652e-01
3.339332e-01 -1.899414e-01 1.504872e-01 -8.047810e-03 -2.130269e-02 -1.237200e-02 -9.541522e-02 5.580429e-02
4.632608e-01 -1.177182e-01 -8.943053e-02 3.685338e-01 2.661047e-01 2.189547e-01 -7.089116e-02 -1.274301e-01
1.083746e-01 1.158788e-02 3.768633e-01 -1.567322e-01 3.172579e-01 -1.122316e-01 3.017427e-02 6.872564e-02
6.077697e-01 -2.377139e-01 -8.884260e-03 1.331859e-02 -1.708566e-01 -4.792551e-02 5.158623e-02 -4.387749e-02
1.547230e-02 -1.716759e-01 3.101501e-01 -6.634427e-02 3.535307e-01 -1.416453e-01 -5.615114e-02 -8.072917e-02
3.777469e-01 -5.927457e-02 4.582176e-02 3.426653e-01 2.402566e-01 1.307925e-01 -1.094485e-01 1.257148e-01
4.181802e-01 -1.984549e-01 7.628826e-02 3.950776e-01 1.749440e-01 -7.708280e-02 4.249590e-03 -1.197192e-01
1.380499e-01 -1.078473e-01 1.833493e-01 3.087748e-01 5.358746e-01 9.118103e-03 -1.013097e-01 -1.271883e-01
4.254650e-01 -1.354729e-01 2.381289e-01 5.741752e-02 -9.684084e-02 1.653492e-01 8.566731e-02 9.061595e-02
-3.687329e-02 -9.759210e-02 3.230630e-01 5.847890e-02 5.013642e-01 -7.537574e-02 -8.256788e-02 -1.122140e-01
9.742714e-02 -1.997766e-01 4.283200e-01 8.132113e-03 1.449672e-01 -1.242886e-01 7.861850e-02 -2.109393e-02
2.176745e-01 -7.783255e-02 3.289102e-02 3.428351e-01 5.289168e-01 1.489158e-01 -7.668510e-02 -1.647851e-01
5.296181e-01 -5.258052e-02 -1.926170e-02 9.037421e-02 -1.899150e-01 1.228233e-01 1.342200e-01 -1.040961e-01
1.495005e-01 -1.197377e-02 6.464253e-02 1.849364e-01 4.137135e-01 9.939624e-02 -7.364728e-02 7.117329e-02
9.736574e-02 1.269332e-03 3.732404e-01 3.667853e-02 2.674890e-01 -4.260901e-02 -8.377416e-02 4.253945e-03
3.883640e-01 -3.902275e-02 -8.324851e-02 3.667554e-01 4.873925e-01 -1.874181e-02 -3.056025e-02 -1.492775e-01
1.097749e-01 -1.558445e-01 4.533298e-01 6.995977e-02 2.326794e-02 1.441339e-02 4.381498e-02 1.358938e-01
1.911357e-01 -2.219867e-01 3.893085e-01 -1.101076e-01 6.098559e-02 -1.579766e-01 9.818985e-02 -3.208411e-02
1.878156e-01 1.400461e-01 3.016241e-01 -5.472940e-02 2.072541e-01 -8.309881e-02 -8.360121e-02 1.474128e-01
2.505970e-01 -2.606132e-01 1.827597e-01 6.213285e-01 3.513056e-02 1.744962e-01 -7.110446e-02 -2.512376e-01
1.921050e-02 -1.915908e-01 3.837978e-01 1.447255e-01 3.869194e-01 -5.014661e-02 5.840334e-02 2.429236e-02
-1.132684e-01 -8.034977e-02 3.710766e-01 1.885367e-01 1.817713e-01 5.750043e-02 -1.446075e-01 1.540826e-01
-9.683444e-02 1.140296e-01 -3.283954e-02 3.979412e-01 -8.059733e-02 -4.524103e-02 -2.170050e-01 -1.983360e-01
5.403766e-02 -3.935654e-02 -2.498042e-02 -1.016771e-02 1.841625e-01 1.719743e-01 4.492663e-01 2.096058e-02
-7.420404e-02 -5.397433e-03 -9.248659e-02 3.158554e-01 -8.266015e-02 -9.820579e-02 -1.589155e-01 -1.263133e-01
-1.230260e-01 -7.323962e-02 1.001090e-01 3.053091e-02 -1.137329e-01 -2.667122e-02 -1.343351e-01 -1.168421e-01
-8.997059e-02 -1.718690e-01 -1.050035e-01 1.114363e-02 -1.221174e-01 2.511292e-01 3.127807e-01 -7.639090e-02
-3.676800e-02 -1.264312e-01 9.109425e-02 -1.785231e-02 1.128962e-01 3.298552e-02 4.565506e-01 -6.728746e-04
-4.096610e-02 3.479520e-02 -9.651843e-02 -3.758152e-02 4.834461e-02 -1.228882e-01 4.518013e-01 -1.097040e-01
-1.199041e-01 -3.818737e-02 -1.538264e-01 1.124584e-02 -1.387519e-01 3.241133e-01 2.761610e-01 -9.968165e-02
-1.262461e-01 -1.010268e-02 1.077980e-02 9.898607e-02 -2.033884e-02 -2.573961e-02 -1.523342e-01 -1.464597e-01
-8.248012e-02 -1.361125e-01 2.223335e-01 6.988391e-02 -9.870660e-02 -1.104856e-02 -9.906457e-02 -1.179307e-01
2.458448e-03 4.014241e-01 -8.205601e-02 -3.014924e-02 -4.212125e-02 1.330847e-01 9.377424e-02 2.536563e-03
5.031095e-02 -7.193709e-02 4.986346e-02 1.671616e-01 1.683390e-01 7.999278e-02 -1.997549e-01 -1.070576e-01
3.506521e-02 2.397377e-01 -2.115531e-01 -1.332155e-01 1.187710e-01 -1.093193e-01 3.945351e-01 -1.649833e-01
-8.156667e-02 1.299245e-01 -6.269964e-02 2.566219e-01 4.904443e-02 -3.821447e-02 -2.179341e-01 -1.870115e-01
-1.352875e-01 4.792824e-01 -7.401241e-02 2.531406e-01 6.800608e-03 -2.251357e-02 -1.341951e-01 -7.890481e-02
-9.222598e-02 5.267554e-02 1.531856e-01 1.951314e-01 -9.115747e-02 -1.388973e-02 -1.452108e-01 -1.203827e-01
-9.613542e-02 2.214142e-01 5.281661e-04 6.510353e-02 -9.901305e-02 -1.038124e-01 -1.396333e-01 -1.632404e-02
7.815167e-03 5.788816e-02 -1.535380e-01 2.686995e-01 1.242138e-02 -7.265160e-02 -2.580600e-01 -1.881366e-02
2.567874e-01 1.599485e-01 -1.078140e-01 -2.675348e-02 1.234222e-01 4.372183e-01 2.787684e-01 -1.587577e-01
-1.140087e-01 -7.205283e-02 3.949651e-02 2.416166e-01 -1.160363e-01 -1.262791e-02 -1.191911e-01 -6.052163e-02
-1.433299e-01 2.202267e-01 -1.071076e-01 3.916243e-01 -2.543366e-02 3.732954e-02 -2.859356e-01 -2.043217e-01
9.589411e-02 3.211043e-01 -1.291908e-01 4.414997e-02 -4.036811e-02 3.403591e-01 2.723054e-01 -1.138399e-01
-9.364037e-02 -3.709929e-02 1.602934e-02 6.829111e-02 -1.463379e-01 -1.957519e-02 -1.190886e-01 -1.891094e-03
-1.890813e-02 2.073012e-02 1.505827e-01 -7.914431e-02 2.076687e-01 1.655878e-01 1.716380e-01 1.100645e-01
-1.640016e-01 -3.942908e-02 -8.070019e-02 -7.825015e-02 -1.229824e-02 -9.547485e-02 -1.148759e-01 5.817065e-02
-3.890854e-02 -1.074677e-01 -4.843755e-02 -1.004944e-01 1.147060e-01 2.241002e-02 -1.157997e-01 -1.550417e-01
-8.222391e-02 1.015684e-01 -1.704695e-01 4.295571e-01 -7.835940e-02 -7.820972e-02 -1.461311e-01 -1.252861e-01
-7.116292e-02 -1.508275e-01 8.941117e-02 -7.001699e-02 -3.708506e-02 2.247311e-01 3.181106e-01 -5.893086e-02
-1.348229e-01 2.311368e-01 -1.291518e-01 4.433882e-01 -6.365637e-02 -6.619202e-02 -2.069730e-01 -1.470133e-01
-1.415302e-01 5.027080e-02 -8.818968e-02 2.990950e-01 -1.541709e-01 -7.110793e-02 -1.599867e-01 1.307311e-02
-5.729554e-02 2.632734e-01 -1.317592e-01 1.215556e-01 -1.659388e-01 4.114894e-01 1.868790e-01 -8.345106e-02
-6.815735e-03 -5.618831e-02 8.159799e-02 3.721123e-02 -1.026742e-01 1.229084e-03 -1.680910e-01 5.788428e-02
-1.389615e-01 4.262172e-01 4.621614e-02 3.604175e-01 -6.309586e-02 -1.475488e-01 9.647556e-03 1.290126e-01
4.198161e-01 -1.052692e-01 -1.134734e-01 -1.496124e-01 -2.099273e-01 -2.559310e-01 4.207726e-02 3.409028e-02
-5.893913e-02 -7.583629e-02 -1.601713e-01 1.973041e-01 -1.431156e-01 -6.653538e-02 1.775579e-01 -1.722298e-01
4.783378e-01 -4.612569e-02 -3.411615e-02 -8.375355e-02 -1.418267e-01 -8.867381e-02 -6.119352e-02 -3.763903e-03
1.893547e-01 -1.385953e-01 -6.330894e-02 -3.435064e-02 4.173609e-02 -1.322794e-01 -1.546243e-01 2.040410e-01
-4.354403e-02 -3.660762e-02 -1.317859e-01 -9.036860e-02 7.864641e-02 1.303765e-01 -3.539769e-02 -9.336206e-02
3.549441e-02 -5.094164e-02 -1.335326e-01 1.075042e-01 -2.114047e-01 -1.434004e-01 3.596730e-01 4.287716e-02
-8.336011e-02 -1.516064e-01 -8.692081e-02 -5.106234e-02 2.265618e-01 -6.281696e-02 -8.971819e-02 -9.482452e-02
1.558003e-01 -4.693564e-02 -7.324308e-02 4.823628e-02 -7.672047e-02 -2.585026e-01 2.421744e-01 1.667149e-01
-7.282282e-02 4.558839e-01 -3.460638e-02 -2.251390e-02 -1.165677e-02 -5.658227e-02 -4.499381e-02 3.178929e-02
-1.102419e-01 -1.205375e-01 -1.271390e-01 1.900059e-02 -1.434616e-01 -1.073696e-01 5.126233e-01 -2.188498e-03
-3.620758e-02 1.782116e-01 -7.512955e-02 -2.188316e-01 -1.432805e-01 -1.007260e-02 3.150326e-02 -2.761200e-01
1.647584e-01 -1.027908e-01 -2.209810e-01 -2.271851e-02 -2.126114e-01 -1.555711e-01 1.224781e-01 -1.594216e-01
2.445470e-02 -5.536260e-02 5.380859e-03 1.920514e-01 -8.653848e-02 -1.571914e-01 5.266545e-01 5.113360e-02
-1.451446e-01 1.097665e-02 1.013262e-01 -2.414342e-02 -7.872920e-03 3.926848e-01 -4.143460e-02 -8.077812e-02
3.448630e-02 -8.172479e-02 -3.979139e-02 -9.047461e-02 7.198036e-02 -9.189945e-02 -1.497888e-01 -2.104651e-02
2.845907e-01 1.428093e-01 -4.031399e-02 -1.348502e-01 -2.448807e-01 -1.015787e-01 -7.097603e-02 -2.281319e-01
2.930107e-01 -8.443319e-02 -1.257940e-01 -4.203076e-02 -8.968265e-02 -6.366429e-02 -1.257567e-01 -8.184215e-02
-8.273301e-02 -3.740386e-02 -1.583952e-01 -1.127826e-01 -3.337278e-01 -8.313024e-02 2.930181e-01 -1.227447e-01
-1.115246e-01 -5.701160e-02 -1.875186e-01 -1.905307e-01 -1.408300e-01 -9.549484e-02 4.812072e-01 -1.498830e-01
-1.750970e-02 -1.782436e-02 -1.492955e-01 -1.636061e-01 -7.225224e-02 -9.920818e-02 5.108689e-02 8.142318e-03
-1.128095e-01 7.973503e-02 -1.352863e-02 4.776640e-01 -3.379270e-02 -1.298529e-01 -1.939830e-01 -1.281192e-01
9.547516e-02 -1.647618e-01 -1.117273e-01 -1.265011e-01 -1.455226e-02 1.823189e-01 -1.198476e-01 9.734330e-02
3.265684e-01 -5.863400e-02 -9.334940e-02 -7.709473e-02 -3.777713e-02 -1.162546e-01 -1.143134e-02 1.479974e-01
-7.587806e-02 3.938819e-02 -2.144105e-01 -4.574450e-02 -7.482903e-03 -1.226566e-02 6.741496e-02 -3.183988e-01
3.605483e-01 -1.550332e-01 -1.157105e-01 -4.348659e-02 -6.091142e-02 -1.467408e-01 -8.183917e-02 2.736665e-01
2.006977e-01 1.463430e-02 6.186782e-02 -9.714753e-02 -2.098319e-01 -1.733893e-01 1.270116e-01 3.254079e-02
4.210624e-01 -1.304857e-02 -4.708437e-02 -6.078497e-02 -1.831849e-01 -1.747586e-01 -9.560572e-02 -6.390900e-02
7.997170e-03 -2.222724e-02 1.613424e-01 -3.368608e-02 -1.073411e-01 1.051969e-01 -1.498253e-01 -7.324035e-02
4.353226e-01 -9.144966e-02 9.958437e-03 6.675205e-02 -1.478530e-01 -2.740087e-01 -2.901088e-02 8.110583e-02
1.407825e-01 -2.706272e-02 -2.293155e-01 -1.051626e-01 -1.082831e-01 -4.519864e-02 -5.285334e-02 -1.682623e-01
3.951702e-01 -9.592344e-02 -3.817920e-03 -4.831459e-02 -2.581490e-02 -3.243381e-02 -1.662243e-01 1.468611e-01
-2.232387e-01 -1.150091e-01 1.875921e-01 3.921601e-02 -2.464808e-02 -1.861580e-01 -1.398400e-01 -5.373559e-02
-2.900938e-02 -4.124494e-02 -1.880925e-01 -5.253775e-02 2.859251e-01 3.967433e-01 1.148669e-01 2.565986e-02
2.184988e-01 -1.756963e-01 3.347158e-01 -9.957394e-02 -4.075231e-02 -1.641879e-01 1.169703e-01 -7.680617e-02
-2.504146e-01 -5.707373e-02 -1.031303e-01 -7.810409e-02 2.831209e-01 -4.646302e-02 -7.984185e-02 1.634955e-02
-2.154718e-01 -1.328320e-01 3.223047e-01 2.369711e-02 -1.369463e-01 -2.184059e-01 -1.379828e-01 -2.007825e-02
-1.519946e-01 -1.066646e-01 -1.006972e-01 -2.919832e-01 4.372426e-02 -9.023978e-02 4.009326e-02 1.191332e-01
-7.743194e-02 -1.638793e-01 -6.039889e-02 2.544050e-01 2.044107e-01 3.530225e-01 -5.355526e-02 -4.122797e-02
-1.000596e-01 5.698928e-02 -1.619195e-01 7.255393e-02 3.460234e-01 1.781141e-01 5.934618e-02 -6.534609e-03
4.759308e-01 -2.464780e-01 1.136449e-01 -7.829223e-02 4.174978e-02 6.669579e-03 1.174933e-01 8.630522e-02
-1.023475e-01 -8.630754e-02 -1.003487e-01 3.048858e-01 2.541381e-01 1.439498e-01 -4.968349e-02 -1.048926e-01
-3.185985e-01 -2.652914e-01 7.893544e-03 -1.876580e-01 -6.497895e-02 -5.779279e-02 -1.854742e-01 -4.672951e-02
5.612378e-01 5.147718e-03 1.778845e-01 -7.919731e-02 -5.066555e-02 -1.374937e-02 1.562396e-01 2.070157e-02
-2.321158e-01 4.313744e-02 -1.647057e-01 1.663982e-02 2.583777e-01 -3.829590e-02 7.665263e-03 1.274405e-01
-1.153124e-01 4.718805e-02 2.086565e-01 -6.045365e-02 -9.630220e-02 4.951063e-02 2.992219e-03 2.122169e-01
-1.123222e-01 -7.682917e-02 -1.284662e-01 -2.458318e-01 1.400175e-01 1.605207e-01 1.055344e-01 1.162274e-01
-2.835664e-01 -1.128909e-01 9.615295e-04 -6.735811e-02 1.960614e-01 -1.475380e-01 -2.580042e-01 -1.607157e-01
-2.075433e-01 -1.835818e-01 2.263570e-01 -1.228132e-01 -1.680600e-01 -4.557888e-02 -1.472453e-02 1.505762e-01
-1.299613e-01 -7.499626e-02 -1.650264e-01 -1.659131e-01 2.674655e-01 5.046468e-02 7.726137e-02 1.143637e-01
-3.722874e-01 -2.803726e-01 -2.213534e-02 2.518514e-02 1.760491e-01 1.218619e-02 -1.784229e-01 1.271749e-01
-3.776221e-01 -3.531336e-01 -1.576573e-01 6.568722e-02 1.160022e-01 -4.172487e-03 -2.664635e-01 -5.516462e-02
-9.855480e-02 -5.815426e-02 -2.710342e-02 2.565888e-02 2.237268e-01 2.266243e-01 -9.749619e-02 -5.042289e-02
-1.992030e-01 -1.514556e-01 -1.344237e-01 -1.961302e-01 1.769647e-01 1.045883e-01 -1.078495e-01 -1.674166e-01
-1.191488e-01 -3.879533e-02 7.098798e-02 1.310097e-01 5.171560e-02 -1.289825e-01 -2.195580e-02 -1.264857e-01
-2.281790e-01 -2.886037e-02 -1.324194e-01 5.334166e-02 3.545831e-01 -4.886272e-02 -2.192506e-01 -1.557512e-01
3.438630e-01 -3.730157e-01 3.708640e-02 -1.082271e-01 6.425928e-02 1.301487e-02 1.337959e-01 2.635221e-02
-1.374716e-01 -8.036655e-02 -3.653733e-02 3.622043e-01 1.800390e-01 -3.393961e-02 -2.113998e-01 -6.994200e-02
-1.079704e-01 -1.493613e-01 2.738543e-01 1.015775e-01 -9.900878e-02 -2.290571e-01 -2.739931e-01 -1.062398e-01
-5.939405e-02 -1.286332e-01 -1.904870e-01 1.582802e-01 2.250492e-01 2.181957e-01 4.773607e-02 -3.511933e-02
-1.431284e-01 -2.849495e-01 9.446316e-02 2.106955e-01 1.126234e-01 3.144889e-03 -1.135477e-01 -8.103128e-02
-1.415869e-01 -2.121159e-03 -1.704072e-01 1.082245e-01 3.803701e-01 -1.284844e-02 -1.124263e-01 -5.560618e-02
2.747973e-01 -3.519570e-01 4.033975e-01 1.605804e-01 -5.164998e-02 -1.554525e-01 -2.410112e-01 2.482972e-02
-1.479476e-01 -1.057533e-02 2.969274e-01 3.287672e-02 -1.530621e-01 5.530049e-02 -2.779929e-01 -4.679772e-02
9.148778e-02 -1.620895e-01 1.534138e-01 3.106542e-01 3.655637e-01 1.057070e-01 1.123594e-01 -1.673925e-01
3.067695e-01 -7.741454e-02 -9.322035e-02 3.393474e-01 3.950040e-01 1.142005e-01 -4.325293e-02 -1.757193e-01
-8.726475e-02 1.686622e-01 -4.696302e-02 1.583679e-01 -5.743258e-02 3.260378e-02 -1.755284e-01 2.838292e-01
4.536350e-01 -9.927436e-02 -2.167877e-02 3.218532e-01 5.274681e-02 3.817828e-02 4.008434e-03 -1.739026e-01
3.794273e-01 7.294338e-02 4.645737e-02 -6.246725e-02 -4.821159e-02 -7.584945e-02 2.762746e-01 -6.651373e-02
-7.012260e-02 1.269536e-01 1.790815e-01 5.696590e-02 -1.513814e-01 -4.809288e-02 4.463228e-03 2.808268e-01
4.249626e-01 -6.085039e-02 -1.634436e-01 3.350762e-01 3.986121e-02 1.366099e-01 -8.841604e-02 -1.119846e-01
2.405125e-01 -5.014534e-02 6.112075e-02 3.654107e-01 3.176313e-01 6.596745e-03 5.092215e-02 -1.078445e-01
-1.201178e-01 -2.511435e-02 1.727958e-01 -1.412145e-01 2.480748e-01 -2.141780e-01 -3.586305e-03 -8.297577e-02
4.748826e-01 -7.935797e-02 -1.394174e-01 9.334094e-02 -8.558396e-02 5.898410e-02 2.841950e-02 -1.133483e-01
-6.217120e-02 -1.513275e-02 2.377469e-01 5.565424e-03 4.416296e-01 -8.598119e-03 -2.774638e-02 -7.397796e-03
-4.432048e-02 -1.780425e-01 5.060922e-02 -1.340621e-02 -1.628976e-01 -3.533559e-02 -4.083208e-02 -9.220240e-02
-2.832512e-02 8.760631e-02 -8.201893e-02 -4.805941e-02 -1.558624e-01 2.770809e-02 -1.313894e-01 4.205931e-01
-2.035096e-01 -2.632675e-02 1.131283e-01 -6.594052e-02 -6.939533e-02 -1.037840e-01 -5.443943e-03 2.349129e-03
1.036506e-01 -2.020767e-01 -7.646289e-02 2.795991e-01 -6.460009e-02 2.749126e-02 7.370781e-02 -6.742815e-02
2.995652e-01 -4.523151e-02 -4.981439e-03 3.524080e-01 4.493144e-01 1.060655e-01 -5.681697e-02 -9.353177e-02
1.795866e-01 -1.186688e-01 4.039784e-02 2.841696e-01 4.285886e-01 -2.337658e-02 -1.056353e-02 -7.199042e-02
1.806104e-01 -1.900506e-01 -2.972417e-02 4.408365e-01 2.619531e-01 7.521934e-02 1.509145e-01 -1.044608e-01
-3.819230e-02 -4.292991e-02 2.474163e-01 2.136303e-02 3.657974e-01 -8.252303e-02 8.225517e-03 -6.701507e-02
2.307150e-01 -1.471653e-01 -1.985092e-01 6.877586e-02 -5.723123e-03 -3.634536e-02 -5.579795e-02 -1.400828e-01
-2.302066e-02 -1.535009e-01 2.679552e-01 8.110749e-03 2.125345e-02 8.684847e-03 5.227024e-03 -7.043441e-03
-4.284534e-02 -1.517453e-01 3.530994e-01 8.504906e-02 3.348571e-01 -8.776456e-02 1.023836e-01 1.465543e-02
4.697110e-01 -9.645118e-02 -6.583202e-02 -6.884478e-02 -1.623789e-01 4.010367e-02 9.010722e-02 -7.399532e-02
1.811971e-01 -6.907221e-02 8.750640e-02 2.774405e-01 9.960448e-02 -1.850571e-01 2.007453e-02 -7.230542e-03
-3.773829e-02 9.028677e-03 2.614678e-01 1.330176e-01 4.140057e-01 1.016441e-01 1.770384e-01 -9.235542e-02
-4.975405e-02 -1.062297e-02 1.066971e-01 4.922308e-02 5.071733e-01 -5.489725e-02 4.039699e-02 -6.448390e-02
-2.181348e-02 1.144966e-01 1.628505e-02 -1.138715e-01 -8.943352e-02 -2.689299e-02 -1.138144e-01 3.017042e-01
1.422210e-01 1.412682e-02 4.651642e-02 1.711062e-01 4.378074e-01 -5.523297e-02 -1.140686e-01 5.520281e-02
1.888798e-01 -1.131950e-01 1.106276e-02 2.719708e-01 4.844626e-01 1.063665e-02 -3.260198e-02 -1.442389e-01
3.600044e-01 -1.356173e-01 -8.525359e-02 4.158083e-01 2.811788e-01 9.379059e-02 3.610992e-02 -1.533171e-01
3.928437e-01 2.880860e-02 -1.290812e-01 1.812650e-03 3.875910e-02 2.175576e-01 1.747777e-01 -2.666391e-02
3.618595e-02 -7.751085e-02 3.750624e-01 1.055924e-01 -2.132914e-02 -9.126830e-02 6.662745e-02 1.763521e-02
