4 5 8 32 32
-1.444884e-01 -1.353163e-01 5.614940e-02 3.899858e-01 -5.771024e-02 -1.167203e-01 -1.379131e-01 -3.537017e-01
-1.093855e-01 -1.848728e-01 1.080948e-01 -3.049518e-02 -8.241860e-02 2.817268e-01 1.457435e-01 -2.381874e-01
-6.793284e-02 4.383911e-02 -1.815826e-01 3.215723e-01 -1.203390e-01 -1.036906e-02 -5.338142e-02 -4.766708e-02
2.786383e-02 3.554626e-01 -1.169852e-01 -8.428211e-02 5.678923e-02 1.060014e-01 3.927317e-01 -1.119690e-01
2.898544e-01 -4.035850e-02 -3.853418e-02 -3.390228e-03 4.570385e-01 1.352278e-01 3.740169e-01 -3.118796e-02
-1.929024e-01 -1.927094e-01 2.511304e-02 -2.382662e-02 -9.481199e-02 -6.226307e-02 -2.074046e-01 -1.697025e-01
-2.157476e-02 -4.215998e-02 -1.395768e-01 3.788906e-01 -2.846770e-02 -2.124086e-02 -1.248805e-01 -2.149572e-01
4.832048e-02 -3.132278e-02 -8.234324e-02 6.238433e-02 -8.618523e-03 4.752842e-01 1.940755e-01 -3.377030e-02
-8.621418e-03 1.930977e-01 -2.355435e-01 -3.499544e-02 -5.247916e-02 -5.097038e-03 3.097257e-01 -1.374118e-01
-8.890280e-02 3.214660e-01 -1.023301e-01 1.764527e-01 -1.239607e-01 3.721628e-01 1.255829e-01 -1.187791e-01
5.393558e-03 -5.079358e-02 -8.810005e-02 -4.718622e-02 2.680970e-01 8.128293e-02 6.326680e-01 -2.540878e-01
-6.250839e-02 -1.456315e-01 2.483436e-02 2.262423e-01 -1.653252e-01 -6.890925e-02 -1.121442e-01 -1.756792e-01
2.181157e-02 1.552418e-01 1.339328e-02 2.097501e-01 -2.125258e-01 -3.205290e-02 -1.230943e-01 -1.265821e-01
-5.336872e-02 -1.484216e-02 -1.461573e-01 3.198002e-01 -3.061608e-02 -4.732658e-02 -2.572986e-01 -1.768344e-01
-8.429140e-02 1.725340e-01 -3.369456e-01 3.341836e-01 -1.892498e-02 -1.521688e-01 -1.443671e-01 -1.487697e-01
-1.304280e-01 -1.755098e-02 -7.393293e-02 -1.188611e-01 -3.515440e-02 3.612018e-02 -1.605565e-01 -1.191836e-01
3.065550e-01 1.419318e-01 -1.430874e-01 -1.432942e-02 4.001409e-01 1.404283e-01 1.826863e-01 -3.689485e-02
-4.513170e-02 3.922332e-02 -2.814024e-01 2.748427e-01 -1.769664e-01 -6.139564e-02 -1.955660e-01 -1.134793e-01
-1.705570e-01 1.164764e-01 -2.209442e-01 8.840750e-02 -1.806853e-01 4.668164e-01 2.716351e-01 -1.051496e-01
3.335961e-01 2.052734e-01 -1.621770e-01 -3.637192e-02 5.332469e-01 -8.939580e-03 2.519642e-01 5.854623e-02
2.598814e-02 7.596871e-02 -1.557086e-01 -2.128737e-01 1.206477e-01 4.468497e-02 3.465423e-01 -8.954803e-02
-2.245609e-02 -1.185815e-01 -1.646303e-01 1.325417e-01 -1.446153e-01 1.706115e-01 2.740147e-01 -2.529184e-01
-5.973100e-03 -4.432094e-02 -5.348474e-02 2.098671e-01 -2.047457e-01 -2.276523e-02 -1.561226e-01 8.418182e-04
-6.989812e-02 1.755052e-01 -1.880168e-01 3.523729e-01 1.440770e-02 -1.398336e-01 -1.994769e-01 -2.301161e-01
-1.070421e-01 -4.377183e-02 -9.015408e-02 -2.059765e-01 2.030845e-01 1.094179e-01 -1.280239e-01 -1.142441e-01
-6.728861e-02 -1.398629e-02 -1.253372e-02 3.042508e-01 -7.938012e-02 -4.885876e-02 -1.412005e-01 -2.657228e-01
4.209362e-03 5.095468e-01 -5.186404e-02 3.009451e-01 -9.584942e-02 -8.578586e-02 -2.481501e-01 -8.649397e-02
-6.791307e-02 -1.722261e-01 2.418139e-01 -1.722152e-02 -1.051413e-01 -1.556715e-02 -1.008018e-01 -1.842831e-01
-1.646903e-02 -1.076381e-01 -8.210999e-02 4.564544e-02 -5.908309e-02 -7.991739e-02 3.875571e-01 -2.425428e-01
2.190414e-01 3.384333e-01 -9.305628e-02 -6.286569e-03 1.674076e-01 4.483542e-02 8.991022e-02 -4.625149e-02
1.977758e-01 1.179689e-01 -1.174201e-01 -1.151248e-02 1.318041e-01 9.702096e-02 2.560580e-01 -1.561642e-01
1.779264e-01 -1.383354e-01 6.992251e-02 1.398719e-01 -2.040325e-02 4.398355e-02 -8.795805e-02 -1.228236e-01
3.245239e-01 3.999460e-02 -1.864719e-01 2.234621e-02 -1.327064e-01 -2.172320e-01 -9.109742e-02 3.528104e-01
-1.221626e-01 -4.923696e-02 -2.153970e-01 -1.734940e-01 1.983890e-01 9.121636e-02 -1.830665e-01 -6.336755e-02
3.509374e-01 -1.339913e-01 -1.689060e-01 -1.700363e-01 -2.657400e-01 -1.997404e-01 3.132212e-02 -1.254515e-01
9.666222e-02 -3.749507e-02 -2.825522e-01 1.380758e-01 2.983117e-02 -2.473910e-01 5.915979e-01 5.806858e-02
4.345403e-03 5.465485e-01 -1.778501e-01 3.898630e-03 -5.796331e-02 -2.030308e-01 -1.309130e-01 6.420908e-02
1.413866e-01 -4.510159e-02 -2.643903e-01 -1.795091e-01 1.728446e-01 -2.480258e-01 -1.039365e-01 2.868436e-02
1.441250e-02 -3.310887e-03 -4.172202e-01 1.108048e-01 -2.999433e-01 -2.288426e-01 4.198114e-01 1.974437e-02
7.177810e-02 -2.343841e-01 -2.163246e-01 3.549595e-01 -8.394647e-02 -2.446347e-01 3.389091e-01 -1.621968e-01
3.368438e-01 -9.550366e-02 -1.920422e-01 -1.615636e-01 1.560541e-02 -1.727015e-01 -3.160480e-02 1.399764e-01
-1.826356e-01 -7.596218e-02 -2.223025e-01 -2.128567e-01 1.606994e-01 -1.011340e-01 4.901727e-01 -1.271996e-01
7.268157e-02 1.910131e-01 -2.131038e-01 -2.227549e-01 -1.187268e-01 -4.676226e-03 -7.277340e-02 -1.295318e-01
2.160229e-01 -4.671282e-02 -3.173431e-01 -2.445231e-02 -7.952048e-02 -2.354289e-01 -2.454318e-02 -2.183318e-02
-2.759629e-02 2.085534e-01 -2.026935e-01 4.383700e-01 -1.277309e-02 -2.434760e-01 -1.698864e-01 -1.835913e-01
-1.367204e-01 -1.663397e-02 -1.374336e-01 -1.227168e-01 1.295926e-01 -4.796724e-02 -6.631965e-02 -2.261294e-01
6.962957e-02 -1.157481e-01 -2.129463e-01 2.846939e-03 8.024107e-02 -2.633955e-01 -5.437915e-02 9.706200e-03
1.064264e-01 -1.840105e-02 -1.564065e-01 -2.822132e-01 4.590217e-02 4.204850e-01 -2.683194e-01 -8.419000e-03
4.321026e-01 -2.041267e-02 -1.636473e-01 -1.371443e-01 -6.726445e-02 -1.797149e-01 -7.897559e-02 2.718038e-01
-1.915392e-02 6.308817e-02 -2.592136e-01 -1.722549e-01 -2.525677e-01 2.498755e-02 1.502378e-01 -2.707748e-01
6.038479e-02 -6.703129e-02 -3.816306e-01 5.270533e-02 -3.804393e-01 -1.196865e-01 1.330936e-01 -2.049921e-01
3.224640e-01 -5.864320e-02 -2.066615e-01 -2.531642e-01 1.004828e-01 5.715154e-02 -2.364139e-01 2.486303e-01
3.077623e-01 -2.438339e-02 -2.238765e-01 -7.873905e-02 -5.130764e-02 -1.813502e-01 -2.323566e-01 -9.377810e-02
-1.489430e-01 -3.235313e-02 -1.939228e-01 7.484820e-03 1.425174e-01 -2.134256e-01 -3.975459e-03 -1.954017e-01
3.823722e-01 1.118840e-01 -2.117521e-01 -2.122089e-01 -1.742453e-01 -1.806007e-01 -3.216827e-01 -2.976451e-01
-1.202668e-01 -7.967217e-02 -1.296151e-01 -3.457676e-03 2.324044e-01 -1.707434e-01 -3.809527e-02 -7.898556e-02
2.261757e-01 2.536122e-03 -3.306976e-02 9.940019e-02 8.810084e-02 -1.260364e-01 -1.999118e-01 4.472731e-01
2.906022e-01 -7.772703e-02 -2.770947e-01 -9.951012e-02 -1.333020e-01 -2.060351e-01 5.466831e-04 4.718335e-02
5.983989e-01 -3.250733e-02 -1.134603e-01 -2.217443e-01 -4.638654e-02 -1.692729e-01 -1.052570e-01 -4.358369e-02
4.344000e-01 -2.733020e-02 -1.292606e-01 -4.567947e-02 -2.011633e-01 -3.315387e-01 -8.140403e-02 1.660906e-01
-1.010926e-01 -2.193722e-02 -1.978919e-02 -1.283278e-01 1.287648e-01 1.995612e-01 -2.529446e-01 -2.936937e-01
-1.891377e-01 4.692787e-01 -2.196206e-03 3.778008e-01 6.730556e-02 -2.058325e-01 -6.580789e-02 2.768868e-01
-1.457245e-01 -8.936164e-03 -2.498329e-01 -1.110003e-01 -8.260661e-02 -1.644119e-01 8.162202e-01 5.488908e-02
3.113971e-02 7.809774e-02 -2.039619e-01 -9.523489e-02 -4.020458e-01 -1.172748e-01 1.906507e-01 -1.748676e-01
-2.199443e-01 5.302750e-03 1.844812e-01 2.404244e-01 -1.881011e-02 4.909758e-02 -3.636698e-01 -1.717064e-01
-1.855078e-01 -1.355202e-01 -3.089367e-01 1.831302e-01 3.888899e-01 1.633411e-01 2.392120e-02 9.059597e-02
4.072923e-01 -3.165278e-01 8.490038e-02 -7.073759e-02 2.153925e-01 -8.791544e-02 9.920906e-02 1.239993e-01
-1.980627e-01 -1.989658e-01 3.516256e-01 6.139249e-03 -6.363961e-03 -2.078543e-01 -2.704090e-01 -7.291228e-02
-3.336960e-01 -1.424224e-01 -4.316812e-02 -2.970008e-02 2.902898e-01 -9.981541e-02 -1.774098e-01 1.855601e-01
-1.251211e-01 -1.072481e-01 -4.329314e-02 2.904562e-01 2.670577e-01 3.383572e-01 -2.628612e-01 -8.104129e-02
6.875662e-01 -2.022268e-01 2.409955e-01 -1.158156e-01 5.526742e-02 -1.881482e-01 6.951749e-02 5.818857e-02
-3.579454e-01 -3.836685e-01 -9.619074e-02 -2.501426e-01 4.432845e-02 -8.644487e-02 -1.238244e-01 1.313448e-03
-2.934866e-01 -1.133080e-01 1.039764e-01 3.010322e-02 2.686928e-01 -1.612707e-01 -2.536778e-01 4.253485e-02
-1.267554e-01 -1.737628e-01 4.374973e-02 -1.204567e-01 2.779946e-01 -1.516990e-01 -1.864878e-01 -1.326006e-01
-1.944730e-01 -2.177138e-01 -6.862428e-02 -1.164673e-01 2.917140e-01 3.313387e-01 -1.358405e-01 2.264857e-01
-3.350122e-01 -2.008652e-01 2.598049e-01 4.351951e-02 3.854117e-02 -9.594025e-02 -1.588297e-01 3.076455e-02
-2.692828e-01 2.713698e-02 5.077117e-01 6.905091e-02 -3.564465e-01 -2.284896e-02 -3.295988e-01 9.571216e-02
-5.287648e-02 -1.833171e-01 -1.343558e-01 -2.598036e-01 3.317575e-01 1.776863e-01 1.132410e-02 1.308720e-01
1.747441e-02 -5.269348e-02 -8.535457e-02 4.645820e-01 4.116585e-01 -3.793396e-02 -1.916575e-01 -7.705971e-02
-1.046845e-01 -1.621427e-01 -5.176019e-02 6.440517e-02 3.917638e-01 -7.618342e-02 -2.040627e-01 -2.083923e-01
-2.969660e-01 -1.449767e-01 -1.906921e-01 -1.502749e-01 2.879720e-01 6.081941e-02 4.484146e-02 2.625528e-01
-1.306300e-01 -1.197969e-01 3.301410e-04 1.545177e-01 3.926904e-01 1.346405e-01 -2.252325e-01 -1.551911e-01
-1.873080e-01 -3.107881e-01 -2.401652e-01 1.821828e-01 2.634865e-01 -1.366516e-03 -1.772272e-01 1.122099e-01
3.170301e-01 -4.525053e-01 7.044614e-02 5.615633e-02 1.665248e-01 9.731017e-02 2.089052e-01 1.013382e-01
4.823962e-01 -2.748139e-01 3.321834e-01 1.152826e-01 1.796969e-01 -1.620413e-01 -1.246246e-02 -1.063684e-01
-2.578338e-01 -1.556056e-01 -7.939723e-02 4.249049e-02 4.668804e-01 9.533007e-02 -1.018842e-01 -2.264788e-02
-1.775684e-01 -1.632114e-01 1.673565e-01 -1.571766e-02 1.327335e-01 -1.208541e-01 -2.026271e-01 -7.545952e-02
-2.288320e-01 -2.343704e-01 1.986661e-01 3.071923e-02 1.427879e-02 -1.937130e-01 -1.916695e-01 -6.212793e-02
-3.237465e-01 -3.474413e-01 -2.058250e-01 1.379107e-02 1.811291e-01 3.417041e-01 -9.801504e-02 -6.777002e-03
-2.269017e-01 -5.766256e-02 3.285606e-01 1.240634e-01 -2.025593e-01 -8.117185e-02 -3.176821e-01 -6.103867e-02
-1.643775e-01 -1.250151e-01 -4.714094e-02 6.003651e-02 2.723288e-01 2.131173e-01 -2.200677e-01 -1.476694e-01
-3.366210e-01 -2.378321e-01 1.878987e-01 3.060337e-02 6.825652e-02 3.193659e-02 -6.963717e-02 2.629730e-01
-2.898484e-01 -4.749849e-01 1.772778e-01 -1.391276e-01 -1.884578e-02 -2.731880e-02 -2.326842e-01 -7.419118e-02
-2.279613e-01 3.276716e-01 3.077809e-01 -4.804257e-02 -4.483475e-02 -1.659411e-01 -2.930485e-01 -1.713528e-01
-1.951878e-01 -2.736884e-01 4.013306e-01 -1.485395e-02 -1.563485e-02 -6.263144e-02 -1.603466e-01 5.940497e-02
-1.366773e-01 -7.476594e-02 5.877222e-02 1.901207e-01 3.679164e-01 -8.930869e-02 -2.220050e-01 -1.855635e-01
2.906146e-02 -2.105885e-01 3.378750e-01 -6.660757e-02 2.624009e-02 2.895721e-03 -9.451814e-02 -1.983710e-01
2.417898e-01 -5.127015e-02 1.918160e-01 4.166273e-01 4.035251e-01 2.477499e-03 1.678756e-01 -1.210038e-01
5.628518e-01 -1.338941e-01 -1.643871e-01 4.517296e-01 2.339106e-01 6.671117e-02 -1.004466e-01 -2.282869e-01
9.943253e-03 -1.202731e-01 3.684294e-01 5.997052e-02 3.397909e-01 6.421041e-03 1.072634e-01 5.813209e-02
5.231950e-01 -1.658701e-01 7.322317e-02 1.024437e-03 -4.596152e-02 4.309396e-02 2.078238e-01 -1.004202e-01
-5.200667e-02 -1.801436e-01 2.485354e-01 -3.301979e-02 6.720402e-01 -7.621507e-02 -1.080086e-01 -8.235392e-02
3.416866e-01 -2.224304e-01 1.033448e-01 5.644770e-01 2.698436e-01 1.619264e-01 1.372782e-01 -7.615042e-02
3.741269e-01 -1.869733e-01 -1.642073e-01 4.286318e-01 4.947624e-01 1.713480e-01 -6.889776e-02 -3.119500e-01
3.233651e-01 -3.392105e-01 5.652588e-02 2.606080e-01 -2.502255e-02 -1.024743e-01 2.342088e-02 1.488054e-02
7.318985e-02 -2.320225e-02 1.599157e-01 -6.297166e-02 -6.066712e-03 2.481185e-02 -1.380646e-01 5.010539e-01
3.266868e-01 -2.928957e-01 3.019681e-02 -1.071222e-02 1.857334e-02 3.674703e-02 -1.659384e-01 -8.758660e-02
4.704025e-01 -1.766930e-01 -2.755038e-01 4.141286e-01 3.776714e-01 2.146370e-01 -2.515451e-02 -2.801917e-01
-2.440752e-02 1.231825e-02 2.590155e-01 -1.077511e-01 3.700776e-01 4.206111e-02 -8.024538e-02 2.368516e-01
6.516698e-01 -1.924622e-01 -6.847895e-02 7.713439e-02 -1.473343e-01 -4.788281e-02 2.582785e-02 -7.616814e-02
4.636631e-02 -2.171005e-01 2.586306e-01 -8.401188e-02 2.267574e-01 -1.289282e-01 -1.187325e-01 -4.351803e-02
5.177097e-01 2.631027e-02 3.431749e-02 4.852342e-01 2.191807e-01 2.180382e-01 -9.034354e-04 4.225844e-02
4.679509e-01 -1.539779e-01 -2.206895e-02 5.049098e-01 2.738858e-01 -3.347894e-02 -3.544997e-02 -2.152411e-01
1.118328e-01 -1.010627e-01 2.143614e-01 3.252518e-01 6.065470e-01 -5.791808e-02 -8.820730e-02 -9.624124e-02
4.158024e-01 7.082471e-02 6.621832e-02 -5.027659e-02 2.584776e-02 2.078965e-01 -3.305452e-02 -1.856234e-02
-4.271672e-02 -1.496717e-01 3.872207e-01 4.685979e-02 5.740550e-01 -5.929163e-02 -1.009875e-01 -5.424719e-02
-1.575087e-02 -1.781417e-01 4.127105e-01 -5.001749e-02 1.685138e-01 -2.967872e-02 7.120333e-02 -1.210453e-01
2.479546e-01 -1.302878e-01 4.030849e-02 4.236251e-01 5.988544e-01 1.025811e-01 -9.664972e-02 -2.536280e-01
5.641823e-01 -1.262740e-01 -8.147979e-02 6.759720e-02 -1.505974e-01 2.041812e-01 1.752995e-01 -1.667394e-01
4.071991e-01 2.921002e-01 1.906678e-01 2.110682e-01 3.002649e-01 2.406220e-01 -1.649249e-01 2.373536e-01
6.977937e-02 -6.097025e-02 3.870132e-01 1.344791e-01 3.210168e-01 3.527788e-02 1.877124e-02 8.540538e-03
3.568375e-01 -1.472519e-01 1.474959e-02 4.398501e-01 5.096238e-01 -1.804831e-02 -9.703955e-02 -2.203959e-01
-1.198253e-02 -2.041101e-01 2.804598e-01 1.527538e-01 2.323213e-02 1.359769e-02 8.363099e-02 -2.888670e-02
9.564877e-02 -2.074365e-01 2.872613e-01 -3.756048e-03 -1.249788e-01 -4.891632e-02 2.530915e-01 -8.466703e-02
-3.156175e-02 -7.140996e-03 2.928889e-01 -8.985705e-02 2.892618e-01 1.067354e-01 -1.733093e-01 2.027401e-01
4.960788e-01 -1.854271e-01 -4.497011e-02 4.877429e-01 1.083125e-01 1.210479e-01 1.790663e-02 -2.063480e-01
-4.460025e-02 -9.404103e-02 2.982484e-01 2.191449e-01 4.028519e-01 -1.347313e-02 -5.430013e-04 -7.022485e-03
7.221837e-02 -1.741085e-01 3.378642e-01 1.237210e-01 1.992247e-01 8.535431e-02 -7.279918e-03 9.256283e-02
-3.479280e-03 4.603400e-02 4.336424e-02 2.863956e-01 -7.222565e-02 3.259383e-02 -1.358616e-01 -1.407272e-01
3.192780e-03 1.350476e-01 -1.717591e-01 4.506399e-02 2.670936e-01 -6.178480e-02 4.213545e-01 -6.439480e-02
-1.291845e-01 6.473746e-03 -3.774097e-02 3.071013e-01 -9.563964e-02 -9.450494e-02 -4.261010e-02 -1.251562e-01
-1.452553e-01 -1.476322e-01 5.201144e-02 8.778526e-02 -1.086566e-01 -6.224933e-02 -1.460649e-01 -5.022724e-02
-1.430399e-01 -4.821336e-02 -8.103299e-02 -1.504174e-02 -1.477766e-01 2.676853e-01 2.959850e-01 -4.249506e-02
-6.080920e-02 -7.147410e-02 -2.260232e-02 2.710094e-02 2.517138e-01 -9.837625e-03 4.886211e-01 -9.907934e-02
-3.950348e-02 -5.664462e-02 -2.906674e-02 -3.251763e-02 4.223564e-02 -5.143900e-02 3.707212e-01 -4.467225e-02
-1.166263e-01 -1.527047e-02 -9.877275e-02 6.515740e-03 -1.325768e-01 3.223008e-01 1.862743e-01 -7.229986e-02
-1.390030e-01 -1.051962e-01 -4.519439e-02 1.268960e-01 -2.939832e-02 -2.722528e-02 -1.883064e-01 -1.253939e-01
-1.366111e-01 -1.461346e-01 3.040123e-01 5.393323e-02 -1.054664e-01 -6.537957e-02 -9.708048e-02 -2.652846e-02
1.245201e-02 4.519553e-01 -6.922394e-02 -5.777723e-02 1.915721e-02 1.582908e-01 1.865093e-01 -8.772162e-02
-1.074787e-01 1.254088e-02 -1.210553e-01 2.886157e-01 2.156556e-02 -4.279539e-02 -2.052540e-01 -2.608835e-01
2.761453e-02 1.864851e-01 -1.796817e-01 -1.824130e-01 2.374154e-02 -3.365082e-02 3.367051e-01 -4.323997e-03
3.255292e-02 -1.375287e-02 -1.378393e-02 2.130571e-01 1.412281e-02 3.095677e-02 -2.851070e-01 -1.886652e-01
-7.610561e-02 4.516690e-01 -5.842962e-02 2.658853e-01 -5.011820e-02 -3.036785e-02 -1.583159e-01 -7.663555e-02
-4.096620e-02 4.883563e-02 9.356181e-02 2.243975e-01 -6.117995e-02 3.600400e-02 -1.701772e-01 -1.083583e-01
-1.190296e-01 2.610736e-01 4.582363e-02 4.121397e-03 -1.779372e-01 -1.220303e-01 -6.913277e-02 9.966704e-03
4.306871e-02 -2.910439e-02 -3.346027e-02 2.464330e-01 1.486279e-01 2.843266e-02 -2.484682e-01 -3.872820e-02
2.307109e-01 2.226618e-01 -2.024223e-01 9.345925e-03 3.262403e-01 1.933972e-01 2.007316e-01 -1.407780e-01
-6.723779e-02 -1.009665e-01 5.023968e-02 2.248171e-01 -8.317839e-02 -4.520794e-02 -1.255309e-01 -1.008907e-01
-1.025495e-01 1.684767e-01 -1.427922e-01 4.339478e-01 6.051302e-02 4.678201e-02 -3.564511e-01 -2.909258e-01
9.880026e-02 6.385459e-02 -5.910877e-02 -2.995598e-03 3.983070e-02 1.805020e-01 2.238638e-01 -1.394169e-01
-1.525729e-01 -6.516840e-02 -5.377199e-02 1.125471e-01 -1.006149e-01 -1.020723e-01 -1.627622e-01 -4.586447e-02
1.268009e-01 -3.450705e-02 3.093406e-03 1.955181e-02 3.337669e-01 9.207197e-02 2.047137e-01 1.042232e-01
-1.250104e-01 2.786899e-04 -8.367917e-02 -1.035830e-01 -4.044833e-02 -7.134416e-02 -1.399778e-01 -6.588736e-03
-7.861941e-02 -2.153185e-02 -9.383373e-02 -4.176918e-02 1.722018e-01 -6.002136e-02 -1.439678e-01 -3.699127e-02
-1.129497e-01 7.846893e-02 -1.976130e-01 3.730675e-01 -1.714391e-02 -1.089300e-01 -1.508621e-01 -1.798384e-01
-1.106422e-01 -1.371675e-01 6.648127e-02 -4.519697e-02 -8.361346e-02 2.740629e-01 2.800347e-01 -1.224547e-01
-9.043767e-02 2.679115e-01 -2.736481e-01 4.596733e-01 4.649811e-02 -1.130134e-01 -1.551619e-01 -1.248889e-01
-1.783677e-01 1.083261e-01 -1.021336e-01 2.744518e-01 -1.074335e-01 -1.000271e-01 -1.582766e-01 1.261314e-02
-2.224879e-02 2.816617e-01 -1.531855e-01 9.447188e-02 -2.088702e-01 3.868587e-01 2.085156e-01 -1.298116e-01
-3.333286e-02 -1.246861e-01 1.158221e-01 1.325127e-01 -8.235195e-02 6.892520e-02 -1.147551e-01 -5.896845e-02
-1.781277e-01 3.924243e-01 7.419242e-03 2.620966e-01 3.833359e-02 -1.176110e-01 -8.799916e-02 1.216648e-01
2.395602e-01 -3.473198e-02 -1.508114e-01 -1.817334e-01 -1.974310e-01 -5.422588e-02 -1.138864e-02 4.858368e-02
8.881902e-02 -8.212291e-02 -2.055860e-01 1.601182e-01 -1.810560e-01 -1.208630e-01 2.537949e-01 -1.988399e-01
4.546969e-01 -5.843551e-02 -6.200358e-02 -1.192148e-01 -1.406067e-01 -1.246057e-01 -3.673030e-02 -2.565335e-02
2.128996e-01 -1.700389e-01 -6.204468e-02 2.753913e-02 2.169673e-02 -6.265107e-02 -1.655317e-01 1.715525e-01
-5.771494e-02 -1.030672e-01 -1.020588e-01 -7.710019e-02 6.632417e-02 6.751770e-02 -5.193742e-02 -5.465000e-02
1.061793e-01 -1.038286e-02 -1.829867e-01 9.451898e-02 -2.208494e-01 -5.225528e-02 2.356958e-01 3.782913e-03
-5.217712e-02 -8.168600e-02 -8.489061e-02 -7.100635e-02 1.755280e-01 -7.925946e-02 -6.657360e-02 -1.012633e-01
2.786382e-01 -1.127603e-01 -1.008669e-01 -9.400778e-02 -1.872080e-02 -9.333666e-02 -4.243949e-02 1.253288e-01
-1.089648e-01 4.989581e-01 -3.180892e-02 3.799605e-02 -7.031640e-02 -9.436941e-02 -1.954292e-02 2.451158e-02
7.728757e-03 -1.575908e-01 -1.141472e-01 -8.064955e-02 -1.091203e-01 -8.284669e-02 5.176873e-01 1.480287e-02
1.253970e-01 1.629195e-02 -1.050734e-01 -1.930975e-01 -1.052904e-01 8.876082e-02 -5.194125e-02 -9.817085e-02
6.629962e-02 -1.103078e-01 -3.314099e-01 9.188184e-02 -2.237958e-01 -4.337276e-02 1.264455e-01 -1.926654e-01
2.876676e-02 -1.295724e-01 -3.454694e-03 1.994697e-01 -9.535988e-02 -1.011682e-01 5.029402e-01 1.265495e-01
-8.611359e-02 -7.678554e-02 1.369626e-01 -5.189723e-02 1.107948e-01 3.183600e-01 -7.254027e-02 -6.448317e-02
2.276264e-02 -2.009025e-01 -8.473092e-02 -7.641390e-02 1.607490e-01 -2.029586e-02 -7.856413e-02 5.964486e-02
2.631467e-01 1.076642e-01 -1.241636e-01 -7.960019e-02 -1.525002e-01 -1.118970e-02 -2.041014e-01 -3.189596e-01
3.543237e-01 -5.083276e-02 -1.349764e-01 -2.814159e-02 -1.079897e-01 -1.172622e-01 -1.101690e-01 -9.651994e-02
-6.073486e-02 -5.869787e-02 -2.169869e-01 -6.194282e-02 -2.239300e-01 -4.577901e-02 2.215578e-01 -1.446713e-01
-1.513612e-01 -1.752632e-02 -2.355308e-01 -1.394640e-01 -7.291181e-02 -9.532628e-02 4.395220e-01 -1.228175e-01
-2.245972e-02 7.981123e-03 -1.231217e-01 -1.833402e-03 4.115611e-02 -1.636358e-01 -7.414244e-02 -5.618376e-02
-1.330346e-01 1.695112e-01 3.733702e-02 5.048954e-01 -5.944403e-02 -1.197017e-01 -1.327340e-01 -6.989890e-02
8.499160e-02 -1.183027e-01 -6.364846e-02 -8.503046e-02 3.391025e-02 1.371199e-01 -5.747532e-02 8.482303e-02
3.200968e-01 -1.043803e-01 -1.416014e-01 -1.597318e-01 -2.048931e-01 -1.492174e-01 -1.154674e-02 1.492476e-01
-1.156302e-01 -2.836057e-02 -1.478476e-01 -7.711827e-02 4.064750e-02 -3.802380e-02 3.279683e-02 -2.017151e-01
3.536693e-01 -1.925772e-01 -1.026783e-01 -2.056481e-02 1.197166e-02 -2.398221e-01 -1.018822e-01 2.442627e-01
3.884943e-01 4.301223e-02 -9.204974e-02 -2.149048e-01 -1.648546e-01 -3.987692e-02 -6.162817e-02 -9.873264e-02
4.326356e-01 2.181598e-02 -1.650182e-01 -1.103805e-01 -2.340552e-01 -1.611362e-01 -1.119059e-01 -7.405967e-02
1.245831e-03 -2.661724e-02 1.460831e-01 -1.033258e-01 -8.494797e-02 1.490482e-01 -1.369029e-01 -8.508714e-02
3.369488e-01 -1.341232e-01 -5.955169e-02 8.590163e-02 -6.560285e-02 -1.886980e-01 -1.059397e-01 6.430540e-02
1.539610e-01 1.529089e-02 -1.355233e-01 -1.064721e-01 -9.108193e-02 -8.784720e-02 -1.004546e-01 -1.064101e-01
3.346438e-01 -1.397152e-01 -3.612498e-02 -6.172150e-02 -8.756245e-03 -8.353448e-02 -9.314410e-02 1.436100e-01
-2.368613e-01 -9.823684e-02 9.432979e-02 -7.443251e-02 1.800782e-02 -1.512918e-01 -1.071727e-01 -5.845598e-02
-4.906055e-02 -9.274155e-02 -2.007604e-01 -2.540553e-02 2.859613e-01 3.206268e-01 1.432716e-01 3.739570e-02
3.767428e-01 -8.762649e-02 2.373727e-01 4.523760e-03 -1.776586e-02 -1.035164e-01 1.700960e-01 -1.062397e-01
-2.539769e-01 -2.997754e-02 2.901701e-02 -8.784330e-02 2.014359e-01 -1.338781e-01 -6.470321e-02 1.808852e-02
-1.389062e-01 -1.440667e-01 2.785343e-01 -5.020303e-02 -1.218239e-01 -1.530292e-01 -1.064571e-01 7.869460e-02
-1.866994e-01 -2.759177e-02 -2.666036e-02 -1.540439e-01 1.982330e-01 -4.602183e-02 4.647016e-02 9.766323e-02
-7.311757e-02 -9.079927e-02 -6.327059e-02 2.569087e-01 2.653750e-01 3.553053e-01 -7.431217e-02 -6.839988e-02
-1.013333e-01 2.871337e-02 -1.864684e-01 6.949301e-02 3.566096e-01 1.927388e-01 8.044279e-02 3.204235e-02
4.319576e-01 -1.874524e-01 1.088441e-01 -7.968578e-02 1.246683e-01 -4.323516e-02 1.770366e-01 5.005516e-02
-1.533025e-01 -9.417868e-02 -7.922861e-02 2.660052e-01 2.665225e-01 1.014521e-01 -1.754403e-01 -1.171605e-01
-3.709540e-01 -3.389275e-01 -4.061851e-02 -1.191655e-01 -1.113438e-01 -1.000094e-01 -1.607507e-01 -1.117781e-02
5.732685e-01 -4.259402e-02 2.260963e-01 -9.421135e-02 -6.469198e-02 -5.168087e-02 1.557633e-01 -2.157482e-03
-2.274462e-01 1.090762e-03 -7.400567e-02 -5.383968e-02 1.910565e-01 -6.985082e-02 -4.185794e-02 4.940806e-02
-9.556100e-02 -5.694164e-02 4.207677e-01 1.428742e-01 -1.175060e-01 8.568333e-03 -1.267120e-01 1.159420e-01
-5.315803e-02 3.528632e-03 -2.184414e-01 -2.230997e-01 2.154129e-01 1.581228e-01 1.525373e-01 5.353931e-02
-1.544849e-01 -6.758099e-02 5.655517e-02 5.079297e-03 7.413127e-02 -1.912602e-01 -2.014315e-01 -1.066266e-01
-2.381378e-01 -1.403905e-01 1.275494e-01 -1.564459e-01 -4.175931e-02 -4.650788e-02 -2.718259e-02 1.765155e-01
-1.700048e-01 -1.252906e-03 -1.116667e-01 -1.490911e-01 2.087776e-01 4.318803e-02 8.763742e-02 1.027536e-01
-2.204723e-01 -4.367181e-02 -1.826320e-01 4.709324e-02 2.782035e-01 7.556792e-02 -6.099140e-02 6.876255e-02
-2.228534e-01 -1.984345e-01 -1.593841e-01 1.150849e-01 2.811729e-01 -4.075824e-02 -1.430321e-01 2.274182e-02
-1.532281e-01 -7.082719e-02 -9.786233e-02 1.219493e-01 3.207087e-01 2.613770e-01 -1.220260e-01 5.676705e-02
-1.746756e-01 -1.342699e-01 -1.228590e-01 -1.053598e-01 2.221503e-01 1.900432e-01 -3.783354e-02 1.093236e-01
-1.963427e-01 -1.209496e-01 2.073560e-01 -2.470728e-02 -9.138717e-02 -2.019336e-01 -1.661221e-01 -3.159007e-02
-1.368201e-01 -3.188154e-02 -6.258448e-02 2.382457e-01 2.831112e-01 -1.838869e-01 -2.153572e-01 -1.802844e-01
2.552285e-01 -3.485329e-01 7.671414e-02 -1.718659e-01 2.678805e-02 5.713407e-02 1.823955e-01 1.412005e-01
-1.226668e-01 3.207790e-02 -1.255618e-02 2.606294e-01 2.627402e-01 -8.384751e-02 -1.804045e-01 -1.971058e-01
-1.550064e-01 -1.252565e-01 3.784679e-01 1.167290e-02 -1.422297e-01 -2.437591e-01 -2.886954e-01 -5.961621e-02
-9.249423e-02 -2.496196e-01 -3.066249e-01 -4.934069e-02 2.787069e-01 3.541944e-01 1.274974e-01 -8.425770e-02
-2.319676e-01 -4.725639e-01 1.898064e-01 -1.470486e-02 1.274402e-02 1.056304e-01 -3.300294e-01 4.925098e-03
-1.520177e-01 -8.829688e-02 -1.417466e-01 1.455838e-01 3.814644e-01 6.366753e-02 -5.205122e-02 -8.514690e-03
4.850249e-01 -2.373614e-01 3.150876e-01 1.035734e-01 4.546810e-02 3.176437e-02 1.402984e-02 -6.608335e-02
-7.416967e-02 7.300120e-02 1.845272e-01 1.348583e-01 -1.193679e-01 -1.474462e-02 -3.440109e-01 -2.082334e-01
2.204525e-02 -1.067131e-01 2.377473e-01 2.238899e-01 2.931120e-01 -8.804475e-02 2.327968e-02 -1.180888e-01
3.345726e-01 -1.410784e-02 -4.583075e-02 3.581704e-01 2.243191e-01 1.717831e-01 -4.519801e-02 -1.296275e-01
1.141750e-01 -2.003339e-02 -1.489414e-02 9.986888e-02 -3.710143e-02 -7.583149e-02 -5.906084e-02 1.084110e-01
4.079621e-01 -2.025905e-01 -3.315764e-02 3.565161e-01 1.094944e-01 1.343227e-01 3.464771e-02 -2.268976e-01
3.832141e-01 -2.830167e-02 -9.908414e-02 -4.071877e-02 -1.294579e-01 -5.858554e-02 2.868257e-01 -1.612051e-01
-5.615798e-02 -5.939930e-02 2.267145e-01 1.267643e-01 -3.278630e-02 -2.487509e-02 -1.903606e-02 7.913481e-02
3.495675e-01 2.743678e-02 -5.523195e-02 2.885448e-01 1.833018e-01 1.424847e-01 -8.212641e-02 -1.740822e-01
2.287961e-01 -6.805107e-02 8.019917e-02 2.690445e-01 3.668748e-01 -1.557670e-01 2.719391e-02 -1.657840e-01
-3.833769e-02 -8.295959e-02 4.065628e-02 -5.378529e-02 2.201891e-01 -6.553911e-02 -3.457719e-02 -1.618797e-01
5.607167e-01 -2.205807e-01 -1.268699e-01 1.196480e-01 -2.084146e-01 -4.324717e-02 -3.330158e-03 -1.723539e-01
-5.878166e-02 5.319903e-02 1.741798e-01 -5.856357e-02 4.472272e-01 -1.514920e-02 -1.919735e-02 5.870289e-02
-4.113362e-02 -1.288175e-01 1.368763e-01 -2.283317e-02 -9.123350e-02 -1.405469e-01 -2.184447e-02 -3.497855e-02
3.283545e-02 8.812224e-02 -1.406529e-02 -7.166234e-02 -6.163140e-02 5.149084e-02 2.664941e-02 2.421395e-01
-1.477883e-01 -4.145345e-02 1.810479e-01 -1.455725e-01 -1.087696e-01 -1.413810e-01 -1.699705e-02 2.434015e-02
1.401302e-01 -1.621402e-01 2.226525e-02 3.272365e-01 -3.493720e-02 -8.067207e-02 7.535333e-03 -2.897437e-02
2.536578e-01 9.169897e-02 8.874563e-03 2.290018e-01 1.849335e-01 1.094898e-01 -7.094377e-02 -4.261924e-02
1.376628e-01 -1.067719e-01 -2.387397e-02 2.832553e-01 3.762054e-01 7.956879e-02 1.993944e-02 -4.524762e-02
2.417686e-01 -1.711693e-01 -3.389770e-02 4.338113e-01 2.991481e-01 1.826265e-01 1.119762e-01 -1.702706e-01
-5.506007e-02 5.069258e-02 2.695767e-01 3.228711e-02 2.184863e-01 4.638636e-02 -2.084879e-02 -1.081225e-01
1.286288e-01 -1.118424e-01 -6.694772e-02 1.304910e-03 1.723829e-02 -1.099015e-01 -9.217267e-03 -7.360420e-02
2.271559e-02 -9.909897e-02 4.293633e-01 2.913441e-02 9.854593e-02 -7.660156e-02 1.196565e-01 9.222121e-03
1.719815e-02 -8.481468e-02 3.043159e-01 1.490171e-01 3.674376e-01 1.212162e-02 1.011513e-01 1.248746e-02
4.912250e-01 -5.700399e-02 -7.418045e-02 -3.791036e-02 -1.183610e-01 9.995212e-02 1.866278e-01 -6.835139e-02
3.873201e-01 -1.163801e-01 -4.573062e-02 3.673334e-01 2.598996e-01 -5.873533e-02 4.323434e-02 -1.932853e-01
-9.368004e-02 9.083264e-02 2.390600e-01 -1.509228e-01 3.662736e-01 1.891496e-02 -1.061888e-01 1.220876e-01
-5.836889e-02 -1.448157e-02 1.806019e-01 9.843402e-02 4.510376e-01 -4.500812e-02 3.590767e-02 -6.174307e-02
-7.037156e-02 5.103806e-02 1.253682e-01 -1.317916e-01 -8.735982e-02 -1.597969e-02 -7.880054e-02 3.413759e-01
6.435595e-02 3.254845e-02 2.073111e-02 1.529731e-01 3.842897e-01 4.685344e-02 -4.445213e-02 5.113705e-02
2.974926e-01 -7.299888e-02 -1.181415e-01 3.686906e-01 3.765321e-01 1.847906e-01 1.345599e-02 -5.840522e-02
2.464119e-01 -7.179061e-02 -2.092042e-02 2.969580e-01 3.008351e-01 7.491720e-02 -1.235626e-02 -2.420001e-02
3.440235e-01 9.106531e-02 -1.014805e-01 -1.187223e-01 -1.241519e-01 1.031721e-01 1.420762e-01 7.180724e-02
-2.630465e-02 -1.509213e-01 1.690598e-01 1.321138e-01 -4.332864e-02 2.581365e-02 -1.154364e-03 2.636315e-02
