1 5 16 16 32
-2.954552e-01 -8.598401e-02 -2.153469e-01 5.576388e-01 4.672116e-01 1.754425e-01 4.978144e-01 4.667025e-03 -4.793716e-02 2.893939e-01 -3.101310e-02 1.472614e-01 5.275713e-01 -5.137553e-02 3.026468e-01 -1.144614e-01
-1.070791e-01 4.017375e-01 2.864196e-01 4.480524e-01 4.764397e-02 -3.580045e-01 -2.465992e-02 2.583507e-01 -4.705563e-01 -1.124069e-01 2.517254e-01 4.574778e-01 3.271821e-01 -3.135239e-01 -6.765329e-01 1.002098e-01
2.017380e-01 -7.305667e-02 1.229830e-01 1.349187e-01 -7.418189e-02 5.042147e-01 -4.527325e-02 -7.214159e-02 2.661684e-01 -2.856701e-01 -1.120468e-01 -9.164344e-02 4.878144e-01 -4.236966e-01 -6.337505e-02 -4.556973e-01
3.055421e-01 -3.187910e-01 -1.939858e-01 -3.750945e-01 -1.505210e-01 4.801506e-01 -4.659230e-02 -1.512175e-01 3.367703e-01 2.442401e-01 -9.472480e-02 -4.161974e-01 -1.950598e-01 9.761252e-02 7.280758e-01 -4.175129e-02
7.771931e-01 3.235025e-01 2.242491e-01 -2.094784e-01 -6.566991e-01 -1.612051e-01 -5.415801e-01 -2.571339e-02 6.720619e-02 -4.607348e-01 7.367061e-01 -3.959717e-01 -1.148415e-01 -2.885952e-02 -4.149554e-01 3.698704e-01
-2.134109e-01 4.725487e-01 -1.374484e-01 -3.896636e-01 2.829925e-01 2.479490e-01 5.580431e-01 -5.259195e-01 3.684775e-01 -4.487047e-01 -5.476630e-01 4.104417e-02 4.011304e-01 3.863935e-01 -2.012808e-01 -2.103000e-01
-5.944959e-02 1.058673e-01 -2.744085e-01 -3.152408e-02 3.134275e-01 1.731504e-01 -5.888510e-01 -1.114653e-01 3.095938e-02 -2.739918e-01 8.915304e-02 4.810853e-01 -1.755618e-01 1.951308e-02 6.251267e-01 -2.984915e-02
-4.596369e-02 3.453880e-01 2.619228e-02 -3.873829e-01 -8.523809e-02 -1.357436e-01 -3.244120e-02 3.376720e-01 3.156388e-01 -5.832895e-04 -2.473481e-01 -4.004488e-01 -5.623949e-01 7.079638e-01 8.207653e-01 -6.801547e-01
7.854970e-02 6.732170e-02 -2.397782e-01 1.284068e-01 -2.177487e-01 1.830171e-02 3.485177e-01 2.615754e-01 2.235340e-03 3.134828e-01 3.288309e-01 -6.320091e-02 2.230556e-01 2.109382e-01 -9.290453e-02 4.550663e-01
-1.538749e-01 -3.051090e-01 1.286895e-01 -2.885928e-01 1.405919e-01 -2.788092e-01 -3.547291e-01 9.661674e-02 -5.801914e-02 -5.670152e-01 -1.475815e-01 5.066337e-01 -1.269493e-01 2.441626e-01 7.714208e-01 -3.537637e-02
3.771889e-01 -3.015405e-01 3.396644e-02 2.956598e-01 -2.928471e-01 -2.630472e-01 -5.493179e-01 2.638080e-01 -3.598796e-01 4.063743e-01 6.759924e-01 -2.263542e-01 -2.039158e-01 -2.153753e-01 1.799470e-02 2.131900e-01
3.617814e-03 -2.621832e-01 3.842953e-01 -2.265394e-02 -5.230041e-01 -2.331624e-01 5.875890e-01 3.434440e-01 -5.821706e-02 4.341053e-01 -1.386582e-01 -3.669099e-01 1.685161e-01 -1.135222e-01 -3.767717e-01 6.417980e-02
-1.515880e-01 8.278977e-01 -5.339499e-03 -4.030853e-02 1.360273e-01 -2.755293e-01 -2.299541e-01 1.270105e-01 -2.212003e-01 1.686557e-01 -4.874673e-02 1.582950e-01 -2.500873e-01 -8.682878e-02 -5.279918e-01 -2.751432e-01
-3.211313e-01 -1.440829e-01 -2.847320e-01 -1.410124e-02 2.922786e-01 6.792100e-02 -3.806218e-01 6.976491e-02 2.121308e-01 -3.825347e-01 -3.295725e-02 6.497933e-01 2.992119e-02 2.570955e-02 6.554084e-01 2.265894e-01
8.263627e-01 4.299686e-01 -1.970948e-01 -3.052883e-01 -3.980646e-01 -2.872890e-01 -4.378918e-01 -1.624663e-01 -2.718422e-01 -4.022012e-01 7.877220e-01 -3.205459e-01 -3.168716e-01 2.262730e-01 -7.262265e-02 1.363038e-01
2.762268e-01 -2.477839e-01 -7.618341e-02 -3.972498e-01 -8.299384e-02 6.208282e-01 1.705252e-01 -2.496696e-01 3.188686e-01 -2.106113e-01 -7.333969e-02 -3.044630e-01 -3.732200e-02 2.571956e-01 6.232364e-01 -2.253738e-01
-2.689564e-01 -9.440041e-02 -1.250272e-01 -1.059362e-01 5.710637e-01 1.287266e-01 2.228924e-01 4.945491e-02 -2.521431e-02 2.711782e-02 -3.060879e-01 -1.120105e-01 -1.325183e-01 2.427370e-01 7.850686e-01 -4.849851e-01
-1.133450e-01 4.469083e-01 5.263989e-02 1.559697e-01 1.371427e-01 -3.108772e-01 -1.522238e-01 3.665535e-01 -2.662273e-01 1.416323e-01 5.441768e-02 4.166705e-01 5.597074e-02 -2.296786e-01 -4.050746e-01 -6.321727e-02
-2.934132e-01 -2.285746e-01 3.688351e-01 1.579116e-01 -2.285066e-02 -1.476728e-01 9.068659e-02 1.953617e-01 3.639528e-01 -4.654541e-02 -3.748806e-01 4.303159e-01 2.530693e-01 -1.783166e-01 -2.463905e-01 5.210039e-02
3.259543e-02 -5.089446e-01 -2.230151e-01 -2.578863e-02 1.727683e-01 1.520906e-01 -2.546344e-01 -1.178720e-01 2.057941e-01 5.324721e-02 8.258300e-02 2.460456e-01 7.239022e-02 1.007979e-01 9.191176e-01 1.367124e-01
-3.008396e-01 4.449249e-02 4.933489e-01 4.411681e-02 -4.205219e-02 3.040202e-02 -2.664972e-02 3.508370e-01 -9.932942e-02 4.205627e-01 2.473159e-01 7.595880e-02 2.231820e-01 1.262918e-01 -1.159405e-01 5.822784e-01
-3.967144e-01 1.130832e-01 1.626094e-01 -4.538756e-02 6.375684e-01 -2.395424e-01 -3.177724e-01 7.079984e-02 2.920898e-01 -3.794457e-02 -4.004577e-01 3.027151e-01 -1.129220e-01 1.710833e-01 1.376082e-01 -5.278942e-02
4.482105e-01 2.377694e-01 -2.228630e-01 4.167473e-01 -2.706633e-01 2.298143e-01 -1.652669e-01 7.384322e-02 9.089388e-02 3.408782e-01 5.384379e-01 -2.089993e-01 -1.250959e-01 -1.543648e-01 -1.597202e-01 7.717511e-02
-1.196781e-02 3.738412e-01 2.213168e-01 -9.852191e-02 4.385487e-01 3.819145e-01 -2.739365e-01 -5.347195e-01 3.713538e-02 1.280795e-01 -1.810320e-01 -1.118651e-01 -2.973293e-01 -6.531497e-01 -1.633287e-01 -4.691699e-01
7.736843e-01 1.596572e-01 -4.051296e-01 -1.194247e-01 -1.819303e-01 5.553312e-01 -2.474203e-01 -4.974976e-01 1.167729e-02 -6.542343e-01 1.766380e-01 -4.295359e-01 1.494409e-01 -8.456373e-02 2.962974e-01 -3.211109e-01
-5.802180e-02 6.825132e-01 1.354690e-01 -6.771482e-02 4.614237e-01 8.990291e-02 -2.015428e-01 2.000768e-01 -9.095401e-02 -6.712964e-02 -2.742019e-02 4.268794e-01 -2.700064e-01 -2.462967e-01 -3.124230e-01 -2.146411e-01
-4.202691e-01 7.652576e-02 -2.303158e-01 -2.334758e-01 3.109945e-01 1.230259e-01 2.795095e-01 -1.005265e-01 2.641027e-01 -2.595088e-01 -3.014881e-01 5.436302e-01 2.999760e-01 8.297572e-02 1.199739e-01 6.574976e-03
4.964316e-01 -1.559077e-01 -2.552273e-01 -1.691776e-01 -1.858422e-01 9.461840e-01 -2.099139e-02 -3.575027e-01 3.854067e-02 -4.721753e-01 1.287015e-02 -3.940529e-01 3.154129e-01 -1.982974e-01 6.719668e-02 -3.712267e-01
-2.288638e-01 -2.245539e-01 1.116379e-01 5.689470e-01 7.018293e-02 -3.032922e-01 -7.172090e-02 1.570493e-03 -1.817990e-01 8.593394e-02 2.569435e-01 4.830025e-01 2.260690e-01 -5.008704e-01 -6.818199e-01 5.603416e-01
-1.653378e-01 7.710147e-02 2.417434e-01 8.936185e-02 -2.464225e-01 1.365645e-01 -7.132792e-02 5.124167e-01 -2.293830e-01 3.496447e-01 8.666898e-02 2.487207e-01 4.839562e-01 7.221382e-02 -2.410846e-01 5.886185e-01
2.181728e-01 6.250407e-01 -9.044434e-02 -7.579025e-02 3.393437e-01 6.233482e-02 -3.151337e-02 1.095178e-01 -1.090531e-01 -2.768526e-01 1.931013e-01 4.483859e-01 -4.470620e-02 -1.356069e-01 -1.498966e-01 -5.105531e-01
7.834646e-01 3.744272e-02 1.673265e-01 -3.831005e-01 -5.274222e-01 -2.264596e-01 -5.932869e-01 -1.335412e-01 -3.355819e-02 -5.542590e-01 2.193524e-01 -3.785421e-01 -3.556693e-01 -9.787434e-02 -3.671217e-01 1.197225e-01
1.897844e-02 -6.528005e-03 -7.883301e-02 1.589020e-02 7.292245e-02 6.820560e-03 -6.897616e-02 -7.698942e-01 -9.625701e-02 3.299504e-01 4.092676e-01 1.712788e-01 1.968336e-01 -6.086156e-02 -4.236536e-01 -1.607435e-02
-1.643348e-02 1.598411e-01 3.913243e-01 -1.127144e-01 -3.736013e-01 2.447937e-02 -5.557068e-01 -1.579473e-01 -3.359651e-03 -2.621333e-01 4.650742e-01 -1.118926e-01 7.295620e-03 -1.290824e-01 4.087106e-01 5.840883e-02
-2.785828e-01 -4.261740e-01 -2.697057e-01 2.443213e-01 3.360041e-01 -2.654173e-01 -4.792904e-01 3.420721e-01 3.309703e-02 -1.941980e-01 -1.243357e-01 1.256071e-01 -3.835326e-01 -1.527975e-01 2.183370e-01 7.562884e-02
1.328365e-01 -1.206818e-01 5.155363e-02 -1.379803e-01 5.866889e-02 5.916789e-01 -4.021478e-01 5.048862e-02 8.996999e-02 -4.260883e-01 8.248520e-03 -3.131181e-01 -5.521709e-01 2.773615e-01 -2.039481e-02 -3.236268e-02
-3.574363e-01 -1.586377e-01 -2.095660e-01 3.966898e-01 2.148389e-01 -2.548568e-01 2.783228e-02 -2.128539e-01 -5.470579e-01 2.921402e-01 3.557810e-02 5.081813e-01 3.447267e-01 -2.248524e-01 -1.225567e-01 -7.253194e-04
6.948011e-02 5.583938e-01 -1.636400e-01 -1.787507e-02 -1.264131e-02 -3.790215e-01 -1.636668e-01 1.562408e-01 6.991107e-01 -2.491238e-01 5.381667e-02 -2.070501e-02 -2.282326e-02 -1.415518e-01 1.892458e-01 2.035979e-02
-1.558185e-01 -1.032588e-01 5.376681e-02 -2.795025e-01 -9.837959e-02 -2.322102e-01 -2.689980e-01 -5.827742e-01 -3.184151e-01 8.458167e-02 1.364201e-01 2.129351e-01 2.961237e-01 1.189390e-02 7.220870e-02 1.240967e-01
-2.957273e-01 3.563266e-01 -2.968400e-01 -1.595131e-02 2.378449e-01 -6.066447e-01 -3.268191e-01 -2.242789e-01 1.517512e-01 -5.775718e-02 1.277399e-01 -5.833444e-02 -2.005135e-01 -2.161705e-01 2.176590e-01 -7.662685e-02
-3.635385e-01 -5.035229e-02 -4.285390e-01 8.349051e-02 8.363994e-02 1.255352e-01 -3.694881e-01 -9.814861e-02 -8.041140e-02 3.581301e-01 4.104675e-02 2.280087e-01 1.365290e-01 -1.306828e-01 3.733993e-01 -1.284088e-01
4.652655e-02 -5.862806e-02 -1.204149e-01 -3.319790e-01 -3.934624e-02 -1.125951e-02 -3.759202e-01 -2.777077e-01 -2.871325e-02 1.532653e-01 3.065615e-01 -3.574044e-01 5.742400e-01 -4.284284e-02 5.867357e-01 9.766246e-02
5.757222e-01 -3.246167e-01 8.734588e-02 -3.569375e-01 1.116721e-01 -3.069576e-01 -1.637101e-02 3.806081e-01 5.079398e-01 -7.523687e-02 -1.909704e-01 -3.414356e-01 4.342971e-01 2.952545e-01 3.205773e-01 8.431069e-02
-5.320400e-02 -4.775503e-01 1.791145e-01 4.773049e-02 1.997110e-01 2.868252e-01 -3.731621e-01 -3.477441e-01 -4.707297e-01 9.772870e-03 -1.396986e-01 6.188481e-02 1.245005e-01 -1.756049e-02 6.924314e-02 -5.303710e-02
1.231164e-01 1.987530e-01 4.815426e-01 -3.169737e-01 -1.237224e-01 8.323058e-02 -8.356547e-02 4.446182e-01 1.522897e-01 -4.044316e-01 2.181547e-01 -3.978969e-01 2.108035e-01 -3.720134e-01 -8.260747e-03 6.027787e-01
-6.872277e-02 6.230997e-02 -1.077242e-01 3.239798e-01 -1.224148e-02 -3.505524e-01 -3.934832e-01 -8.472160e-02 6.475173e-01 -1.678386e-01 2.798967e-01 8.231100e-02 5.448053e-02 -4.281267e-01 7.502817e-02 9.627131e-02
2.850100e-01 -5.738918e-02 -1.575717e-01 3.004537e-01 2.438245e-01 1.769175e-01 -3.785161e-01 4.647704e-01 3.468184e-01 -2.586935e-01 1.190451e-01 -1.160677e-01 2.661484e-04 -2.211172e-01 -1.477238e-01 -2.159787e-01
-5.105476e-01 -1.949848e-01 -1.950842e-01 2.624550e-02 6.370720e-02 -1.144820e-01 2.035598e-01 9.813405e-02 6.477424e-02 -6.121715e-02 -2.295747e-01 1.008489e-01 -4.309236e-01 -3.401089e-01 -5.967466e-01 -1.036506e-01
-7.774600e-02 -6.765583e-02 -1.801062e-01 2.199220e-01 2.458404e-01 3.723966e-02 -3.203624e-01 -2.783564e-01 -4.519120e-01 3.128948e-01 3.977535e-01 2.838217e-01 -9.283187e-02 -3.120492e-01 -4.389840e-01 7.491486e-02
-2.127579e-01 7.432995e-02 -3.273547e-01 -1.608105e-01 -4.580389e-03 -2.421797e-01 -9.833599e-02 -5.282881e-01 -1.724849e-01 3.007185e-01 2.314434e-01 2.445758e-01 1.443405e-02 1.758825e-01 1.731105e-01 -3.476863e-01
2.078756e-02 -9.639491e-02 -1.426599e-01 1.646212e-01 1.335330e-01 -2.253617e-02 -2.396940e-01 6.873796e-01 4.276279e-01 -1.198876e-01 -2.112040e-01 -5.564275e-01 2.613321e-02 9.403904e-02 1.140036e-01 -2.007188e-01
1.306954e-01 3.184839e-01 1.984095e-01 -7.384521e-02 -1.937703e-01 1.508680e-01 -2.089932e-01 -4.168372e-01 -1.102477e-03 -1.242268e-02 4.423930e-01 -3.281183e-02 3.039951e-02 -8.769428e-03 -3.352947e-01 -1.053606e-01
-1.214556e-01 2.895420e-02 -7.306873e-02 1.715545e-01 2.836409e-01 1.933233e-01 -5.677787e-02 5.117640e-02 -1.893446e-01 8.807479e-02 2.168390e-01 1.895537e-01 -3.101231e-01 -5.784222e-02 5.318686e-02 4.233404e-01
2.206683e-01 5.573798e-01 1.505204e-01 -4.618857e-01 -3.672963e-01 2.158176e-01 9.554443e-02 -5.269426e-01 -1.494551e-01 5.459383e-02 1.439338e-01 -1.025917e-01 6.226300e-01 -7.842866e-02 -1.246165e-01 -2.214900e-01
-2.664627e-01 -2.814673e-01 -7.533227e-01 1.498298e-01 3.389376e-01 -1.492590e-01 2.055510e-01 -3.383349e-01 -1.999464e-01 6.255557e-01 -3.061018e-01 1.632324e-01 -1.761736e-01 3.707700e-01 -6.841920e-02 -5.645052e-01
5.727674e-02 -6.567319e-02 -1.614887e-01 -1.626145e-01 2.558353e-01 3.955042e-01 -1.553794e-01 -3.015001e-01 -6.717990e-01 2.010452e-01 -1.709530e-01 8.590631e-02 4.815509e-01 2.191529e-01 1.935988e-01 2.212949e-01
1.517109e-01 -7.777914e-02 -1.696580e-01 8.527284e-02 -2.701266e-02 -1.288458e-01 2.021104e-01 2.432683e-01 -5.902210e-02 4.381930e-01 -1.564477e-02 9.624788e-02 3.984438e-01 -1.831382e-01 -4.778730e-01 1.331671e-02
-1.151336e-01 2.994576e-02 -1.371736e-01 7.737786e-02 1.940216e-02 6.461519e-02 1.097267e-01 -5.278272e-01 -1.920455e-01 5.787014e-01 1.592061e-01 2.625594e-01 3.848942e-01 -1.034049e-01 -7.526526e-01 3.376136e-02
-5.472590e-02 -4.714841e-02 2.808815e-01 -1.090778e-03 -7.864085e-02 4.309140e-01 -2.023526e-01 2.613228e-01 9.121098e-02 -4.800535e-01 2.140607e-01 -9.859140e-02 2.152355e-01 -3.141485e-01 1.357862e-01 3.069527e-01
-3.219547e-01 1.058207e-01 2.738103e-01 -9.984478e-02 -2.224662e-02 3.981531e-01 -7.292114e-01 -2.877167e-01 -1.612094e-01 -7.096150e-01 1.925447e-01 -1.138910e-02 -3.232088e-01 1.131196e-02 5.060456e-01 -1.176783e-01
2.629162e-02 6.060698e-02 9.250914e-02 -3.756162e-03 -5.728870e-02 -1.070296e-01 -6.452243e-01 2.818110e-01 3.087271e-01 -6.083934e-01 -1.833807e-01 -2.770175e-01 -6.098963e-02 -2.255765e-03 7.930936e-01 -1.430182e-01
-4.244191e-01 -5.838565e-02 -2.630619e-01 2.027347e-01 2.413607e-01 3.564639e-02 -1.195088e-01 -2.395935e-01 -1.308351e-01 -3.590513e-02 1.002670e-01 2.008328e-01 -6.726273e-01 -3.447906e-01 -3.903373e-01 -1.815371e-01
3.505965e-01 -1.546571e-01 -5.999831e-02 -4.103833e-02 -1.559283e-01 6.708436e-01 -3.279571e-01 6.172943e-03 -8.824641e-02 -4.047360e-02 -7.962571e-02 9.918930e-02 1.235916e-01 -1.196969e-03 -2.293338e-02 -5.658435e-02
-1.106795e-01 2.096796e-01 -5.970629e-02 -1.962643e-01 -8.740966e-02 -2.679998e-02 -1.317747e-02 -1.971267e-01 2.054933e-01 8.316152e-02 1.051179e-01 -4.193330e-02 8.817383e-01 -1.616983e-01 2.747818e-01 7.167270e-02
-5.524070e-02 1.796704e-01 1.016322e-01 -1.312803e-01 -5.029441e-02 -8.232851e-02 -1.087621e-01 1.373037e-01 -4.515189e-02 4.097518e-01 -1.672076e-01 -1.972364e-01 -1.641652e-01 -1.205170e-02 -4.013709e-02 4.877957e-02
-3.280528e-02 1.581002e-01 -3.401453e-02 -2.080808e-01 2.787893e-01 3.072624e-02 1.109071e-01 1.108417e-02 1.687007e-01 2.588023e-01 2.585414e-01 4.213484e-01 -1.116368e-01 2.722427e-02 7.927154e-02 -1.327831e-01
4.815813e-01 -1.962906e-01 -1.436616e-01 1.050033e-01 -6.283629e-02 9.582405e-02 1.580900e-02 -1.217238e-01 3.357710e-02 -1.925507e-01 1.135709e-02 3.049347e-01 2.133743e-01 -8.110679e-02 -1.212893e-01 -1.493189e-01
-2.490812e-01 -1.977378e-02 1.403923e-01 9.335467e-02 4.511408e-01 1.080164e-01 4.023980e-01 1.743760e-01 6.889048e-02 8.621328e-02 3.755230e-02 -2.334707e-01 5.093199e-02 1.542466e-01 2.994292e-01 3.374130e-03
-3.558360e-01 1.956411e-01 3.294178e-01 1.500742e-01 1.438855e-01 2.072500e-01 1.257335e-01 1.395077e-01 5.450404e-02 5.201452e-01 1.506491e-01 2.873831e-01 1.288970e-01 4.645268e-02 1.170798e-01 1.501087e-01
7.542878e-02 -1.254993e-01 2.948242e-01 -1.029798e-01 -1.281645e-01 -1.340706e-01 3.311713e-01 -6.317940e-02 -7.803832e-02 -1.563293e-01 -2.505315e-01 -2.240418e-01 1.951632e-01 8.658252e-02 -2.324712e-01 -2.132648e-02
-6.123707e-02 3.653114e-02 -2.720497e-01 1.172272e-01 1.934604e-02 1.407560e-01 -2.449071e-01 8.893093e-02 2.633355e-02 -2.114768e-02 2.333493e-01 3.327088e-01 -1.937436e-01 -5.672577e-02 4.548624e-01 -1.582353e-02
-1.080831e-02 1.240929e-01 -1.059219e-01 7.791230e-02 2.086284e-01 -1.095567e-01 -2.647274e-02 8.419391e-02 -2.144895e-01 6.687778e-02 4.819653e-01 -8.378646e-02 9.813009e-02 -1.705880e-01 -3.628566e-02 8.670741e-02
3.214487e-01 -2.898576e-02 -1.135281e-01 -1.276823e-01 -4.426517e-03 5.364276e-01 -1.181596e-01 2.742951e-02 -1.039653e-01 -7.895759e-02 -4.105467e-02 -3.353225e-01 1.107061e-01 -1.292791e-02 -1.048419e-02 -2.209462e-01
-1.559410e-01 1.141281e-02 -4.501205e-02 -1.695398e-01 5.539170e-02 7.111008e-02 4.366517e-01 -4.923733e-02 2.328688e-01 -1.039076e-01 -3.389591e-01 1.189092e-01 4.374737e-01 1.346469e-01 -2.475880e-01 9.250532e-02
-2.257290e-01 1.255862e-01 4.262167e-01 3.014620e-02 1.813352e-01 1.706124e-01 5.056437e-02 3.585258e-01 -2.088978e-01 2.075077e-01 2.081314e-01 -6.313248e-02 1.558469e-01 6.035326e-02 1.226947e-01 2.826886e-01
1.212914e-01 -9.659506e-03 6.486156e-02 -3.503434e-02 2.682396e-01 9.453311e-02 1.965609e-01 2.740899e-02 -1.936132e-02 -1.735145e-02 3.177094e-01 6.421275e-01 2.893829e-01 -6.757913e-02 6.961040e-02 -1.234710e-01
1.234026e-01 -3.024622e-01 -1.431568e-01 1.419474e-01 -4.826266e-02 1.336202e-01 1.943924e-01 -8.196778e-02 3.634012e-02 -2.407787e-02 3.525761e-01 3.538705e-01 1.432882e-01 -1.913536e-01 3.155566e-01 -1.086328e-01
-1.040618e-01 2.243280e-01 -1.199018e-01 -8.968263e-02 7.226489e-03 -3.256063e-01 2.201914e-02 -5.317505e-02 -3.014623e-01 2.283966e-01 2.140878e-01 1.046856e-01 -2.669457e-01 5.558185e-02 -2.490343e-01 4.383951e-01
-1.983911e-02 -7.747547e-02 7.458885e-02 -1.508046e-01 -6.489891e-02 2.161305e-01 6.735098e-02 -9.182750e-02 4.179843e-01 -6.114326e-02 -2.099854e-01 2.828778e-01 -2.589884e-02 1.781229e-01 6.162941e-03 -7.923220e-02
-1.224163e-01 1.852568e-01 1.292177e-01 -2.008146e-01 6.124858e-01 1.435465e-02 -2.728834e-01 8.690774e-02 8.374365e-02 -1.306064e-01 -2.531398e-01 4.410991e-02 -6.688157e-02 1.201647e-02 6.052398e-02 -2.567174e-01
2.037893e-01 -2.467173e-01 4.895810e-02 1.362248e-01 -1.155041e-01 4.792363e-01 -6.082515e-02 4.400907e-03 1.689149e-01 -2.068002e-01 -1.037559e-01 -2.083983e-01 2.754466e-01 -1.456470e-01 1.675560e-01 -2.752376e-01
-2.799006e-01 -2.260629e-02 1.128113e-02 1.959857e-02 3.545777e-01 -1.300157e-01 -7.189380e-02 -5.733446e-02 2.577459e-01 -1.471221e-01 -2.554671e-01 4.071585e-01 3.437384e-02 -1.112543e-02 5.938527e-02 1.905228e-02
5.289823e-01 1.638181e-01 -4.554577e-02 4.686032e-02 -7.245047e-02 -6.784432e-03 -5.637430e-03 -6.931364e-02 -1.136598e-01 1.099048e-01 4.325045e-02 -2.086193e-01 -8.108908e-02 -4.606672e-02 -3.771343e-02 -4.343660e-02
-3.480750e-02 -9.373039e-02 1.318715e-01 1.758225e-01 8.091533e-02 -3.521487e-03 1.537910e-01 2.703120e-02 -1.201846e-01 -2.647191e-01 2.296711e-01 3.634011e-01 5.124345e-01 4.275867e-03 -1.367158e-02 -1.395491e-02
9.299771e-02 -1.188978e-01 -5.570063e-02 2.567518e-01 -1.294136e-01 -1.699398e-02 -2.748905e-01 1.759261e-01 -1.240654e-01 1.832269e-01 3.761213e-01 -5.411759e-03 -2.642697e-01 -1.465140e-01 2.956377e-01 -6.170167e-03
1.207616e-01 -1.745019e-02 2.624255e-01 -2.984919e-01 -6.523609e-02 -8.242291e-02 -1.766017e-01 1.185636e-02 -1.817866e-01 -9.944087e-02 4.119132e-01 -1.714172e-01 -1.172933e-01 -1.953273e-01 -1.837710e-01 9.096184e-02
2.814277e-02 2.950993e-01 3.583736e-02 -1.519338e-01 1.022370e-01 1.385252e-01 4.432267e-01 -1.945675e-01 1.699458e-02 -2.449972e-01 -2.479814e-01 5.190713e-02 2.900233e-01 2.798757e-01 -1.791131e-01 2.232275e-03
5.357529e-02 2.080159e-01 2.391703e-01 -9.000288e-02 5.173470e-02 1.290603e-01 -2.069964e-02 1.741643e-01 -1.863547e-02 7.687455e-02 -1.023174e-01 4.835697e-01 2.810916e-02 -1.232254e-01 -1.909553e-01 -1.165424e-01
7.739628e-03 -4.704642e-02 -1.279996e-01 1.796887e-01 -2.938035e-01 -2.024971e-01 9.565749e-02 -1.443704e-01 -2.524462e-01 1.328300e-01 2.170205e-01 1.156478e-01 -4.275872e-02 -1.352034e-01 -2.793468e-01 5.097010e-01
-2.214409e-02 -1.052858e-01 -2.400091e-02 5.314810e-01 -5.096945e-02 -3.161950e-02 2.625852e-02 1.334394e-02 -1.272964e-01 -1.702628e-01 -3.799023e-02 -1.266886e-01 3.261385e-02 -9.405535e-02 6.226250e-02 7.249596e-02
1.572120e-01 -1.214225e-01 -1.095366e-01 7.169407e-03 2.664067e-01 1.333221e-01 1.897151e-01 -1.894656e-01 2.426176e-01 -1.682212e-01 3.510976e-01 4.774247e-01 2.294960e-01 6.308614e-02 1.404016e-02 -1.655265e-01
-2.583186e-01 3.222827e-01 7.145808e-02 -2.613672e-01 1.939854e-01 -1.914823e-01 6.708339e-02 -5.465485e-02 -5.735591e-02 1.384030e-01 -4.518094e-02 -1.340593e-01 1.140563e-01 3.598027e-01 -2.024245e-01 3.982475e-01
-1.739614e-01 -1.211350e-02 -1.511148e-01 1.726603e-01 -1.283114e-01 1.093158e-01 2.628650e-01 1.499334e-01 8.572352e-02 2.405987e-01 2.149424e-02 2.147599e-01 3.802277e-01 7.769507e-02 -9.359930e-02 1.987821e-01
-5.930069e-02 5.319359e-01 -2.250889e-01 -1.028800e-02 1.779101e-01 7.457357e-02 5.339053e-02 4.109105e-02 1.628928e-01 1.634453e-01 -2.343602e-02 1.583196e-02 1.911423e-01 1.606333e-01 -1.471884e-01 2.174900e-01
-3.492985e-01 1.322051e-01 2.552927e-02 2.972429e-01 3.063486e-01 2.370836e-01 2.326657e-01 9.728011e-02 7.725374e-02 4.042502e-01 -1.472643e-01 2.734991e-01 1.334078e-01 1.122908e-01 3.079383e-01 -1.247793e-01
-1.087441e-01 1.104991e-01 -6.800761e-02 -7.853001e-02 1.567467e-01 -1.176011e-01 -7.836796e-03 -1.226970e-01 2.132340e-01 -9.230996e-02 -5.411281e-02 -5.112068e-02 -1.365823e-01 2.313300e-01 4.322740e-01 -7.923115e-02
1.514560e-01 -1.100200e-02 1.033796e-01 -1.250189e-01 2.651515e-01 -8.402478e-03 -1.326557e-01 5.815990e-03 -1.786148e-01 3.019585e-01 4.936573e-01 4.128672e-03 -1.423708e-01 -2.626983e-01 -2.145915e-01 -3.476920e-02
-9.264056e-02 -1.028371e-01 -1.974349e-01 1.633617e-01 3.458260e-01 -1.313745e-01 -2.580984e-01 -5.304710e-02 -2.314620e-01 6.231236e-02 4.092270e-01 3.683480e-01 -5.502264e-02 -3.116464e-01 -1.551350e-01 -5.842194e-02
-4.019921e-02 -6.264445e-02 -3.929756e-01 -4.528113e-03 -2.546779e-01 2.445196e-01 5.426005e-03 1.995493e-01 1.641289e-01 -2.552415e-01 -3.322573e-01 2.580335e-02 -7.382300e-02 2.256466e-02 -2.088868e-01 -2.824381e-02
-1.294233e-02 5.063692e-02 4.112236e-02 -1.515489e-01 -8.097720e-02 -1.772283e-02 1.330267e-01 9.762017e-02 1.521506e-01 7.657640e-02 -1.758581e-01 -2.901485e-01 -5.943317e-02 2.130730e-01 2.618617e-01 7.328899e-03
1.693095e-01 2.672817e-01 5.661124e-02 -4.565183e-01 7.290460e-03 -1.848434e-01 4.106652e-02 -2.365699e-01 -2.220166e-01 9.473799e-02 -4.441806e-02 -2.290262e-01 -3.416844e-02 1.928899e-02 -2.241345e-02 2.970779e-02
-2.049049e-01 2.926460e-01 -2.780391e-01 -1.775054e-01 2.443432e-01 8.318348e-03 -1.398673e-02 -9.895265e-04 3.913355e-02 4.339406e-02 -1.615147e-01 1.342497e-01 3.884822e-01 -1.232111e-01 3.979972e-01 -1.509508e-01
4.800883e-02 1.396450e-01 1.700349e-01 -6.885777e-02 -6.829455e-03 -6.296241e-01 6.541003e-02 -1.378927e-02 -2.621701e-01 1.597427e-01 1.007316e-01 -6.443724e-02 -6.723931e-02 -2.258093e-01 -8.752240e-03 1.109629e-01
-1.425095e-01 1.945429e-01 -1.457624e-02 2.264282e-01 -4.473945e-02 2.322960e-01 -4.172440e-02 -3.505826e-01 -5.820597e-02 1.015823e-01 2.207735e-01 1.357678e-01 -4.473026e-01 -1.227675e-01 -2.562942e-02 -7.035782e-02
-1.152878e-01 -1.091212e-01 -1.382132e-01 4.696375e-01 3.689367e-02 3.107592e-02 -3.361880e-02 1.427194e-01 9.658594e-02 -1.738634e-02 7.155892e-02 2.815330e-01 6.534142e-02 -3.528282e-02 1.371281e-01 7.744609e-02
-1.081747e-01 -1.818605e-03 2.340095e-02 -2.145193e-01 8.337919e-02 -1.907779e-02 6.082471e-02 4.139324e-01 -3.231944e-02 -6.704305e-02 -4.655179e-02 -2.930961e-02 4.142828e-01 -6.246565e-02 -5.333225e-02 8.435923e-02
2.273397e-01 -1.151794e-01 -1.626694e-02 1.982165e-01 -1.085407e-01 4.817990e-02 -4.729043e-02 4.774645e-02 -7.384792e-02 -3.881099e-01 1.256687e-01 4.262177e-01 -6.207299e-02 -3.160916e-01 -2.557809e-01 2.078679e-01
4.942193e-02 1.177482e-01 2.314912e-02 -2.346876e-02 3.581861e-01 1.769951e-01 2.831059e-01 4.224391e-02 -3.150770e-01 -2.569750e-02 -3.727251e-02 -3.303492e-02 -2.820151e-01 1.753333e-01 -1.948692e-01 2.402209e-01
-2.176149e-01 8.219904e-02 1.202128e-01 -8.287475e-02 1.040436e-01 1.457903e-01 -1.438567e-01 -6.160508e-01 6.086642e-02 -4.592507e-02 -2.169357e-02 -9.564377e-02 -2.746110e-01 2.533033e-01 7.026548e-02 1.303482e-01
-3.922873e-02 -1.978418e-02 -2.600414e-01 1.933576e-01 1.443693e-01 9.029811e-02 -2.150213e-02 -4.529773e-01 1.418317e-01 1.521500e-01 -1.037747e-01 1.527688e-01 1.117938e-01 4.665565e-02 1.312438e-01 -3.172510e-01
2.682431e-01 -2.290239e-02 -5.120736e-03 -2.128642e-02 -3.556120e-02 -1.407416e-01 4.398891e-02 -5.961580e-01 3.957465e-02 8.484970e-02 1.418477e-01 -1.169554e-01 -3.614943e-01 1.835816e-01 2.566495e-01 4.896981e-02
-1.616854e-02 1.161894e-01 -3.878623e-01 1.801716e-01 3.750019e-01 -3.265112e-01 7.854026e-02 -1.532257e-01 -1.572321e-01 2.002626e-01 -2.039694e-02 -7.351954e-02 -3.072416e-02 5.546461e-02 1.056154e-01 -8.685265e-02
-7.080537e-02 -4.352245e-02 -1.035331e-01 6.021409e-02 -2.733675e-01 -6.557302e-02 -2.381571e-01 -1.685080e-02 3.345817e-01 4.330462e-02 1.757241e-02 1.209369e-01 3.065270e-01 -8.447723e-02 3.225935e-01 -1.030913e-01
1.010393e-01 -3.160133e-01 -3.283837e-02 2.502793e-01 1.271041e-01 -4.652192e-03 -1.617670e-01 -2.224067e-02 -8.014748e-02 1.469809e-01 1.120574e-01 -1.794107e-01 -1.801940e-01 2.165889e-01 -3.918820e-01 1.574199e-02
2.723139e-03 -7.813567e-02 4.221454e-01 1.238322e-01 3.560979e-01 -1.557688e-02 3.266427e-02 -2.302637e-01 3.141353e-02 2.560874e-02 1.718186e-01 -1.194927e-01 1.911324e-01 -1.930833e-01 1.867871e-01 1.892218e-01
2.295015e-01 -9.096266e-02 1.360356e-02 6.972259e-02 2.408001e-02 -8.000185e-02 7.391394e-02 -2.428552e-02 4.497921e-01 -4.179522e-02 -3.149453e-01 3.212487e-02 -3.976884e-02 -1.549754e-01 -1.762500e-01 -3.056981e-02
3.552561e-01 -7.892545e-02 7.944396e-02 1.439011e-01 3.595332e-01 -1.929563e-01 1.717688e-02 2.854630e-03 1.444763e-01 3.022839e-01 2.823031e-01 -1.870841e-05 -1.553399e-01 2.114845e-02 2.190307e-01 -6.984413e-02
4.811331e-02 1.970740e-01 1.308258e-01 -1.192492e-01 -1.831447e-01 8.736384e-02 -1.005315e-01 -2.081372e-01 2.329997e-02 3.316118e-02 4.396381e-01 -3.339536e-03 8.659197e-02 9.287514e-03 2.216319e-01 -4.962662e-02
-4.388967e-02 -1.416163e-01 -6.244788e-02 1.677851e-02 -3.752524e-02 5.693231e-01 -1.709776e-01 2.556939e-02 2.108581e-01 -6.802297e-02 -1.577526e-03 3.584600e-02 -6.333704e-02 -3.285015e-02 4.126676e-02 -9.211392e-02
1.326885e-02 -2.115280e-01 -6.003206e-02 8.836709e-02 4.727654e-01 1.496061e-01 -2.784625e-01 -7.740132e-02 -1.244750e-01 -7.453887e-03 4.218097e-01 1.462650e-01 -2.892928e-01 -1.213651e-01 -2.399724e-01 5.331679e-02
-2.949869e-02 3.313602e-02 2.150856e-01 9.160614e-02 3.815871e-01 1.639677e-01 1.135445e-01 -7.404777e-02 3.802551e-02 -1.325931e-01 -1.446548e-01 6.699386e-02 5.758548e-01 1.609115e-01 7.876164e-02 7.448300e-03
-5.884310e-02 1.384902e-01 -4.810304e-01 1.173681e-01 3.840729e-01 4.679884e-02 -3.324816e-01 -1.476236e-01 1.261183e-01 6.507246e-02 -6.773271e-02 -4.380367e-02 -4.245358e-02 -5.160768e-02 2.005371e-01 -7.425158e-02
3.563418e-01 -3.291071e-01 -5.179292e-02 -2.060892e-01 4.815405e-02 -2.501355e-01 -4.650652e-04 1.691732e-01 1.651757e-01 -1.334454e-01 -2.946444e-01 -8.975068e-02 3.675203e-01 1.148638e-01 -4.261467e-02 6.634022e-02
5.871101e-02 -3.442467e-02 1.533330e-01 -1.780444e-01 -2.660031e-01 8.047212e-03 3.225057e-02 -2.201255e-02 1.086855e-02 -9.464627e-02 8.469488e-02 -7.032031e-02 -1.879632e-01 6.431517e-02 -4.370773e-01 9.984539e-03
-4.071067e-02 2.316178e-03 2.100999e-01 -2.481526e-02 -3.054183e-02 -3.197888e-03 3.765355e-02 5.209728e-01 -1.201592e-01 -2.698603e-01 -1.049132e-01 -5.324899e-02 -7.269948e-02 -1.460793e-01 -1.438622e-01 2.533673e-01
-2.666784e-01 1.418461e-01 4.567306e-02 1.952750e-02 6.405690e-02 2.496589e-01 -2.048868e-01 -3.275049e-01 -4.993991e-03 1.082811e-01 -2.522246e-02 1.315232e-01 1.475198e-01 4.493045e-02 -5.350245e-01 1.295163e-02
-1.575364e-01 9.142815e-02 -3.673732e-03 -4.615169e-02 2.200856e-02 -1.165667e-02 -4.105202e-02 1.724003e-02 -5.684291e-01 -7.491080e-03 1.354836e-01 -5.697442e-02 9.918098e-02 1.576580e-01 6.731785e-02 -7.616190e-02
2.924366e-01 -9.038464e-02 -6.136651e-02 4.241800e-02 -1.093894e-01 -1.682427e-01 9.188191e-02 5.914171e-01 -9.949554e-03 -5.134524e-02 -7.466573e-02 3.458634e-02 8.019100e-02 -6.421109e-02 8.025958e-02 7.233443e-03
