1 5 16 16 32
-2.498822e-01 7.009491e-03 -1.499560e-01 2.905310e-01 4.907789e-01 3.798514e-01 2.326429e-01 -6.610822e-02 -1.285831e-01 2.088261e-01 6.600729e-02 2.108194e-01 4.574809e-01 9.188539e-03 4.586287e-01 -2.105136e-01
-1.694208e-01 3.728130e-01 2.378787e-01 1.777270e-01 1.453072e-01 -1.658894e-01 -2.086818e-02 2.313971e-01 -2.656701e-01 -1.554331e-01 1.039486e-01 4.694802e-01 2.677124e-01 -1.404938e-01 -4.638484e-01 -1.177161e-01
4.885451e-02 -4.326502e-01 2.244003e-01 2.799746e-01 -9.690630e-02 4.938545e-01 -1.375878e-01 -8.160249e-03 2.377960e-01 -7.258444e-02 -7.462477e-02 -1.343502e-02 5.909010e-01 -3.941045e-01 -7.230343e-02 -2.914316e-01
2.808591e-01 -4.044453e-01 -1.862494e-01 -2.753602e-01 -6.972027e-02 4.352992e-01 -2.753144e-02 -2.337483e-01 2.890498e-01 2.086246e-01 -2.198775e-02 -3.075728e-01 -1.646597e-01 6.730942e-02 6.554534e-01 -5.072308e-02
4.578736e-01 2.528059e-01 3.415550e-01 -4.842519e-01 -4.582653e-01 -9.754480e-02 -3.800384e-01 1.213718e-01 9.199808e-02 -1.837029e-01 4.557221e-01 1.554538e-01 -8.335801e-02 -1.532032e-01 -4.613540e-01 4.571346e-01
-2.585928e-01 1.725188e-01 -6.230205e-03 -1.992579e-01 4.969074e-01 4.026308e-01 7.069744e-01 -4.394923e-01 5.641985e-01 -7.193910e-01 -7.349464e-01 -6.286693e-02 5.456370e-01 3.413055e-01 -1.810405e-02 -1.045069e-01
-6.333926e-02 2.932467e-01 -2.226247e-01 3.070180e-02 3.046344e-01 1.384689e-01 -4.672855e-01 -1.622957e-01 -1.615522e-02 -2.905841e-01 1.426363e-01 4.666767e-01 -1.506744e-01 5.039572e-02 4.497364e-01 -1.855039e-01
-2.281826e-01 3.158050e-01 1.409650e-01 -2.779594e-01 1.255796e-01 -2.733598e-01 -1.342272e-01 2.777190e-01 2.122910e-01 1.218236e-01 -1.985340e-01 -1.260872e-01 -4.689140e-01 6.653584e-01 6.882646e-01 -6.501325e-01
7.836995e-02 1.791852e-01 -1.976002e-01 1.930700e-01 -1.155531e-01 7.973962e-02 4.546199e-01 1.766998e-01 5.138201e-02 2.810516e-01 2.869416e-01 -1.803634e-01 2.781328e-01 9.532255e-02 -2.571144e-01 3.384447e-01
-4.506453e-01 -3.382096e-01 1.367510e-01 -2.341090e-01 1.223403e-01 -9.319693e-02 -4.223956e-01 1.097435e-01 -4.019967e-02 -4.051801e-01 -1.394618e-01 4.880661e-01 -6.850292e-02 2.680426e-03 7.412038e-01 -1.265684e-01
2.418683e-01 -2.272440e-01 1.311715e-01 2.695233e-01 -2.699400e-01 -3.125430e-01 -5.309081e-01 4.997939e-01 -2.405599e-01 4.879447e-01 5.051863e-01 -1.549169e-01 -3.366725e-01 -1.994181e-01 4.724207e-03 1.983067e-01
-3.358083e-02 -5.545540e-01 4.412564e-01 -1.228758e-01 -2.313910e-01 -1.795398e-01 5.624729e-01 1.919230e-01 4.374551e-03 2.345608e-01 -3.824034e-01 -3.641566e-01 1.695926e-01 -1.033459e-01 -2.347916e-01 2.104675e-01
-1.349801e-01 7.499824e-01 1.421489e-02 -1.849983e-02 1.169027e-02 -3.268035e-01 -1.935286e-01 2.080115e-01 -2.031725e-01 1.678735e-01 -3.416336e-02 1.221991e-01 -2.049634e-01 -8.440790e-02 -5.912610e-01 -1.696136e-01
-4.189422e-01 -1.063911e-01 -3.548519e-01 3.215370e-02 2.581483e-01 1.614281e-01 -2.938507e-01 1.448292e-02 1.421364e-01 -2.740480e-01 1.115286e-01 6.828119e-01 -4.071444e-02 5.216893e-02 5.515946e-01 1.223130e-01
1.902699e-01 6.254876e-01 -2.531496e-01 -1.521470e-01 -1.895639e-01 -2.517802e-01 -1.010631e-01 1.802173e-03 -2.828380e-01 1.573606e-01 4.137361e-01 -1.776978e-01 -3.533709e-01 3.023833e-01 -1.375794e-01 2.000716e-01
-1.173733e-01 -3.685218e-01 1.196248e-01 -2.761884e-01 2.126231e-01 5.114461e-01 2.779329e-01 -2.393173e-01 4.126650e-01 -1.241769e-01 -1.715969e-01 -1.516566e-01 -1.468669e-01 2.271163e-01 7.812328e-01 -2.017137e-01
-3.252006e-01 -1.370037e-01 -7.771403e-02 2.026690e-01 6.687872e-01 1.544145e-01 1.030732e-01 -3.365397e-02 -6.920060e-02 -3.576949e-02 -1.112101e-01 -7.810251e-02 -8.417903e-03 8.549895e-02 6.472504e-01 -4.417315e-01
-7.746424e-02 4.531718e-01 6.028994e-02 1.330522e-01 6.123044e-02 -2.948339e-01 -1.584234e-01 3.583444e-01 -2.925322e-01 1.444748e-01 6.458677e-02 4.013807e-01 3.730483e-02 -2.286160e-01 -3.654492e-01 -6.949381e-02
-3.048299e-01 -2.907949e-01 4.353456e-01 3.295375e-01 6.536192e-02 -1.212569e-01 -4.986704e-02 1.347171e-01 3.745411e-01 -8.798674e-02 -3.379932e-01 4.951078e-01 2.246884e-01 -3.316597e-01 -1.921359e-01 6.169437e-02
-4.022438e-02 -4.240757e-01 -2.455086e-01 -5.628734e-02 -8.150376e-03 2.516271e-01 -2.106304e-01 -3.215846e-01 1.279675e-01 8.139893e-02 2.362940e-01 1.466155e-01 1.383788e-01 2.126226e-01 9.252371e-01 1.634498e-01
-2.262447e-01 8.701408e-02 5.832457e-01 -9.493140e-02 -1.050226e-01 -5.711154e-02 -7.105778e-02 3.617289e-01 -1.928483e-01 3.648670e-01 3.694356e-01 7.730243e-02 1.040772e-01 5.811682e-02 -1.412736e-01 5.785429e-01
-2.614625e-01 1.118733e-01 -1.946904e-01 -9.270855e-02 7.021407e-01 1.951258e-01 1.424633e-01 -2.366724e-01 4.727454e-01 -3.527350e-01 -4.664248e-01 3.490455e-02 7.749116e-02 9.890684e-02 5.113457e-01 -5.787346e-01
2.890587e-01 1.988459e-01 -2.224076e-01 4.093407e-01 -1.805216e-01 2.582330e-01 -5.297647e-02 4.078163e-02 1.581594e-01 3.744417e-01 3.725483e-01 -1.797925e-01 1.237465e-02 -1.375474e-01 -1.856612e-01 9.940704e-02
-2.377145e-01 1.432940e-01 3.793152e-01 -3.693774e-01 3.361741e-02 2.956735e-02 -1.366566e-01 4.043541e-02 1.730743e-03 1.976886e-01 -3.497242e-01 -1.433472e-01 -1.962481e-01 -1.170446e-01 1.505057e-01 2.646982e-01
7.735161e-01 2.462649e-01 -4.235516e-01 -3.059317e-01 -2.228588e-01 3.483860e-01 -2.570047e-01 -2.654236e-01 4.237319e-02 -5.376219e-01 -5.107518e-04 -8.368077e-02 -1.164284e-01 -2.336308e-02 7.047256e-02 -2.560032e-01
-3.643594e-02 4.223140e-01 3.174064e-01 -6.422947e-02 1.872724e-01 2.476097e-02 7.280405e-02 2.633626e-01 -6.226923e-02 -3.837118e-02 -1.059959e-01 2.881787e-01 -2.035401e-01 -2.346077e-01 -4.406733e-01 -1.530902e-01
-4.748692e-01 3.360787e-03 -2.632878e-01 -1.584007e-01 4.640802e-01 1.829028e-01 6.738966e-01 -3.620054e-01 5.066965e-01 -3.712735e-01 -6.670476e-01 3.832217e-01 5.003641e-01 1.488884e-01 2.165476e-01 -1.504627e-01
4.228662e-01 -1.891611e-01 -1.868805e-01 -1.662377e-01 -1.122649e-01 8.334944e-01 -5.820039e-02 -3.072308e-01 1.116896e-01 -3.826250e-01 4.073907e-02 -2.027178e-01 3.374966e-01 -2.158415e-01 -1.767226e-02 -3.554539e-01
-2.591012e-01 -2.105635e-01 1.280343e-01 5.237516e-01 -5.030503e-02 -3.811302e-01 9.992810e-02 6.004232e-02 -1.099367e-01 2.462697e-02 4.559817e-02 3.665672e-01 2.235588e-01 -3.883122e-01 -4.213995e-01 4.864491e-01
-7.332388e-02 1.082769e-02 3.447029e-01 1.558286e-01 -2.891396e-01 -1.649791e-02 -1.043358e-01 5.044792e-01 -2.414964e-01 2.842229e-01 2.124106e-01 2.130195e-01 3.817923e-01 -8.416085e-02 -2.756335e-01 6.687667e-01
-1.013669e-01 4.614512e-01 7.951284e-02 -1.047146e-01 3.321529e-01 -1.220798e-01 1.382556e-02 1.972937e-01 -1.045560e-01 -1.488342e-03 1.524274e-01 5.802023e-01 -5.016087e-02 -1.264787e-01 -2.456225e-01 -3.143254e-01
6.258677e-01 -4.801830e-02 5.359580e-02 -5.219359e-01 -5.177186e-01 -3.513267e-01 -4.334932e-01 2.470390e-02 1.890433e-01 -5.865914e-01 3.858855e-03 -1.129855e-01 -2.894870e-01 -1.595947e-01 -4.554017e-01 1.462877e-01
7.640747e-02 2.442647e-02 -4.785779e-02 -4.359103e-02 6.093936e-02 -1.801798e-01 1.941126e-01 -8.236867e-01 -7.283289e-03 3.418633e-01 4.287378e-01 1.250910e-01 -1.869256e-01 8.359925e-02 -5.751690e-01 -1.229340e-02
3.820617e-02 9.679465e-02 3.116722e-01 -8.137817e-02 -4.236866e-01 -2.122606e-02 -1.483159e-01 -2.452485e-01 -1.426393e-01 -1.328374e-01 4.540963e-01 -2.610906e-02 -3.305726e-01 -2.376444e-02 2.064355e-01 1.245668e-01
-3.737723e-01 -5.214580e-01 -4.976601e-02 2.465101e-01 4.261215e-01 -2.776476e-01 -4.174086e-01 4.277613e-01 6.750631e-02 -2.076572e-01 -1.952638e-01 1.378015e-01 -3.575070e-01 -5.719358e-02 1.477654e-01 1.337349e-01
2.501967e-01 2.146757e-02 7.999530e-02 -1.256754e-01 -6.642621e-02 4.739654e-01 -5.772931e-01 -1.512768e-01 4.499118e-02 -1.089005e-01 -1.161452e-02 -2.385339e-01 -4.584178e-01 2.316276e-01 3.099841e-02 3.002435e-02
-1.265126e-01 -1.907077e-01 -1.409338e-01 2.546781e-01 2.232159e-01 -3.469064e-01 1.543857e-01 -2.876150e-01 -2.613486e-01 2.743280e-01 1.965844e-01 3.620629e-01 -1.346017e-02 -1.937953e-02 -1.872444e-01 -1.324902e-02
-1.025690e-01 2.007953e-01 -1.527438e-01 -9.589243e-02 -4.172668e-01 -3.474270e-01 -7.050700e-02 -3.102984e-01 6.190444e-01 -1.283568e-01 2.524325e-01 -7.432893e-02 -5.713227e-02 -1.916717e-01 -2.298299e-01 4.220767e-03
-1.248690e-01 -3.807639e-02 4.497628e-02 -2.473602e-01 -3.024321e-01 -4.565853e-01 2.787460e-02 -6.417699e-01 -1.992395e-01 2.001528e-02 6.301776e-02 2.404586e-01 -1.997853e-01 4.358828e-02 -1.634164e-01 3.340300e-01
-8.726318e-02 3.155829e-01 -2.706710e-01 2.571363e-02 2.123943e-01 -5.153632e-01 5.666446e-03 -6.913382e-01 1.913736e-01 -6.263725e-02 2.494859e-01 -1.803612e-02 -4.081843e-01 -2.049378e-01 -7.733036e-02 -1.235108e-01
-3.449087e-01 2.841204e-02 -2.117707e-01 1.727864e-01 3.868080e-01 9.265193e-02 -1.203874e-01 4.943853e-01 2.026167e-01 -8.673551e-04 1.447411e-03 1.386744e-01 1.061087e-01 2.457495e-01 6.462454e-01 5.539508e-02
1.090158e-01 3.318153e-01 -2.218340e-01 -3.361392e-01 -6.700228e-02 -2.988739e-02 -1.814610e-01 -1.330442e-01 1.650571e-01 3.712623e-02 2.394534e-01 -2.378802e-01 3.275437e-01 -1.868565e-02 7.643247e-01 4.873255e-02
5.246916e-01 -2.534509e-01 -2.399106e-01 -2.410782e-01 9.178429e-02 -2.806203e-01 -5.887647e-02 -1.278722e-01 3.749280e-01 -9.122746e-02 -1.311259e-01 -1.632550e-01 5.898495e-02 1.574297e-03 1.613247e-01 8.329519e-02
1.247889e-01 -3.254496e-01 2.851421e-01 -6.850261e-02 2.459203e-01 2.640038e-01 -2.840466e-01 -6.773943e-02 -4.075334e-01 1.422691e-01 -1.633249e-01 5.278179e-02 -1.864029e-01 1.444102e-01 2.440071e-01 -1.598583e-02
-9.435102e-02 1.231574e-02 3.669600e-01 -2.918587e-01 -9.648128e-02 1.633671e-01 -8.503674e-02 4.259411e-01 -1.443769e-02 -2.572517e-01 1.165803e-01 -2.974475e-01 7.827448e-02 -3.968118e-01 9.728038e-02 3.007296e-01
-3.059604e-01 -1.997454e-01 1.134886e-01 3.013354e-01 -1.872936e-01 -3.768046e-01 2.252486e-01 -1.167174e-01 5.021870e-01 -2.441622e-01 3.076732e-01 2.635081e-01 -2.391009e-01 -4.216489e-01 -2.052025e-01 2.643054e-01
3.130384e-01 -1.855254e-01 -2.434008e-02 3.796880e-01 1.540584e-01 2.915075e-01 -1.704619e-01 3.946965e-01 2.929728e-01 -2.444654e-01 3.931206e-02 -7.207111e-02 2.828057e-02 -1.561112e-01 -3.675650e-01 -1.674710e-01
1.017662e-01 -5.475379e-01 1.123333e-01 9.545440e-02 9.886594e-03 -1.482463e-01 8.018269e-02 7.583468e-02 3.022288e-01 -6.881048e-02 -3.937206e-01 1.393539e-01 -5.129907e-01 1.820408e-02 -6.970479e-01 -1.455345e-02
1.264367e-01 -2.062104e-01 -5.070081e-02 4.443064e-02 2.066358e-01 -1.241228e-01 -1.884961e-01 -3.727154e-01 -3.518127e-01 2.782057e-01 4.692122e-01 2.080895e-01 -2.544216e-01 -2.651370e-01 -4.515181e-01 -4.952866e-02
1.678068e-01 2.007583e-01 -2.658262e-01 -1.025441e-01 -9.561127e-02 -2.616600e-01 1.486351e-02 -6.317858e-01 -8.767881e-02 1.182483e-01 4.007592e-01 1.360533e-01 -7.085746e-02 4.752631e-01 7.621232e-02 -1.454987e-01
1.309822e-01 -8.682169e-02 -6.634472e-03 1.412816e-01 1.826852e-01 1.437604e-01 -1.112975e-01 7.692286e-01 2.977827e-01 -1.535189e-01 -2.719606e-01 -4.134294e-01 1.606549e-01 2.125771e-01 -1.335345e-01 -2.392374e-01
2.254848e-01 1.377701e-01 3.034722e-01 -1.899385e-01 -4.608020e-01 1.142114e-01 2.197997e-01 -5.002142e-01 1.294211e-01 2.416987e-02 3.275453e-01 -5.474674e-02 -2.965057e-01 1.167769e-01 -4.591287e-01 -1.297619e-01
6.241937e-02 6.584327e-02 -1.367866e-01 8.361194e-02 3.288935e-01 1.840584e-01 2.818716e-01 8.678249e-02 -1.453601e-01 8.824895e-02 2.340451e-01 8.567590e-02 -2.898346e-01 1.610556e-01 5.877483e-02 3.335312e-01
1.899893e-01 5.431260e-01 -1.676804e-01 -4.101615e-01 -4.207600e-01 1.141334e-01 2.153791e-01 -5.723545e-01 6.641486e-02 2.130272e-01 1.663849e-01 -8.393300e-02 5.634891e-01 -6.509573e-02 -6.786309e-02 -2.376284e-01
2.281613e-01 2.279894e-02 -5.374175e-01 1.048619e-01 2.067423e-01 -1.822374e-01 8.925689e-02 -3.745638e-01 9.022047e-03 3.963480e-01 -1.098596e-01 1.122528e-01 -1.323334e-01 5.260642e-01 -1.447819e-01 -2.285597e-01
1.636281e-01 4.044161e-02 -2.633193e-01 -2.202539e-01 1.661964e-01 4.225267e-01 -2.074525e-01 -1.473942e-01 -5.832975e-01 1.340892e-01 -1.504742e-01 1.890862e-02 3.555960e-02 4.145118e-01 1.454498e-01 -7.336634e-02
3.759724e-01 -2.250052e-01 -8.792445e-02 -6.554121e-02 -8.436175e-02 -1.972534e-01 3.360195e-01 -1.872071e-02 -1.244416e-02 2.573767e-01 5.810884e-02 9.013267e-02 1.588406e-01 -2.738886e-02 -7.767403e-01 3.573659e-02
-1.184008e-02 -1.685503e-03 3.054192e-02 -9.059988e-03 3.581785e-02 -1.569124e-01 1.200760e-01 -7.197064e-01 3.287106e-02 4.119598e-01 3.590405e-01 1.895677e-01 1.066692e-02 9.756134e-03 -8.567551e-01 1.024002e-01
-4.189489e-02 -8.142866e-03 4.028440e-01 1.188650e-01 -1.704323e-01 5.158706e-01 -2.224845e-01 3.543134e-02 -3.823185e-02 -4.698614e-01 1.611198e-01 -2.518509e-03 -7.800116e-02 -3.254928e-02 1.948156e-01 9.405407e-02
-3.049494e-01 2.007248e-01 2.293465e-01 8.453146e-02 3.580365e-03 3.425387e-01 -5.092757e-01 -2.423681e-01 -1.149986e-01 -5.879402e-01 -1.090594e-01 -9.133562e-02 -3.736254e-01 1.061721e-01 7.724746e-01 -9.476814e-02
-3.177400e-02 1.857770e-01 6.261443e-02 4.850082e-02 -6.007969e-02 7.718021e-02 -1.799297e-01 4.524688e-01 2.740732e-01 -4.407263e-01 -3.920611e-01 -1.736960e-01 -7.646846e-02 1.432498e-01 8.074059e-01 -8.998416e-02
-7.414629e-02 -1.714189e-01 1.179844e-01 2.274498e-01 6.678646e-02 1.964235e-01 -3.408748e-02 -3.603762e-01 1.228796e-01 -3.029912e-03 -4.302455e-03 5.222699e-02 -7.569697e-01 7.146648e-02 -2.561724e-01 -3.718267e-02
2.847798e-01 -8.609594e-02 -1.704821e-01 -1.450009e-02 -1.803035e-01 6.575925e-01 -2.037842e-01 1.221593e-01 -1.669868e-02 6.562261e-04 8.917911e-02 5.192082e-02 1.025338e-01 6.338903e-02 -6.440794e-03 -7.517313e-02
5.456936e-02 3.416979e-01 -2.990964e-01 -2.533967e-01 -1.159920e-01 -2.916627e-01 2.054314e-01 -4.973196e-02 3.237892e-01 -2.203859e-02 5.793352e-02 -2.261045e-02 8.626537e-01 -2.876210e-01 2.675206e-01 -3.216688e-02
-5.524070e-02 1.796704e-01 1.016322e-01 -1.312803e-01 -5.029441e-02 -8.232851e-02 -1.087621e-01 1.373037e-01 -4.515189e-02 4.097518e-01 -1.672076e-01 -1.972364e-01 -1.641652e-01 -1.205170e-02 -4.013709e-02 4.877957e-02
-3.280528e-02 1.581002e-01 -3.401453e-02 -2.080808e-01 2.787893e-01 3.072624e-02 1.109071e-01 1.108417e-02 1.687007e-01 2.588023e-01 2.585414e-01 4.213484e-01 -1.116368e-01 2.722427e-02 7.927154e-02 -1.327831e-01
4.815813e-01 -1.962906e-01 -1.436616e-01 1.050033e-01 -6.283629e-02 9.582405e-02 1.580900e-02 -1.217238e-01 3.357710e-02 -1.925507e-01 1.135709e-02 3.049347e-01 2.133743e-01 -8.110679e-02 -1.212893e-01 -1.493189e-01
-2.490812e-01 -1.977378e-02 1.403923e-01 9.335467e-02 4.511408e-01 1.080164e-01 4.023980e-01 1.743760e-01 6.889048e-02 8.621328e-02 3.755230e-02 -2.334707e-01 5.093199e-02 1.542466e-01 2.994292e-01 3.374130e-03
-3.558360e-01 1.956411e-01 3.294178e-01 1.500742e-01 1.438855e-01 2.072500e-01 1.257335e-01 1.395077e-01 5.450404e-02 5.201452e-01 1.506491e-01 2.873831e-01 1.288970e-01 4.645268e-02 1.170798e-01 1.501087e-01
7.542878e-02 -1.254993e-01 2.948242e-01 -1.029798e-01 -1.281645e-01 -1.340706e-01 3.311713e-01 -6.317940e-02 -7.803832e-02 -1.563293e-01 -2.505315e-01 -2.240418e-01 1.951632e-01 8.658252e-02 -2.324712e-01 -2.132648e-02
-6.123707e-02 3.653114e-02 -2.720497e-01 1.172272e-01 1.934604e-02 1.407560e-01 -2.449071e-01 8.893093e-02 2.633355e-02 -2.114768e-02 2.333493e-01 3.327088e-01 -1.937436e-01 -5.672577e-02 4.548624e-01 -1.582353e-02
-1.080831e-02 1.240929e-01 -1.059219e-01 7.791230e-02 2.086284e-01 -1.095567e-01 -2.647274e-02 8.419391e-02 -2.144895e-01 6.687778e-02 4.819653e-01 -8.378646e-02 9.813009e-02 -1.705880e-01 -3.628566e-02 8.670741e-02
3.214487e-01 -2.898576e-02 -1.135281e-01 -1.276823e-01 -4.426517e-03 5.364276e-01 -1.181596e-01 2.742951e-02 -1.039653e-01 -7.895759e-02 -4.105467e-02 -3.353225e-01 1.107061e-01 -1.292791e-02 -1.048419e-02 -2.209462e-01
-1.559410e-01 1.141281e-02 -4.501205e-02 -1.695398e-01 5.539170e-02 7.111008e-02 4.366517e-01 -4.923733e-02 2.328688e-01 -1.039076e-01 -3.389591e-01 1.189092e-01 4.374737e-01 1.346469e-01 -2.475880e-01 9.250532e-02
-2.257290e-01 1.255862e-01 4.262167e-01 3.014620e-02 1.813352e-01 1.706124e-01 5.056437e-02 3.585258e-01 -2.088978e-01 2.075077e-01 2.081314e-01 -6.313248e-02 1.558469e-01 6.035326e-02 1.226947e-01 2.826886e-01
1.212914e-01 -9.659506e-03 6.486156e-02 -3.503434e-02 2.682396e-01 9.453311e-02 1.965609e-01 2.740899e-02 -1.936132e-02 -1.735145e-02 3.177094e-01 6.421275e-01 2.893829e-01 -6.757913e-02 6.961040e-02 -1.234710e-01
1.234026e-01 -3.024622e-01 -1.431568e-01 1.419474e-01 -4.826266e-02 1.336202e-01 1.943924e-01 -8.196778e-02 3.634012e-02 -2.407787e-02 3.525761e-01 3.538705e-01 1.432882e-01 -1.913536e-01 3.155566e-01 -1.086328e-01
-1.040618e-01 2.243280e-01 -1.199018e-01 -8.968263e-02 7.226489e-03 -3.256063e-01 2.201914e-02 -5.317505e-02 -3.014623e-01 2.283966e-01 2.140878e-01 1.046856e-01 -2.669457e-01 5.558185e-02 -2.490343e-01 4.383951e-01
-1.983911e-02 -7.747547e-02 7.458885e-02 -1.508046e-01 -6.489891e-02 2.161305e-01 6.735098e-02 -9.182750e-02 4.179843e-01 -6.114326e-02 -2.099854e-01 2.828778e-01 -2.589884e-02 1.781229e-01 6.162941e-03 -7.923220e-02
-1.224163e-01 1.852568e-01 1.292177e-01 -2.008146e-01 6.124858e-01 1.435465e-02 -2.728834e-01 8.690774e-02 8.374365e-02 -1.306064e-01 -2.531398e-01 4.410991e-02 -6.688157e-02 1.201647e-02 6.052398e-02 -2.567174e-01
2.037893e-01 -2.467173e-01 4.895810e-02 1.362248e-01 -1.155041e-01 4.792363e-01 -6.082515e-02 4.400907e-03 1.689149e-01 -2.068002e-01 -1.037559e-01 -2.083983e-01 2.754466e-01 -1.456470e-01 1.675560e-01 -2.752376e-01
-2.799006e-01 -2.260629e-02 1.128113e-02 1.959857e-02 3.545777e-01 -1.300157e-01 -7.189380e-02 -5.733446e-02 2.577459e-01 -1.471221e-01 -2.554671e-01 4.071585e-01 3.437384e-02 -1.112543e-02 5.938527e-02 1.905228e-02
5.289823e-01 1.638181e-01 -4.554577e-02 4.686032e-02 -7.245047e-02 -6.784432e-03 -5.637430e-03 -6.931364e-02 -1.136598e-01 1.099048e-01 4.325045e-02 -2.086193e-01 -8.108908e-02 -4.606672e-02 -3.771343e-02 -4.343660e-02
-3.480750e-02 -9.373039e-02 1.318715e-01 1.758225e-01 8.091533e-02 -3.521487e-03 1.537910e-01 2.703120e-02 -1.201846e-01 -2.647191e-01 2.296711e-01 3.634011e-01 5.124345e-01 4.275867e-03 -1.367158e-02 -1.395491e-02
9.299771e-02 -1.188978e-01 -5.570063e-02 2.567518e-01 -1.294136e-01 -1.699398e-02 -2.748905e-01 1.759261e-01 -1.240654e-01 1.832269e-01 3.761213e-01 -5.411759e-03 -2.642697e-01 -1.465140e-01 2.956377e-01 -6.170167e-03
1.207616e-01 -1.745019e-02 2.624255e-01 -2.984919e-01 -6.523609e-02 -8.242291e-02 -1.766017e-01 1.185636e-02 -1.817866e-01 -9.944087e-02 4.119132e-01 -1.714172e-01 -1.172933e-01 -1.953273e-01 -1.837710e-01 9.096184e-02
2.814277e-02 2.950993e-01 3.583736e-02 -1.519338e-01 1.022370e-01 1.385252e-01 4.432267e-01 -1.945675e-01 1.699458e-02 -2.449972e-01 -2.479814e-01 5.190713e-02 2.900233e-01 2.798757e-01 -1.791131e-01 2.232275e-03
5.357529e-02 2.080159e-01 2.391703e-01 -9.000288e-02 5.173470e-02 1.290603e-01 -2.069964e-02 1.741643e-01 -1.863547e-02 7.687455e-02 -1.023174e-01 4.835697e-01 2.810916e-02 -1.232254e-01 -1.909553e-01 -1.165424e-01
7.739628e-03 -4.704642e-02 -1.279996e-01 1.796887e-01 -2.938035e-01 -2.024971e-01 9.565749e-02 -1.443704e-01 -2.524462e-01 1.328300e-01 2.170205e-01 1.156478e-01 -4.275872e-02 -1.352034e-01 -2.793468e-01 5.097010e-01
-2.214409e-02 -1.052858e-01 -2.400091e-02 5.314810e-01 -5.096945e-02 -3.161950e-02 2.625852e-02 1.334394e-02 -1.272964e-01 -1.702628e-01 -3.799023e-02 -1.266886e-01 3.261385e-02 -9.405535e-02 6.226250e-02 7.249596e-02
1.572120e-01 -1.214225e-01 -1.095366e-01 7.169407e-03 2.664067e-01 1.333221e-01 1.897151e-01 -1.894656e-01 2.426176e-01 -1.682212e-01 3.510976e-01 4.774247e-01 2.294960e-01 6.308614e-02 1.404016e-02 -1.655265e-01
-2.583186e-01 3.222827e-01 7.145808e-02 -2.613672e-01 1.939854e-01 -1.914823e-01 6.708339e-02 -5.465485e-02 -5.735591e-02 1.384030e-01 -4.518094e-02 -1.340593e-01 1.140563e-01 3.598027e-01 -2.024245e-01 3.982475e-01
-1.739614e-01 -1.211350e-02 -1.511148e-01 1.726603e-01 -1.283114e-01 1.093158e-01 2.628650e-01 1.499334e-01 8.572352e-02 2.405987e-01 2.149424e-02 2.147599e-01 3.802277e-01 7.769507e-02 -9.359930e-02 1.987821e-01
-5.930069e-02 5.319359e-01 -2.250889e-01 -1.028800e-02 1.779101e-01 7.457357e-02 5.339053e-02 4.109105e-02 1.628928e-01 1.634453e-01 -2.343602e-02 1.583196e-02 1.911423e-01 1.606333e-01 -1.471884e-01 2.174900e-01
-3.492985e-01 1.322051e-01 2.552927e-02 2.972429e-01 3.063486e-01 2.370836e-01 2.326657e-01 9.728011e-02 7.725374e-02 4.042502e-01 -1.472643e-01 2.734991e-01 1.334078e-01 1.122908e-01 3.079383e-01 -1.247793e-01
-1.087441e-01 1.104991e-01 -6.800761e-02 -7.853001e-02 1.567467e-01 -1.176011e-01 -7.836796e-03 -1.226970e-01 2.132340e-01 -9.230996e-02 -5.411281e-02 -5.112068e-02 -1.365823e-01 2.313300e-01 4.322740e-01 -7.923115e-02
1.514560e-01 -1.100200e-02 1.033796e-01 -1.250189e-01 2.651515e-01 -8.402478e-03 -1.326557e-01 5.815990e-03 -1.786148e-01 3.019585e-01 4.936573e-01 4.128672e-03 -1.423708e-01 -2.626983e-01 -2.145915e-01 -3.476920e-02
-9.264056e-02 -1.028371e-01 -1.974349e-01 1.633617e-01 3.458260e-01 -1.313745e-01 -2.580984e-01 -5.304710e-02 -2.314620e-01 6.231236e-02 4.092270e-01 3.683480e-01 -5.502264e-02 -3.116464e-01 -1.551350e-01 -5.842194e-02
-4.019921e-02 -6.264445e-02 -3.929756e-01 -4.528113e-03 -2.546779e-01 2.445196e-01 5.426005e-03 1.995493e-01 1.641289e-01 -2.552415e-01 -3.322573e-01 2.580335e-02 -7.382300e-02 2.256466e-02 -2.088868e-01 -2.824381e-02
-1.294233e-02 5.063692e-02 4.112236e-02 -1.515489e-01 -8.097720e-02 -1.772283e-02 1.330267e-01 9.762017e-02 1.521506e-01 7.657640e-02 -1.758581e-01 -2.901485e-01 -5.943317e-02 2.130730e-01 2.618617e-01 7.328899e-03
1.693095e-01 2.672817e-01 5.661124e-02 -4.565183e-01 7.290460e-03 -1.848434e-01 4.106652e-02 -2.365699e-01 -2.220166e-01 9.473799e-02 -4.441806e-02 -2.290262e-01 -3.416844e-02 1.928899e-02 -2.241345e-02 2.970779e-02
-2.049049e-01 2.926460e-01 -2.780391e-01 -1.775054e-01 2.443432e-01 8.318348e-03 -1.398673e-02 -9.895265e-04 3.913355e-02 4.339406e-02 -1.615147e-01 1.342497e-01 3.884822e-01 -1.232111e-01 3.979972e-01 -1.509508e-01
4.800883e-02 1.396450e-01 1.700349e-01 -6.885777e-02 -6.829455e-03 -6.296241e-01 6.541003e-02 -1.378927e-02 -2.621701e-01 1.597427e-01 1.007316e-01 -6.443724e-02 -6.723931e-02 -2.258093e-01 -8.752240e-03 1.109629e-01
-1.425095e-01 1.945429e-01 -1.457624e-02 2.264282e-01 -4.473945e-02 2.322960e-01 -4.172440e-02 -3.505826e-01 -5.820597e-02 1.015823e-01 2.207735e-01 1.357678e-01 -4.473026e-01 -1.227675e-01 -2.562942e-02 -7.035782e-02
-1.152878e-01 -1.091212e-01 -1.382132e-01 4.696375e-01 3.689367e-02 3.107592e-02 -3.361880e-02 1.427194e-01 9.658594e-02 -1.738634e-02 7.155892e-02 2.815330e-01 6.534142e-02 -3.528282e-02 1.371281e-01 7.744609e-02
-1.081747e-01 -1.818605e-03 2.340095e-02 -2.145193e-01 8.337919e-02 -1.907779e-02 6.082471e-02 4.139324e-01 -3.231944e-02 -6.704305e-02 -4.655179e-02 -2.930961e-02 4.142828e-01 -6.246565e-02 -5.333225e-02 8.435923e-02
2.273397e-01 -1.151794e-01 -1.626694e-02 1.982165e-01 -1.085407e-01 4.817990e-02 -4.729043e-02 4.774645e-02 -7.384792e-02 -3.881099e-01 1.256687e-01 4.262177e-01 -6.207299e-02 -3.160916e-01 -2.557809e-01 2.078679e-01
4.942193e-02 1.177482e-01 2.314912e-02 -2.346876e-02 3.581861e-01 1.769951e-01 2.831059e-01 4.224391e-02 -3.150770e-01 -2.569750e-02 -3.727251e-02 -3.303492e-02 -2.820151e-01 1.753333e-01 -1.948692e-01 2.402209e-01
-2.176149e-01 8.219904e-02 1.202128e-01 -8.287475e-02 1.040436e-01 1.457903e-01 -1.438567e-01 -6.160508e-01 6.086642e-02 -4.592507e-02 -2.169357e-02 -9.564377e-02 -2.746110e-01 2.533033e-01 7.026548e-02 1.303482e-01
-3.922873e-02 -1.978418e-02 -2.600414e-01 1.933576e-01 1.443693e-01 9.029811e-02 -2.150213e-02 -4.529773e-01 1.418317e-01 1.521500e-01 -1.037747e-01 1.527688e-01 1.117938e-01 4.665565e-02 1.312438e-01 -3.172510e-01
2.682431e-01 -2.290239e-02 -5.120736e-03 -2.128642e-02 -3.556120e-02 -1.407416e-01 4.398891e-02 -5.961580e-01 3.957465e-02 8.484970e-02 1.418477e-01 -1.169554e-01 -3.614943e-01 1.835816e-01 2.566495e-01 4.896981e-02
-1.616854e-02 1.161894e-01 -3.878623e-01 1.801716e-01 3.750019e-01 -3.265112e-01 7.854026e-02 -1.532257e-01 -1.572321e-01 2.002626e-01 -2.039694e-02 -7.351954e-02 -3.072416e-02 5.546461e-02 1.056154e-01 -8.685265e-02
-7.080537e-02 -4.352245e-02 -1.035331e-01 6.021409e-02 -2.733675e-01 -6.557302e-02 -2.381571e-01 -1.685080e-02 3.345817e-01 4.330462e-02 1.757241e-02 1.209369e-01 3.065270e-01 -8.447723e-02 3.225935e-01 -1.030913e-01
1.010393e-01 -3.160133e-01 -3.283837e-02 2.502793e-01 1.271041e-01 -4.652192e-03 -1.617670e-01 -2.224067e-02 -8.014748e-02 1.469809e-01 1.120574e-01 -1.794107e-01 -1.801940e-01 2.165889e-01 -3.918820e-01 1.574199e-02
2.723139e-03 -7.813567e-02 4.221454e-01 1.238322e-01 3.560979e-01 -1.557688e-02 3.266427e-02 -2.302637e-01 3.141353e-02 2.560874e-02 1.718186e-01 -1.194927e-01 1.911324e-01 -1.930833e-01 1.867871e-01 1.892218e-01
2.295015e-01 -9.096266e-02 1.360356e-02 6.972259e-02 2.408001e-02 -8.000185e-02 7.391394e-02 -2.428552e-02 4.497921e-01 -4.179522e-02 -3.149453e-01 3.212487e-02 -3.976884e-02 -1.549754e-01 -1.762500e-01 -3.056981e-02
3.552561e-01 -7.892545e-02 7.944396e-02 1.439011e-01 3.595332e-01 -1.929563e-01 1.717688e-02 2.854630e-03 1.444763e-01 3.022839e-01 2.823031e-01 -1.870841e-05 -1.553399e-01 2.114845e-02 2.190307e-01 -6.984413e-02
4.811331e-02 1.970740e-01 1.308258e-01 -1.192492e-01 -1.831447e-01 8.736384e-02 -1.005315e-01 -2.081372e-01 2.329997e-02 3.316118e-02 4.396381e-01 -3.339536e-03 8.659197e-02 9.287514e-03 2.216319e-01 -4.962662e-02
-4.388967e-02 -1.416163e-01 -6.244788e-02 1.677851e-02 -3.752524e-02 5.693231e-01 -1.709776e-01 2.556939e-02 2.108581e-01 -6.802297e-02 -1.577526e-03 3.584600e-02 -6.333704e-02 -3.285015e-02 4.126676e-02 -9.211392e-02
1.326885e-02 -2.115280e-01 -6.003206e-02 8.836709e-02 4.727654e-01 1.496061e-01 -2.784625e-01 -7.740132e-02 -1.244750e-01 -7.453887e-03 4.218097e-01 1.462650e-01 -2.892928e-01 -1.213651e-01 -2.399724e-01 5.331679e-02
-2.949869e-02 3.313602e-02 2.150856e-01 9.160614e-02 3.815871e-01 1.639677e-01 1.135445e-01 -7.404777e-02 3.802551e-02 -1.325931e-01 -1.446548e-01 6.699386e-02 5.758548e-01 1.609115e-01 7.876164e-02 7.448300e-03
-5.884310e-02 1.384902e-01 -4.810304e-01 1.173681e-01 3.840729e-01 4.679884e-02 -3.324816e-01 -1.476236e-01 1.261183e-01 6.507246e-02 -6.773271e-02 -4.380367e-02 -4.245358e-02 -5.160768e-02 2.005371e-01 -7.425158e-02
3.563418e-01 -3.291071e-01 -5.179292e-02 -2.060892e-01 4.815405e-02 -2.501355e-01 -4.650652e-04 1.691732e-01 1.651757e-01 -1.334454e-01 -2.946444e-01 -8.975068e-02 3.675203e-01 1.148638e-01 -4.261467e-02 6.634022e-02
5.871101e-02 -3.442467e-02 1.533330e-01 -1.780444e-01 -2.660031e-01 8.047212e-03 3.225057e-02 -2.201255e-02 1.086855e-02 -9.464627e-02 8.469488e-02 -7.032031e-02 -1.879632e-01 6.431517e-02 -4.370773e-01 9.984539e-03
-4.071067e-02 2.316178e-03 2.100999e-01 -2.481526e-02 -3.054183e-02 -3.197888e-03 3.765355e-02 5.209728e-01 -1.201592e-01 -2.698603e-01 -1.049132e-01 -5.324899e-02 -7.269948e-02 -1.460793e-01 -1.438622e-01 2.533673e-01
-2.666784e-01 1.418461e-01 4.567306e-02 1.952750e-02 6.405690e-02 2.496589e-01 -2.048868e-01 -3.275049e-01 -4.993991e-03 1.082811e-01 -2.522246e-02 1.315232e-01 1.475198e-01 4.493045e-02 -5.350245e-01 1.295163e-02
-1.575364e-01 9.142815e-02 -3.673732e-03 -4.615169e-02 2.200856e-02 -1.165667e-02 -4.105202e-02 1.724003e-02 -5.684291e-01 -7.491080e-03 1.354836e-01 -5.697442e-02 9.918098e-02 1.576580e-01 6.731785e-02 -7.616190e-02
2.924366e-01 -9.038464e-02 -6.136651e-02 4.241800e-02 -1.093894e-01 -1.682427e-01 9.188191e-02 5.914171e-01 -9.949554e-03 -5.134524e-02 -7.466573e-02 3.458634e-02 8.019100e-02 -6.421109e-02 8.025958e-02 7.233443e-03
