4 5 8 32 32
-1.294426e-01 -1.451580e-01 -7.810397e-02 2.584790e-01 -1.990107e-02 -1.185666e-01 -2.072955e-01 -2.193389e-01
-1.412496e-01 -2.407688e-02 5.158434e-02 2.082154e-03 -7.096571e-03 1.500390e-01 9.035182e-02 -1.596350e-01
-1.387609e-01 1.664332e-01 -1.663924e-01 5.057768e-01 -3.913062e-02 -2.483811e-02 -1.809020e-01 -4.770104e-02
2.094478e-03 4.372986e-01 -1.831496e-01 -1.504142e-01 1.688237e-02 -4.476700e-05 2.631455e-01 -3.845422e-02
1.346431e-01 -1.117909e-01 -2.736078e-02 -4.839421e-02 3.730536e-01 8.640777e-02 3.013479e-01 -2.339217e-02
-1.146351e-01 -1.577189e-01 -1.078524e-02 2.326625e-02 -5.422972e-02 -8.094838e-02 -2.266499e-01 -1.593950e-01
-1.172163e-01 1.256827e-01 -2.548849e-01 4.579121e-01 -7.705348e-02 4.169120e-02 -1.045489e-01 -5.298349e-02
-1.410016e-01 1.339683e-02 -9.299815e-02 1.655877e-01 2.297877e-02 3.710441e-01 -1.899231e-02 -2.865173e-02
-8.677765e-02 2.080528e-01 -1.876534e-01 6.498373e-02 1.959390e-02 -5.670477e-02 4.301587e-02 -9.539105e-02
-9.219248e-02 3.435084e-01 -1.287159e-01 1.670356e-01 -1.407731e-01 4.474171e-01 2.112671e-01 -1.994197e-01
-4.632592e-02 -5.667692e-02 -1.464953e-01 -7.234414e-02 2.237206e-01 1.583603e-02 4.959512e-01 -1.607492e-01
-7.492993e-02 4.240295e-02 1.131869e-01 1.571843e-01 2.019946e-03 -6.765147e-02 -9.598116e-02 -1.193906e-01
-5.298954e-02 1.138556e-01 -4.949997e-02 -2.826563e-03 -1.821041e-01 2.918123e-02 -2.371029e-01 -1.154918e-01
-2.097480e-02 3.839538e-02 -2.013482e-01 2.468701e-01 1.847532e-02 4.944262e-03 -3.902495e-01 -1.703458e-01
-1.501200e-01 3.451760e-01 -2.150938e-01 5.347692e-01 -1.296179e-01 7.283320e-03 -1.308897e-01 7.958844e-02
-9.026854e-02 -2.170487e-02 -2.445362e-01 -9.359564e-02 3.976401e-02 6.798934e-02 -4.633003e-02 -1.099876e-01
2.175671e-01 1.370737e-01 -1.039253e-01 7.605713e-02 2.675793e-01 -3.939014e-03 2.208152e-01 -4.822515e-02
-6.423244e-02 2.333706e-01 -2.498112e-01 5.040197e-01 -1.902983e-02 4.558672e-02 -2.279466e-01 4.755837e-02
-2.128225e-01 1.994667e-02 -2.885028e-01 6.333618e-02 -1.734485e-01 2.981741e-01 1.329021e-01 -1.175790e-02
4.941199e-02 6.892949e-02 -1.176795e-01 -1.165548e-01 2.445223e-01 1.490759e-01 2.900540e-01 -1.354523e-02
-2.658780e-02 1.844273e-01 -1.985580e-01 -4.914218e-02 9.829634e-02 1.143607e-01 5.010117e-01 -1.025086e-01
-2.927341e-02 -1.852088e-01 -1.022798e-01 3.770739e-02 -1.296232e-01 2.164574e-01 3.050107e-01 -1.980341e-01
-1.301642e-01 -6.691329e-02 -7.215328e-02 3.263364e-01 -3.602818e-02 -3.590544e-02 -8.451589e-02 -1.563968e-01
-1.460338e-01 2.632650e-01 1.774781e-02 2.667134e-01 -1.784083e-01 1.083172e-02 -6.305882e-02 -1.401656e-01
-9.581196e-02 -1.039516e-01 -8.801095e-02 -1.794252e-01 9.026790e-02 4.002263e-02 -1.574479e-01 -2.547949e-01
-4.145806e-02 2.943537e-02 -3.744283e-02 1.728594e-01 -2.536691e-02 3.974509e-02 -2.107752e-01 -1.585224e-01
-9.197042e-02 3.933055e-01 -2.006423e-02 2.973339e-01 -8.127193e-02 -6.749787e-02 -1.320219e-01 -5.777779e-02
-1.590533e-01 -1.433837e-01 2.050004e-01 8.170479e-02 -4.153622e-02 -3.919822e-02 -1.435841e-01 -2.067709e-01
-8.202644e-02 2.828480e-02 -1.111163e-02 -5.412904e-03 -4.193475e-03 -6.874687e-02 2.156238e-01 -1.197323e-01
1.660907e-01 2.281753e-01 -9.324296e-02 1.003276e-01 1.175145e-01 2.482911e-01 2.529902e-01 -1.903519e-01
3.471669e-02 1.354361e-01 -1.326927e-01 3.025356e-02 3.624788e-03 2.502465e-01 2.293056e-01 -1.971838e-01
-6.770931e-02 -1.777508e-01 1.950058e-03 7.941210e-02 8.556399e-03 2.643191e-01 -9.011897e-02 -7.983193e-02
3.550466e-01 -4.698318e-02 -1.939248e-01 2.332099e-02 -1.335574e-01 -3.088711e-01 -8.075900e-04 1.809288e-01
-9.868214e-02 -4.056225e-02 -3.193049e-01 -6.438129e-02 8.709978e-02 4.421137e-02 -6.575663e-02 -1.081192e-01
4.614431e-01 -3.719025e-02 -2.118958e-01 -1.677606e-01 -2.161063e-01 -2.000969e-01 -5.289206e-02 -1.185783e-01
6.297512e-02 -2.558631e-01 -3.148051e-01 1.396017e-01 -2.617188e-01 -2.037787e-01 7.797742e-01 -9.431276e-02
-1.529720e-02 5.892792e-01 -1.290223e-01 -9.730145e-02 -6.237498e-02 -2.644815e-01 1.156025e-02 -6.535213e-03
1.252227e-01 -1.184655e-01 -1.128329e-01 -2.605851e-01 1.962849e-02 6.408360e-02 -2.281982e-01 1.016098e-01
1.152521e-01 -2.467030e-02 -3.845797e-01 4.137900e-02 -1.722073e-01 -1.651564e-01 3.395214e-01 -7.217077e-02
1.033499e-01 -7.911532e-02 -3.242732e-01 2.179799e-01 7.606815e-02 -1.789378e-01 2.354399e-01 -1.019420e-01
2.879128e-01 4.849212e-03 -1.246496e-01 -5.904560e-02 -2.639661e-02 -6.249295e-02 -1.582112e-01 1.525308e-01
-1.727451e-01 -1.702053e-01 -3.014884e-01 -1.823187e-01 1.468810e-01 -1.681083e-01 5.288149e-01 -5.430794e-02
1.975561e-02 4.567885e-02 -2.760475e-01 -2.226901e-01 6.524963e-02 -8.177553e-02 2.043434e-02 -1.680717e-01
7.499055e-02 -3.250673e-02 -3.582820e-01 -5.848444e-02 -5.776163e-02 -1.959618e-01 3.095949e-02 -1.707141e-01
-8.969901e-02 3.087318e-01 -1.249717e-01 3.546135e-01 -6.907656e-02 -2.044448e-01 -2.126287e-01 -6.350046e-02
-6.263790e-02 3.166851e-02 -3.305067e-01 -1.624644e-02 -1.200496e-02 -8.020855e-02 -4.168052e-02 -1.006243e-01
2.508862e-02 -4.301196e-02 -1.251743e-01 -4.947682e-02 5.664228e-02 -1.678600e-01 -8.316234e-02 1.527159e-02
1.524163e-01 4.857250e-03 -2.596857e-01 -1.011127e-01 -4.326917e-02 8.042447e-02 -2.930069e-02 -1.649254e-01
3.676303e-01 -2.526081e-02 -1.779265e-01 -1.662566e-01 -9.286629e-02 -1.512367e-01 -9.026711e-02 1.683412e-01
6.230174e-02 2.661585e-01 -2.678146e-01 -2.348653e-01 -6.817330e-02 -2.124429e-02 1.017996e-01 -8.906540e-02
1.031495e-01 -2.019065e-02 -4.547381e-01 1.234176e-01 -3.778864e-01 -1.163256e-01 5.408590e-02 -2.367087e-01
1.843067e-01 -1.883460e-01 -2.606267e-01 -7.909211e-02 4.250092e-02 1.797598e-01 -2.861493e-01 2.275898e-01
4.926830e-01 -5.399268e-03 -3.167507e-02 6.272089e-02 -5.318546e-02 -2.128630e-01 -9.092850e-02 -5.718282e-02
-1.018414e-01 5.598095e-02 -2.697354e-01 -6.482335e-02 3.527554e-02 -2.436549e-01 -2.505239e-02 -2.365450e-01
4.165281e-01 9.362566e-02 -2.190182e-01 -1.987200e-01 -2.862970e-01 -9.150042e-02 -2.333087e-01 -2.785453e-01
-1.820918e-01 1.779143e-02 -2.789887e-01 -9.500356e-02 1.266454e-01 -2.370417e-01 3.017233e-02 -1.968791e-01
2.701932e-01 -1.802673e-01 -1.422439e-01 -1.434974e-01 8.029279e-02 -7.855898e-02 -1.782695e-01 2.761601e-01
3.196805e-01 -3.495729e-02 -2.507471e-01 -1.998961e-01 -1.735147e-01 -7.723985e-02 -5.414848e-02 6.435286e-02
5.006264e-01 -3.168399e-02 -1.396179e-01 -1.905473e-02 -1.060902e-01 -7.361396e-02 3.716357e-03 -7.106680e-02
2.709713e-01 -1.156140e-01 -2.144769e-01 -5.586202e-02 -1.209901e-01 -4.295201e-01 1.803439e-01 -1.176086e-01
-1.582984e-02 6.721897e-02 -1.291304e-01 -3.269943e-02 2.600361e-03 2.594039e-01 -1.534482e-01 -5.553162e-02
-3.885106e-02 3.843035e-01 -1.941564e-01 2.365803e-01 5.446220e-03 -1.167680e-01 -1.703736e-01 1.231010e-01
-1.474671e-01 7.748159e-02 -1.690908e-01 -1.965605e-01 -1.202434e-01 -3.084222e-02 4.798269e-01 3.395099e-02
9.754130e-02 -3.051853e-02 -4.301210e-01 1.194765e-02 -4.252039e-01 -5.461615e-02 9.628123e-02 7.357440e-03
-8.646583e-02 -2.404271e-01 1.999141e-01 1.415432e-01 7.853704e-02 1.066518e-01 -2.236793e-01 -2.349620e-02
-2.743016e-02 -1.736189e-01 -4.102693e-02 1.019850e-01 2.843472e-01 1.549319e-01 -1.696185e-01 7.636998e-03
1.768101e-01 -3.279754e-01 2.179231e-01 -1.422471e-01 1.425604e-01 1.173401e-02 -7.393691e-02 1.221195e-01
-7.269778e-02 -4.816062e-02 3.523146e-01 -7.225572e-02 -1.066618e-01 -1.739169e-01 -2.305470e-01 -1.704141e-02
-1.715552e-01 -1.330288e-01 -1.524197e-01 1.182859e-01 3.806251e-01 -1.243120e-01 -1.290354e-01 2.235680e-02
-1.802910e-01 -2.247116e-01 -1.588739e-02 1.655962e-01 2.255176e-01 3.784854e-01 -1.970598e-01 -6.654824e-02
5.734274e-01 -7.717402e-02 1.459203e-01 2.939675e-02 2.430228e-01 -3.845537e-02 2.119339e-02 -3.858713e-02
-3.271984e-01 -3.746318e-01 -9.899203e-02 -1.776220e-01 2.860939e-02 -3.929994e-02 -1.116973e-01 3.520049e-02
-2.898929e-01 -1.646483e-01 -9.225859e-02 3.819733e-02 3.025656e-01 -2.020177e-01 -2.662501e-01 -5.518261e-02
-1.838782e-01 -1.565647e-01 -1.051069e-01 -4.823178e-02 3.188818e-01 -1.816095e-01 -1.754927e-01 -8.531316e-02
-2.703030e-01 -1.486616e-01 -2.161690e-01 -1.505822e-01 2.920901e-01 3.261914e-01 -6.584487e-02 2.333576e-02
-2.806111e-01 -2.108746e-01 1.440615e-01 -5.098325e-02 -2.413293e-02 -1.467794e-01 -2.069201e-01 1.184828e-01
-2.317186e-01 -1.609293e-01 3.937420e-01 -7.802082e-02 -1.685353e-01 -1.259392e-02 -2.711283e-01 3.135443e-02
-2.601879e-01 -1.764219e-02 -1.253650e-01 -3.116767e-01 3.659781e-01 2.931012e-01 5.260425e-02 1.116359e-01
-1.397846e-02 -2.085374e-03 -2.000183e-01 3.175101e-01 3.704636e-01 7.802191e-02 -1.335842e-01 -1.186036e-01
-8.007127e-02 -1.498383e-01 -1.926641e-01 8.811397e-02 3.879629e-01 -1.355842e-01 -1.170140e-01 -2.377224e-01
-1.638017e-01 -1.070685e-01 7.140064e-03 -2.629212e-01 1.951817e-01 -2.641047e-02 -6.507555e-02 9.813794e-02
-1.374749e-01 -2.766468e-02 -4.956573e-02 1.772085e-01 2.696275e-01 1.015657e-01 -2.916069e-01 -1.369067e-01
-2.855990e-01 -3.627760e-01 -1.974826e-01 1.022741e-01 2.333568e-01 4.878501e-02 -1.732055e-01 -9.219269e-02
4.359003e-01 -4.464715e-01 5.033985e-02 -1.143139e-01 8.487301e-02 -6.821497e-02 1.210377e-01 5.215146e-02
2.131985e-01 -1.856813e-01 4.570405e-01 -2.420264e-02 1.254989e-01 -1.304708e-01 -1.464482e-01 2.454010e-02
-2.776344e-01 -2.045545e-01 -4.731908e-02 1.718839e-02 3.456503e-01 1.074421e-01 -1.572654e-01 3.242144e-03
-1.861051e-01 -1.692778e-01 6.112930e-02 -4.977830e-02 2.187582e-01 -1.771820e-01 -1.414998e-01 -1.015779e-01
-2.486541e-01 -2.368477e-01 1.974397e-01 -3.085627e-02 4.778212e-03 -2.781039e-01 -1.077125e-01 -1.058059e-03
-2.667195e-01 -3.129999e-01 -2.459833e-01 -9.281190e-02 1.730649e-01 2.829288e-01 -5.323854e-02 2.846410e-02
-4.428601e-02 -5.642206e-02 2.683972e-01 1.204900e-01 -9.781316e-02 -1.290643e-01 -2.569825e-01 -1.029338e-01
-1.794275e-02 -2.570011e-01 -4.044420e-02 1.103184e-01 8.569588e-02 1.799328e-01 -2.808578e-01 -5.046927e-03
-1.862025e-01 -2.033922e-01 2.144080e-01 -2.262494e-01 -1.222236e-01 -1.016034e-01 -1.544668e-01 5.972491e-02
-2.453291e-01 -4.557129e-01 4.929570e-02 -1.002413e-01 -3.737538e-02 3.838251e-02 -1.321742e-01 1.153548e-02
-2.246938e-02 2.714491e-01 2.728005e-01 1.311211e-01 1.146526e-02 -2.445941e-01 -3.752218e-01 -2.068168e-01
-1.369092e-01 -2.793022e-01 3.213405e-01 -1.881272e-02 -8.918189e-02 -1.022099e-01 -1.769950e-01 7.570483e-02
-2.610003e-01 -7.251668e-02 -7.688739e-02 1.830178e-02 3.971771e-01 -4.765084e-02 -2.543876e-01 -1.953394e-01
5.540351e-02 -1.869736e-01 5.084182e-01 1.450925e-02 -1.533331e-01 -9.934687e-02 -1.430102e-01 -7.178913e-02
3.210803e-01 -2.190274e-01 8.777095e-02 2.747479e-01 2.063915e-01 -2.211740e-02 1.099244e-01 -7.451095e-02
4.926975e-01 -1.420847e-01 -1.056909e-01 3.736736e-01 1.993099e-01 3.742817e-02 6.460129e-03 -1.779133e-01
-1.655460e-02 -1.559937e-01 1.982172e-01 5.830466e-02 2.756133e-01 -1.459615e-01 2.468017e-01 9.363798e-03
4.157561e-01 -1.986126e-01 3.562557e-03 6.283764e-02 2.019838e-02 3.418594e-02 2.407034e-01 -3.953542e-02
-4.264966e-02 -6.717004e-02 1.997467e-01 2.715360e-02 5.882075e-01 -8.857021e-03 -1.211696e-01 -3.530050e-02
1.261095e-01 -3.171606e-01 1.288641e-01 1.482010e-01 3.763087e-01 8.617043e-03 -1.617002e-02 -6.550990e-02
3.645015e-01 -8.876030e-02 -8.639267e-02 4.077184e-01 4.180144e-01 1.839567e-01 -7.432532e-02 -1.650675e-01
1.061441e-01 -2.192564e-01 2.931412e-01 3.038716e-01 -1.340640e-01 1.563732e-02 -9.410074e-02 -1.070631e-01
-2.340902e-02 -1.659817e-01 1.357574e-01 -1.925715e-01 1.573508e-01 -9.517644e-02 -1.533991e-01 6.791964e-01
3.744235e-01 -2.596602e-01 4.937072e-02 -1.980722e-02 1.001438e-03 -1.595379e-01 5.508402e-02 2.707108e-02
4.032972e-01 -5.554378e-03 -9.054997e-02 4.170810e-01 2.499923e-01 3.151345e-01 -1.618817e-01 -2.645736e-01
6.756559e-02 6.039854e-02 3.235309e-01 -8.253079e-02 2.909673e-01 -8.485837e-03 1.302358e-01 1.412518e-01
5.900238e-01 -1.640953e-01 -5.715419e-02 8.011846e-02 -1.230305e-01 -3.487652e-02 1.914163e-02 -8.355107e-02
-5.440810e-02 -2.126330e-01 3.114352e-01 -9.535531e-02 3.586094e-01 -1.117327e-01 -1.140052e-01 -1.486541e-01
2.571226e-01 1.098696e-01 1.312189e-01 3.839114e-01 2.231491e-01 1.380031e-01 -2.551500e-01 -3.815262e-02
3.587821e-01 -1.919278e-01 -8.719690e-02 3.531711e-01 2.491577e-01 -9.839859e-02 2.389532e-01 -1.598893e-02
1.368211e-01 -1.123763e-01 1.759418e-01 3.031939e-01 5.398316e-01 1.274265e-02 -9.420273e-02 -1.247387e-01
4.632597e-01 -6.472574e-02 3.103936e-01 1.550709e-02 -1.834075e-01 2.603574e-01 2.760421e-02 1.306652e-01
-3.167341e-02 -1.025079e-01 3.182342e-01 7.365144e-02 4.943515e-01 -8.344571e-02 -6.518328e-02 -1.096671e-01
3.416928e-02 -1.283109e-01 3.450444e-01 7.267594e-02 2.795835e-01 -1.059381e-01 -7.914136e-03 3.560433e-02
2.092048e-01 -9.626806e-02 3.758749e-02 3.384998e-01 5.301197e-01 1.549205e-01 -6.866195e-02 -1.559536e-01
5.882078e-01 -1.273791e-01 -7.061377e-02 9.823808e-03 -9.929139e-02 1.110145e-01 2.013540e-01 -1.048400e-01
1.596902e-01 1.432008e-01 1.405207e-01 3.090270e-01 3.698911e-01 3.406562e-02 -2.759538e-01 2.031410e-01
7.249582e-02 4.137547e-02 4.442824e-01 1.212218e-01 1.869332e-01 4.269037e-02 -1.325491e-01 3.066184e-03
3.608822e-01 -1.028007e-01 -1.380202e-02 4.232125e-01 4.321450e-01 -2.811393e-02 -8.024166e-02 -1.341744e-01
-2.924049e-02 -1.646408e-01 3.735371e-01 2.726683e-02 1.065784e-01 -7.767179e-02 1.211741e-01 8.302224e-02
9.812368e-02 -2.362098e-01 3.794350e-01 -1.358512e-01 -2.134256e-02 -1.052658e-01 8.780500e-02 -5.532498e-02
7.891434e-02 1.087118e-01 4.217192e-01 2.025934e-01 1.561698e-01 -3.533338e-02 -2.053426e-01 1.790371e-01
3.937904e-01 -1.524068e-01 1.928581e-02 4.643068e-01 5.648857e-02 4.973194e-02 -9.173570e-04 -2.048336e-01
-6.835891e-02 -2.520304e-01 2.387401e-01 1.101379e-01 3.231218e-01 -1.286945e-01 2.144760e-01 -6.347311e-02
3.640250e-02 -5.032320e-02 3.422447e-01 -1.593693e-02 1.582245e-01 -3.876960e-02 1.682113e-01 3.129064e-01
-8.378734e-02 1.029045e-01 -1.907962e-02 3.544819e-01 -4.102764e-02 -3.201150e-02 -1.702915e-01 -1.845496e-01
3.771904e-02 -4.382849e-02 -4.607884e-02 -1.575640e-03 2.157682e-01 7.690100e-02 4.282906e-01 -2.482156e-02
-9.140991e-02 -2.520185e-02 -9.012832e-02 3.228516e-01 -5.837464e-02 -1.117308e-01 -1.544426e-01 -4.955985e-02
-1.208016e-01 -8.418346e-02 1.272094e-01 1.018111e-02 -1.509739e-01 -2.171417e-02 -1.248256e-01 2.928957e-04
-9.888351e-02 -1.313926e-01 -8.652510e-02 7.801965e-03 -1.810948e-01 2.867738e-01 3.025476e-01 -6.010126e-02
-9.558932e-02 -1.091540e-01 7.805067e-02 -3.610494e-02 1.545777e-01 1.104802e-02 4.635675e-01 -2.925941e-02
-5.181117e-02 -8.293851e-03 -9.854592e-02 -2.244719e-02 9.264232e-02 -1.395344e-01 4.663160e-01 -1.243435e-01
-7.402610e-02 -5.707267e-02 -1.340742e-01 1.784628e-02 -1.159414e-01 3.496439e-01 2.718430e-01 -1.088226e-01
-1.117663e-01 -1.302025e-02 -2.420354e-02 2.097861e-01 1.401321e-02 -3.735518e-02 -1.814493e-01 -1.054884e-01
-6.759021e-02 -1.428327e-01 2.603565e-01 6.521806e-02 -6.721393e-02 -8.558370e-03 -9.631719e-02 -9.790021e-02
2.558031e-02 4.315611e-01 -7.412742e-02 9.307586e-02 -4.983820e-02 2.469891e-01 2.186290e-01 -6.237847e-02
-8.055607e-02 -1.579028e-02 -1.083790e-01 2.991681e-01 8.774740e-03 -5.245892e-02 -2.403639e-01 -2.584088e-01
4.327380e-02 2.331961e-01 -2.226308e-01 -1.272684e-01 1.068315e-01 -1.274465e-01 4.023745e-01 -7.886540e-02
-3.694851e-02 3.420608e-02 -1.461000e-02 2.452615e-01 7.602082e-02 2.256788e-02 -2.156270e-01 -1.572531e-01
-1.109417e-01 4.926384e-01 -6.173550e-02 2.862734e-01 -1.218420e-02 -1.138226e-02 -1.530426e-01 -3.895407e-02
-1.168460e-01 8.912947e-03 1.674711e-01 2.054656e-01 -6.027197e-02 2.186469e-03 -1.421230e-01 -1.030936e-01
-1.113844e-01 2.626289e-01 -1.079725e-02 3.849405e-02 -1.253771e-01 -1.229844e-01 -1.447467e-01 -1.174618e-01
1.044090e-03 1.622657e-01 -1.331156e-01 2.278852e-01 -2.490469e-03 -5.781832e-02 -2.147838e-01 -8.523830e-02
2.541078e-01 1.680715e-01 -1.225216e-01 -5.719062e-02 2.531758e-01 2.968921e-01 2.678908e-01 -1.812547e-01
-8.428244e-02 -9.519963e-03 2.233119e-02 1.994546e-01 -1.325412e-01 -2.288048e-02 -1.079411e-01 -5.004443e-02
-1.056262e-01 2.197838e-01 -9.999441e-02 4.194952e-01 1.067036e-02 5.475309e-02 -2.462972e-01 -1.371510e-01
7.882718e-02 2.710200e-01 -7.112134e-02 3.953719e-02 -1.946860e-02 3.210490e-01 2.522619e-01 -1.484764e-01
-1.230792e-01 -6.595995e-02 -1.632505e-02 9.232295e-02 -1.028213e-01 -3.484227e-02 -1.364444e-01 -7.911486e-03
6.060301e-03 1.295745e-02 1.481487e-01 -6.997047e-02 1.119518e-01 2.550961e-01 3.196019e-01 3.478436e-02
-1.505808e-01 -2.400191e-02 -9.810646e-02 -1.000114e-01 -2.908746e-02 -5.036758e-02 -1.263077e-01 2.986577e-02
-6.942666e-02 -8.522071e-02 -6.771588e-02 -1.032519e-01 1.168340e-01 -4.300778e-02 -1.309010e-01 -1.401023e-01
-1.145472e-01 1.019530e-01 -1.778744e-01 4.215310e-01 -9.424875e-02 -1.025360e-01 -1.646967e-01 -1.250210e-01
-5.720742e-02 -1.492335e-01 8.429438e-02 -7.200050e-02 -3.680300e-02 2.088337e-01 3.361690e-01 -9.097171e-02
-1.016180e-01 2.279541e-01 -1.228587e-01 3.810901e-01 -2.030954e-02 -7.173899e-02 -1.749137e-01 -1.568562e-01
-4.922763e-02 6.018355e-02 -1.417166e-02 3.371977e-01 -1.055672e-01 -6.912288e-02 -1.302130e-01 -4.893444e-02
-9.920684e-02 2.339824e-01 -1.884183e-01 3.952504e-02 -1.749483e-01 3.570355e-01 1.981302e-01 -5.739365e-02
-4.180452e-02 -4.613657e-02 1.045402e-01 8.834143e-02 -1.470359e-02 3.827535e-02 -1.971960e-01 -3.201973e-02
-1.355021e-01 4.057469e-01 3.357385e-02 3.654630e-01 -7.385314e-02 -1.734870e-01 1.962050e-02 1.001609e-01
1.620205e-01 -4.863141e-02 4.239702e-02 -3.032450e-02 -1.762662e-01 -3.180140e-01 5.173836e-02 1.472296e-01
-4.352260e-02 -6.324945e-02 -1.706237e-01 1.852368e-01 -2.106235e-01 -1.311634e-01 2.555385e-01 -1.688070e-01
5.025761e-01 -8.231394e-02 -4.045330e-02 -9.860861e-02 -1.377283e-01 -1.083862e-01 -5.292785e-02 6.858058e-03
1.873455e-01 -1.446311e-01 -7.415669e-02 -6.241947e-03 7.147688e-02 -6.009097e-02 -1.324795e-01 1.947327e-01
-9.325828e-02 -2.803747e-02 -8.522624e-02 -9.787146e-02 -2.505745e-02 1.260700e-01 -1.638484e-02 -2.369703e-01
7.614394e-02 -1.019049e-01 -1.980129e-01 3.892581e-02 -2.025098e-01 -1.271325e-01 3.426625e-01 1.108270e-02
-1.178269e-01 -8.139098e-02 -6.565804e-02 -2.131807e-02 2.099440e-01 -9.509794e-02 -1.122540e-01 -6.066763e-02
2.259570e-01 -6.924496e-02 -3.116004e-02 -2.895952e-02 -5.085312e-02 -2.568347e-01 -3.787825e-02 1.136422e-01
-6.797036e-02 4.879666e-01 -3.098336e-02 -8.445458e-03 -5.466519e-02 -9.631310e-02 -4.658047e-03 4.096372e-02
-9.617620e-02 -1.315907e-01 -1.288353e-01 7.840469e-02 -1.206823e-01 -1.250007e-01 5.420883e-01 -2.337077e-02
-3.141504e-02 1.055490e-01 -1.703232e-01 -1.399441e-01 4.499036e-03 5.173944e-02 -2.991178e-02 -2.648093e-01
2.519398e-01 -4.565940e-04 -1.227370e-01 -1.200532e-01 -2.533079e-01 -2.540604e-01 2.094644e-02 -2.230175e-02
4.833704e-02 -8.237504e-02 -2.195683e-02 1.827850e-01 -8.178059e-02 -8.998767e-02 4.889369e-01 6.603664e-02
-9.833370e-02 1.627597e-02 1.396710e-01 -4.889878e-02 3.066537e-02 3.328350e-01 -7.971718e-02 -6.873845e-02
5.370928e-02 -1.315917e-01 -5.492900e-02 -9.255419e-02 9.862345e-02 -1.400508e-01 -1.451552e-01 -3.623274e-02
2.582088e-01 1.358721e-01 -7.595714e-02 -8.302043e-02 -1.967331e-01 -2.071962e-02 -7.700084e-02 -2.271354e-01
2.481785e-01 -7.464012e-02 -1.524624e-01 -6.167215e-03 -9.640832e-02 -1.677498e-02 -1.069246e-01 -4.578177e-02
-2.742334e-02 3.543115e-02 -2.114279e-01 -2.294465e-01 -3.208376e-01 -1.046411e-02 9.570680e-02 -1.071364e-01
-1.266025e-01 -1.351168e-01 -2.029321e-01 -1.552573e-01 -1.071870e-01 -5.686770e-02 4.470983e-01 -1.538235e-01
4.116527e-02 1.608281e-02 -1.356515e-01 -5.545830e-02 -1.787911e-01 -2.401776e-01 6.660781e-02 -3.176676e-01
-8.777273e-02 4.092729e-02 -5.070881e-03 4.241289e-01 8.863308e-02 -6.222173e-02 -2.420776e-01 -9.996476e-02
8.909462e-02 -1.439607e-01 -1.023183e-01 -1.066664e-01 -1.086769e-02 1.495109e-01 -9.783231e-02 7.297281e-02
3.413959e-01 -4.317700e-02 -1.083215e-01 -1.085013e-01 -6.406339e-02 -8.484517e-02 -2.954175e-02 1.287550e-01
-1.544785e-01 9.613780e-02 -1.311636e-01 -7.984486e-02 -4.189089e-02 -3.695852e-02 1.163806e-01 -3.359531e-01
3.603461e-01 -1.461349e-01 -1.033282e-01 -5.111110e-02 -5.585575e-02 -1.485157e-01 -3.353894e-02 2.751270e-01
2.609149e-01 1.253821e-01 5.145269e-02 -1.733208e-01 -2.413571e-01 -1.327940e-01 -3.665601e-02 3.496864e-02
3.991885e-01 2.749383e-02 -1.151681e-01 -7.600334e-02 -1.836158e-01 -1.271713e-01 -4.000737e-02 -1.230177e-02
3.011452e-02 -7.867406e-03 1.298797e-01 -3.358895e-02 -1.138758e-01 1.586868e-01 -8.689111e-02 -7.762738e-02
4.203982e-01 -1.315321e-01 -2.221853e-02 4.815872e-02 -2.195431e-01 -2.482912e-01 -5.792940e-02 5.742803e-02
6.997212e-02 1.442321e-02 -1.719552e-01 -1.951065e-01 -8.260293e-02 -3.294381e-02 3.870788e-02 -2.042394e-03
3.998051e-01 -9.634770e-02 -3.634722e-03 -4.383315e-02 -3.317238e-02 -7.016837e-02 -1.435450e-01 1.351626e-01
-2.275409e-01 -9.604049e-02 1.456405e-01 9.554663e-02 -7.634510e-02 -1.267076e-01 -1.383417e-01 -7.839603e-02
-5.992194e-02 -4.249682e-02 -1.452513e-01 -3.991727e-02 1.864561e-01 3.394876e-01 5.146616e-02 1.431353e-02
3.765382e-01 -8.138044e-02 2.582240e-01 -5.041904e-02 -2.258689e-03 -1.333548e-01 1.821758e-01 -1.176904e-01
-2.296390e-01 -5.891528e-02 -1.347862e-01 -9.029511e-02 2.849789e-01 -9.215585e-02 -7.371174e-03 4.783003e-02
-1.880976e-01 -1.172274e-01 2.718262e-01 -4.509329e-02 -9.625607e-02 -2.210863e-01 -8.227841e-02 2.208101e-02
-1.488554e-01 -1.013214e-01 -1.583359e-01 -2.750430e-01 1.063704e-01 -9.304848e-02 8.262427e-02 2.500022e-02
-5.498511e-02 -8.898529e-02 -4.709495e-02 3.138473e-01 1.769307e-01 3.216944e-01 -9.751877e-03 -5.040495e-02
-1.208086e-01 3.998310e-02 -1.560553e-01 3.640246e-02 2.878108e-01 2.078444e-01 3.452393e-02 -2.251297e-02
4.226149e-01 -2.710700e-01 1.516148e-01 -7.161415e-02 -1.603863e-02 -1.714604e-02 6.785011e-02 7.100612e-02
-1.020854e-01 -1.013968e-01 -1.041336e-01 2.249495e-01 2.868543e-01 1.537501e-01 -8.728188e-02 -1.295784e-01
-3.205331e-01 -3.080201e-01 2.884698e-02 -1.527001e-01 -1.680364e-02 -1.521344e-01 -2.194684e-01 -7.660520e-02
5.497892e-01 -1.244167e-02 1.989749e-01 -5.375817e-02 -6.235135e-02 1.671724e-03 1.494376e-01 3.672273e-02
-2.295721e-01 4.749926e-02 -1.940391e-01 4.707714e-02 3.254713e-01 -5.591917e-02 3.638835e-02 1.285618e-01
-1.116298e-01 6.658295e-02 2.690200e-01 -2.882075e-02 -7.581112e-02 5.045817e-02 3.056613e-02 1.661601e-01
-6.155327e-02 -4.949014e-02 -1.713902e-01 -2.615637e-01 2.098497e-01 1.584060e-01 1.149231e-01 8.220159e-02
-2.462308e-01 -9.808987e-02 7.717474e-02 4.549738e-03 1.585116e-01 -1.551956e-01 -2.489564e-01 -9.080286e-02
-1.369865e-01 -1.416828e-01 2.394867e-01 -1.269701e-01 -1.919428e-01 4.431180e-03 -2.134085e-02 2.108047e-01
-1.852253e-01 1.695997e-03 -1.249059e-01 -1.109921e-01 3.001736e-01 5.228532e-02 7.022152e-02 1.148435e-01
-3.267235e-01 -2.758738e-01 -1.143110e-01 -1.493923e-02 2.590223e-01 1.998139e-02 -7.968035e-02 -9.748877e-02
-2.792475e-01 -3.430759e-01 -1.028446e-01 7.177906e-02 1.370104e-01 -4.576308e-02 -1.920853e-01 -4.995060e-02
-1.513242e-01 -1.449335e-01 -3.485788e-02 9.293314e-02 2.279131e-01 2.292485e-01 -1.696245e-01 -2.803366e-02
-2.204704e-01 -1.049218e-01 -1.439725e-01 -1.147481e-01 3.199548e-01 1.088620e-01 -1.057018e-01 -2.030415e-01
-1.352886e-01 -9.901469e-02 6.720404e-02 1.583827e-01 1.957130e-02 -1.435878e-01 -1.010629e-01 -1.901059e-01
-1.724914e-01 -8.194362e-02 -3.780587e-02 1.473711e-01 2.812670e-01 -1.576128e-01 -2.888110e-01 -1.627433e-01
1.863303e-01 -3.757349e-01 -1.946963e-02 -2.110032e-01 1.105300e-01 -5.113018e-02 9.691197e-02 1.094040e-03
-1.087581e-01 -1.653018e-02 -2.497665e-03 3.706295e-01 1.081097e-01 7.871060e-03 -2.451015e-01 -3.678338e-02
-1.500340e-01 -1.999263e-01 3.108176e-01 5.183234e-02 -1.428782e-01 -2.426061e-01 -2.895729e-01 -9.718682e-02
-1.081401e-01 -1.123410e-01 -2.127271e-01 6.614961e-02 2.015492e-01 2.042539e-01 5.274025e-02 -5.365121e-03
-9.505885e-02 -2.910367e-01 3.413659e-02 2.872770e-01 1.443689e-01 1.295560e-01 -1.074145e-01 -8.874916e-02
-1.566284e-01 -8.631958e-03 -1.932510e-01 8.909596e-02 3.867006e-01 2.048914e-02 -1.205269e-01 -6.323896e-02
1.088997e-01 -4.476609e-01 4.444801e-01 3.256326e-02 2.413400e-02 -1.825782e-01 -3.110398e-01 1.130541e-01
-1.300515e-01 -1.499405e-02 2.951711e-01 5.092585e-03 -1.319538e-01 1.777784e-02 -2.556612e-01 -8.792526e-05
4.450117e-02 -2.199289e-01 2.053102e-01 2.336746e-01 3.588794e-01 -6.014985e-02 4.825110e-02 -1.357484e-01
3.611523e-01 -1.493736e-01 -5.410264e-02 4.045763e-01 2.838801e-01 1.644219e-01 -3.502281e-02 -2.091076e-01
-3.114313e-02 1.775655e-01 -7.567504e-02 1.041178e-01 -1.064396e-01 9.880974e-02 -1.894996e-01 2.907818e-01
3.987469e-01 -8.529442e-02 -3.520337e-02 3.061039e-01 4.354117e-02 1.009724e-01 8.633785e-02 -1.151379e-01
3.583887e-01 8.619460e-02 -1.635574e-02 -5.672666e-02 -1.251250e-02 -5.076085e-02 2.770372e-01 -4.237919e-02
-9.939257e-02 5.623955e-02 1.132262e-01 2.934976e-02 -1.258814e-01 1.907416e-02 3.500374e-03 2.656660e-01
4.646004e-01 -6.692252e-02 -1.337716e-01 3.682002e-01 5.492900e-02 1.227736e-01 -1.301443e-01 -8.942904e-02
2.423783e-01 -7.446443e-02 5.198630e-02 3.507726e-01 3.276621e-01 -1.056586e-01 3.440244e-02 -8.908161e-02
-1.623393e-01 -4.374338e-02 1.802520e-01 -1.093182e-01 2.289269e-01 -1.600817e-01 -7.333658e-03 -6.988681e-02
4.682962e-01 -1.235665e-01 -1.306783e-01 1.203830e-01 -5.906899e-02 6.583077e-02 6.541405e-02 -1.576691e-01
-8.231716e-02 2.767410e-02 2.495203e-01 -3.916601e-03 4.402047e-01 -4.262436e-04 -2.634656e-03 -1.609042e-02
-7.454892e-02 -1.721734e-01 2.263414e-02 -1.119674e-01 -1.583469e-01 -1.946924e-01 -9.671976e-02 -3.471350e-02
-3.352978e-02 9.997576e-02 -8.283843e-02 -1.992707e-02 -1.382938e-01 7.115655e-02 -1.343448e-01 3.849014e-01
-4.583291e-02 -4.850267e-03 1.331826e-01 -9.890194e-03 -6.669942e-02 -3.335466e-02 2.150941e-02 -5.264568e-02
-4.211088e-02 -6.006353e-02 -5.381845e-02 2.900590e-01 -9.281764e-02 7.181295e-02 -1.532714e-02 2.484947e-02
2.494217e-01 -7.156570e-02 2.397046e-02 3.292767e-01 4.411338e-01 6.226059e-02 -2.598108e-02 -8.689714e-02
1.778376e-01 -1.230616e-01 -1.545537e-02 2.910627e-01 4.500367e-01 -2.609500e-02 4.323086e-02 -8.688993e-02
2.270956e-01 -2.455308e-01 1.210921e-02 4.679372e-01 2.861166e-01 4.553034e-02 1.448705e-01 -1.848039e-01
-1.389215e-01 -8.659071e-02 2.621190e-01 6.285099e-02 3.674358e-01 -4.493526e-02 1.175154e-03 -1.018881e-01
1.706144e-01 -1.684017e-01 -1.028277e-01 8.129501e-02 -5.865024e-02 -1.394541e-02 -9.674593e-03 -1.625936e-01
2.654670e-02 -1.322271e-01 3.413718e-01 5.183884e-02 5.409557e-02 3.842178e-02 2.144211e-02 -3.600914e-02
-3.338540e-02 -1.679808e-01 2.855814e-01 4.226231e-02 2.228162e-01 -1.102951e-01 2.323581e-02 1.022315e-01
4.909863e-01 -5.288330e-02 -1.365112e-01 1.626454e-03 -8.541548e-02 7.502280e-02 1.252483e-01 -6.273890e-02
4.397347e-01 -1.381050e-01 -1.031796e-01 4.553266e-01 1.663817e-01 -1.049686e-02 1.283176e-02 -1.586962e-01
5.273654e-03 -6.542572e-02 2.784301e-01 1.564703e-01 4.205855e-01 1.065683e-01 1.357213e-01 -1.364787e-01
3.396167e-02 3.250799e-02 -6.912457e-03 9.581871e-02 5.180539e-01 1.724350e-02 5.129812e-02 -6.036739e-02
-1.341157e-02 6.020111e-02 3.946291e-03 -1.270537e-01 -1.087473e-01 4.917885e-04 -1.023948e-01 3.151095e-01
8.595196e-02 -2.543168e-02 7.043443e-02 1.442683e-01 3.597187e-01 -7.323800e-02 -1.089099e-01 1.015128e-01
1.913628e-01 -1.017278e-01 -9.418892e-02 2.633547e-01 4.508821e-01 1.206813e-02 -4.418258e-02 -7.427002e-02
3.015586e-01 -7.874053e-02 -1.665186e-02 4.073257e-01 3.155620e-01 2.902655e-02 -9.909096e-03 -1.237968e-01
3.771765e-01 -1.160201e-02 -9.269121e-02 -3.976773e-02 -5.576862e-02 1.859160e-01 1.339685e-01 -3.900488e-02
-8.436225e-02 -9.206990e-02 2.213339e-01 1.918789e-01 -1.056165e-01 2.159462e-02 -8.689803e-03 -1.504788e-02
