32
2.15900660e-01 -6.96566328e-02 4.73993838e-01 -4.00916487e-02 -2.06169084e-01 -4.87889759e-02 1.29863665e-01 -5.96730784e-02 -2.80464515e-02 -3.21070611e-01 4.34233040e-01 1.12568438e-01 -4.44659740e-02 2.16943100e-01 1.67536351e-03 2.19959323e-03 1.13801941e-01 -2.12928906e-01 1.36164874e-01 8.82614106e-02 -1.51238032e-02 1.29940256e-01 2.07812022e-02 -1.47627905e-01 2.14166995e-02 6.62568677e-03 -1.18910661e-02 -2.34354660e-01 -9.63710994e-03 1.85081229e-01 2.46137828e-01 -1.68334171e-01
1.17287129e-01 2.45577604e-01 3.68033141e-01 -3.08881551e-01 6.57528564e-02 1.34338886e-01 -1.26400441e-01 1.32987857e-01 2.11302295e-01 1.88972920e-01 -1.23703163e-02 -9.96023268e-02 -4.12484305e-03 -8.99665151e-03 -1.77289501e-01 1.75003558e-01 -1.57095775e-01 -2.65511572e-02 2.00168431e-01 8.72384161e-02 1.86011612e-01 -3.92483264e-01 1.26192316e-01 6.50122911e-02 3.16655666e-01 -8.53734314e-02 -1.21281110e-02 -9.76981409e-03 -2.46846508e-02 -7.43407235e-02 1.01316400e-01 2.83544749e-01
-3.62692386e-01 3.63301449e-02 3.34977150e-01 1.46736456e-02 -1.54849470e-01 1.49598688e-01 -1.85546856e-02 -3.60026628e-01 6.48520049e-03 -1.12521753e-01 -1.76895812e-01 -9.31917280e-02 -1.88401900e-02 -2.00905770e-01 2.05572963e-01 9.60013736e-03 -1.83268771e-01 -8.56945291e-02 9.08968300e-02 2.18241483e-01 1.11146487e-01 1.02626868e-01 -2.79896498e-01 -5.41287996e-02 9.86051038e-02 -5.93354590e-02 -6.42600954e-02 3.72570962e-01 -8.24564770e-02 2.18623206e-01 -1.59094855e-01 -7.46222064e-02
1.95097253e-01 1.33597314e-01 7.60554969e-02 6.83522761e-01 2.02912778e-01 9.35778692e-02 -7.75761902e-02 3.21664885e-02 6.91059455e-02 -1.58380568e-01 -8.75501484e-02 -4.88259755e-02 2.58010253e-02 7.29515031e-02 1.99882776e-01 1.05819620e-01 -2.91565925e-01 6.89262673e-02 2.12057322e-01 -2.13084549e-01 3.50577943e-02 -1.24042921e-01 1.02928117e-01 2.41644997e-02 1.19257189e-01 1.44701665e-02 9.12600011e-02 -1.07983112e-01 1.58011392e-01 1.62383839e-01 -9.51048508e-02 -1.19749792e-01
4.35171388e-02 1.00273425e-02 -1.35307714e-01 1.02238245e-01 5.64597309e-01 1.15313657e-01 3.90415415e-02 -1.97216824e-01 -5.43579906e-02 5.13121262e-02 8.38087499e-02 -8.71068537e-02 1.02434583e-01 9.63509828e-03 3.65811959e-02 -1.16845354e-01 1.52143106e-01 -3.40057403e-01 -1.66817337e-01 4.25420523e-01 2.12669849e-01 1.04000874e-01 9.47009102e-02 -9.49535146e-02 1.59014583e-01 1.23530492e-01 -3.56175974e-02 -1.68559179e-01 -1.00597247e-01 1.21215641e-01 -5.15626781e-02 1.77928835e-01
8.43121484e-02 -2.62249440e-01 6.90775737e-02 1.86047807e-01 5.44576496e-02 4.46755260e-01 -6.03231303e-02 2.91703343e-01 -4.24089879e-02 6.37873635e-03 -2.04096851e-03 6.25395253e-02 8.40564221e-02 -1.43055826e-01 -5.94519228e-02 -2.72243887e-01 -9.36802104e-02 1.71719387e-01 -5.91713488e-02 1.40439793e-01 -1.73217267e-01 1.08107358e-01 -1.25754178e-01 8.10268745e-02 -4.31862809e-02 -3.70572746e-01 -4.07281779e-02 5.14753386e-02 -1.93674758e-01 9.11992043e-02 3.73487711e-01 1.67727262e-01
-7.88119882e-02 1.67209879e-01 -1.33425444e-01 8.94200876e-02 -2.16303229e-01 -9.27341953e-02 6.18693054e-01 -2.52699137e-01 8.43659714e-02 1.20501295e-02 8.04930553e-02 -8.77375379e-02 1.93686470e-01 7.62910992e-02 -1.10351399e-01 -2.76483828e-03 -2.19313100e-01 2.39338800e-01 -2.46784948e-02 6.23765402e-02 7.00994208e-02 6.05568662e-02 6.08357377e-02 2.08885595e-01 -4.84569976e-03 -1.75989181e-01 -8.81395042e-02 -1.97410479e-01 1.59388743e-02 1.26443878e-01 2.05737371e-02 3.17568809e-01
-2.09966004e-01 1.05660155e-01 7.81781599e-03 4.16445918e-02 -1.65191554e-02 -2.05672219e-01 2.84570158e-01 6.05219722e-01 8.72336999e-02 -8.44359398e-02 -1.36085108e-01 -5.04668728e-02 -1.21355489e-01 1.15641363e-01 2.20146671e-01 -2.09749773e-01 1.91196635e-01 -1.46340638e-01 1.27727166e-01 1.67767197e-01 2.27072671e-01 4.27955091e-02 1.56826392e-01 2.16475964e-01 3.82969007e-02 -3.15006562e-02 6.23395741e-02 2.11958587e-01 5.29553788e-03 1.15962744e-01 1.97866578e-02 -6.57633543e-02
-7.73317590e-02 -2.39307806e-02 -1.22366890e-01 -1.51975662e-01 1.37981892e-01 -6.06800318e-02 -1.16869844e-01 2.25783940e-02 6.60892725e-01 -2.78395653e-01 -3.43147852e-02 1.41616896e-01 2.50490338e-01 1.44764349e-01 6.36800826e-02 -9.64407399e-02 -3.62425335e-02 2.12955862e-01 2.37703826e-02 5.53823635e-02 -1.68454170e-01 -4.90781479e-03 7.83039704e-02 -2.11582690e-01 1.25867547e-02 1.01383142e-01 -3.43900979e-01 4.45327386e-02 -9.70671549e-02 1.12030447e-01 -1.13534182e-02 -5.93968369e-02
-1.11710921e-01 -1.92831680e-01 2.73051053e-01 3.13947916e-01 -5.68401963e-02 -1.23236515e-01 -2.09043138e-02 1.75843630e-02 1.92465886e-01 5.35308778e-01 1.30987078e-01 -2.89525181e-01 1.20338365e-01 1.37983188e-01 -7.92002231e-02 8.51470679e-02 2.53195226e-01 2.12648109e-01 -1.52270854e-01 1.29058689e-01 1.16880490e-02 -7.67546594e-02 -9.74660069e-02 6.81672618e-02 1.97490142e-03 8.70349258e-02 -1.35194495e-01 -4.02755216e-02 -9.82923135e-02 -1.41867076e-03 -1.46593079e-02 -2.82359689e-01
-3.04759204e-01 -2.76886493e-01 -1.07240574e-02 1.08073682e-01 1.05851196e-01 1.27874896e-01 2.92981006e-02 1.98267233e-02 1.44188002e-01 -5.49628101e-02 4.86463457e-01 1.25777081e-01 5.58189899e-02 6.66050240e-02 -2.40667118e-03 1.05944186e-01 1.75634455e-02 -9.43067670e-02 1.46069854e-01 8.29739571e-02 -9.33683850e-03 -1.44864678e-01 2.74415594e-02 -1.01223709e-02 -1.53939828e-01 -2.25851148e-01 1.39572263e-01 1.91215575e-01 3.48936260e-01 -2.84659266e-01 -2.63000518e-01 1.80927590e-01
2.46668965e-01 7.03409240e-02 -2.53954008e-02 1.36154145e-01 -2.68716127e-01 1.68093532e-01 1.66263431e-01 -1.91480126e-02 2.64672637e-01 2.29223788e-01 -5.69134392e-02 5.87839603e-01 1.36980386e-02 -2.77884811e-01 1.80454850e-01 1.54527128e-01 9.84575227e-02 -1.87205330e-01 -2.37952828e-01 1.08643018e-01 2.97644511e-02 2.19895802e-02 1.01534508e-01 5.99276572e-02 1.54428214e-01 1.02470201e-02 -1.69619247e-02 4.50787209e-02 3.31659913e-02 -1.07288815e-01 -6.03831820e-02 -1.01712607e-01
-9.82131884e-02 2.58595169e-01 2.05774054e-01 7.29161128e-02 6.87078312e-02 1.08916331e-02 -2.08674565e-01 -2.27438733e-01 5.43588400e-02 5.08283153e-02 -2.96776295e-02 1.09335497e-01 1.97693899e-01 -4.37706336e-02 1.66218616e-02 -1.98552430e-01 6.40644580e-02 -1.35405451e-01 2.21884757e-01 -3.45673263e-02 -5.03693521e-02 1.52730986e-01 2.01712936e-01 4.77506161e-01 -4.30809945e-01 1.75039038e-01 -6.99220151e-02 -3.72368656e-03 -3.81423496e-02 -2.21582994e-01 1.88973188e-01 4.24783044e-02
-7.78657272e-02 -1.90093994e-01 1.43303022e-01 1.25440389e-01 -9.02337059e-02 -2.23725036e-01 -1.05934307e-01 -8.07804614e-02 -9.44008231e-02 5.13013676e-02 -4.31731820e-01 3.45144898e-01 2.78610706e-01 4.44516599e-01 -5.61758541e-02 -6.54633120e-02 4.94831651e-02 -4.73921001e-02 4.22934182e-02 7.68725993e-03 1.69360861e-01 -1.52601488e-02 -6.17331527e-02 -2.13528723e-01 4.16232012e-02 -1.53818220e-01 2.20917895e-01 -6.38781190e-02 -1.11318767e-01 -1.25017852e-01 3.81971331e-04 2.33888581e-01
1.48187578e-01 6.00771308e-02 -1.48971498e-01 -2.98896637e-02 -9.73694474e-02 -7.54740462e-02 -1.93997726e-01 -8.99100378e-02 2.32624054e-01 1.26659021e-01 1.69129103e-01 -1.71491519e-01 -2.45106712e-01 1.17209554e-01 6.17511332e-01 5.54138944e-02 4.41228226e-02 8.07297379e-02 6.21929094e-02 -2.89186612e-02 1.44981071e-01 1.74596578e-01 -2.14044899e-01 -2.92017460e-02 -6.18397146e-02 -1.43344462e-01 1.23071514e-01 -9.42821354e-02 -1.72339126e-01 -1.44497782e-01 1.31633192e-01 2.76436418e-01
-3.70702408e-02 -3.30599621e-02 2.53284514e-01 -1.05874054e-02 2.58325130e-01 -2.18742982e-01 1.37543038e-01 2.38647059e-01 -2.55761325e-01 -1.04788326e-01 -1.17338561e-02 1.16578825e-01 9.13543627e-02 -3.58005278e-02 2.53483444e-01 5.10469317e-01 -1.84732780e-01 1.02041490e-01 -1.62821040e-01 1.21990964e-01 -2.27767050e-01 8.49538073e-02 -6.32061958e-02 5.84932640e-02 -8.74548852e-02 1.54035300e-01 -2.13141114e-01 2.08733100e-02 -1.57969981e-01 -1.71521142e-01 -8.38772859e-04 1.84868678e-01
-1.12798117e-01 6.48790449e-02 6.98616058e-02 -3.81862074e-02 2.04641342e-01 4.88405563e-02 2.07812726e-01 -5.26998378e-02 2.13853955e-01 -1.44442707e-01 -2.07405284e-01 -1.41515270e-01 2.02628613e-01 -2.80650675e-01 -2.96324529e-02 2.73896694e-01 4.09516752e-01 7.86939189e-02 7.31142014e-02 -1.14536338e-01 -9.12576020e-02 1.27057299e-01 -1.48832873e-01 -9.55326706e-02 5.86035214e-02 -5.16332835e-02 4.14209604e-01 -8.56213048e-02 1.69534311e-01 -6.57317340e-02 3.04676861e-01 -4.62454669e-02
1.48939714e-01 1.84737399e-01 1.66857824e-01 6.59107268e-02 9.33278725e-02 9.02996585e-03 -6.31154254e-02 -7.24547878e-02 -7.15965480e-02 -1.96628705e-01 6.44957125e-02 2.24032030e-01 -2.74841905e-01 1.53947119e-02 -1.38863415e-01 -1.47101015e-01 2.75751501e-01 6.27549827e-01 -6.89063594e-02 2.12989911e-01 1.67561010e-01 5.90715818e-02 -6.65486380e-02 6.58974722e-02 4.08084877e-02 1.65039361e-01 1.08124681e-01 1.36955187e-01 8.84941071e-02 -4.60741520e-02 -1.76879272e-01 1.33203611e-01
1.00810975e-01 -1.82957366e-01 -5.10542803e-02 -3.20154876e-02 -2.26076804e-02 9.60637331e-02 2.37230942e-01 -8.79662707e-02 -1.85205877e-01 2.69280970e-01 -1.13608845e-01 -1.81627122e-03 -4.10094634e-02 -7.93557465e-02 1.89825013e-01 -7.65621811e-02 1.01456270e-01 1.80615470e-01 6.18325889e-01 1.56732276e-01 -2.04600513e-01 -7.67974067e-04 2.66509771e-01 -2.98768342e-01 3.35938223e-02 1.74636409e-01 -1.24629043e-01 5.09015210e-02 2.42360681e-02 -7.72353038e-02 1.21922391e-02 3.11164055e-02
1.77799180e-01 6.87098205e-02 -1.81225315e-01 4.90163863e-02 -7.44359791e-02 -2.97822896e-02 -1.16743013e-01 -6.91037849e-02 1.06194444e-01 -5.61384372e-02 -2.44479895e-01 -1.07443944e-01 -2.45903596e-01 2.66058087e-01 -2.14737579e-01 2.99972117e-01 -4.01552282e-02 -1.07584640e-01 9.47742835e-02 5.51236629e-01 -3.15815926e-01 8.21388587e-02 -2.38232613e-02 1.51705056e-01 -1.30714923e-01 -1.96120769e-01 5.44118434e-02 3.59384157e-02 1.42160237e-01 -5.75648481e-03 2.51514222e-02 -1.17125563e-01
1.32963926e-01 -2.62848526e-01 -1.34135365e-01 -6.85893521e-02 -1.39882460e-01 1.99543998e-01 -1.22620486e-01 1.72594041e-01 1.92716271e-02 -6.70194924e-02 -3.85797583e-02 -4.62442152e-02 2.05526158e-01 -5.75794838e-02 -1.63520709e-01 3.52619588e-01 -1.43875601e-02 6.38179258e-02 2.26743296e-01 1.21987639e-02 5.50316632e-01 3.52300644e-01 -1.90539286e-02 9.74678695e-02 -1.57358631e-01 1.60755023e-01 -1.13404959e-01 -5.94331138e-02 9.89281479e-03 9.55503732e-02 -1.10910013e-01 -2.28534709e-03
-1.42727479e-01 9.39730480e-02 1.28733709e-01 1.52715132e-01 2.21648552e-02 -7.75570646e-02 7.89666474e-02 2.01201767e-01 2.52593338e-01 1.29208148e-01 -1.63961481e-02 2.85223182e-02 -3.07445914e-01 -1.63850740e-01 -3.19588721e-01 -1.57920420e-01 -2.69597441e-01 -1.37108266e-01 1.12383313e-01 -1.71581153e-02 -7.48137459e-02 3.82428318e-01 -1.93420485e-01 -2.59199113e-01 -1.68679599e-02 1.73736244e-01 5.27140908e-02 -2.53235966e-01 -6.78200498e-02 -2.21626669e-01 -1.50419220e-01 1.14381753e-01
-2.75068671e-01 2.90280506e-02 2.25687753e-02 6.18344583e-02 -4.79854904e-02 7.41973221e-02 -1.49598956e-01 -7.60676339e-02 -2.50051916e-02 3.16324867e-02 6.22031577e-02 -5.34930043e-02 -1.60594821e-01 1.06843710e-01 -6.29427880e-02 1.93660304e-01 -4.78179045e-02 1.08855695e-01 -1.98320359e-01 -1.13662511e-01 5.71216084e-03 3.95425886e-01 6.56013906e-01 -1.38628870e-01 2.09914848e-01 -1.07199997e-01 7.11914971e-02 1.67917177e-01 -8.12814310e-02 -2.35867612e-02 1.66665852e-01 6.72904681e-03
1.46816000e-02 -2.62267739e-01 -7.26291016e-02 -8.69708434e-02 3.85152191e-01 -1.83396548e-01 1.40433550e-01 -1.98291123e-01 9.05105174e-02 1.30032748e-01 6.71621561e-02 2.90273905e-01 -2.70647317e-01 6.36950657e-02 -1.38669550e-01 9.34328064e-02 -5.93202338e-02 -1.98196562e-04 2.52106011e-01 -2.32246459e-01 4.09888364e-02 8.12356845e-02 -1.32001609e-01 3.42899084e-01 1.98331296e-01 -1.22421831e-01 2.10515596e-02 1.53020993e-01 -2.51605660e-01 1.38526589e-01 8.16514120e-02 -1.62377343e-01
-6.61970824e-02 4.85356376e-02 -1.49159223e-01 -1.57549535e-03 -1.90113306e-01 -8.38768631e-02 -2.31450394e-01 9.37601626e-02 -1.16453044e-01 -5.70256524e-02 2.04592615e-01 -1.42567838e-02 3.39054525e-01 -3.06353625e-02 1.94470342e-02 -6.36177436e-02 2.66354457e-02 1.85553581e-02 1.79130331e-01 1.08374596e-01 -2.85204232e-01 1.95165783e-01 -1.03309609e-01 2.82663226e-01 5.86434484e-01 1.04535542e-01 1.64070264e-01 -8.62373188e-02 -8.35444406e-02 -7.00124279e-02 -1.73819318e-01 1.01949591e-02
-2.93957829e-01 3.37783583e-02 -1.64841816e-01 9.83014330e-02 -8.89381319e-02 4.10837024e-01 1.01059489e-01 -1.10469470e-02 -4.03150953e-02 -6.89521655e-02 -4.07266505e-02 6.91237375e-02 -1.83539391e-01 3.75469923e-01 -5.48155047e-03 8.90517384e-02 5.09203412e-02 -5.78161776e-02 -1.86730996e-02 -7.77695104e-02 2.28104014e-02 -1.23254769e-01 -2.49449044e-01 7.19033480e-02 1.92500159e-01 4.14376050e-01 -1.90752432e-01 -1.56392176e-02 8.20374489e-02 -1.66645020e-01 3.39403510e-01 5.10777906e-02
1.21616945e-01 -3.23203981e-01 4.30658199e-02 -1.37515888e-01 -1.69374663e-02 3.01416852e-02 1.30853862e-01 -5.83696365e-02 1.41426280e-01 -4.19677645e-02 -1.06931562e-02 -1.09356672e-01 5.22696711e-02 4.07790467e-02 8.72933865e-02 -1.40301496e-01 -4.18841660e-01 7.59438723e-02 -1.68805704e-01 1.79368734e-01 3.95232812e-02 -8.21162090e-02 1.19667165e-01 1.05915703e-01 -4.87409011e-02 4.00822103e-01 5.25109887e-01 9.78743359e-02 -4.96507399e-02 -1.27594054e-01 1.14496455e-01 -1.29636452e-01
2.42797002e-01 3.09738994e-01 -4.15741988e-02 4.88607511e-02 3.16190347e-03 1.69122756e-01 1.49367124e-01 7.61546493e-02 1.77983064e-02 1.30003095e-01 1.65087804e-01 -5.27635925e-02 2.02243775e-01 2.53015488e-01 -1.44732133e-01 8.82428959e-02 7.25148916e-02 -1.19397216e-01 3.31812911e-02 -1.65279746e-01 -1.54231578e-01 9.33514386e-02 -1.12347797e-01 -1.69808805e-01 -1.59315675e-01 1.36191919e-01 1.97387144e-01 5.10540664e-01 -2.93671906e-01 1.47232413e-01 -1.23734377e-01 1.21236287e-01
3.85650359e-02 5.24643064e-02 1.23888940e-01 -2.42057011e-01 1.49504721e-01 1.98637042e-02 -4.78971452e-02 6.47997111e-02 -2.55354885e-02 3.56453419e-01 -2.11102832e-02 1.05729498e-01 9.74018052e-02 2.03640133e-01 1.41881302e-01 -9.64539349e-02 -1.61492229e-01 4.67195250e-02 -9.24027413e-02 -6.32282868e-02 -8.11257139e-02 3.26835275e-01 -1.24518603e-01 2.24765204e-02 3.78808528e-02 3.42445597e-02 -7.89847784e-03 3.35565954e-02 6.39259458e-01 2.94477791e-01 4.99018617e-02 3.14295851e-02
-3.19494754e-01 -1.44394916e-02 -4.91766371e-02 -1.57720689e-02 -8.85877162e-02 5.82173169e-02 -1.54596731e-01 6.83265999e-02 2.14561466e-02 1.22446649e-01 4.78557944e-02 2.21221119e-01 -1.35026425e-01 -7.91161358e-02 3.25557962e-02 1.67272821e-01 6.79212958e-02 4.53821644e-02 4.93654683e-02 6.48239627e-02 -1.58454761e-01 -2.02129841e-01 8.03796947e-02 3.40730771e-02 -2.13239059e-01 1.92750484e-01 2.86600620e-01 -2.80495852e-01 -1.43050805e-01 5.83030939e-01 -5.26152328e-02 2.03791663e-01
-1.81617658e-03 5.48453853e-02 -2.04593763e-01 2.32674927e-01 -7.68122971e-02 -4.43682820e-01 -1.67013019e-01 -1.00234179e-02 -4.04324159e-02 4.44316790e-02 1.90075964e-01 8.90080854e-02 7.23654702e-02 -2.60515004e-01 -1.46413863e-01 3.38483937e-02 -1.24440528e-01 -2.48306654e-02 6.79978877e-02 1.57263801e-01 1.52891695e-01 -9.87718105e-02 -9.00932550e-02 -1.85939252e-01 2.32187472e-02 1.40954629e-01 -4.04165797e-02 3.00516874e-01 1.59660533e-01 9.50213671e-02 4.95266676e-01 1.15999773e-01
2.01951027e-01 -3.82947832e-01 1.42405197e-01 1.19367719e-01 -1.29121155e-01 -1.18019573e-01 -1.41605884e-02 -7.80594423e-02 1.62867993e-01 -1.29096985e-01 -1.62257999e-01 -2.13681355e-01 -1.47440150e-01 -7.95100927e-02 -5.43766282e-02 -3.74198072e-02 2.11264893e-01 -1.96263164e-01 -1.04085550e-01 -1.97516263e-01 -1.89302757e-01 2.50030067e-02 8.35237876e-02 1.81138992e-01 1.10680945e-01 1.88261330e-01 -1.31683663e-01 1.63291529e-01 1.42028362e-01 1.29415169e-01 -8.35957900e-02 4.98692542e-01
7.83656001e-01 4.78455648e-02 -3.97838317e-02 -8.03393200e-02 1.23210974e-01 2.57849004e-02 1.86631996e-02 1.93091661e-01 -1.74567364e-02 -1.71698183e-01 1.70811534e-01 3.57502587e-02 6.17505889e-03 3.36072640e-03 -6.54184371e-02 1.29147530e-01 -7.44038448e-02 1.16177179e-01 3.24810743e-02 6.64509460e-02 -4.52419035e-02 -1.94621012e-01 -2.14147151e-01 -1.50402382e-01 -9.84045416e-02 2.07866102e-01 -1.45771235e-01 5.33174016e-02 1.08614646e-01 5.36204278e-02 -1.07268117e-01 6.89949691e-02
-1.06106691e-01 8.80776584e-01 4.16384675e-02 -7.20574288e-03 7.15043843e-02 1.35763943e-01 -5.90745546e-02 -1.63069908e-02 -6.45258799e-02 6.23505302e-02 4.74322867e-03 2.31167171e-02 -1.26979058e-03 -1.07322514e-01 -1.02469839e-01 -2.31079645e-02 -3.60092595e-02 7.32334033e-02 -1.72230974e-01 1.09549627e-01 1.47502542e-01 3.57280509e-03 -3.41896266e-02 -5.50704114e-02 1.28525585e-01 1.16171904e-01 -1.24934591e-01 1.93425938e-02 -4.18688841e-02 8.37212726e-02 1.48555577e-01 4.00218219e-02
9.39194951e-03 -1.21240661e-01 7.53967583e-01 1.77973345e-01 -3.20272781e-02 -8.98336396e-02 5.30609861e-02 -2.19151333e-01 -6.39731362e-02 -8.64248574e-02 2.50552762e-02 -4.66683209e-02 1.04335465e-01 -4.84941155e-02 1.60143107e-01 1.21069342e-01 5.59947162e-04 5.51630296e-02 -2.55039930e-01 1.21347971e-01 2.23293737e-01 -5.92618957e-02 -7.01278448e-02 -2.99330190e-04 1.67802632e-01 5.15994243e-02 -1.73140630e-01 4.35970947e-02 2.48084087e-02 -2.64016800e-02 -2.22673997e-01 -5.02472073e-02
-7.57930651e-02 2.02271417e-02 9.02253687e-02 7.25526869e-01 1.26296267e-01 8.81533399e-02 -1.16906371e-02 1.45829424e-01 1.02788091e-01 6.49675801e-02 -8.94239359e-03 -2.08071712e-02 2.19625607e-02 1.21366382e-01 -1.28087491e-01 1.12529255e-01 -1.54152475e-02 1.20602369e-01 2.54451752e-01 2.47604519e-01 -1.44913524e-01 5.93640730e-02 -1.09901123e-01 -1.11955300e-01 -2.36100078e-01 1.96971986e-02 3.38601209e-02 -2.34641016e-01 -2.06944019e-01 7.19141401e-03 2.92227697e-02 9.25915465e-02
-1.18868642e-01 -8.29781443e-02 6.13889620e-02 -8.90473127e-02 7.83137381e-01 2.23184302e-01 6.36736229e-02 -8.87832663e-04 5.48923090e-02 -1.64817318e-01 4.56875116e-02 -1.34603411e-01 -8.72198716e-02 1.89557776e-01 -8.48322883e-02 1.70010515e-02 1.50863314e-02 -8.44655260e-02 6.58190204e-03 -9.74829309e-04 2.34754551e-02 -9.06580836e-02 -5.74549399e-02 1.29150003e-01 9.30830836e-02 -3.11970025e-01 -1.20023683e-01 1.61261111e-01 3.04968785e-02 8.62454325e-02 8.56394470e-02 2.11609863e-02
-1.43234149e-01 -1.11090049e-01 6.45503104e-02 -3.92014123e-02 -2.29360670e-01 7.64372826e-01 6.77318918e-03 1.03653267e-01 8.25272128e-03 -4.68897261e-02 2.23483577e-01 -1.15965731e-01 2.70065993e-01 5.52429631e-02 8.49703476e-02 1.63077608e-01 -6.44830987e-02 1.66613851e-02 -9.16186050e-02 -8.13763589e-02 -9.26235244e-02 -4.46623825e-02 -7.77168851e-03 -3.89379375e-02 -7.46471388e-03 1.50072202e-01 1.18715636e-01 7.70018017e-03 2.13533819e-01 7.66632184e-02 1.35919794e-01 -5.98058477e-03
-5.99858947e-02 2.60180868e-02 2.56171525e-02 -1.85676217e-02 2.89968923e-02 -1.11924835e-01 9.09083009e-01 1.05646374e-02 3.31952013e-02 -2.84801889e-03 -3.29861790e-02 6.29050359e-02 2.67716181e-02 -1.29443005e-01 -3.44540775e-02 -9.01519880e-03 -1.76696964e-02 1.01788983e-01 -5.60902953e-02 4.82495464e-02 -9.10291821e-02 -1.34773348e-02 1.43821863e-02 -3.61458175e-02 -5.31452820e-02 4.77448069e-02 1.00081004e-01 -4.05836701e-02 1.82100132e-01 -3.04220803e-02 1.92323223e-01 1.26278594e-01
-5.27618416e-02 -4.89018150e-02 1.10714577e-01 2.75132880e-02 -1.75752044e-02 -1.62668020e-01 -7.74807781e-02 7.71202803e-01 7.56391659e-02 -9.35603529e-02 -1.23345330e-02 -5.79225682e-02 -4.96932529e-02 -9.56073627e-02 1.00798018e-01 5.75753860e-02 7.66121149e-02 2.73981363e-01 -1.48928016e-01 3.43141444e-02 1.20360561e-01 1.46749169e-01 2.72802442e-01 1.02557898e-01 3.30168121e-02 -4.79973592e-02 3.93364904e-03 2.16497868e-01 2.31775828e-02 7.62972236e-02 1.54728472e-01 -7.33645037e-02
-8.88215750e-02 2.66582239e-03 -8.77443478e-02 -1.86943263e-01 -1.75681114e-02 -6.62834421e-02 1.51432082e-02 -3.17711681e-02 7.79373527e-01 1.26085773e-01 8.65949169e-02 3.19094919e-02 1.84936687e-01 1.15351483e-01 1.58754274e-01 -1.20021626e-02 -4.50886078e-02 7.22971410e-02 3.56831811e-02 2.11504489e-01 3.26610990e-02 1.82697088e-01 -1.43475130e-01 -1.08632579e-01 1.39528319e-01 5.00748381e-02 -1.22756511e-01 5.59525192e-02 -1.79238860e-02 1.60638899e-01 -1.92421034e-01 1.24087490e-01
1.33296400e-01 4.81591895e-02 7.49410465e-02 1.99075609e-01 1.23209327e-01 -3.93325388e-02 6.66800737e-02 1.60727844e-01 1.27477884e-01 6.74488902e-01 3.09715644e-02 2.94659231e-02 4.12034020e-02 5.22198118e-02 2.03097332e-02 2.57958397e-02 2.12884918e-02 -4.09868538e-01 -7.54255950e-02 -2.84009159e-01 2.97424644e-02 -1.38393417e-01 5.45019284e-02 3.02218902e-03 -2.29028352e-02 7.09858015e-02 -3.53717767e-02 9.61911902e-02 1.90806881e-01 3.72756682e-02 -1.16859647e-02 -2.78080374e-01
4.11106646e-02 3.32360156e-02 -1.35434046e-01 1.57082707e-01 3.52310427e-02 -9.55142230e-02 2.15584133e-02 -2.00095087e-01 -8.64562020e-03 6.93225022e-03 8.50276113e-01 1.23428151e-01 -2.77407747e-02 -6.46804497e-02 8.90424848e-02 -1.09586874e-02 1.19306736e-01 9.03054699e-02 -9.53255445e-02 4.11271043e-02 5.64593188e-02 8.96762535e-02 2.21426934e-01 8.22813511e-02 -6.08618259e-02 -1.52358413e-01 6.66695610e-02 5.15370965e-02 -6.35464266e-02 -7.59331360e-02 3.00573148e-02 -8.40795934e-02
1.23035386e-02 -4.14105095e-02 -4.76849228e-02 1.97113246e-01 -7.76313916e-02 1.55890897e-01 -1.68775693e-02 -5.20145334e-02 1.51612550e-01 -2.51679033e-01 -1.80420175e-01 8.16204786e-01 -5.62224761e-02 2.30525043e-02 -1.23877905e-01 6.68903813e-02 1.09291121e-01 -9.72107574e-02 -1.34710371e-01 -4.23051901e-02 5.18949144e-02 -2.38118470e-02 4.35837023e-02 7.58525282e-02 -1.86749944e-03 -7.92827979e-02 -9.08016115e-02 1.46823838e-01 9.08385366e-02 1.11275904e-01 3.72885726e-02 -6.88787475e-02
2.86207825e-01 6.68864325e-02 -5.81643842e-02 5.64049669e-02 1.23583511e-01 -4.06185584e-03 -5.93363121e-02 -1.22652255e-01 3.39181386e-02 4.36690114e-02 -2.30207279e-01 1.76438000e-02 7.15541124e-01 -5.67828938e-02 1.60243943e-01 -2.05544662e-02 4.99460846e-02 1.33242622e-01 1.40855340e-02 -1.76156331e-02 2.83795055e-02 1.83995217e-02 1.82708383e-01 2.79208869e-01 -1.15504032e-02 -2.02813670e-01 3.28444205e-02 -5.01255170e-02 -5.78046069e-02 -2.26408571e-01 2.00736061e-01 5.00882566e-02
1.15112737e-01 7.47829154e-02 -1.09806888e-01 1.18562408e-01 -1.42412707e-01 -4.11788858e-02 7.79008940e-02 -9.96585488e-02 -4.68840152e-02 -9.19305626e-03 -9.27937329e-02 -8.86261240e-02 -1.63199171e-01 8.31472158e-01 1.85499877e-01 -8.51583481e-02 -4.58072498e-02 1.99758410e-01 -1.97356731e-01 9.41291265e-03 9.02722031e-02 1.96804106e-03 8.74004960e-02 2.59076115e-02 5.51549681e-02 2.20377706e-02 -2.94189039e-03 2.99885105e-02 1.11080840e-01 -7.38940910e-02 1.26657978e-01 -5.38003147e-02
6.17256481e-03 -4.93790675e-03 -8.26948136e-02 1.07357204e-01 1.36367619e-01 2.32462250e-02 -1.04057398e-02 2.08761524e-02 -1.15529075e-01 -4.53958251e-02 -4.64791246e-02 1.24719359e-01 -1.11917809e-01 -1.50115475e-01 8.22346926e-01 -1.59386367e-01 1.42835649e-02 -1.04743600e-01 3.26183662e-02 2.45356513e-03 -6.95986673e-02 -1.33579478e-01 -1.22458585e-01 -1.61640286e-01 7.13691041e-02 5.93447685e-02 3.14664282e-02 -6.12969212e-02 -1.26337305e-01 2.23934039e-01 1.79315001e-01 6.61109164e-02
7.44523406e-02 2.72113308e-02 -1.33354291e-01 -7.19749406e-02 -5.42283617e-02 3.61372940e-02 4.32512872e-02 -1.20574608e-01 -5.93172386e-02 2.13437006e-01 -1.24141864e-01 -4.23535034e-02 -2.15003863e-01 -4.66794334e-02 1.54599234e-01 8.36251318e-01 3.99405919e-02 2.16330681e-02 -4.70529459e-02 7.29824975e-02 1.57176442e-02 9.70644802e-02 5.55694476e-02 8.55693817e-02 1.08196670e-02 -2.06296578e-01 7.61293899e-03 3.41408066e-02 -1.04703046e-01 6.13351390e-02 -1.52406506e-02 1.53809264e-01
1.49234449e-02 5.95344603e-02 1.78905819e-02 3.37796621e-02 -8.17170665e-02 2.63012052e-02 -1.10206669e-02 -8.65244567e-02 5.11484556e-02 4.92644494e-06 -5.07670008e-02 -1.66504726e-01 -3.76401208e-02 -2.38902438e-02 2.20108149e-03 -3.37471180e-02 8.86242867e-01 1.64665669e-01 1.11669675e-01 -1.16654374e-01 -1.10346369e-01 -1.46242408e-02 -1.58551797e-01 -6.58690706e-02 -1.61006991e-02 -3.69770154e-02 -1.37490481e-01 4.76918817e-02 1.91048577e-01 4.85669859e-02 3.49830650e-02 -1.93006229e-02
6.96291327e-02 -1.35861397e-01 1.11124150e-01 -1.16622210e-01 1.37651414e-01 1.46165684e-01 -8.87908041e-02 -1.51004463e-01 2.81094294e-02 3.63885254e-01 -5.49481511e-02 1.83302581e-01 -2.46395305e-01 -1.47681415e-01 -2.56910659e-02 -1.10443920e-01 -1.30142406e-01 6.26208305e-01 8.36946592e-02 -2.84246821e-02 -9.39673744e-03 5.09613380e-02 -1.35103583e-01 1.93999529e-01 6.26276731e-02 6.16482161e-02 9.44580287e-02 -1.63597539e-01 7.18359202e-02 7.35689327e-02 1.29913375e-01 -2.61199445e-01
-1.15399711e-01 5.55514507e-02 1.21478721e-01 -1.05716623e-01 -1.41612902e-01 -1.20873906e-01 5.12727462e-02 -1.04645351e-02 -5.36925234e-02 -5.54770567e-02 1.17524900e-01 8.17844942e-02 8.96652862e-02 1.34047478e-01 2.98993830e-02 1.65700004e-01 -7.63746500e-02 -5.95629169e-03 7.42168128e-01 2.57458556e-02 2.08629057e-01 -2.50859499e-01 1.17207445e-01 6.06895089e-02 8.35828409e-02 6.05921708e-02 -2.15201184e-01 9.59634930e-02 4.97128963e-02 1.02254376e-01 2.33922571e-01 -1.56181708e-01
8.91910791e-02 -3.51440683e-02 -8.68012384e-02 1.39218122e-02 -1.23686917e-01 5.47744296e-02 -3.63072976e-02 -3.79897058e-02 -7.74791315e-02 7.33319968e-02 -7.68207982e-02 -1.08618580e-01 -4.23918329e-02 -1.06783822e-01 3.67934932e-04 -1.34957984e-01 3.76146840e-04 -1.96419775e-01 -2.46060435e-02 7.76295364e-01 -8.07009116e-02 -3.56341116e-02 6.54723356e-03 1.08529188e-01 -2.15881709e-02 -2.12818608e-01 1.50130289e-02 8.97589847e-02 3.23120892e-01 9.86126587e-02 5.55016324e-02 -2.62395948e-01
8.95649120e-02 -8.97516832e-02 -1.61511943e-01 1.12686738e-01 -6.46588430e-02 2.72743016e-01 1.20231211e-01 4.33811806e-02 -1.39988465e-02 9.59583223e-02 -5.43954223e-02 -7.58583695e-02 -1.34710297e-01 -1.24460191e-01 3.44326831e-02 -2.00746432e-01 3.76818776e-02 -1.84201710e-02 1.16728775e-01 -9.94332600e-04 7.81298161e-01 7.26567358e-02 -4.38760705e-02 5.48922457e-02 -1.30167007e-01 -9.11417827e-02 -6.23884164e-02 -1.99702736e-02 3.74806188e-02 -7.96903223e-02 -1.41520530e-01 2.52264112e-01
1.99243560e-01 1.49567336e-01 2.57056445e-01 -2.79688723e-02 7.38224015e-03 6.91865757e-02 3.41688246e-02 -2.18291506e-02 -5.53172082e-02 -9.19564590e-02 5.15029905e-03 2.93687265e-02 -9.11982059e-02 4.76077721e-02 1.18257463e-01 -5.57016283e-02 -6.60646260e-02 -2.13728458e-01 2.72414029e-01 -1.17559850e-01 -1.16040349e-01 7.80740619e-01 -9.00704116e-02 8.87964368e-02 -5.71078993e-02 -3.29661295e-02 7.69996196e-02 1.11897163e-01 1.46485582e-01 -3.29188108e-02 3.60987261e-02 -2.78274342e-02
1.73568770e-01 4.12282683e-02 1.23284906e-01 1.24103753e-02 3.90460938e-02 2.02048615e-01 3.20965648e-02 -1.26535296e-01 8.97820070e-02 2.50218064e-02 -1.10807791e-01 -5.93359582e-02 -1.62002534e-01 -5.51601574e-02 -9.22440202e-04 -1.51371062e-01 8.17248877e-03 5.15972264e-02 1.24404848e-01 -7.71907018e-03 -1.77879900e-01 -2.83387005e-02 7.77214766e-01 -1.69771373e-01 6.30633980e-02 -7.72381108e-03 -9.47886258e-02 -8.61634910e-02 9.20534506e-03 1.93912700e-01 -2.28020012e-01 1.51735246e-01
5.58661371e-02 1.05741695e-01 1.00820407e-01 -1.27096446e-02 -6.48664609e-02 -4.39973585e-02 1.86978765e-02 1.81794167e-03 1.72125116e-01 -1.32997423e-01 4.03889716e-02 -1.03298917e-01 -1.11528650e-01 4.12100814e-02 2.08889712e-02 -2.70538125e-02 8.15271288e-02 -1.63190871e-01 -3.37663107e-02 -2.56175939e-02 -2.13344600e-02 -1.57561526e-01 -5.25960419e-03 7.36837626e-01 -1.77415952e-01 2.22817883e-01 1.75410166e-01 -2.20948637e-01 -7.03971311e-02 3.26817423e-01 -5.69810122e-02 1.22134581e-01
1.28302768e-01 1.54471034e-02 -6.43243566e-02 1.99208871e-01 -1.23730607e-01 7.61822090e-02 6.49216920e-02 1.53488770e-01 2.51164362e-02 -2.30831746e-03 6.98875114e-02 -3.21612903e-03 -1.05246440e-01 -4.26783673e-02 -6.60863444e-02 -4.15623933e-02 1.25128431e-02 -6.76035509e-02 1.24400645e-01 -2.44524796e-02 -1.17656060e-01 -7.02035055e-02 -1.04561873e-01 1.82500094e-01 8.23369205e-01 -1.20340504e-01 1.16721638e-01 -9.21347812e-02 -8.07601307e-03 -2.11894959e-01 -7.82631859e-02 1.28976345e-01
-4.85504568e-02 -1.62693501e-01 -3.18252146e-01 2.61071026e-01 1.77045912e-01 -3.15484591e-02 1.83504708e-02 -2.07073480e-01 -7.94537812e-02 -7.29494095e-02 -8.90819654e-02 -1.58917874e-01 6.24511577e-02 -1.33439109e-01 -5.35004586e-02 7.58819208e-02 4.82599047e-04 3.34414653e-02 -1.73198637e-02 3.89606953e-02 4.46075685e-02 1.95811674e-01 1.01736151e-01 1.23721935e-01 1.96138948e-01 6.23232543e-01 -1.01151645e-01 3.59887660e-01 7.61336135e-03 7.77665675e-02 1.29233412e-02 -9.58360583e-02
6.08069673e-02 1.16786666e-01 6.08516484e-02 2.41131969e-02 1.31449252e-01 -6.06587492e-02 -6.86072931e-02 -1.00817248e-01 1.88832313e-01 -1.77069440e-01 -8.72824863e-02 -4.38002050e-02 -1.50098102e-02 -1.36149600e-02 -9.46842507e-03 1.21609814e-01 7.77083933e-02 -4.09395201e-03 1.00333877e-01 8.20485351e-04 2.42174447e-01 -1.18883841e-01 6.10717610e-02 -2.44834095e-01 3.88521962e-02 4.44390103e-02 7.98952639e-01 9.17504653e-02 1.05369233e-01 -2.58177868e-03 -4.76098210e-02 -1.85824066e-01
1.38457501e-02 8.18993151e-02 1.10144913e-01 8.70926902e-02 -1.72357976e-01 9.17697847e-02 1.50085296e-02 -8.52159187e-02 9.57105681e-02 1.04272082e-01 -3.98791917e-02 -5.97543754e-02 -1.25234514e-01 -6.52423427e-02 4.59195115e-02 -1.53892279e-01 -1.24973275e-01 1.25389367e-01 8.50029662e-02 -4.90894653e-02 -2.11709782e-01 -2.32204109e-01 -9.48713496e-02 1.25735775e-01 -1.78407848e-01 -1.26822293e-01 9.41665694e-02 7.28978634e-01 -1.95420742e-01 -1.57206938e-01 -3.79108973e-02 1.99461505e-01
-1.50493458e-01 9.24913809e-02 -8.60032290e-02 2.14138523e-01 3.81800644e-02 -1.82336390e-01 -2.16486514e-01 -7.70774707e-02 1.33082747e-01 -1.37438804e-01 4.10969183e-03 -8.68219286e-02 -8.72861668e-02 -1.61657989e-01 1.21458270e-01 9.16616619e-02 -2.47299835e-01 9.91047248e-02 1.65440049e-02 -1.87984005e-01 -7.22373724e-02 -9.85502750e-02 -1.09729078e-03 5.90780973e-02 -9.45181549e-02 -7.45399967e-02 -1.12355590e-01 -7.87178576e-02 7.04881668e-01 -1.52815029e-01 -3.16116214e-02 2.17806533e-01
1.00462802e-01 -2.56136227e-02 -8.80750269e-02 2.07952425e-01 -1.80910677e-01 -1.14722505e-01 5.25583439e-02 -1.09594539e-01 -6.47452772e-02 -5.86455986e-02 -1.07702264e-03 -1.94473192e-01 1.59714162e-01 -5.50599173e-02 -1.62178606e-01 -5.98243549e-02 -1.80162430e-01 9.35653746e-02 -6.15124032e-02 -2.57376015e-01 5.04566580e-02 6.40335754e-02 -1.28418654e-01 -9.65929851e-02 1.05255544e-01 -3.66801590e-01 8.81260820e-03 7.25035593e-02 -1.07047064e-02 6.86603725e-01 5.89650385e-02 -6.35100305e-02
1.79887831e-01 -1.71736583e-01 1.56108841e-01 3.72451241e-03 -8.63253325e-02 -4.23803627e-02 -1.54240713e-01 -1.57956645e-01 2.88067460e-01 -1.20842848e-02 1.62799973e-02 -1.29418880e-01 -2.03315362e-01 -1.02491617e-01 -1.65395737e-01 -1.56264659e-02 -1.25070270e-02 -1.93302497e-01 -1.27064377e-01 7.85107166e-03 7.82042369e-02 8.31335085e-04 5.08859605e-02 -1.30395070e-01 4.14978303e-02 6.45012036e-02 -5.44930138e-02 -5.06982692e-02 -8.41078609e-02 -8.03712159e-02 7.29561448e-01 1.98837146e-01
-6.63288981e-02 -1.14779234e-01 1.09378636e-01 -8.82047415e-02 9.79613960e-02 -1.42713979e-01 -1.66801602e-01 3.20816971e-02 -3.06816638e-01 2.93448061e-01 9.56421122e-02 2.33221725e-01 1.58699542e-01 1.68786123e-01 -1.15180828e-01 -5.61448634e-02 1.05000809e-01 1.55612482e-02 2.21110340e-02 1.56187668e-01 8.99900310e-03 4.22530770e-02 4.32019791e-04 -3.32127362e-02 8.00188035e-02 1.12335935e-01 2.27342963e-01 1.13953993e-01 2.03120723e-01 2.37971544e-01 4.31941077e-02 6.06150270e-01
