32
4.89545226e-01 1.94602132e-01 2.16368094e-01 -1.84980437e-01 3.63273472e-02 3.29269618e-01 1.89714774e-01 1.27307877e-01 8.69461372e-02 -1.09493658e-01 2.59469092e-01 1.36712030e-01 -3.84694077e-02 1.56439066e-01 -2.18169808e-01 1.56517744e-01 -2.54951954e-01 8.60114321e-02 1.89934187e-02 -1.23693347e-02 -1.72743171e-01 1.40173122e-01 -5.82166798e-02 -3.46760340e-02 -1.22980503e-02 -1.14094811e-02 -8.09824690e-02 2.57116169e-01 7.85888880e-02 1.94276914e-01 2.63493974e-02 1.77027389e-01
-1.86186522e-01 2.12541908e-01 2.23104641e-01 -2.60702103e-01 1.03416406e-01 1.25425965e-01 -1.12147458e-01 7.87544437e-03 2.02609211e-01 1.54411376e-01 -1.62353903e-01 -1.10721111e-01 2.64797032e-01 -1.97837159e-01 -3.72250110e-01 2.77990699e-01 -2.41016131e-02 6.61904290e-02 4.41918179e-04 -1.09498836e-01 2.38507241e-01 -2.47102097e-01 1.36736348e-01 1.38547614e-01 2.58745909e-01 -5.32522351e-02 -9.93657783e-02 -2.01569140e-01 6.89101126e-03 -6.07422255e-02 5.62212579e-02 1.86439678e-01
-2.08471254e-01 -1.94156915e-01 5.89644790e-01 1.39411166e-01 -1.00858815e-01 -3.29633877e-02 2.27812484e-01 -1.21835746e-01 1.11057743e-01 7.88645074e-03 -2.11303562e-01 1.28122076e-01 2.66067665e-02 -1.18669510e-01 2.17079535e-01 -8.60241279e-02 -2.44026408e-02 -1.61106318e-01 4.85279821e-02 4.80157770e-02 -1.74014270e-02 8.43818933e-02 -6.54776245e-02 1.18268747e-03 1.60075486e-01 -2.26232991e-01 -1.05953254e-02 3.72187763e-01 1.11227177e-01 -1.13160104e-01 8.49571778e-04 2.17734158e-01
1.42242340e-02 3.98264706e-01 2.66753212e-02 6.12998307e-01 1.92591026e-01 -9.24363509e-02 7.41833374e-02 1.16092466e-01 5.13169244e-02 1.30747235e-03 -1.62411243e-01 -2.29379372e-03 6.76957667e-02 4.89964299e-02 -6.77986117e-03 1.40752159e-02 -1.79078266e-01 1.57177709e-02 1.07783884e-01 -3.23025584e-01 -1.72660172e-01 -1.45520374e-01 2.91706752e-02 -3.80408019e-02 3.64775881e-02 3.66310477e-02 -1.03366226e-01 -2.84638070e-02 1.43517107e-01 8.21138080e-03 -3.40379179e-01 -1.07648641e-01
-1.56339686e-02 2.41176546e-01 -1.09119616e-01 -5.16692363e-02 5.66567242e-01 9.87291858e-02 -1.41060213e-02 -1.79460779e-01 -1.98581126e-02 7.59126693e-02 -8.66782814e-02 -5.79014048e-02 6.74441410e-03 -1.16114005e-01 1.70307472e-01 -4.74694706e-02 2.30219260e-01 -1.21080115e-01 -1.00702472e-01 2.85119116e-01 4.65310402e-02 2.11324558e-01 -2.15397134e-01 -1.27701953e-01 3.09305131e-01 3.66647635e-03 -1.18184812e-01 9.00340602e-02 4.93560955e-02 3.31372678e-01 -1.06722480e-02 -5.75852208e-02
-1.50678530e-01 2.13752702e-01 -9.27293524e-02 -3.53320390e-02 -3.56492907e-01 5.30073881e-01 -7.39160851e-02 -6.94033653e-02 -4.05497104e-02 4.58129272e-02 -1.43317312e-01 -9.66361165e-02 -6.71255589e-02 -2.29518011e-01 -1.59062333e-02 -2.32491851e-01 -1.20258301e-01 3.82654108e-02 -8.70827809e-02 -1.58480704e-01 7.99500048e-02 2.08134606e-01 -9.41937119e-02 8.52991864e-02 -9.61744040e-02 -3.16946089e-01 -2.30345763e-02 6.99851513e-02 -8.83434117e-02 9.82589275e-02 -1.48040533e-01 -2.98842549e-01
-2.16392934e-01 -1.01778999e-01 -1.25188962e-01 1.69067025e-01 -5.31759411e-02 -8.28759000e-02 6.66269839e-01 -9.70397964e-02 -5.62328994e-02 2.14891508e-01 9.04584378e-02 -8.11700989e-03 -1.48386266e-02 2.89128926e-02 -2.11780533e-01 4.70043980e-02 -1.70158848e-01 1.81686118e-01 -1.14716507e-01 -3.82132344e-02 1.34953275e-01 2.49706835e-01 -1.20794572e-01 -6.98532388e-02 8.99287090e-02 -5.18165436e-03 4.32822630e-02 -2.90243834e-01 -8.39843303e-02 1.77779540e-01 1.07120059e-01 9.40327123e-02
-8.15289319e-02 2.00090066e-01 -3.05058826e-02 -9.07785296e-02 -1.98486835e-01 -1.25786588e-01 2.10030362e-01 6.41025186e-01 -2.49433741e-02 1.41497731e-01 -2.17089616e-02 -6.89140707e-02 -2.78480321e-01 9.99629274e-02 4.59251776e-02 -5.72515652e-02 2.12292492e-01 -5.01115844e-02 7.65441507e-02 1.60188362e-01 2.23508216e-02 -6.96852878e-02 1.86602011e-01 1.98031425e-01 3.14565331e-01 -5.99118024e-02 -1.58060193e-02 1.36420473e-01 7.23438011e-03 1.16376393e-01 5.46338931e-02 -1.36501238e-01
-2.49027386e-01 -6.44223765e-02 -1.82089105e-01 -5.90139404e-02 -9.40980911e-02 1.63320467e-01 1.71783358e-01 -1.38527632e-01 6.30883694e-01 -1.87529728e-01 -6.37523737e-03 -1.38157383e-01 6.56515956e-02 1.32647961e-01 5.02033420e-02 -1.18324853e-01 1.27487898e-01 1.08018316e-01 -4.36175577e-02 -2.16828603e-02 -2.85253555e-01 -9.55249220e-02 2.14149445e-01 -1.26928329e-01 3.32915187e-02 2.66199201e-01 -1.88865617e-01 1.36160448e-01 -4.28779759e-02 7.56795257e-02 5.27379215e-02 -5.42731769e-02
2.16717377e-01 -2.29578286e-01 4.09915559e-02 2.95920104e-01 -1.02484941e-01 1.26132146e-01 -1.40354961e-01 1.15228435e-02 1.91776887e-01 5.69582999e-01 -5.29139652e-05 -1.15631096e-01 9.41995904e-02 1.44402325e-01 -4.76075970e-02 2.22560227e-01 1.63210198e-01 -1.13505907e-01 -7.36510456e-02 8.31605569e-02 6.21301904e-02 6.72563240e-02 -1.19953990e-01 1.80222467e-01 -5.80181256e-02 1.68422118e-01 -9.98946205e-02 1.66351199e-01 -3.29287797e-01 4.28946055e-02 -1.45748243e-01 -2.69124880e-02
-2.42421120e-01 7.89270699e-02 -3.79558578e-02 1.13001816e-01 1.10704545e-02 6.69099018e-02 -9.40756649e-02 -3.01037747e-02 2.17575699e-01 6.12973934e-03 6.27101421e-01 -3.04659069e-01 -1.24375179e-01 5.01185097e-02 1.00339539e-01 1.81205511e-01 -1.19044721e-01 -2.47798666e-01 4.12838459e-02 3.06234695e-03 1.63061842e-01 -9.36055481e-02 -1.27918512e-01 -6.43810257e-02 6.91487715e-02 -1.59408182e-01 3.19177032e-01 6.46722764e-02 1.83204234e-01 -6.73218071e-02 -6.45275563e-02 2.10827664e-02
3.29129584e-02 -7.33114854e-02 -2.57853478e-01 -8.13179836e-02 7.83102065e-02 1.04681015e-01 1.04121409e-01 1.59456041e-02 1.81797832e-01 2.60576040e-01 7.98246637e-02 6.96815252e-01 6.93817139e-02 -1.14514969e-01 3.00832838e-02 -2.09710523e-02 1.23874441e-01 -1.41866699e-01 -1.68455213e-01 -1.65755093e-01 1.11150995e-01 -1.12328053e-01 1.71225980e-01 7.40529643e-03 -4.75517241e-03 -5.46205118e-02 2.06288442e-01 5.58617637e-02 2.49000251e-01 -2.69554760e-02 -1.35770842e-01 -6.78033680e-02
-5.15144840e-02 2.95058936e-01 1.07678019e-01 1.02792203e-01 1.70502394e-01 3.25764492e-02 9.48497355e-02 6.33671880e-02 3.56439687e-02 1.49028990e-02 2.18822792e-01 7.41988271e-02 4.58205432e-01 2.22867936e-01 6.10582083e-02 -2.16797218e-01 4.57999110e-02 -1.65467262e-02 -6.73707500e-02 1.99661627e-01 4.82550636e-02 2.03456998e-01 1.63431004e-01 1.78319961e-01 -2.07161948e-01 -1.62857041e-01 -4.95202467e-02 -4.56203856e-02 -1.50246412e-01 -3.52399319e-01 2.86936074e-01 -1.66370153e-01
2.94076912e-02 -9.99714360e-02 -1.84015349e-01 9.50933322e-02 -2.91435830e-02 3.79552245e-01 -1.70461033e-02 1.09310433e-01 -9.71132368e-02 6.54087216e-02 -2.57528037e-01 2.25905664e-02 1.62943631e-01 4.23661053e-01 1.06255293e-01 -1.02804732e-02 2.99491417e-02 2.94250455e-02 1.64057985e-01 3.68891954e-02 -6.19723722e-02 -3.07321966e-01 -2.15549260e-01 -3.04604620e-01 1.78861469e-01 -2.69344538e-01 1.59665585e-01 -1.03324808e-01 -3.05610220e-03 -5.97912855e-02 2.32730627e-01 1.58386961e-01
1.92918599e-01 2.26508796e-01 1.33708175e-02 -2.17585955e-02 -5.09508587e-02 3.73138040e-02 1.90871451e-02 -1.19892992e-01 1.22524872e-01 2.40540709e-02 -7.80714750e-02 -3.31816375e-02 -1.38612777e-01 6.63701147e-02 5.88429153e-01 1.34033129e-01 7.54348263e-02 1.96705505e-01 1.29124552e-01 -2.43654191e-01 3.09121281e-01 1.88163131e-01 2.83829838e-01 3.87713835e-02 -2.91925762e-02 3.03793643e-02 1.20626040e-01 -1.47170588e-01 -1.41684040e-01 6.28023818e-02 4.11137678e-02 2.90407121e-01
-3.37901056e-01 -1.23225972e-01 3.08227707e-02 4.75129597e-02 1.58036023e-01 1.95322812e-01 -4.91799787e-02 2.97094852e-01 -2.68675804e-01 -6.53006881e-02 1.11405775e-01 1.11954026e-01 1.53856799e-02 -1.54050842e-01 2.18845814e-01 4.58348215e-01 -8.00807327e-02 1.29005924e-01 -2.44208694e-01 -6.34194985e-02 -1.25251174e-01 2.69049499e-02 1.83249086e-01 -2.63687104e-01 -5.84731847e-02 1.95254367e-02 -1.56036437e-01 1.38735950e-01 -2.71486849e-01 -3.55608687e-02 1.40770236e-02 -3.84445265e-02
6.80995779e-03 1.33306850e-02 -4.60348167e-02 1.31198838e-01 1.08704856e-02 -3.48173454e-02 4.88909297e-02 -1.70883052e-02 -1.20464340e-02 -2.75419742e-01 -8.80681127e-02 -5.64086437e-02 1.11800626e-01 -5.02072796e-02 -2.74179548e-01 3.01640600e-01 5.57343006e-01 1.44388273e-01 9.83618051e-02 -2.31907904e-01 -7.16689676e-02 2.43241861e-01 -6.86235800e-02 7.47103989e-02 -2.34496016e-02 -1.15220793e-01 3.96206975e-01 2.25719422e-01 8.46651755e-03 -1.00458378e-03 1.00051738e-01 -8.33233073e-02
-1.35619611e-01 8.55430886e-02 2.11137980e-01 2.83646703e-01 -1.23134032e-01 1.80678964e-01 -2.27727085e-01 -6.49429187e-02 -4.89117987e-02 6.22418150e-02 1.89726174e-01 2.40683019e-01 -1.63794115e-01 -4.66480143e-02 -2.80535258e-02 -9.99536216e-02 1.51998267e-01 5.74598432e-01 3.24008986e-02 2.46543139e-01 8.68979394e-02 -8.28470737e-02 -1.05248548e-01 3.89120542e-02 8.05349872e-02 2.80864984e-01 8.79770424e-03 -3.83872315e-02 2.39504054e-01 8.59966315e-03 1.36361003e-01 -1.84131935e-02
-5.32201305e-02 -1.35178059e-01 -2.11073965e-01 7.99340382e-02 1.34711504e-01 1.80404812e-01 3.37418169e-02 1.23014115e-01 1.84413213e-02 1.56116217e-01 -2.56717131e-02 -4.47571017e-02 5.23467772e-02 -3.68476480e-01 -4.30498160e-02 4.69906442e-03 -1.34404063e-01 -5.21582700e-02 6.92624092e-01 1.95177719e-01 -8.79075453e-02 1.86819673e-01 1.93032011e-01 2.04190332e-02 -1.76838115e-01 7.82364830e-02 9.79463570e-03 3.06174327e-02 1.17430285e-01 -2.63996590e-02 9.76732299e-02 1.08884111e-01
-7.90962055e-02 1.86032921e-01 -1.06921814e-01 5.66183329e-02 -1.91489011e-01 1.29791386e-02 -9.40758083e-03 -1.49300382e-01 5.04919849e-02 -1.87411547e-01 -3.52452666e-01 1.60019994e-01 -8.35395530e-02 2.12515563e-01 -6.22996874e-02 4.18940991e-01 -2.76910543e-01 -1.99258313e-01 -4.74083610e-02 4.26546007e-01 1.62936151e-01 1.48832113e-01 8.43788087e-02 1.59569699e-02 5.54322591e-03 1.95829242e-01 1.39037624e-01 4.17490937e-02 9.92528051e-02 -1.05640784e-01 -5.31288469e-03 -1.70605540e-01
-8.05129781e-02 -2.22044125e-01 6.30163997e-02 -4.11775569e-03 7.38885775e-02 -6.71962649e-02 -1.77568704e-01 3.24945331e-01 1.17852464e-01 -1.95406765e-01 -3.64412740e-02 3.86809781e-02 2.53339589e-01 1.78028271e-01 -8.83585140e-02 -2.20371693e-01 -1.49774015e-01 5.99779859e-02 1.08083002e-01 -1.40496716e-01 5.57986200e-01 2.09984466e-01 -4.57749292e-02 -2.20363110e-01 3.03979442e-02 1.61068797e-01 2.23487709e-02 1.50009692e-01 -6.74948143e-03 2.30957150e-01 -9.90363508e-02 -9.68253985e-02
-1.58329770e-01 1.35931358e-01 1.64291058e-02 -2.49692127e-01 8.19325745e-02 -2.12367222e-01 -2.05647841e-01 1.61217406e-01 2.49769047e-01 3.57437909e-01 -1.56716734e-01 3.31352726e-02 -2.05531821e-01 1.13994271e-01 8.14482337e-04 3.07209976e-02 -1.07619144e-01 1.38353020e-01 -1.52814696e-02 -1.93177447e-01 -2.29969844e-01 3.51945221e-01 -3.03784460e-01 -2.00618789e-01 -1.16739735e-01 1.16048120e-02 4.20868397e-02 -3.05541744e-03 1.27762392e-01 -2.66275942e-01 1.44237086e-01 -2.49668732e-02
-1.57287374e-01 1.66485712e-01 -4.88200970e-02 3.60324457e-02 5.78127466e-02 -6.37981743e-02 -1.75769955e-01 -1.57707930e-01 -1.39752716e-01 1.48899704e-01 4.18610079e-03 2.51807403e-02 -1.48094758e-01 1.61411002e-01 -3.25629771e-01 -2.71122515e-01 -2.95932051e-02 3.75688449e-02 -4.70544584e-02 1.04040213e-01 -8.25547427e-02 5.37096784e-02 3.92486989e-01 -2.01883435e-01 3.18050571e-02 -6.04561120e-02 2.66201675e-01 2.48894170e-01 -2.90117174e-01 2.32166965e-02 -1.89410999e-01 3.64568412e-01
-1.14099599e-01 -1.18959695e-01 -1.89831093e-01 4.84558195e-02 2.53463566e-01 -8.29456002e-02 -1.23843953e-01 -1.76041410e-03 1.41372472e-01 -1.22823991e-01 -5.74162193e-02 1.43070564e-01 -7.41640776e-02 2.82656737e-02 7.78720751e-02 -1.28398184e-02 -3.62883627e-01 2.00393841e-01 -7.52513995e-03 -3.76443900e-02 -9.02337134e-02 -1.11122496e-01 -1.61197379e-01 5.96962571e-01 1.07137002e-01 -1.33411705e-01 1.55324057e-01 1.71306431e-01 -2.54946291e-01 1.52949169e-01 1.65613487e-01 4.35118638e-02
1.16247386e-01 -7.32026175e-02 -1.33103698e-01 2.18764078e-02 -2.54984915e-01 -8.98387507e-02 -1.96572170e-01 1.60838086e-02 4.29631360e-02 -9.54576358e-02 1.74813867e-01 1.19265914e-01 2.70663530e-01 -8.95704925e-02 7.00778961e-02 2.26416960e-02 -6.69661909e-02 6.75647333e-02 5.42446077e-02 5.47882132e-02 -2.43765533e-01 3.52781326e-01 1.83904506e-02 -1.03474148e-02 6.14137888e-01 -7.25107566e-02 -3.50024961e-02 -1.96179613e-01 -7.52656460e-02 -1.59619987e-01 -2.32210875e-01 4.45235036e-02
-1.54027030e-01 -5.40485159e-02 1.01756632e-01 -3.97624113e-02 1.55015692e-01 3.65568012e-01 5.33957556e-02 1.56810265e-02 -2.05433130e-01 -9.51788202e-02 1.54547486e-02 3.75447348e-02 -1.89701840e-01 1.73821568e-01 -5.18864468e-02 -1.48238286e-01 6.80092499e-02 -3.31272393e-01 4.29487675e-02 -3.01142037e-01 -4.39844653e-02 1.51574478e-01 -5.76301664e-02 2.52281636e-01 1.96391568e-01 4.76206928e-01 6.36741146e-02 -1.36267468e-01 -5.83484657e-02 -2.48012707e-01 -1.05134968e-03 7.22368360e-02
1.72540113e-01 7.66278536e-04 1.69548452e-01 -4.72688936e-02 2.10512839e-02 6.30679205e-02 9.03827026e-02 1.46795496e-01 1.00549413e-02 1.12055339e-01 -1.22088887e-01 -2.39674807e-01 2.38766834e-01 -2.61516273e-01 1.45784184e-01 -1.30707070e-01 -1.90082669e-01 7.28828907e-02 -2.55747676e-01 9.07427222e-02 -1.73889473e-01 -8.14126208e-02 5.38295321e-02 -6.92180172e-02 4.83054183e-02 3.03511441e-01 6.17045283e-01 -2.66348589e-02 4.87496471e-03 3.89647223e-02 3.40462215e-02 -1.34604990e-01
-1.44753039e-01 3.22148085e-01 -2.14948401e-01 -2.06408814e-01 -2.41952702e-01 -1.36417821e-01 1.40492991e-01 -7.10755512e-02 -2.28337705e-01 7.25931376e-02 8.10227394e-02 5.57926819e-02 3.45834732e-01 -5.67291230e-02 1.38499096e-01 1.97139625e-02 -1.82864853e-04 3.31366062e-02 1.52046889e-01 -6.07488342e-02 5.10938540e-02 -1.69632226e-01 -3.49060714e-01 2.61204187e-02 -3.79782990e-02 3.05882514e-01 -4.33321819e-02 3.73516113e-01 -9.26762223e-02 -6.36037365e-02 -9.38137919e-02 1.88125059e-01
-5.12320846e-02 -1.83254063e-01 -6.95631057e-02 -1.11635625e-01 3.44877876e-02 4.04890068e-03 -3.64184529e-02 -1.96071029e-01 -3.07916462e-01 2.25770772e-01 -5.33676334e-03 -2.54004717e-01 1.76628649e-01 3.05200219e-01 7.61120766e-02 7.33585879e-02 -1.05447747e-01 1.74064055e-01 -6.04726486e-02 -1.50407299e-01 -5.50914891e-02 1.02281600e-01 3.08027387e-01 1.98570326e-01 1.03251025e-01 -2.44577862e-02 -8.57211128e-02 2.26993173e-01 5.04634798e-01 6.38149008e-02 4.24491661e-03 -1.23614684e-01
-2.91691452e-01 6.93122819e-02 2.56396592e-01 -1.05184376e-01 -1.32555455e-01 -3.80741879e-02 -1.42521828e-01 4.55205422e-03 -3.41410451e-02 4.67869528e-02 5.54025285e-02 1.82989955e-01 2.01582029e-01 1.97843239e-01 7.79149830e-02 8.15094113e-02 7.81604350e-02 -1.83246866e-01 1.54367194e-01 2.12691538e-02 -3.00988942e-01 5.54038472e-02 -1.06204953e-02 1.00956596e-01 -2.06981465e-01 -2.33570882e-03 1.25247896e-01 -3.11523438e-01 6.36534253e-03 5.75549603e-01 -8.15925375e-02 8.89485423e-03
7.33395293e-02 1.17465958e-01 -8.87797549e-02 2.57874787e-01 -2.19438031e-01 -1.00711785e-01 -2.19235078e-01 -4.05550860e-02 -3.89403440e-02 4.12801877e-02 3.53842080e-02 4.50420491e-02 3.46409716e-02 -1.72011375e-01 -6.16252609e-02 -4.64006178e-02 -8.85212868e-02 -3.23272556e-01 -1.44078881e-01 -2.35844567e-01 -1.56392250e-02 4.43263762e-02 9.92314294e-02 -1.06913522e-01 1.25108913e-01 9.93511006e-02 -1.02566607e-01 1.02786638e-01 4.53056619e-02 2.17478037e-01 6.64241970e-01 7.62464777e-02
-6.29729182e-02 -1.07996566e-02 -2.04287335e-01 1.37481645e-01 -5.00789881e-02 8.41182843e-02 -6.88141286e-02 3.05559278e-01 5.01688085e-02 -1.40994087e-01 -1.08392574e-01 -1.26514226e-01 9.78579670e-02 -5.14541380e-02 1.48945395e-02 -5.51250093e-02 8.60546976e-02 -3.11924256e-02 -3.94089133e-01 1.41358808e-01 -8.36959295e-03 1.55582234e-01 -8.38744193e-02 1.95169985e-01 -2.26900890e-01 -8.94956198e-03 -6.34613857e-02 -7.45991841e-02 3.16581786e-01 1.74443092e-04 -1.22169286e-01 5.76703429e-01
7.71717012e-01 1.37643263e-01 1.04223393e-01 -1.10448487e-01 -5.78628816e-02 1.11097373e-01 3.63272578e-02 1.87821403e-01 -1.09939426e-01 -8.11609179e-02 4.00246307e-02 -6.63643843e-03 2.14459479e-01 2.82316189e-02 -1.11175820e-01 8.14795718e-02 -8.15294310e-02 3.22637856e-02 -1.83241293e-02 1.09791104e-02 -6.29496276e-02 -1.34585366e-01 -1.48881987e-01 -1.65442005e-01 -4.91570029e-03 1.07506193e-01 -4.97536734e-02 -9.48837996e-02 1.80572569e-01 1.81481615e-01 -1.54421687e-01 1.78450510e-01
-1.95109934e-01 7.69455731e-01 -2.54344959e-02 1.60928369e-01 -2.92283949e-02 8.42032433e-02 -8.11652765e-02 -1.05363801e-01 -4.91715856e-02 3.30279432e-02 1.04642678e-02 1.84874292e-02 4.72411066e-02 1.15669005e-01 1.25068743e-02 -6.45953231e-03 -6.69736601e-03 1.94027033e-02 9.90802329e-03 -9.40880179e-02 7.98738003e-02 -9.71989110e-02 1.12099089e-02 -1.27493367e-01 2.48946920e-01 2.34461546e-01 -8.88545960e-02 4.65997291e-04 2.47115761e-01 3.09729632e-02 2.62988716e-01 -1.76571943e-02
-6.55509308e-02 -9.88657586e-03 7.26912498e-01 -3.65563408e-02 -5.46865836e-02 -1.63177371e-01 -1.11400992e-01 -1.27704129e-01 -1.32432908e-01 1.07175037e-02 -9.95566025e-02 -1.36825085e-01 1.93156078e-01 -2.37342138e-02 1.12030134e-01 1.13371350e-01 -1.20198473e-01 1.66467920e-01 -2.20066130e-01 3.38581693e-03 2.46540964e-01 4.61822711e-02 -9.41401534e-03 -1.48737967e-01 1.02238119e-01 -1.61061853e-01 -1.47665083e-01 1.89880535e-01 -7.83539861e-02 -1.93790160e-02 -7.69748390e-02 -1.24695815e-01
6.06281683e-03 1.51233189e-02 8.47842172e-02 7.38394380e-01 1.68215707e-01 1.60617247e-01 3.18248221e-03 6.20285720e-02 7.30047747e-02 -1.08862342e-02 1.39374316e-01 3.84082124e-02 2.62508392e-02 5.02241664e-02 4.85397764e-02 4.38648313e-02 3.55971162e-03 1.52929246e-01 1.89266022e-04 1.16856746e-01 -6.73061013e-02 1.38717163e-02 1.38254166e-01 -2.72046417e-01 -2.09721848e-01 2.53379643e-02 -1.03816286e-01 -2.14748651e-01 -2.75806993e-01 -6.46874458e-02 -1.79696023e-01 8.10005888e-02
3.69083248e-02 6.72244579e-02 4.53859195e-02 -7.43748099e-02 8.14858973e-01 1.76759422e-01 -1.96671709e-01 -8.98049101e-02 3.50101851e-02 -1.04387030e-01 6.70155510e-02 -1.32534876e-01 -5.32468408e-03 -6.37972504e-02 -1.10513352e-01 -3.42923626e-02 -3.14503238e-02 -2.16073900e-01 -2.14667004e-02 2.04652436e-02 -9.62165520e-02 -6.34126514e-02 -4.70681340e-02 9.72420946e-02 1.21685050e-01 -2.13701934e-01 -9.95369405e-02 1.20682418e-01 -5.45179211e-02 1.74382523e-01 2.68007778e-02 -1.79623589e-02
-2.41501153e-01 -1.68371245e-01 1.16416574e-01 -6.48651272e-02 -2.23357052e-01 7.72601724e-01 -7.16255531e-02 1.74066216e-01 9.11784470e-02 -5.35316356e-02 9.57119837e-02 -1.43470138e-01 1.02786072e-01 1.94700081e-02 -4.00114134e-02 1.49880692e-01 -1.85837373e-02 9.84340236e-02 -4.85504158e-02 -9.07095522e-02 -8.29473957e-02 9.51229408e-02 -2.99625043e-02 1.78629085e-02 -2.94991378e-02 -7.45005682e-02 4.83164489e-02 -1.06086181e-02 1.43128574e-01 2.21945569e-01 1.25564694e-01 -7.25177750e-02
-8.56249705e-02 9.10407230e-02 6.52840286e-02 -2.82994322e-02 1.76211596e-01 6.23174608e-02 8.92375767e-01 2.57950667e-02 3.96953197e-03 -1.45767868e-01 -8.81777257e-02 -5.73183596e-02 -3.57262492e-02 -6.74008653e-02 7.31836632e-02 2.92535685e-03 -2.36960147e-02 1.27122790e-01 -1.39316425e-01 -3.24604176e-02 8.56533572e-02 -4.97175120e-02 -3.70197445e-02 3.52456830e-02 -3.82393189e-02 -9.14695039e-02 3.69565957e-03 1.93898361e-02 2.29139556e-03 5.29201739e-02 1.17956869e-01 1.65321663e-01
-1.40267476e-01 1.71269327e-02 -2.94322912e-02 -1.50413404e-03 1.96866080e-01 -3.13438445e-01 -1.28731549e-01 6.90613925e-01 9.19305906e-02 -4.70741168e-02 -9.90599096e-02 -5.52613847e-02 3.09589375e-02 -2.56497003e-02 -7.28431642e-02 8.97057652e-02 2.10656419e-01 2.61853188e-01 -8.67637098e-02 1.73777081e-02 5.32638319e-02 1.50451913e-01 1.71048969e-01 -7.24023059e-02 -5.66335395e-02 8.92503038e-02 9.35198367e-02 1.60680324e-01 1.72321290e-01 2.13779226e-01 6.07706048e-02 6.75892904e-02
-6.62809685e-02 1.41306117e-01 -1.14930727e-01 -1.89858451e-01 -8.52068663e-02 -3.71241458e-02 2.24339906e-02 -3.66463251e-02 6.99391603e-01 1.22205086e-01 4.21620086e-02 -5.71841607e-03 2.00077787e-01 6.42365031e-03 2.34172255e-01 -5.21238856e-02 -7.51477033e-02 -9.87533629e-02 -1.13736168e-01 1.54911671e-02 5.84814288e-02 9.80462357e-02 -4.15694974e-02 -6.57267198e-02 8.39287490e-02 5.81360608e-02 -1.80898547e-01 2.34835111e-02 -1.96680710e-01 2.45956868e-01 -3.24261576e-01 1.29231200e-01
1.40157044e-01 7.44409859e-02 9.57719460e-02 9.01506245e-02 9.66624096e-02 -5.02229780e-02 1.56291008e-01 1.23634465e-01 1.52195826e-01 6.29463434e-01 5.82896285e-02 4.00330909e-02 2.09175780e-01 -1.88560322e-01 2.99779177e-02 1.75548077e-01 -4.95000891e-02 -1.80289522e-01 -2.10124571e-02 -1.65660426e-01 -1.36212170e-01 3.70022245e-02 1.27115637e-01 1.21146359e-01 -1.06336877e-01 -1.57538667e-01 1.01681747e-01 -1.15715615e-01 1.92407474e-01 -1.44755557e-01 1.07248254e-01 -3.57202888e-01
7.76430890e-02 1.04382232e-01 -7.66021982e-02 -4.31585498e-02 -6.30339757e-02 -9.33917239e-02 1.80028174e-02 -1.06305584e-01 -1.46006063e-01 -7.80719295e-02 7.77956128e-01 1.07362494e-01 6.66630119e-02 -1.44376969e-02 3.27469781e-02 -5.48157394e-02 1.14437900e-01 2.37907261e-01 -1.71706393e-01 -1.43528983e-01 1.74858496e-02 1.59285471e-01 2.11985379e-01 2.25179076e-01 9.43048391e-03 -1.61154017e-01 1.86062418e-02 1.36423200e-01 -3.69036384e-02 9.09212008e-02 -4.78440151e-02 1.02553051e-02
9.22510475e-02 -4.03741114e-02 7.20348954e-02 9.12374705e-02 9.03954264e-03 1.13210112e-01 8.05252697e-03 -8.21865350e-02 2.42423028e-01 -1.96210101e-01 -1.64370582e-01 7.51115024e-01 1.65834464e-02 -4.02124524e-02 -1.32284701e-01 -7.21238777e-02 1.22722037e-01 6.23309277e-02 -6.65652081e-02 1.20071888e-01 1.74385179e-02 8.49295855e-02 8.71091790e-04 1.29773682e-02 -4.84212488e-03 -1.44341454e-01 -1.50515065e-01 2.47477546e-01 2.58126318e-01 -7.69318789e-02 3.03169582e-02 -1.40966594e-01
3.08337901e-02 -5.94123527e-02 -6.65125996e-02 3.10073085e-02 6.43702447e-02 3.05941887e-02 -3.49859782e-02 -1.23785473e-01 -6.08108379e-03 -1.37923919e-02 -2.68918335e-01 -1.01363666e-01 6.40846729e-01 2.89501190e-01 -8.12651217e-02 -4.01060671e-01 1.23547345e-01 1.61762059e-01 3.56288515e-02 -1.60005316e-01 7.59823900e-03 8.44974369e-02 1.91386387e-01 1.92206770e-01 -2.68295314e-02 -8.49101618e-02 7.67307281e-02 -9.96020809e-02 -1.75876059e-02 -1.24285460e-01 9.40774456e-02 1.62244126e-01
1.98909417e-01 -1.19515382e-01 -4.86854054e-02 1.21102802e-01 4.94636148e-02 3.90088372e-03 -7.41380267e-03 -2.05003843e-02 9.47391093e-02 5.61313331e-02 -1.05323181e-01 -5.75624146e-02 -3.62273693e-01 6.85481131e-01 1.82285577e-01 7.00490549e-02 -1.57999560e-01 -4.64536669e-03 -2.83178419e-01 -2.17188835e-01 9.49888602e-02 -4.88330647e-02 1.66885614e-01 1.37562424e-01 -1.77799107e-03 -1.85707230e-02 -1.25146294e-02 8.87662545e-02 1.35660455e-01 9.45241749e-02 -3.04833637e-03 -1.18842520e-01
5.18177524e-02 -1.96016729e-01 -1.99531089e-03 1.23333223e-01 2.24765204e-02 -1.16007850e-01 -5.83808236e-02 7.83504471e-02 -3.53259817e-02 -1.61899865e-01 7.52154663e-02 1.99253395e-01 2.03318864e-01 -3.21780965e-02 6.46128118e-01 -5.57009429e-02 -3.47439870e-02 -8.83964151e-02 8.56223851e-02 -5.33649698e-02 -8.00583512e-02 -1.68464467e-01 -1.80697516e-01 -9.17626172e-02 1.30241424e-01 -1.62860192e-02 1.58393666e-01 -4.60351482e-02 -7.06971809e-02 2.46706054e-01 4.17912483e-01 -6.61799014e-02
1.90635510e-02 7.70645812e-02 -3.22376341e-01 7.36228675e-02 -2.58575361e-02 1.89431906e-02 -2.78601702e-02 -2.21629843e-01 -2.81868041e-01 -3.27502552e-04 -3.45937878e-01 1.10264793e-01 1.55008093e-01 -1.30996764e-01 8.80966708e-02 5.79118371e-01 -1.30740106e-02 2.47798152e-02 -5.89612946e-02 -4.11377437e-02 -4.46498729e-02 1.95289493e-01 1.93789646e-01 7.93605819e-02 6.35432452e-02 -1.18551344e-01 4.10492383e-02 8.00015107e-02 -1.47126496e-01 2.77979583e-01 -1.29451826e-01 7.76383579e-02
1.59911960e-01 -6.03643991e-02 1.30734583e-02 5.44314086e-02 1.10969786e-02 5.96926957e-02 1.90792955e-03 -2.26625234e-01 1.31887138e-01 1.27096577e-02 -2.65151504e-02 -2.56997317e-01 -9.05621275e-02 -6.48449361e-02 1.90346077e-01 1.34703830e-01 8.31477404e-01 5.31097082e-03 2.13403869e-02 -8.72109830e-02 1.05612069e-01 -5.32960296e-02 -8.41440931e-02 -9.47366133e-02 3.19209360e-02 -1.85500225e-03 -1.88689269e-02 3.68608534e-02 1.48789674e-01 -7.34430328e-02 -3.65150496e-02 -2.03856286e-02
2.07342595e-01 1.17990822e-01 4.08552140e-02 -2.04387046e-02 -6.49306830e-03 6.09571636e-02 -1.17219515e-01 2.84053888e-02 1.42946497e-01 1.38908446e-01 -1.79689571e-01 -3.65441665e-02 -2.74227113e-01 -1.84515268e-01 1.07364416e-01 -6.28074482e-02 -3.69353183e-02 6.15364492e-01 9.31428969e-02 2.68626418e-02 -1.65537521e-01 2.67571537e-03 -1.08708031e-01 3.74231964e-01 1.83451697e-01 -5.15765660e-02 -1.44471705e-01 -1.33324668e-01 -2.31074125e-01 -2.70661917e-02 1.62664741e-01 -1.90427527e-02
3.08161732e-02 -3.94505225e-02 1.32547349e-01 3.02487183e-02 -5.52971140e-02 -9.28043872e-02 1.22690879e-01 1.52666559e-02 1.51460215e-01 -6.83813840e-02 1.09238893e-01 -3.45509797e-02 4.51526232e-02 2.06920668e-01 -1.32603303e-01 2.44480461e-01 -2.29636915e-02 -1.99601669e-02 7.82855213e-01 -1.39608700e-02 1.64278850e-01 -8.19474384e-02 1.88472062e-01 1.11215532e-01 3.63219716e-02 -8.89012143e-02 -1.92854121e-01 1.26449034e-01 -4.84847613e-02 1.42731562e-01 8.66706818e-02 -2.97526158e-02
1.56143859e-01 1.32349730e-01 -1.70356899e-01 1.91909596e-01 -1.94135398e-01 -7.60937631e-02 -1.11105191e-02 -4.23615389e-02 1.77752331e-01 -2.15573639e-01 3.57228261e-03 -3.72581720e-01 7.47055709e-02 -2.41846610e-02 -2.95277238e-02 1.59293751e-03 -1.02722332e-01 -6.72570094e-02 -1.20718382e-01 6.05187178e-01 5.30162565e-02 4.54173051e-02 6.86166203e-03 1.00371353e-01 -5.02406619e-02 -2.96307027e-01 1.46807328e-01 1.20976329e-01 9.92724448e-02 -2.48697922e-02 1.92221567e-01 -1.95167407e-01
6.01335540e-02 -3.68079655e-02 -1.75680563e-01 1.99031737e-02 1.48100048e-01 2.27105737e-01 -6.14941604e-02 9.20738429e-02 -1.65889218e-01 2.54297435e-01 2.63473671e-02 7.80386329e-02 1.24093881e-02 -9.46002007e-02 2.02238113e-01 -1.02105528e-01 -8.69219974e-02 5.03598154e-02 1.04644746e-01 1.66880310e-01 7.79226184e-01 9.56481770e-02 -1.26484901e-01 1.19636796e-01 -8.09796304e-02 4.23448384e-02 1.44785130e-03 6.34155818e-04 7.85302147e-02 -2.63216943e-02 -7.35163689e-02 4.93766703e-02
1.35987878e-01 8.14219490e-02 1.67069107e-01 9.39549282e-02 3.11546493e-02 -1.93463210e-02 -3.78416083e-03 -4.39145677e-02 4.98649962e-02 -2.70570666e-01 -5.27970716e-02 -1.19553484e-01 -1.47196889e-01 -1.37474582e-01 1.85679361e-01 -9.14812461e-02 -1.29762530e-01 -1.87570632e-01 1.74962088e-01 -2.13637620e-01 -5.21552861e-02 7.41789997e-01 -7.48315593e-03 8.07929784e-02 -7.21155256e-02 1.42843783e-01 3.97514217e-02 -6.66159019e-02 1.75702333e-01 -7.50311092e-02 5.56091720e-04 5.20457402e-02
8.79898742e-02 -5.08616716e-02 3.11542507e-02 -1.51842386e-01 -2.62430422e-02 1.36068583e-01 -6.83940668e-03 -3.52117941e-02 -2.62591727e-02 -2.62444504e-02 -8.40047672e-02 -4.25537415e-02 -1.50226280e-01 -2.77947336e-01 2.10423708e-01 -2.48759016e-01 -5.35745844e-02 -3.03176809e-02 3.45903561e-02 1.06743306e-01 2.52269674e-03 -1.68715507e-01 7.78720558e-01 -1.86742887e-01 1.11782961e-01 9.05104261e-03 -6.06132448e-02 -7.21199960e-02 1.34033203e-01 4.92952131e-02 -2.92725097e-02 9.59131774e-03
-4.12914939e-02 2.36992128e-02 2.98709154e-01 1.04439579e-01 -6.57796040e-02 -1.76574718e-02 -2.78926138e-02 7.01028109e-02 1.60513017e-02 -1.41749635e-01 -1.24304835e-02 9.44606140e-02 4.25718166e-02 -6.12684526e-02 -4.24763300e-02 9.82424840e-02 1.64858103e-01 -3.05308670e-01 -1.93956271e-01 1.50741011e-01 9.48679447e-02 -1.72457308e-01 1.24315940e-01 6.24509633e-01 -3.17497961e-02 3.40211123e-01 -1.80096272e-02 -2.62180388e-01 -7.31049106e-02 1.37248367e-01 -7.13734422e-03 7.63487145e-02
-6.87008817e-03 -1.44507110e-01 -5.20619797e-03 2.14414954e-01 -4.67796847e-02 3.04106493e-02 8.80998820e-02 2.10796177e-01 -1.17799558e-03 2.26646513e-02 5.28383218e-02 7.52467010e-03 6.10370841e-03 2.06309222e-02 -6.83770105e-02 1.98277645e-02 -2.66687130e-03 -1.13662727e-01 -4.35246993e-03 1.39277857e-02 2.01950558e-02 6.89703599e-02 -1.97935849e-02 4.72278334e-02 8.33710790e-01 -1.42748639e-01 1.51155964e-01 -3.89924534e-02 5.92706539e-02 -2.04302981e-01 -2.05660984e-01 1.43422648e-01
1.35066286e-02 -3.21572542e-01 -7.52618164e-02 6.89126365e-03 2.00566903e-01 -4.91531305e-02 1.22502066e-01 -2.92504996e-01 7.39520416e-02 2.93283798e-02 1.12194620e-01 -7.45100379e-02 1.63383722e-01 -1.30704585e-02 -1.22346610e-01 1.12129644e-01 -1.16213299e-01 2.67919391e-01 -3.17885131e-02 1.88624009e-01 -2.94902734e-02 1.04786709e-01 2.12646294e-02 -6.16682246e-02 1.96988061e-01 6.18047893e-01 1.44380191e-02 1.25128971e-02 1.47356465e-01 6.57856166e-02 5.89429960e-02 -2.82778293e-01
5.12665734e-02 1.70288473e-01 2.11277172e-01 -6.23062663e-02 6.91638663e-02 6.77931458e-02 -2.60619018e-02 -1.49228141e-01 1.71972841e-01 9.95117356e-04 -3.03825885e-02 1.29291087e-01 -1.10926449e-01 3.97881158e-02 -8.03858787e-02 -9.68751684e-03 1.01980921e-02 1.10720150e-01 1.23125099e-01 1.71139458e-04 9.04357359e-02 -5.49644977e-02 5.18690497e-02 -5.91055639e-02 -3.10102329e-02 3.47904526e-02 8.48704934e-01 3.13711017e-02 -1.59270003e-01 1.03623986e-01 -1.23054080e-01 -1.60503294e-02
7.46152624e-02 -2.67984550e-02 1.71277449e-02 2.65058637e-01 -9.95730013e-02 1.10556275e-01 2.25588102e-02 3.36215161e-02 -4.09228913e-02 1.67442575e-01 -4.75956686e-02 -1.17984094e-01 2.34956201e-02 -1.70265764e-01 5.74849099e-02 -1.70828849e-01 -6.19077124e-02 -8.55435729e-02 3.45213264e-02 -9.39792022e-02 -1.59394935e-01 -1.42426521e-01 -1.27157439e-02 1.67115122e-01 -5.40084578e-02 2.51768917e-01 3.40773612e-02 7.69635618e-01 -6.55339882e-02 -2.31864005e-02 -4.77477238e-02 1.72015145e-01
-1.47214159e-01 -9.82641280e-02 -3.39153670e-02 1.21079817e-01 5.48607521e-02 -1.35628283e-01 -1.52949005e-01 -1.69401363e-01 1.99091434e-01 -1.58916622e-01 4.85699549e-02 -7.52574429e-02 4.00336832e-02 -2.03768671e-01 7.85484388e-02 1.95773199e-01 -2.63409525e-01 1.96548522e-01 2.56130863e-02 -1.90723211e-01 1.84677616e-02 -3.23769838e-01 -6.40578717e-02 1.33472338e-01 -1.29436105e-01 -1.08997375e-01 7.76959583e-02 -9.23732966e-02 5.07047534e-01 -1.41878977e-01 -1.61195859e-01 3.16674381e-01
-6.39443919e-02 -8.62155184e-02 2.32761018e-02 2.85028666e-01 -1.26567215e-01 -1.54930845e-01 5.28782047e-02 -1.49703935e-01 -9.37283635e-02 1.64537057e-01 -8.30548778e-02 -5.00485152e-02 -1.14086300e-01 -1.30165771e-01 -2.29929909e-01 -3.71019751e-01 3.41414362e-02 2.42012739e-03 3.59507017e-02 -9.24279317e-02 2.43758149e-02 1.33790551e-02 -1.41209394e-01 3.08208866e-03 3.96751352e-02 -1.57972425e-01 -2.78530326e-02 -1.26068801e-01 1.96692050e-01 6.58367634e-01 -1.31381825e-01 -1.06755078e-01
1.74357250e-01 -1.50144979e-01 -4.97623645e-02 9.29830298e-02 -7.91871622e-02 -4.37879674e-02 -8.91715884e-02 -9.26960036e-02 2.28999704e-01 1.75494887e-02 2.84797084e-02 -1.68926921e-02 -7.73953795e-02 -2.09864482e-01 -3.59269768e-01 8.50833654e-02 -7.19878748e-02 -1.01368204e-01 -2.12554336e-01 -2.87640691e-01 3.08382928e-01 2.56621446e-02 8.40298757e-02 -1.71752006e-01 5.02123609e-02 2.13130121e-03 -8.87584407e-03 -1.64290331e-02 -2.23050326e-01 6.75731152e-03 5.26799023e-01 2.55200505e-01
-5.64238988e-02 -7.47983977e-02 1.89213037e-01 -7.18345195e-02 3.39475237e-02 -2.67553963e-02 -2.31229644e-02 -1.67197898e-01 -4.01531123e-02 3.97804499e-01 8.54182467e-02 9.45299491e-02 -8.79306644e-02 1.98968753e-01 5.93477301e-02 5.66918515e-02 5.73899783e-02 -1.88986249e-02 1.92541555e-02 4.15574312e-01 -1.99483469e-01 1.95922345e-01 8.48653447e-03 -3.94459553e-02 -2.54266579e-02 -4.76710647e-02 1.41380066e-02 -1.94116193e-03 1.82746530e-01 9.77139920e-02 2.28115276e-01 5.78893721e-01
