32
5.23308516e-01 5.22353463e-02 1.31427914e-01 -4.26718555e-02 1.18316978e-01 5.27565368e-02 7.35920370e-02 1.39477387e-01 -4.15136404e-02 -1.92604646e-01 2.50299096e-01 1.66724607e-01 -3.56608093e-01 2.47715101e-01 -1.25135735e-01 -2.66824424e-01 1.66782796e-01 7.58803859e-02 -5.49861565e-02 -4.19450514e-02 -9.32062641e-02 -1.64651554e-02 3.23273093e-02 -2.51061141e-01 -2.91968714e-02 2.57144719e-01 -1.46046698e-01 6.12176582e-02 1.20968215e-01 -1.49985251e-03 1.97135776e-01 -3.28170545e-02
-4.08977456e-02 6.87728226e-01 6.25566617e-02 1.22424081e-01 -2.35320076e-01 -3.08777951e-02 -8.13705698e-02 4.86964658e-02 3.07409335e-02 -8.35756585e-02 -2.07315341e-01 9.74699929e-02 1.55551106e-01 4.22953367e-02 -2.12301195e-01 -1.31716922e-01 7.36491233e-02 -2.41403878e-01 -2.38118932e-01 3.39218974e-02 1.63405314e-01 -2.40126148e-01 8.51114616e-02 -1.82869941e-01 -1.55646615e-02 -2.35320851e-02 5.79692759e-02 -9.06259418e-02 -9.42282826e-02 1.45389423e-01 8.00616108e-03 -5.71781248e-02
-2.47660913e-02 -4.83071394e-02 7.50742614e-01 7.99275637e-02 -1.04082800e-01 -9.22862664e-02 -2.96922447e-03 -2.94826776e-01 1.19926490e-01 -6.65562674e-02 -1.80397198e-01 -1.47176117e-01 -7.71792084e-02 1.45138055e-03 1.21612854e-01 -4.33995910e-02 3.65070224e-01 5.87005280e-02 -7.51796067e-02 1.40453186e-02 8.60772096e-03 1.19239032e-01 -1.24423824e-01 1.47371992e-01 1.45727750e-02 -7.55219981e-02 4.54436839e-02 6.01949878e-02 5.96700646e-02 -3.10354419e-02 1.42393121e-02 -1.21352248e-01
2.20867470e-01 -6.83452701e-03 -7.35014006e-02 6.66006327e-01 4.66804169e-02 -5.93590438e-02 -9.25300941e-02 3.60017419e-02 4.96315546e-02 3.45542997e-01 -2.71601260e-01 1.38220116e-01 -1.14449039e-01 2.96717193e-02 8.17231312e-02 1.91804275e-01 -4.38496992e-02 1.88305840e-01 -1.07723288e-01 4.42189611e-02 -1.19058199e-01 1.44500285e-01 1.12084635e-01 -1.40748009e-01 -1.35229498e-01 -1.82371467e-01 -2.27507763e-02 -6.97234496e-02 2.24053897e-02 -1.02507718e-01 1.64524078e-01 3.29960249e-02
5.51816709e-02 6.32661432e-02 -6.21961989e-02 1.33303612e-01 7.52229869e-01 -1.38349250e-01 -9.78719443e-02 4.85506132e-02 -6.91655651e-02 -3.08774143e-01 -1.70137540e-01 -9.68019813e-02 4.87285573e-03 -7.57673532e-02 8.63395706e-02 1.12858862e-01 7.37035424e-02 -9.93062407e-02 -9.42647830e-02 1.24851674e-01 2.22880512e-01 -6.38769194e-02 -1.23737596e-01 1.22095458e-01 2.47526780e-01 7.60977948e-03 -7.42315501e-03 -4.58016023e-02 1.06054964e-02 1.33284807e-01 6.62507489e-02 -2.23579723e-02
-1.43346429e-01 9.08443108e-02 7.77401328e-02 1.61544830e-01 1.37051061e-01 8.01236570e-01 -9.59328413e-02 1.27708420e-01 4.80026007e-02 -8.92486572e-02 -1.92616079e-02 1.38112139e-02 5.52928299e-02 -2.31774766e-02 -1.82931982e-02 -1.72068238e-01 -5.18509522e-02 4.64556105e-02 -8.83608386e-02 5.87938949e-02 -1.16309196e-01 2.10896447e-01 -8.31615627e-02 1.44218549e-01 -1.36921525e-01 -3.35708773e-03 3.57209449e-03 5.73513545e-02 1.77216604e-01 1.56075448e-01 -1.40288889e-01 9.52738896e-02
-1.44440845e-01 1.20778538e-01 2.28235245e-01 9.60086957e-02 1.23300925e-01 -1.92891285e-02 7.19378233e-01 1.14291340e-01 8.32113400e-02 6.87824339e-02 9.23700910e-03 -1.20650142e-01 -6.45674616e-02 -2.20770195e-01 -1.23946913e-01 2.40941674e-01 -2.05568865e-01 5.79630621e-02 5.41791543e-02 -6.92070425e-02 7.00412132e-03 1.02519114e-02 8.86951387e-02 -1.06322095e-01 -9.32891518e-02 2.59258687e-01 1.51935956e-02 -9.15544182e-02 7.19675496e-02 2.01415792e-01 3.78142335e-02 9.98204201e-03
-2.65008748e-01 -2.27757126e-01 9.48421061e-02 -6.78440323e-03 -1.21397443e-01 -1.27071828e-01 -6.09162934e-02 6.52101398e-01 9.63782053e-03 9.95625034e-02 -1.28398016e-01 -4.36260132e-03 -1.66840702e-01 -8.42504799e-02 2.12065741e-01 -2.52295017e-01 1.56504326e-02 2.00923812e-02 -1.45256475e-01 -8.23560543e-03 1.21093258e-01 2.30564512e-02 7.30543733e-02 -1.56810299e-01 2.14654431e-01 -6.60947263e-02 -3.95226069e-02 2.40757495e-01 -2.23325174e-02 2.32879281e-01 3.09922714e-02 -7.97133744e-02
7.00005516e-02 9.79692861e-03 4.95256856e-02 -1.34965077e-01 6.66822493e-02 8.15088972e-02 -1.17755301e-01 2.11857736e-01 7.77927756e-01 5.71157932e-02 3.26347165e-02 -1.10729456e-01 1.85128286e-01 5.50300330e-02 -1.12500757e-01 1.24782786e-01 7.19057471e-02 6.61561117e-02 1.91706985e-01 1.84058428e-01 -1.69585478e-02 -3.56869996e-02 -8.14968534e-03 -6.09323680e-02 9.14551243e-02 -1.22759845e-02 -2.27483407e-01 -1.13983631e-01 -1.77337676e-01 -8.68194550e-02 1.39342293e-01 -5.71072614e-03
2.87667308e-02 1.25359386e-01 1.07879035e-01 -1.57118440e-01 2.93632627e-01 7.78398290e-02 -9.88657475e-02 -1.00394025e-01 -1.63959693e-02 6.03451729e-01 1.74142808e-01 4.49291319e-02 1.28148884e-01 -2.64189094e-02 2.02132523e-01 -2.16562618e-02 1.99858040e-01 1.39679849e-01 -1.59388229e-01 -1.74710363e-01 1.68044195e-02 -1.55998766e-01 -2.97382530e-02 -2.46476352e-01 1.57668233e-01 1.77094430e-01 1.03279941e-01 -4.84831668e-02 -3.34501602e-02 3.55657451e-02 -3.10979068e-01 9.91016701e-02
-2.22055867e-01 1.40848041e-01 1.17876977e-01 2.53796428e-01 3.94975543e-02 -5.68985268e-02 -9.16105136e-02 -3.45894806e-02 1.34611011e-01 -9.40964296e-02 6.68986261e-01 -1.72406286e-01 -2.17238680e-01 3.87834199e-02 9.61677209e-02 -1.30132884e-02 -2.49402300e-01 -9.09962133e-02 -1.14795767e-01 -4.58175465e-02 1.20504044e-01 -7.36224139e-03 2.92151747e-03 -1.07151568e-01 8.81855264e-02 -3.08948904e-01 1.16604552e-01 -5.40891401e-02 5.95216490e-02 -1.90219313e-01 2.83050947e-02 6.08560219e-02
3.97957489e-02 -1.00585327e-01 6.10709339e-02 4.15026136e-02 -8.00816459e-04 8.48990586e-03 1.40302181e-01 2.96958722e-02 2.67777294e-01 -2.22195268e-01 -5.86241148e-02 6.57396376e-01 2.91812140e-02 1.18443482e-01 9.92123932e-02 1.64911479e-01 -1.36210188e-01 3.59934904e-02 3.57474349e-02 -7.30916709e-02 1.74778461e-01 -1.03536710e-01 -1.08814076e-01 -3.84181812e-02 7.53290057e-02 -4.84157540e-02 2.54871577e-01 1.37884051e-01 9.49234664e-02 -1.26810342e-01 -3.63592714e-01 -1.52551904e-01
-1.73177883e-01 -9.85970162e-03 8.73918757e-02 9.48497355e-02 2.14015543e-01 -1.78935021e-01 9.21937823e-02 -5.55036776e-02 -3.19168754e-02 -1.52780369e-01 7.98280239e-02 3.79965380e-02 5.68856597e-01 3.19373608e-01 1.03914365e-01 -2.12248430e-01 -1.06227376e-01 1.69095203e-01 -1.05076723e-01 -1.21865459e-01 -1.47827417e-01 1.17821664e-01 3.12261254e-01 -4.61218283e-02 -1.54094979e-01 3.60141993e-02 -1.78346217e-01 2.54672468e-01 -1.35987237e-01 -5.58500066e-02 5.94368391e-02 -4.75892574e-02
-1.20780259e-01 -6.22886941e-02 -5.40376129e-03 1.08326867e-01 1.98103171e-02 1.81233510e-02 1.65767863e-01 2.78388150e-02 2.66593508e-02 2.09190577e-01 -5.48003502e-02 -4.00770940e-02 -1.31588638e-01 7.20094919e-01 2.05169600e-02 1.22848153e-02 7.90172666e-02 -2.88918138e-01 1.73643902e-01 -5.99615218e-04 -4.20732573e-02 -1.91292137e-01 6.33556172e-02 2.83249110e-01 1.24463536e-01 -2.56651621e-02 5.99018298e-02 -6.55900016e-02 5.60588092e-02 2.05314010e-01 -8.27266835e-03 2.08342612e-01
1.26927242e-01 3.75417560e-01 -1.68810204e-01 -1.28027931e-01 -2.33447924e-02 1.26359448e-01 2.54707843e-01 -1.23945937e-01 8.12159926e-02 -1.41109098e-02 -1.45138592e-01 -7.63115808e-02 -2.25442708e-01 2.60966383e-02 6.01191461e-01 -1.83740214e-01 -1.05222046e-01 1.46642983e-01 1.75644010e-01 -5.23035079e-02 1.14664808e-01 6.05396852e-02 -4.15342115e-02 8.51905346e-02 2.22301972e-03 -1.40181094e-01 -9.42716524e-02 1.09923527e-01 -2.85498440e-01 -4.34976332e-02 5.81810400e-02 -3.95109989e-02
-7.59426728e-02 2.20095903e-01 1.55896112e-01 -2.32206851e-01 1.06587587e-02 1.35651663e-01 -8.48651752e-02 3.16245735e-01 -2.93723643e-01 3.00498642e-02 -4.42209542e-02 8.75736214e-03 7.53206201e-03 2.25849330e-01 7.88061600e-03 5.14212489e-01 5.39598353e-02 -3.95294093e-02 8.10304843e-03 -2.63941139e-01 1.33401960e-01 2.45834395e-01 -1.25336051e-02 3.22584086e-03 9.90911201e-03 -6.13309592e-02 -2.00895384e-01 -1.86830871e-02 4.73038554e-02 -3.39128017e-01 9.40675586e-02 -1.17573999e-01
-7.18911141e-02 -7.01290648e-03 -3.29138815e-01 2.73199767e-01 -1.85344726e-01 7.81111643e-02 2.77631491e-01 1.54947676e-02 6.35675937e-02 -1.47716135e-01 1.98782191e-01 2.77905166e-02 1.38856426e-01 -1.17565639e-01 7.24169612e-02 1.19814403e-01 6.16937876e-01 -7.21112043e-02 -1.24955326e-01 -1.69376969e-01 -6.40517846e-02 1.20150819e-01 -8.65622833e-02 2.64175907e-02 2.73607463e-01 7.47429207e-02 -2.97219418e-02 1.16013601e-01 -6.99907169e-02 -6.64867908e-02 5.47956228e-02 1.05979562e-01
-2.85938799e-01 8.57471898e-02 -1.00688182e-01 1.31804089e-03 -2.52044760e-02 -1.90418903e-02 -5.87987490e-02 -1.37389591e-02 -4.26108874e-02 -6.50343969e-02 -2.07698140e-02 2.27379776e-03 -1.30348325e-01 1.59963310e-01 -2.65976816e-01 -1.52505459e-02 1.19018435e-01 7.63636529e-01 3.39451693e-02 3.49879265e-03 2.66216010e-01 -1.39976904e-01 -7.55119920e-02 1.01010531e-01 8.50099232e-03 5.63962273e-02 1.65561706e-01 -4.48951218e-03 -2.55730599e-02 -1.08608110e-02 1.42630935e-01 1.39379159e-01
5.91194443e-02 6.55155554e-02 1.74779952e-01 2.65075445e-01 -1.84588451e-02 6.67695561e-03 -5.43073416e-02 2.23706201e-01 -2.67220289e-01 -6.97780326e-02 5.95302396e-02 -5.88992238e-02 2.05799222e-01 -6.84334040e-02 7.56897554e-02 -1.24036953e-01 1.14505135e-01 -5.96656883e-03 7.10824847e-01 1.64194897e-01 4.96750213e-02 -2.38077585e-02 -1.82342194e-02 -1.85555875e-01 3.00305225e-02 8.30629617e-02 1.88667327e-01 -6.17238022e-02 -8.57612416e-02 -1.53173596e-01 -1.23983800e-01 1.00046292e-01
-4.16728370e-02 6.68076947e-02 6.24269918e-02 -4.35325615e-02 -1.38935730e-01 -7.26990476e-02 7.81453177e-02 6.04730994e-02 -1.58615187e-01 4.05050479e-02 2.15991184e-01 2.15056002e-01 5.70525713e-02 5.50959334e-02 2.48663798e-01 1.34500220e-01 9.31103807e-03 8.00906196e-02 -2.26485729e-01 7.50148237e-01 3.18566225e-02 6.72998875e-02 -2.62545682e-02 1.49296016e-01 -1.10579189e-02 1.80500194e-01 -1.92317694e-01 -1.45231396e-01 -7.05046067e-03 -3.94682446e-03 -4.82573248e-02 7.43203387e-02
2.78718203e-01 -1.45754620e-01 8.98094755e-03 1.77192107e-01 -1.77404150e-01 7.20847398e-02 -8.12582970e-02 -1.08013690e-01 2.18900107e-02 1.12435661e-01 1.48468256e-01 -7.23511875e-02 1.76601171e-01 2.74645109e-02 -1.65541787e-02 9.69231781e-03 -1.10096969e-01 -3.18121761e-02 3.43106128e-02 -1.34275600e-01 7.18411624e-01 1.82567224e-01 6.81656823e-02 1.32154316e-01 -3.89002822e-03 1.85701460e-01 -1.69617444e-01 4.50653955e-02 1.09674009e-02 2.64517397e-01 2.43947119e-03 -5.15044406e-02
-7.57070780e-02 1.77443668e-01 -8.49034712e-02 -9.19677839e-02 5.19313440e-02 -3.06100696e-01 -4.16237935e-02 6.67230180e-03 9.49312076e-02 6.55922517e-02 4.27646227e-02 1.53547138e-01 -5.30360558e-04 1.16556987e-01 -1.02656096e-01 -1.35120079e-01 -1.02685085e-02 -2.46988200e-02 1.00065000e-01 -4.84213047e-02 -8.00051838e-02 7.01129794e-01 -3.51060838e-01 -6.43955320e-02 -1.13277119e-02 1.63079210e-04 1.57188445e-01 -1.73615888e-01 -7.01534282e-03 2.68424839e-01 -3.01849693e-02 3.74614224e-02
-1.13069423e-01 1.16619557e-01 3.49026024e-02 -1.16605848e-01 7.78687149e-02 6.65892884e-02 -1.36219501e-01 -2.12211072e-01 1.69392284e-02 2.46672668e-02 6.22104220e-02 2.75789499e-01 -1.83392584e-01 -1.65403932e-01 -6.52679577e-02 1.13617033e-01 1.10080995e-01 -2.26491112e-02 2.30918765e-01 9.65052396e-02 -2.81861182e-02 2.10674465e-01 6.81137919e-01 4.67565842e-02 2.58739054e-01 -5.10317795e-02 7.20176995e-02 1.34240344e-01 1.95765980e-02 1.78972542e-01 1.17594995e-01 -1.21107213e-02
1.46539375e-01 2.57347852e-01 9.13461447e-02 9.09313634e-02 4.61353287e-02 -1.77185014e-01 1.27731338e-02 1.81449890e-01 -2.56264042e-02 2.60273337e-01 1.72893599e-01 1.67575419e-01 5.45749329e-02 -2.20711723e-01 -2.13689566e-01 -1.13705911e-01 -8.44276547e-02 3.63989957e-02 1.02817476e-01 -8.52902308e-02 -1.50829256e-01 -1.20060153e-01 -1.66858464e-01 5.91291428e-01 9.54457596e-02 -8.75691921e-02 -1.58547923e-01 3.21290016e-01 4.42443937e-02 -5.23414016e-02 6.25886628e-03 -4.01057526e-02
1.92395046e-01 2.66041588e-02 2.63842642e-02 1.88644454e-02 -1.80308416e-01 9.59118083e-02 8.18980858e-02 -7.02310875e-02 -9.80958566e-02 -4.22148444e-02 -9.46499854e-02 -1.61820918e-01 2.00861514e-01 1.05739214e-01 -4.30152193e-02 -3.42148393e-02 -3.04559559e-01 2.12194800e-01 -6.05330281e-02 2.90461686e-02 -1.86884210e-01 6.06396273e-02 -2.44730450e-02 -6.62195385e-02 7.33872294e-01 -4.48790863e-02 2.65834685e-02 -1.41230777e-01 1.92037448e-01 8.76474380e-03 1.20561309e-02 -1.50212720e-01
-2.77140170e-01 6.44992441e-02 -9.07384977e-03 1.58668727e-01 -6.50243908e-02 -3.00751049e-02 -2.77742743e-01 -1.01691633e-01 1.23381183e-01 -8.37475620e-03 -9.00282860e-02 7.86044821e-02 -1.22170307e-01 -2.50614658e-02 1.92858577e-01 -3.14913876e-02 -2.03212887e-01 -1.26078308e-01 5.11052534e-02 -1.41002402e-01 -1.01661034e-01 -3.04678194e-02 -9.10303742e-02 7.28114694e-02 1.05511449e-01 7.12562025e-01 -2.04785541e-02 7.14931544e-03 6.19976707e-02 -1.98022231e-01 2.21122667e-01 -4.48092967e-02
2.59050608e-01 -1.13671208e-02 2.12325398e-02 -4.61812168e-02 -3.03520989e-02 2.86053717e-02 -4.41574492e-02 2.61155546e-01 3.87477241e-02 -3.38515267e-02 1.01657778e-01 -1.44709438e-01 7.04936758e-02 2.81119458e-02 9.50273871e-02 8.18831325e-02 -6.33319840e-03 3.00473347e-02 -2.06202596e-01 -3.92361581e-02 -9.37929600e-02 6.89091831e-02 2.04752445e-01 3.22073251e-01 -9.48260352e-02 1.56836569e-01 6.55311823e-01 -1.20280996e-01 -2.92302966e-01 -7.42167933e-03 8.67359564e-02 -1.67805433e-01
8.71957242e-02 1.15637146e-01 -8.76152515e-02 -4.75335829e-02 -1.39170298e-02 -1.79851856e-02 -1.73428021e-02 -7.24731237e-02 5.48245981e-02 7.98413530e-02 -4.71111424e-02 -2.83271015e-01 -3.21573881e-03 1.23946115e-01 -8.86379480e-02 2.15172142e-01 -6.21240884e-02 -7.07799941e-02 -2.11537145e-02 2.92257875e-01 1.89090297e-02 9.11995545e-02 -1.21714212e-01 -2.07710296e-01 -1.74101703e-02 9.97047275e-02 2.51843363e-01 7.38131583e-01 1.20093025e-01 -3.28811072e-02 -8.75720009e-03 7.87147954e-02
5.56270853e-02 1.42498225e-01 -1.58899918e-01 -1.13115855e-01 -3.10448892e-02 -1.65584430e-01 2.85895588e-03 1.16257831e-01 1.58333480e-01 -9.68964491e-03 -2.88193226e-02 -1.15048677e-01 1.56686872e-01 -4.53944579e-02 2.56491691e-01 -9.02239904e-02 1.46501452e-01 6.58902675e-02 5.31697050e-02 -2.83402037e-02 6.33265823e-02 -2.09754277e-02 1.78853631e-01 9.48320925e-02 -1.72026470e-01 -2.75366418e-02 9.86392125e-02 -1.17265046e-01 7.89197862e-01 -6.48429915e-02 3.10943965e-02 1.32812234e-02
1.46695636e-02 4.95334901e-02 2.80556846e-02 3.54855917e-02 -1.11556023e-01 2.37127673e-03 -2.13762760e-01 -2.29307357e-02 -5.27247228e-02 -1.25238851e-01 2.02418029e-01 3.90638448e-02 9.13333371e-02 2.18459442e-02 2.50709713e-01 3.67940396e-01 8.75285640e-03 1.42462000e-01 1.54616475e-01 -1.09213427e-01 -2.54841059e-01 -2.45851681e-01 -1.90208599e-01 -8.94927680e-02 -1.21161602e-01 -6.27215803e-02 -4.62368764e-02 5.93252480e-02 3.83235142e-02 5.90786457e-01 1.62740991e-01 -2.03865916e-01
-2.05423255e-02 -1.15533635e-01 1.06447160e-01 -1.47536859e-01 5.24170883e-02 1.63167432e-01 1.32317245e-01 -6.51293248e-02 -6.90414906e-02 1.62246168e-01 6.42869854e-03 2.82857776e-01 2.45419949e-01 -7.71733671e-02 5.68799600e-02 -1.05230927e-01 -4.92943153e-02 -1.44663408e-01 -1.03998380e-02 4.16397862e-02 1.41334295e-01 -7.21898079e-02 -2.00478166e-01 -8.52862224e-02 2.84147728e-02 -1.60749227e-01 2.31248587e-01 1.05675086e-02 4.59090769e-02 -5.01607172e-02 7.05542326e-01 1.72843754e-01
1.87664732e-01 2.98032649e-02 1.74858794e-01 -7.59167075e-02 -1.13822512e-01 -1.09760717e-01 -1.16891220e-01 7.68672824e-02 4.11180854e-02 -2.25750461e-01 -9.03686136e-02 3.01538818e-02 3.01056076e-02 -9.14865881e-02 1.10737547e-01 1.41207054e-01 -1.48951724e-01 4.50726077e-02 -9.52167884e-02 -1.85608804e-01 -6.61774650e-02 1.46449320e-02 6.44392297e-02 3.83432396e-02 5.79809956e-02 1.40669160e-02 -3.53123061e-02 2.14626025e-02 -4.75737378e-02 7.89936706e-02 -6.83261380e-02 8.26668680e-01
7.99542964e-01 -2.36778501e-02 9.02666226e-02 1.67418078e-01 -4.97669838e-02 1.20791577e-01 1.45141380e-02 -1.02008194e-01 -7.97844678e-03 1.34455472e-01 -8.93195868e-02 4.46384102e-02 -3.36285830e-02 -6.71137720e-02 -2.67126076e-02 -1.83760151e-02 -8.63611326e-02 4.92861271e-02 1.62646353e-01 3.02418679e-01 -1.56024575e-01 -1.01419881e-01 -2.37106457e-01 -1.01204596e-01 -2.80161947e-02 9.90103409e-02 1.27995731e-02 -5.58169633e-02 5.04932590e-02 -3.75042483e-02 -3.42018679e-02 1.16739176e-01
5.19147404e-02 8.69367301e-01 1.13455571e-01 -3.60207148e-02 -1.30612388e-01 -3.43229398e-02 1.22166634e-01 -1.22587427e-01 -4.06137407e-02 6.38037026e-02 -1.19125538e-01 -6.32620901e-02 9.48895812e-02 -1.29875705e-01 7.60770142e-02 1.59599274e-01 -1.47754088e-01 -5.17378934e-03 -1.85996108e-02 -2.23280899e-02 3.76184024e-02 6.92901835e-02 8.50039497e-02 -8.46207887e-02 3.57640237e-02 -1.67444602e-01 -1.18982680e-02 7.40360841e-02 -7.88055137e-02 -8.45180731e-03 -3.52501534e-02 -1.11048818e-01
-8.87562633e-02 -1.49137154e-01 7.84186125e-01 3.23806629e-02 4.37672362e-02 2.76002511e-02 -1.31728470e-01 6.98961541e-02 -8.75509828e-02 -8.12119395e-02 -1.46818578e-01 8.94707814e-02 -1.42895922e-01 -1.59885913e-01 1.33471057e-01 1.52520146e-02 -6.38880208e-02 5.77844083e-02 -1.53219894e-01 1.45236164e-01 1.90033272e-01 2.13384647e-02 -4.37267199e-02 2.50419937e-02 2.22058609e-01 -1.05172284e-01 -1.28574640e-01 1.09527588e-01 -1.14481904e-01 -1.26580596e-01 9.71550941e-02 5.05291633e-02
-2.42340073e-01 3.34181041e-02 -5.16398363e-02 8.25747728e-01 -4.51860316e-02 8.76992419e-02 -6.88584372e-02 -7.48432577e-02 1.98919885e-02 1.38467595e-01 -9.06475931e-02 1.64513476e-02 1.70248412e-02 8.77315328e-02 6.50182962e-02 4.91706207e-02 -5.95173463e-02 3.04415054e-03 1.36180282e-01 4.73184437e-02 -1.28192633e-01 -1.92028999e-01 1.83289543e-01 1.44399256e-01 -7.40882661e-03 -9.04548913e-02 6.15126602e-02 3.16564180e-02 -1.35758696e-02 -1.42566621e-01 1.40897617e-01 8.59614536e-02
5.71921542e-02 1.38174251e-01 -3.02977953e-03 1.28082320e-01 8.84768605e-01 1.64844245e-01 -3.46836634e-02 5.65124415e-02 3.02449353e-02 -1.37276473e-02 1.95916835e-03 -8.52971375e-02 -5.86403161e-02 1.54476939e-02 -1.21269763e-01 1.07632920e-01 1.74242720e-01 -4.71673086e-02 3.66932712e-02 1.44810900e-02 -5.87571273e-03 1.38189971e-01 5.48989372e-03 -1.12494804e-01 1.27594680e-01 -3.97035340e-03 4.52262945e-02 7.10266307e-02 4.82930541e-02 7.22468570e-02 -1.93815362e-02 -1.05897859e-01
-8.48515481e-02 1.14570037e-02 9.25512537e-02 -1.63264379e-01 -1.51171371e-01 8.93347740e-01 -6.79399166e-03 -1.53873013e-02 -1.68821961e-02 -3.57368924e-02 7.12379888e-02 -1.25218540e-01 -1.45026986e-02 1.60935700e-01 3.68446074e-02 -7.21915513e-02 -3.89509089e-02 5.48467971e-02 1.19877987e-01 -5.06837629e-02 -8.13254938e-02 5.16815037e-02 2.63372026e-02 -5.67030488e-03 -6.28714859e-02 -1.19285040e-01 1.57965105e-02 -1.27359666e-02 1.34957641e-01 7.31863198e-04 6.99174330e-02 -8.98566917e-02
1.73436925e-02 -1.44010603e-01 1.17098525e-01 1.71194114e-02 1.31248608e-01 6.49024593e-03 8.99237096e-01 -1.04979001e-01 -1.21528737e-01 6.49870327e-03 -1.32025834e-02 5.01123257e-02 3.56167518e-02 1.11011015e-02 1.48519233e-01 4.38485034e-02 -1.83924697e-02 -3.78386118e-02 -1.18167289e-02 -8.83785635e-02 7.50825927e-02 -9.13768262e-03 8.56645927e-02 3.82892713e-02 -1.18547983e-01 1.47255445e-02 6.13240674e-02 -8.07316452e-02 3.88767160e-02 -6.35278001e-02 1.62466213e-01 6.65750504e-02
1.90569997e-01 4.59231585e-02 -4.66857888e-02 1.42613590e-01 -7.43715391e-02 9.48078558e-02 3.97869125e-02 7.57134497e-01 -6.89017726e-03 6.43341392e-02 -7.86725506e-02 -6.28876165e-02 3.85674387e-02 -2.64889985e-01 -6.31204247e-02 -5.97990267e-02 5.85665666e-02 5.80180809e-02 -2.04855144e-01 -1.03744924e-01 3.37429419e-02 2.27604747e-01 1.37812361e-01 1.74792200e-01 -2.25031093e-01 -4.40459363e-02 8.65505710e-02 -3.04185003e-02 -9.49624553e-02 8.33584517e-02 9.59288850e-02 8.93295258e-02
5.77695854e-02 1.70898729e-03 4.07609940e-02 3.42270248e-02 -6.82456717e-02 4.31854874e-02 7.52505958e-02 -2.21362766e-02 8.65262866e-01 5.00539728e-02 1.96749922e-02 1.28355483e-02 9.16866213e-02 8.69087651e-02 3.07991859e-02 4.62594368e-02 -4.17205729e-02 -8.31193104e-02 -1.60932109e-01 3.87695916e-02 1.57755747e-01 4.11280431e-02 1.32218804e-02 -4.39010300e-02 1.20320782e-01 1.57620251e-01 -6.73171803e-02 5.66428527e-02 8.51683412e-03 1.26532972e-01 2.79982835e-01 -6.40253723e-02
-1.03379011e-01 -7.70952851e-02 6.84738383e-02 -2.00491488e-01 5.19860089e-02 -5.47195412e-02 -4.04316299e-02 -6.37107901e-03 -4.19940576e-02 9.11495686e-01 -7.94310123e-03 -4.50176038e-02 3.02270520e-03 5.71257100e-02 7.03662783e-02 7.40861744e-02 2.96548977e-02 1.74933016e-01 -3.32005951e-03 7.37739131e-02 -3.68092991e-02 4.60439287e-02 8.71359408e-02 4.32750508e-02 4.22834307e-02 -5.10283560e-02 4.49828478e-03 -2.42037978e-02 1.11704156e-01 1.17183536e-01 2.65937690e-02 3.05233374e-02
1.04737267e-01 6.43367693e-02 1.92637462e-03 1.19394846e-01 8.73243064e-03 -3.06394929e-03 2.47947843e-04 -1.12900056e-01 -6.48081824e-02 4.10397053e-02 8.84148955e-01 -9.36754420e-02 1.70631334e-02 -1.54197156e-01 -2.33582072e-02 -1.12298943e-01 -1.74618624e-02 1.33250147e-01 -1.58493295e-01 3.44633944e-02 1.15546823e-01 4.67565469e-02 1.30710006e-02 8.02633166e-02 7.37790018e-02 -8.16984773e-02 -6.10917322e-02 1.04146443e-01 -5.25363311e-02 -1.07270107e-01 8.68281201e-02 9.57877636e-02
-5.41040953e-03 7.95566887e-02 -1.93113610e-01 -4.28832583e-02 7.59495497e-02 1.78148672e-01 -1.30933691e-02 2.08890475e-02 2.83317082e-02 6.36914521e-02 -4.99853445e-03 8.56316864e-01 -3.96149270e-02 -1.66570786e-02 -1.03395740e-02 -4.10993323e-02 -8.37863460e-02 7.57034719e-02 -1.75928384e-01 -2.06262851e-03 1.44841895e-01 -7.36968219e-03 8.35282505e-02 -3.72153632e-02 1.30636923e-04 -3.94382849e-02 -7.38614053e-03 1.25532910e-01 1.11823186e-01 -1.69570789e-01 -1.66350663e-01 1.23247176e-01
1.02445595e-01 -8.08645859e-02 8.96041766e-02 -2.59870733e-03 1.39577374e-01 1.67159270e-02 -1.30389586e-01 -1.33471280e-01 1.08092306e-02 1.48379020e-02 -1.26939237e-01 -5.19793294e-02 8.34095180e-01 3.33630806e-03 3.53927724e-02 -1.96254507e-01 4.12593000e-02 1.20234177e-01 -9.10007209e-02 -2.04366520e-01 1.09994143e-01 -2.86748596e-02 -1.85793769e-02 8.26915801e-02 -6.74947798e-02 -8.09772685e-02 -1.80199891e-02 -8.10002238e-02 6.70342240e-03 -2.32452244e-01 -8.48772451e-02 -1.07158478e-02
1.43270120e-01 1.56064257e-01 7.48111531e-02 4.58653131e-03 1.58460140e-02 -1.15472347e-01 3.52596119e-02 2.60398865e-01 -5.06723598e-02 -1.62121467e-02 7.34503269e-02 -1.79250389e-02 -3.86312082e-02 8.20289910e-01 1.41723201e-01 -5.70737310e-02 3.82506996e-02 -6.58333004e-02 -5.27951904e-02 7.41143003e-02 9.43561420e-02 1.53193837e-02 -1.05298631e-01 2.58389562e-01 -1.14871410e-03 -6.57191500e-02 -1.52965650e-01 6.57732189e-02 -2.60961261e-02 -9.95599404e-02 -1.26319453e-01 3.07174735e-02
-2.54776422e-02 2.69347634e-02 -6.96557537e-02 -1.47917857e-02 8.53770822e-02 8.20420031e-03 -9.75108519e-02 4.46505770e-02 1.71820596e-02 -1.25618890e-01 8.26214999e-02 6.19535781e-02 8.42318162e-02 -9.29731503e-02 8.71490180e-01 4.34463471e-02 8.35786164e-02 1.45697922e-01 6.25961572e-02 7.82618374e-02 -1.69691384e-01 5.51991314e-02 -2.77728252e-02 -5.31149330e-03 -4.15168032e-02 1.72402769e-01 8.33061039e-02 3.38111334e-02 -2.87173539e-02 2.22289443e-01 -5.17141931e-02 8.65743533e-02
5.00678318e-03 -1.01857811e-01 -1.32390857e-01 -3.71467434e-02 -1.01219475e-01 5.89080974e-02 -1.03406478e-02 1.69931427e-01 -7.11192861e-02 -7.66341910e-02 6.19972646e-02 -6.43970594e-02 1.72458947e-01 8.54958489e-04 4.78012627e-03 8.12944055e-01 1.39618382e-01 9.22806188e-02 -1.09486602e-01 1.63840339e-01 7.74811059e-02 -1.15270115e-01 -4.32906821e-02 -1.04777128e-01 8.03323910e-02 -1.07824802e-02 -9.92844179e-02 -4.10827063e-02 1.59125566e-01 -2.71967709e-01 3.54883969e-02 -2.79988199e-02
1.09569438e-01 5.90215549e-02 7.20912218e-03 2.76503079e-02 -1.85322240e-01 6.20825589e-02 3.83701399e-02 -1.92805707e-01 3.49043543e-03 6.13810169e-03 -1.08877845e-01 -2.12310115e-03 -7.89495856e-02 -1.27141252e-02 -1.57563556e-02 -7.99063221e-02 8.66711676e-01 -1.24888858e-02 -6.93366230e-02 -6.36007935e-02 2.95079481e-02 1.10652316e-02 1.69365510e-01 -2.62641702e-02 1.08946986e-01 -4.85652275e-02 -8.28488618e-02 1.44409791e-01 -6.17999248e-02 1.50531484e-02 -2.83444561e-02 2.11073965e-01
-1.00978054e-01 9.03541371e-02 7.08363764e-03 2.96582021e-02 9.77926049e-03 -9.08188671e-02 1.19480789e-01 3.98217887e-02 1.34675384e-01 -1.42132074e-01 -7.32780844e-02 -1.77110266e-02 -1.11662202e-01 9.24493223e-02 -1.46092743e-01 -9.81737152e-02 5.77911139e-02 9.00885463e-01 6.07463159e-02 6.26920769e-03 -7.65034780e-02 6.18129829e-03 -1.13662019e-01 -6.42260462e-02 3.38995308e-02 2.80223042e-02 1.12725506e-02 -1.11967362e-01 1.65971108e-02 -5.02633341e-02 1.51018584e-02 -3.54809687e-02
-1.19286753e-01 4.48438935e-02 2.14345545e-01 -2.61670374e-03 -5.53479567e-02 -4.80233356e-02 3.70732546e-02 2.26994231e-01 4.41295691e-02 3.86693478e-02 2.10140303e-01 2.31000647e-01 2.29151323e-01 1.09260613e-02 -1.36819854e-01 6.17677346e-02 1.18965067e-01 -5.90437539e-02 7.26303756e-01 6.41926471e-03 7.19617233e-02 1.14464492e-01 2.55871117e-02 -1.99950442e-01 -9.42430273e-02 1.61704242e-01 -1.65867329e-01 1.20349333e-03 -1.74246952e-01 3.95325758e-02 -7.44239055e-03 6.90951049e-02
-1.99048236e-01 -2.93980236e-03 -1.62911162e-01 -1.98090505e-02 -4.69212979e-02 1.99301634e-02 1.42676800e-01 -7.94416852e-03 -3.90424468e-02 -4.89841774e-02 -8.15591887e-02 -3.15353908e-02 1.91758245e-01 -8.05006847e-02 -6.90765157e-02 -2.11064413e-01 6.18576184e-02 -5.47199100e-02 -1.14620822e-02 7.88658917e-01 -8.70288443e-03 3.42920333e-01 5.85961528e-03 1.39637232e-01 9.51795503e-02 1.47658940e-02 1.45422844e-02 6.17878325e-02 1.32829053e-02 -8.77965987e-02 -4.06950898e-02 -1.31505370e-01
1.44172519e-01 -3.89965698e-02 -1.95771158e-01 1.75874233e-02 -5.39018365e-04 3.67023721e-02 -7.38885403e-02 -6.61249012e-02 -3.45575400e-02 8.76462739e-03 -1.14342928e-01 -1.49422079e-01 -1.77796200e-01 -9.75745842e-02 1.51526451e-01 -2.84195747e-02 -4.78460230e-02 1.09034963e-01 3.15832019e-01 -2.01782677e-02 7.72762537e-01 -1.53080756e-02 1.64395019e-01 2.17909276e-01 6.49499968e-02 6.75163642e-02 4.08716761e-02 -2.09718253e-02 8.46726447e-02 -4.98359278e-02 -5.60285114e-02 -1.28003761e-01
1.01922639e-01 -1.37927741e-01 -2.89493240e-02 1.14485726e-01 -7.13333488e-02 -5.33617996e-02 -7.03559294e-02 -2.60987103e-01 1.46576688e-02 -2.13482846e-02 -6.17803857e-02 4.32044603e-02 -8.44524205e-02 5.31692654e-02 1.87643375e-02 2.18886569e-01 -1.01493567e-01 3.11964173e-02 5.87897375e-02 -2.54265785e-01 -1.10385284e-01 8.18086922e-01 -3.22978534e-02 1.25609353e-01 -1.43838662e-03 -7.26467744e-02 -1.09286331e-01 -1.74179301e-02 1.37009602e-02 -1.07600980e-01 9.84858139e-04 6.41814694e-02
2.21889138e-01 -1.05158933e-01 -2.50866711e-02 -1.90379530e-01 6.86179921e-02 -7.19559416e-02 -4.00885381e-02 4.47717309e-03 -1.15285432e-02 -1.44852892e-01 -2.81439070e-02 -3.30438204e-02 3.77883725e-02 7.23297074e-02 -1.60466284e-02 4.76492755e-03 -1.89759463e-01 1.14588991e-01 8.19969997e-02 7.07833096e-02 -2.52135217e-01 -7.61628300e-02 7.90117860e-01 2.68377196e-02 1.32394150e-01 -3.58353034e-02 -2.25353301e-01 1.57000944e-01 -3.84216905e-02 -8.06963257e-03 1.00630000e-01 1.46704176e-02
-4.10328247e-02 1.17822751e-01 -5.78899160e-02 -1.56450093e-01 1.03142388e-01 6.50875717e-02 4.13412452e-02 -2.95837373e-02 5.71602099e-02 -4.53000031e-02 -4.59163710e-02 7.74025470e-02 2.83634532e-02 -2.10885957e-01 -9.66437235e-02 1.04954697e-01 7.08549609e-03 -2.37610820e-03 1.61696792e-01 -5.42713553e-02 -1.68835625e-01 -1.77051947e-01 -2.31735498e-01 7.31135905e-01 1.78120792e-01 2.29650959e-02 -2.93597668e-01 -2.38493793e-02 2.12480053e-02 1.13767929e-01 1.03354260e-01 1.99335262e-01
3.26869301e-02 -5.08667454e-02 -7.95143247e-02 4.35903184e-02 -1.29684955e-01 -2.51461342e-02 1.56498984e-01 2.57736892e-01 1.09006942e-03 3.37417573e-02 1.00405123e-02 -3.86450328e-02 7.27477297e-02 -4.28524017e-02 7.18323290e-02 -1.41889572e-01 -5.39330058e-02 -6.95926696e-02 1.43788397e-01 -2.17824161e-01 -1.23065732e-01 3.21318805e-02 -8.85988474e-02 -1.08022504e-01 7.79498458e-01 -7.62779936e-02 1.92115948e-01 1.04379743e-01 1.94016963e-01 -1.13744617e-01 -1.43736675e-01 -2.33290568e-02
-1.71001572e-02 1.44219965e-01 1.68075860e-01 6.94501176e-02 -7.05394596e-02 5.41914068e-02 -5.46194501e-02 -3.80176492e-02 -2.22111836e-01 1.94701795e-02 2.96849813e-02 3.58738191e-02 5.06114736e-02 7.16812834e-02 -1.19249485e-01 8.05146713e-03 2.21951231e-02 4.49242722e-03 -1.68950289e-01 -8.95608515e-02 -3.38671580e-02 6.92657530e-02 1.30794838e-01 1.26965448e-01 9.46562141e-02 8.44064176e-01 1.12051241e-01 -1.79689489e-02 1.85036391e-01 -2.40655933e-02 4.52265516e-02 -1.10599168e-01
7.81434476e-02 1.08204531e-02 1.53687730e-01 -1.75772160e-01 -9.07362998e-03 -9.58811790e-02 -1.06195122e-01 -6.71431795e-02 7.01244846e-02 -9.07500535e-02 7.75631219e-02 1.37003377e-01 3.73694636e-02 1.01855822e-01 -9.27883089e-02 1.59403905e-01 8.97768810e-02 9.77611821e-03 1.41598210e-01 5.89972027e-02 -4.17356901e-02 3.65383760e-03 7.50655532e-02 2.62153804e-01 -3.25637311e-02 -1.57747701e-01 8.07455540e-01 6.21027462e-02 -4.15461361e-02 -2.35005748e-02 1.95993945e-01 1.38412053e-02
-5.76560199e-02 -7.07122087e-02 -3.32076028e-02 -1.79068483e-02 -5.82485506e-03 1.87831055e-02 7.37573206e-02 -1.17533617e-02 7.83794932e-03 1.41499545e-02 -9.56868306e-02 -1.91885605e-01 6.15723357e-02 -1.26608051e-02 -8.22099373e-02 5.92995733e-02 -1.39545545e-01 9.82941389e-02 2.84048002e-02 -4.19711955e-02 3.96836661e-02 -1.70478430e-02 -1.45988241e-01 -2.46897377e-02 -1.84800878e-01 1.14310786e-01 5.41046187e-02 8.62207234e-01 4.49975133e-02 2.52278652e-02 -1.25020504e-01 2.37683848e-01
-2.61637475e-02 9.27961916e-02 1.85627118e-01 1.54515486e-02 -1.11274258e-03 -1.96698859e-01 -5.10581397e-02 6.25807047e-02 1.05876721e-01 -1.00382164e-01 5.77965192e-02 -2.72738133e-02 -4.52335067e-02 -8.96966979e-02 3.19911763e-02 -1.13261379e-01 8.36264938e-02 -7.34884292e-02 9.79673192e-02 2.67316010e-02 -4.90856543e-02 1.94803365e-02 6.32501543e-02 6.91516139e-03 -2.38593683e-01 -1.39951438e-01 -7.23338649e-02 -1.31765157e-02 8.63111854e-01 -5.09605929e-02 1.10103283e-02 4.83348854e-02
5.18841930e-02 -8.63970593e-02 6.67874366e-02 2.03852445e-01 -1.08437024e-01 9.49509442e-03 3.70607562e-02 -7.05275908e-02 -1.91582188e-01 -1.12179674e-01 3.24802697e-02 1.36211962e-01 2.21013919e-01 1.12818487e-01 -1.45139381e-01 1.30521119e-01 -4.39868383e-02 9.74399745e-02 -9.60329622e-02 4.55543436e-02 1.59871861e-01 2.92037223e-02 2.25725956e-02 1.02608465e-03 1.31548479e-01 -1.64012566e-01 -1.56985745e-02 8.60604178e-03 1.49389908e-01 7.93910980e-01 -7.94898421e-02 -6.28676265e-02
4.52939160e-02 5.75888380e-02 -2.01699153e-01 -5.89363426e-02 1.23658320e-02 -6.70123324e-02 -1.14969008e-01 2.37401817e-02 -2.86261111e-01 -8.16758350e-03 -1.01088136e-01 1.06316470e-01 6.30590320e-02 8.77257809e-02 5.42389676e-02 -1.39607295e-01 2.08793133e-02 6.23994926e-03 3.50567587e-02 -3.17629836e-02 7.13697523e-02 3.47572342e-02 -1.89968944e-01 -1.74855471e-01 6.38215318e-02 -3.73323932e-02 -1.04842216e-01 1.48831651e-01 6.34145886e-02 5.59537904e-03 8.21335912e-01 -3.84813733e-02
-1.15144894e-01 1.12918250e-01 -5.11931069e-02 -7.48088285e-02 6.03737757e-02 5.42875268e-02 -5.81948906e-02 -2.15576608e-02 -1.10478764e-02 -6.96218461e-02 -6.04029782e-02 -1.61658421e-01 3.95021848e-02 9.59028974e-02 -6.45789281e-02 -1.24813113e-02 -1.62468091e-01 -2.91615967e-02 -4.53232378e-02 1.06596351e-01 1.60702527e-01 6.63635507e-02 6.44041672e-02 -1.72028437e-01 1.21132225e-01 6.97776973e-02 1.03996143e-01 -2.78551787e-01 3.65684591e-02 4.37966138e-02 3.94668505e-02 8.29517245e-01
