32
4.73373294e-01 5.62230882e-04 5.58362305e-02 -9.79102254e-02 1.29508004e-01 1.13177933e-01 1.21574603e-01 9.43635479e-02 -2.31307615e-02 -1.43742219e-01 2.54999608e-01 1.85389861e-01 -4.28936511e-01 2.25943163e-01 -3.98470759e-02 -2.16478527e-01 1.37877002e-01 8.57435316e-02 -4.31746244e-02 -2.71536242e-02 -2.77879890e-02 2.64962036e-02 -1.37098059e-02 -3.44438702e-01 -2.22232863e-02 2.37831876e-01 -1.67531237e-01 -3.89282517e-02 7.88258240e-02 -4.96524898e-03 2.40807414e-01 -7.57518709e-02
-3.17291333e-03 6.58879578e-01 7.98496231e-02 9.04685482e-02 -1.53155819e-01 1.31575316e-01 -3.30969431e-02 1.33536696e-01 4.38195951e-02 -1.82738945e-01 -2.48237818e-01 1.97751462e-01 1.46820575e-01 5.77262370e-03 -1.99750111e-01 -7.71661624e-02 7.98965320e-02 -2.82738626e-01 -1.40584573e-01 -6.83634207e-02 1.64338499e-01 -2.54910558e-01 4.41493727e-02 -1.00604661e-01 5.51708899e-02 4.91488911e-02 9.51749533e-02 -9.96431708e-02 -4.39796746e-02 1.46849737e-01 7.48114064e-02 -1.40583739e-01
2.02908833e-02 -1.14617139e-01 6.20630026e-01 1.09662145e-01 -2.65569389e-01 -2.07380932e-02 5.69091216e-02 -3.18546534e-01 1.66290462e-01 -1.07428037e-01 -2.14770973e-01 -1.17386930e-01 -1.50677711e-01 8.44024569e-02 1.42492160e-01 -1.91549547e-02 4.29810554e-01 -4.80471328e-02 -4.74055707e-02 5.32994270e-02 2.46144254e-02 1.12909876e-01 9.67419297e-02 1.12297878e-01 -1.24980606e-01 -2.10729614e-02 2.77944505e-02 1.05253063e-01 -7.21481815e-02 4.37131040e-02 3.69097665e-02 1.12384381e-02
1.19488597e-01 -4.90266793e-05 -1.05256289e-01 7.29052782e-01 6.31539896e-02 -7.11511150e-02 -1.74373850e-01 8.53628516e-02 6.94502071e-02 1.08311772e-01 -1.78174973e-01 1.86292991e-01 -3.51063833e-02 9.39374790e-02 3.83461714e-02 2.52087653e-01 -5.26755638e-02 2.04652369e-01 -1.16398185e-01 1.05361067e-01 -5.58020808e-02 1.64636761e-01 8.33407193e-02 -1.43326163e-01 -1.02911457e-01 -1.67887211e-01 -7.78081780e-03 -8.55354220e-02 -7.04067126e-02 -8.37676227e-02 2.29048967e-01 2.63607781e-02
6.79563954e-02 6.66266456e-02 9.20109451e-02 -6.16774857e-02 7.84470797e-01 -2.20153853e-01 -8.07599127e-02 -4.11076322e-02 1.69498518e-01 -2.55195946e-01 -1.56279445e-01 -5.43500148e-02 1.42149404e-02 -1.26045674e-01 1.77368522e-01 7.61459842e-02 9.09541771e-02 -7.67140910e-02 -9.60959643e-02 -5.70236854e-02 7.75745809e-02 5.46316570e-03 -1.37320668e-01 1.92078024e-01 1.13268636e-01 3.21082845e-02 1.03641897e-01 -2.02369280e-02 1.47717819e-02 -9.93032707e-04 1.33673772e-01 -2.18361374e-02
-1.88329145e-01 -3.26079912e-02 1.40905485e-01 1.59245983e-01 1.60831884e-01 7.98965514e-01 -1.03286952e-01 1.18890889e-01 -1.33921662e-02 -1.49250850e-01 1.93919148e-02 -3.77178453e-02 -1.44421831e-02 3.66829596e-02 -1.57704502e-02 -1.93388183e-02 -3.52969617e-02 -5.60226967e-04 6.07549213e-02 -6.33736178e-02 -9.56527591e-02 2.62283623e-01 -2.38764495e-01 9.97657999e-02 -1.08698467e-02 5.45236319e-02 6.28187358e-02 -6.84458613e-02 8.75108019e-02 2.47149970e-02 -1.13073617e-01 1.27178729e-01
-1.62396982e-01 -8.91503505e-03 5.89234754e-02 1.79139659e-01 9.75926742e-02 -1.66495459e-03 7.11227119e-01 -7.42935925e-04 1.02780014e-02 7.47249499e-02 4.86345626e-02 -9.98695940e-02 -6.44694716e-02 -1.97458878e-01 -1.57857344e-01 2.24548563e-01 -1.19827256e-01 -1.17960265e-02 -1.50058776e-01 2.48821247e-02 1.90423056e-02 7.28215948e-02 2.15065196e-01 4.71776761e-02 -9.31649096e-03 3.02650481e-01 -2.08777585e-03 -1.92458019e-01 1.16373390e-01 2.22713023e-01 4.68593612e-02 1.58199836e-02
-2.03846335e-01 -2.76765227e-01 1.24192186e-01 -1.67080592e-02 -3.18831429e-02 -9.02031362e-02 -7.31483772e-02 6.86732709e-01 -1.48202060e-02 3.39934118e-02 -5.03157750e-02 1.95696224e-02 -2.04382271e-01 -7.38127083e-02 1.04083776e-01 -1.05308682e-01 2.65909191e-02 -4.39494438e-02 -2.31073171e-01 -2.41031468e-01 2.26671472e-01 3.61074284e-02 1.59496650e-01 -5.24435267e-02 5.07065803e-02 -8.00094754e-02 1.08631000e-01 2.24259406e-01 -7.14564249e-02 1.87878013e-01 -8.82032979e-03 7.44270720e-03
2.27151085e-02 -2.18653530e-02 8.94223899e-02 -6.86494187e-02 -1.50244925e-02 9.77752209e-02 2.16943156e-02 2.45726064e-01 7.78286517e-01 2.19098181e-01 9.78182182e-02 -1.58385530e-01 1.76698312e-01 -1.00258430e-02 -1.00230619e-01 1.95851382e-02 2.06122901e-02 7.19401985e-02 2.35893860e-01 1.12898193e-01 -6.17435500e-02 -7.01692030e-02 4.79773944e-03 -7.79520124e-02 1.78895846e-01 2.29841154e-02 -1.04274675e-01 -2.67089065e-02 -1.17336877e-01 -6.74882382e-02 1.30299941e-01 -1.31421193e-01
8.42215866e-02 2.04412177e-01 2.62138218e-01 -1.18564973e-02 2.24626601e-01 7.01388568e-02 -2.29046177e-02 -1.18636720e-01 -5.93084581e-02 6.28443241e-01 1.50690377e-01 1.51901796e-01 1.58057034e-01 6.04731403e-03 1.28755450e-01 -3.11199334e-02 1.21464394e-01 2.42887616e-01 -2.34224617e-01 -1.43565089e-01 3.36590372e-02 -8.34059566e-02 -3.25605348e-02 -1.56044811e-01 2.67258286e-02 7.02837035e-02 1.06189959e-01 6.51892945e-02 -6.92586675e-02 7.18858764e-02 -3.23146254e-01 8.48339275e-02
-2.95546532e-01 2.47995853e-01 1.48393750e-01 2.15472206e-01 -5.37551716e-02 -1.52573794e-01 -1.07900918e-01 -1.56254083e-01 1.51858971e-01 -1.14122808e-01 6.67784095e-01 -2.63066869e-02 -1.78789526e-01 -3.03770471e-02 1.93617716e-01 -1.17312923e-01 -2.17662141e-01 -1.42932549e-01 -2.61241347e-02 -5.13607636e-02 4.33715880e-02 2.68394928e-02 3.46848220e-02 -3.63611765e-02 5.86859286e-02 -1.53707534e-01 1.44486815e-01 -4.66809142e-03 1.31690532e-01 -5.69827966e-02 8.69837552e-02 3.52953896e-02
4.07449007e-02 -1.86708838e-01 -1.06466068e-02 -2.95518525e-02 -9.32598189e-02 -3.91799398e-02 2.10899174e-01 -9.46737230e-02 2.58236706e-01 -1.55764654e-01 -7.78667480e-02 6.66755319e-01 3.54902111e-02 1.17096215e-01 1.38445392e-01 1.39194846e-01 -1.56238928e-01 -3.22760344e-02 1.43489957e-01 -1.18065260e-01 1.03760578e-01 1.12295829e-01 -8.13572705e-02 6.46437285e-04 1.45891801e-01 1.23238452e-02 2.31685489e-01 7.75281489e-02 1.41568378e-01 -4.14955355e-02 -2.97565192e-01 -1.49399564e-01
-1.75071344e-01 -4.89940420e-02 6.54021874e-02 4.84138913e-02 9.22531933e-02 -5.82146980e-02 1.27628550e-01 -1.55823398e-02 -6.14630580e-02 -1.66498378e-01 4.27330956e-02 8.42045397e-02 5.87677717e-01 3.30095112e-01 1.13750458e-01 -3.55786800e-01 -1.06770441e-01 1.24055624e-01 -4.54159342e-02 -1.73965916e-01 -1.14335611e-01 1.54858872e-01 1.80579752e-01 6.58752117e-03 -1.14359118e-01 1.13746062e-01 -2.33992189e-01 1.54566243e-01 -9.46451873e-02 5.65990023e-02 2.17950806e-01 -6.69630691e-02
-9.61011425e-02 -1.03190489e-01 -7.63640925e-02 6.58117235e-02 1.27044290e-01 -4.15316178e-03 1.06028154e-01 1.55140497e-02 -4.52211685e-02 2.11788282e-01 -7.65223941e-03 -5.44597991e-02 -1.09847970e-01 7.28873134e-01 4.18586936e-03 4.33024997e-03 6.74772114e-02 -2.62758881e-01 9.80637670e-02 8.08288306e-02 3.60015742e-02 -2.67325342e-01 1.39330747e-03 1.89485088e-01 2.00540066e-01 -1.37676239e-01 9.81924608e-02 -1.65696487e-01 8.36477987e-03 1.72925130e-01 3.57298553e-02 1.51994810e-01
5.17097935e-02 3.40774417e-01 -2.31739625e-01 -6.80321977e-02 -6.87788874e-02 1.54268935e-01 3.05752754e-01 -1.22521957e-02 1.77487805e-02 6.66212812e-02 -1.63611755e-01 -1.18698657e-01 -1.94790035e-01 -1.09934155e-02 5.73884964e-01 -7.04381987e-02 -1.00303739e-01 1.35403827e-01 1.30496353e-01 1.76488049e-02 1.99203461e-01 1.74584612e-01 -5.83567284e-02 6.16385005e-02 7.53411353e-02 -2.12500051e-01 -1.64152980e-01 1.12225994e-01 -2.35056996e-01 1.01861216e-01 5.50593622e-02 -2.42252499e-02
-8.24276283e-02 1.53109103e-01 1.16063125e-01 -2.86999464e-01 1.29406126e-02 4.94371466e-02 3.12403925e-02 1.34718135e-01 -1.50861070e-01 3.08758542e-02 1.58047691e-01 2.99972948e-02 5.60980402e-02 1.81789741e-01 2.40133349e-02 6.16008937e-01 1.57757118e-01 -1.23140730e-01 8.94593634e-03 -2.59644896e-01 -1.55416336e-02 2.01713234e-01 1.48479164e-01 -1.07977903e-02 -9.34234262e-02 -1.46065056e-01 -1.29616797e-01 -7.59208277e-02 -8.04491937e-02 -3.47163677e-01 1.21076055e-01 -1.46416172e-01
-6.71299174e-02 -6.70533702e-02 -4.37839448e-01 1.93878010e-01 -1.06669180e-01 2.02460624e-02 1.12492815e-01 -3.61124240e-02 6.11298010e-02 -1.05033360e-01 2.32823744e-01 2.43793465e-02 1.56307518e-01 -1.11344948e-01 5.66723496e-02 3.96007001e-02 6.72533154e-01 -5.20688742e-02 -1.46388188e-01 -1.57471165e-01 -6.69103162e-03 -2.87711294e-03 -1.66149214e-01 -2.61681649e-04 2.41671905e-01 5.90610318e-02 -5.22933602e-02 1.16006739e-01 -1.47675937e-02 3.98922898e-03 -4.48174449e-03 1.32444039e-01
-2.53631890e-01 1.52376294e-01 -6.74966816e-03 -9.07934234e-02 -4.41679470e-02 -6.84385747e-02 1.71270855e-02 8.94434098e-03 6.79266406e-03 -1.63503513e-01 -4.29641968e-03 -7.89793022e-03 -1.27069801e-01 1.69040576e-01 -2.63317436e-01 2.13453006e-02 1.12666421e-01 7.64360547e-01 5.35944179e-02 -6.49813861e-02 2.25168541e-01 -9.44571719e-02 -6.90660700e-02 1.83236539e-01 2.62401830e-02 -1.11203659e-02 1.90059602e-01 -2.96345837e-02 6.64760992e-02 -6.01036102e-02 8.90674219e-02 2.66343966e-04
6.64569139e-02 1.32511649e-02 1.96276873e-01 2.19518065e-01 5.50445206e-02 -1.25316083e-01 4.34197672e-02 1.78800374e-01 -2.99420357e-01 -8.66873264e-02 9.22654793e-02 -2.55216155e-02 1.30998477e-01 -1.12199336e-01 8.33647326e-02 2.31060549e-03 1.17607921e-01 1.82542379e-03 6.83180809e-01 2.30179001e-02 1.70794263e-01 -3.95464934e-02 4.85965647e-02 -1.48945674e-01 1.11943573e-01 2.12643608e-01 1.43258363e-01 -9.83029902e-02 -2.42167622e-01 -6.72415793e-02 -7.66818076e-02 1.40381187e-01
-5.80073670e-02 7.46809021e-02 6.42055720e-02 -9.94901136e-02 -1.48134604e-02 -2.14915387e-02 -4.31519672e-02 2.53418922e-01 -6.82694986e-02 -6.90837279e-02 1.61806494e-01 2.25434542e-01 9.98884588e-02 2.90621445e-02 1.55518204e-01 9.05966153e-04 1.15469955e-01 3.34127918e-02 -2.16531977e-01 7.56388545e-01 1.07565396e-01 9.66315567e-02 5.96241951e-02 2.32275665e-01 2.74108835e-02 1.29892617e-01 -1.36678502e-01 -8.60147476e-02 1.73432881e-03 -1.14910036e-01 -1.36933893e-01 3.59499902e-02
2.55833924e-01 -1.32555470e-01 -7.21796080e-02 6.39360249e-02 -3.63364927e-02 1.02111667e-01 -2.33894736e-01 -1.45542130e-01 4.73638438e-02 4.13544104e-02 1.86738282e-01 -1.07542187e-01 1.58953726e-01 3.94915231e-02 -6.93548843e-02 1.40546024e-01 -6.25497997e-02 -4.38721702e-02 1.71787459e-02 -7.35999569e-02 7.13303328e-01 9.74995643e-02 6.33187890e-02 1.67591646e-01 -1.26934811e-01 1.06884003e-01 -1.66035622e-01 -2.25769281e-02 1.05198234e-01 2.70209998e-01 1.76810231e-02 -1.27687871e-01
-1.34509604e-03 2.40039587e-01 -4.31853347e-02 -8.18279162e-02 -7.93014467e-02 -3.40089530e-01 -9.22008529e-02 1.10586941e-01 6.06496781e-02 1.91160262e-01 -2.37792712e-02 2.64939349e-02 -5.78162931e-02 1.00223161e-01 -2.10473225e-01 -7.53464773e-02 7.11704791e-02 -1.07046075e-01 1.30985186e-01 -4.33400199e-02 -1.28740191e-01 6.42509162e-01 -2.92329729e-01 1.14737652e-01 -8.45820904e-02 1.46958172e-01 6.01512715e-02 -5.51067665e-02 2.91730128e-02 2.74052948e-01 -2.85779708e-03 1.06505394e-01
-8.73463377e-02 3.66345942e-02 -1.32007599e-01 -1.48657769e-01 1.27558976e-01 1.64210156e-01 -2.21990407e-01 -2.23900363e-01 1.67803969e-02 6.23261370e-02 -1.81524139e-02 2.48050749e-01 -1.46311253e-01 -1.30688295e-01 -1.39852360e-01 -2.72364616e-02 8.43433291e-02 1.34637300e-02 1.54905155e-01 4.23962101e-02 -9.16661471e-02 1.70945331e-01 6.57876551e-01 7.64047205e-02 2.74972022e-01 -7.83136673e-03 2.87927091e-02 1.07792921e-01 -1.08143792e-01 1.89716756e-01 1.30477950e-01 1.47853434e-01
2.36134917e-01 8.34047124e-02 1.45015955e-01 1.74761951e-01 -4.62454967e-02 2.20521409e-02 8.36551338e-02 1.42477348e-01 -1.11145355e-01 1.75500318e-01 1.07685611e-01 2.05532163e-01 -5.55255637e-02 -1.52930394e-01 -9.70047265e-02 -3.31403576e-02 -4.57167514e-02 -2.74168570e-02 1.35893449e-01 -1.35259137e-01 -1.52928680e-01 -1.93986729e-01 -8.78279731e-02 6.46208227e-01 3.71285342e-02 -2.61353590e-02 -1.74886465e-01 3.25400233e-01 1.05276614e-01 -9.27966014e-02 1.90929383e-01 -3.48722525e-02
2.15622172e-01 -2.41809729e-02 2.03674942e-01 2.09609177e-02 -1.48228675e-01 -3.05373073e-02 -4.41619270e-02 -8.28543771e-03 -2.19645411e-01 -9.29167867e-02 1.36136683e-03 -2.12127700e-01 1.44297749e-01 3.97660807e-02 -2.58954074e-02 1.29639342e-01 -1.51320115e-01 1.18555598e-01 -1.63480982e-01 4.08528224e-02 -1.05025701e-01 1.72005370e-01 -7.73258656e-02 -6.78822324e-02 7.46063471e-01 -8.50272104e-02 1.71286892e-02 2.13780701e-02 9.84808505e-02 1.34951189e-01 4.27882411e-02 -1.82851836e-01
-3.01939547e-01 -3.94922309e-02 -3.50213125e-02 2.10484657e-02 -1.36933550e-01 -1.95185542e-02 -2.54388124e-01 -9.88540053e-02 -1.87049732e-02 1.95330322e-01 -1.92180708e-01 3.83985005e-02 -1.72861278e-01 2.79447380e-02 2.64725417e-01 3.76873203e-02 -8.65851045e-02 -3.59263308e-02 -3.39733809e-02 -1.20121621e-01 2.94708796e-02 -8.22226480e-02 -9.54404846e-02 3.29655893e-02 1.93742886e-01 6.55647695e-01 -1.34649515e-01 -9.77736786e-02 2.41234880e-02 -2.02875286e-01 2.02695027e-01 -1.13098547e-01
3.21857721e-01 -6.84642512e-03 -1.73929289e-01 -1.13772023e-02 -1.26240715e-01 8.08023512e-02 -1.20392889e-02 6.03325367e-02 4.49964255e-02 -4.05942202e-02 1.25042126e-01 -1.79583430e-01 5.76895066e-02 7.93805495e-02 1.37979954e-01 -4.68514226e-02 -4.88558859e-02 1.48742869e-02 -1.73196480e-01 -6.96284696e-02 -1.50661916e-01 5.55586964e-02 1.95125639e-01 2.83081770e-01 -1.09880589e-01 2.30774075e-01 6.17313206e-01 -1.07055143e-01 -2.89121121e-01 -1.12947859e-01 6.76751696e-03 -1.46965727e-01
-1.74012594e-02 1.32181525e-01 -6.49037138e-02 1.59320105e-02 5.68524636e-02 3.57479751e-02 2.48744991e-02 -1.86167359e-02 1.35342153e-02 -3.65426205e-02 -1.59556866e-02 -1.68576166e-01 1.57964753e-03 1.86685845e-01 -7.83419460e-02 2.61017889e-01 -9.62018967e-02 -7.15787336e-02 2.45291553e-02 2.27344155e-01 3.65874097e-02 -1.54925315e-02 -2.94446815e-02 -1.96096003e-01 -7.05702007e-02 2.42503494e-01 1.92298576e-01 7.76020348e-01 7.83431455e-02 -3.00920811e-02 3.68588679e-02 1.18445702e-01
9.39267203e-02 1.24995641e-01 -6.74513653e-02 7.00018369e-03 -2.44620163e-02 -6.25726487e-03 -3.87426652e-02 1.59359381e-01 1.57892816e-02 7.41811320e-02 -1.30874977e-01 -1.60365790e-01 1.11900330e-01 1.46791907e-02 2.80087352e-01 -6.99517280e-02 1.75780877e-01 5.80830164e-02 1.66406855e-01 -3.58537063e-02 -8.33063945e-02 2.18117069e-02 2.93360978e-01 -2.18810029e-02 -6.65447861e-02 -4.82270913e-03 9.79033113e-02 -6.47610500e-02 7.85875082e-01 -4.79973629e-02 -4.99769226e-02 -3.01425271e-02
-3.46559137e-02 -2.35539656e-02 3.01307552e-02 -9.75110680e-02 -7.56579489e-02 4.45582857e-03 -1.61017120e-01 4.92202789e-02 -1.05147623e-02 -1.25590459e-01 1.39630184e-01 1.10122979e-01 4.03074399e-02 -4.12126742e-02 2.76401520e-01 3.53078246e-01 2.61865053e-02 1.52522981e-01 1.01020679e-01 4.74798717e-02 -3.26942354e-01 -2.67179400e-01 -1.07085302e-01 -1.57473702e-02 -1.93239361e-01 6.18514307e-02 1.46523106e-03 -4.10154611e-02 -2.34685987e-02 6.41863644e-01 1.14552721e-01 -8.32406506e-02
-4.98918109e-02 -1.57516658e-01 4.69579026e-02 -1.87127233e-01 -5.45147732e-02 1.23528093e-01 1.08105846e-01 -6.55327812e-02 -1.26028702e-01 2.36567333e-01 -1.50037510e-02 1.75698012e-01 1.88230127e-01 -1.76162153e-01 4.06843200e-02 -7.45959133e-02 4.45634797e-02 -7.09173456e-02 5.27071953e-03 1.68469295e-01 1.73343197e-01 4.87673283e-02 -2.15853944e-01 -1.19875483e-01 -3.19759659e-02 -1.57583281e-01 3.71210963e-01 -4.52636629e-02 1.07850216e-01 -2.55374555e-02 6.43001497e-01 6.62501007e-02
2.18423411e-01 4.13187630e-02 7.83399567e-02 -1.34691879e-01 -1.72774553e-01 -3.54031138e-02 -1.62368435e-02 5.57021201e-02 1.55709431e-01 -1.42591625e-01 -4.38063219e-02 2.86878347e-02 1.08646445e-01 1.41087323e-02 9.45063233e-02 1.30719781e-01 -1.96711212e-01 4.72992510e-02 -1.37582466e-01 -1.63067251e-01 3.51867452e-02 -6.55033290e-02 2.46807057e-02 2.97269411e-02 5.36290258e-02 7.37677291e-02 -7.86111876e-02 -1.13908805e-01 2.63086744e-02 -5.67584187e-02 7.68345296e-02 8.22027147e-01
8.05714309e-01 -5.09635843e-02 6.86315969e-02 1.76909357e-01 -6.72448948e-02 1.49150074e-01 2.84217447e-02 -6.63911998e-02 -1.28275119e-02 1.06709711e-01 -2.95564719e-02 7.28528798e-02 -7.30696600e-03 -7.79319629e-02 -3.33842523e-02 1.00676238e-03 -8.43190029e-02 2.78496780e-02 1.86430514e-01 3.08242321e-01 -1.85002744e-01 -8.69126692e-02 -2.05638871e-01 -7.08555654e-02 -5.17002381e-02 1.11218214e-01 -3.01257353e-02 -4.81903851e-02 2.18285546e-02 -1.55300479e-02 2.36245655e-02 9.47158560e-02
6.22914396e-02 8.82932663e-01 7.26662874e-02 -1.03333117e-02 -1.77593291e-01 -2.52738204e-02 1.05093397e-01 -1.19590342e-01 -5.93262762e-02 7.49343634e-02 -9.64866951e-02 -4.12556455e-02 2.28907987e-02 -5.69405593e-02 1.65371764e-02 1.25274286e-01 -1.69449523e-01 -2.51415838e-02 -5.64655885e-02 9.26056877e-03 -1.06802850e-03 2.92522851e-02 5.15761115e-02 -9.09395814e-02 3.22064906e-02 -2.10664257e-01 1.45490281e-02 1.16068736e-01 -5.20255305e-02 1.19290715e-02 -6.51890934e-02 -5.61508685e-02
-5.48150837e-02 -1.13185182e-01 8.21420133e-01 4.16157916e-02 5.96451499e-02 5.79911545e-02 -1.44546211e-01 2.29293667e-02 -9.96698439e-02 -6.80332258e-02 -1.49492621e-01 9.96356755e-02 -6.31796047e-02 -1.99267328e-01 8.44537094e-02 1.37519659e-02 -2.92535275e-02 5.53815216e-02 -1.51176348e-01 9.24758464e-02 1.60183713e-01 8.79675522e-02 -1.32310484e-02 -3.23168822e-02 1.52320087e-01 -1.39531970e-01 -4.33362052e-02 8.89804810e-02 -6.17469363e-02 -1.78358883e-01 1.37474105e-01 6.77331388e-02
-2.47150511e-01 -2.25233985e-03 -4.20302600e-02 8.08087885e-01 -3.88890505e-02 7.47633651e-02 -7.06544816e-02 -7.96482898e-04 2.37027016e-02 1.78434089e-01 -8.04844648e-02 2.93926336e-02 7.43276579e-03 7.95347244e-02 9.50998962e-02 6.34130538e-02 -3.95977870e-02 1.72261409e-02 1.83721319e-01 4.37569134e-02 -1.03562512e-01 -2.01470122e-01 1.37476653e-01 2.39330843e-01 -7.79475970e-03 -1.47194266e-01 5.69769964e-02 5.85321821e-02 -1.90037675e-03 -1.00709327e-01 4.58713714e-03 9.62394997e-02
7.60493353e-02 1.51459649e-01 -5.42925298e-02 1.14276312e-01 8.57980132e-01 2.16853127e-01 -4.34166417e-02 -8.63742607e-04 4.55146730e-02 6.71674265e-03 -3.99435349e-02 -4.93954048e-02 -1.06675267e-01 2.38774922e-02 -1.12773061e-01 1.11684285e-01 1.44583091e-01 -7.56405890e-02 4.27710451e-02 -4.97013628e-02 -5.69731481e-02 1.77252710e-01 3.55574675e-03 -1.01621106e-01 1.59386069e-01 -2.97709648e-02 1.54214045e-02 8.79581645e-02 -1.42403506e-02 1.14779115e-01 -9.03149974e-03 -5.72989136e-02
-1.14974499e-01 -2.16239523e-02 3.77450734e-02 -1.65248960e-01 -1.96230993e-01 8.74292135e-01 3.61281112e-02 9.98543389e-03 -3.89240719e-02 -2.57367697e-02 7.72155672e-02 -1.09562047e-01 -2.30841227e-02 9.87257063e-02 2.86965929e-02 -7.73683190e-02 -1.53012732e-02 -2.86839828e-02 9.44488123e-02 -4.23935577e-02 -1.48123354e-01 7.78484568e-02 5.71836494e-02 2.71780156e-02 -8.97307470e-02 -1.77345559e-01 2.62431987e-03 -1.85255092e-02 1.28711984e-01 2.80559249e-02 9.72160622e-02 -7.48903155e-02
2.42483560e-02 -1.47395551e-01 7.68925250e-02 4.02740315e-02 1.16349973e-01 -6.08049594e-02 8.96759152e-01 -6.45700693e-02 -1.36421740e-01 3.03367563e-02 -8.16185698e-02 1.98274143e-02 -3.13764554e-04 -4.99285161e-02 1.24862626e-01 4.09569368e-02 -4.49039005e-02 -4.12063599e-02 2.95516290e-02 -1.73249036e-01 3.72879021e-02 -1.31109767e-02 7.00452104e-02 -1.22754760e-02 -1.07127868e-01 -1.04604229e-01 2.99837310e-02 1.45366071e-02 6.53352886e-02 1.36356037e-02 1.56397730e-01 6.75185174e-02
1.32702664e-01 9.29513946e-02 -8.25816169e-02 1.28321543e-01 -4.02090549e-02 3.93015668e-02 1.32557927e-02 8.02696168e-01 -2.98292171e-02 2.40983255e-02 -1.25013709e-01 -6.51238039e-02 -9.71837714e-03 -2.31818989e-01 2.03790180e-02 -1.03989944e-01 2.92558689e-02 1.85235515e-02 -2.37780586e-01 -1.39128119e-02 7.27832913e-02 2.01258555e-01 1.17042072e-01 9.07742828e-02 -1.79906547e-01 2.68443301e-02 1.16097264e-01 -8.54041576e-02 -3.02706119e-02 1.61973536e-01 7.07415342e-02 6.86500967e-02
4.99026030e-02 1.25129726e-02 7.68640935e-02 4.83072698e-02 -7.35128000e-02 4.94108349e-02 9.32314396e-02 2.31353734e-02 8.76752853e-01 -5.19129261e-03 2.61243004e-02 3.47852614e-03 1.29543349e-01 9.48932692e-02 4.85002548e-02 1.13325886e-01 -6.90180808e-02 -9.09014344e-02 -1.61812216e-01 -3.30718979e-02 8.26865062e-02 -1.62315220e-02 3.14136632e-02 -5.17821424e-02 9.56133753e-02 9.48884338e-02 -7.74012655e-02 1.12084351e-01 5.94014041e-02 6.92321211e-02 2.56002963e-01 3.04878410e-03
-6.01386391e-02 -6.75950274e-02 6.17400967e-02 -2.33785555e-01 5.07916398e-02 -3.82808298e-02 -5.88124171e-02 -1.80337261e-02 1.62189808e-02 8.97800326e-01 -4.08269605e-03 -6.03088811e-02 6.79033902e-03 -1.14429202e-02 8.50406215e-02 1.22104317e-01 3.47318798e-02 1.97752669e-01 -2.21467596e-02 7.52574950e-02 6.52216142e-03 4.90686633e-02 8.03240761e-02 3.11564635e-02 -1.02506680e-02 -7.33967870e-04 3.70595977e-02 -2.28681844e-02 1.64022431e-01 8.58386606e-02 1.67437755e-02 1.85177252e-02
1.08146347e-01 2.81415116e-02 1.73118673e-02 1.50202200e-01 2.99095437e-02 -2.51713190e-02 3.22516821e-02 -2.13953815e-02 -5.61535358e-02 2.20493115e-02 9.05043125e-01 -4.40197624e-02 2.37702858e-02 -1.31485671e-01 1.60018411e-02 -7.13773221e-02 2.26793308e-02 1.33098111e-01 -1.64564535e-01 -1.72307659e-02 9.20204818e-02 8.32935497e-02 7.79989883e-02 1.92124061e-02 1.41779594e-02 -1.46539927e-01 -3.38643454e-02 1.30066246e-01 -2.93534547e-02 -4.71551195e-02 3.17314602e-02 4.94332761e-02
-1.08056804e-02 1.59189608e-02 -1.88745424e-01 -5.47164157e-02 4.47858982e-02 1.80095494e-01 1.52841555e-02 3.22857499e-02 2.44218130e-02 5.86629398e-02 -2.52058897e-02 8.69952261e-01 -5.33944145e-02 -3.29146460e-02 -4.30577062e-03 -5.43653890e-02 -9.21304002e-02 7.66802877e-02 -1.60862327e-01 -4.18780223e-02 1.40227869e-01 -4.95654233e-02 6.43329546e-02 -6.05145656e-02 -6.90974900e-03 -2.65306570e-02 -3.70915160e-02 1.21525533e-01 7.33506829e-02 -1.02978513e-01 -2.05289513e-01 9.97596830e-02
1.25677064e-01 2.10081087e-03 1.35537386e-02 2.66342890e-02 1.25252023e-01 6.68160543e-02 -6.22126721e-02 -6.49733990e-02 -1.82533786e-02 3.19398046e-02 -1.16074257e-01 -3.96910943e-02 8.52443755e-01 -3.93194556e-02 1.85925569e-02 -1.99450850e-01 9.49895531e-02 1.07989497e-01 -3.30449007e-02 -2.39950940e-01 1.19086698e-01 -3.32913175e-02 -2.73585245e-02 3.61079015e-02 -5.71952201e-02 -1.47155017e-01 -8.13056678e-02 -1.14254117e-01 -2.05375683e-02 -1.16657086e-01 -1.18371964e-01 -3.16298939e-02
1.45007789e-01 6.83379099e-02 1.97859421e-01 -4.51796651e-02 4.22204733e-02 -1.07025385e-01 4.86988947e-02 2.21058637e-01 -9.10880044e-02 2.27671154e-02 6.15966059e-02 4.11077403e-02 -7.79042067e-03 7.86346614e-01 9.91437361e-02 -6.34988621e-02 2.32620947e-02 -1.33201420e-01 -6.89862743e-02 2.29068827e-02 -7.20689911e-03 1.16254948e-01 -6.75532892e-02 2.94759601e-01 -4.70063537e-02 -2.66856328e-02 -2.12592572e-01 1.01917706e-01 8.99187401e-02 -7.38056377e-02 -1.46423101e-01 -4.09362884e-03
-3.41334492e-02 4.42572981e-02 -2.27046497e-02 -6.10748716e-02 7.40137696e-02 -4.97599952e-02 -9.62142870e-02 1.06829032e-03 -8.25828966e-03 -1.28726080e-01 3.07816602e-02 7.53545910e-02 7.32974485e-02 -6.42763078e-02 8.73142838e-01 -8.27586502e-02 4.18432802e-02 6.49327487e-02 1.19141035e-01 4.32899669e-02 -2.24526063e-01 2.71871705e-02 -6.06121756e-02 -8.56133103e-02 6.45479327e-03 7.37206787e-02 4.30109240e-02 1.39063343e-01 2.75235865e-02 2.46522948e-01 -3.36173200e-03 3.20112072e-02
4.83101467e-03 -8.43594298e-02 -1.31187096e-01 -1.54658640e-02 -6.18359484e-02 6.53720200e-02 2.27505136e-02 1.92126974e-01 -1.28124595e-01 -1.47593766e-01 3.05167735e-02 -3.08953431e-02 1.66185334e-01 1.24761080e-02 1.10599048e-01 8.19976330e-01 1.38307959e-01 1.23081222e-01 -9.64984000e-02 1.38181865e-01 4.14854102e-02 -4.85682040e-02 -6.62089661e-02 -9.64735448e-02 1.00278489e-01 -5.24993837e-02 -1.01150557e-01 -2.21387595e-02 1.50561318e-01 -2.02959925e-01 -5.80886677e-02 -7.87864998e-02
9.61554796e-02 9.93458331e-02 -1.51017094e-02 2.72609647e-02 -1.86662167e-01 4.02209722e-02 5.56833930e-02 -1.15328081e-01 3.41943651e-02 2.36169323e-02 -9.55898091e-02 -2.15635076e-03 -1.30796835e-01 5.54339867e-03 1.88565180e-02 -9.02526006e-02 8.79304230e-01 1.24787644e-03 -7.52630532e-02 -3.99895683e-02 1.45630725e-02 -2.16664653e-02 1.54607251e-01 -5.67530207e-02 5.76628409e-02 2.60580350e-02 -7.44462758e-02 7.50213191e-02 -7.06889108e-02 -7.72481039e-02 -5.60542988e-03 2.36909047e-01
-9.22022611e-02 8.28336030e-02 2.95392685e-02 5.64608304e-03 3.81467901e-02 -3.56663726e-02 1.32938698e-01 9.47513878e-02 1.47476286e-01 -1.40852034e-01 -6.42691106e-02 -1.87379494e-02 -9.73446593e-02 1.20529495e-01 -1.30969569e-01 -1.38200358e-01 4.21114303e-02 8.77333820e-01 1.01730563e-01 5.55468351e-02 -1.26952201e-01 -5.35682822e-03 -1.80144385e-01 -2.21299864e-02 -8.19532014e-03 -5.60213365e-02 -5.14451787e-02 1.57816131e-02 1.15598524e-02 -4.61495947e-03 7.92602543e-03 -8.77504796e-02
-1.45558298e-01 7.91717693e-02 2.10720420e-01 -5.64366467e-02 -6.59548268e-02 -5.62290847e-02 4.30507362e-02 2.55881369e-01 6.06554858e-02 2.94846315e-02 1.78113177e-01 1.90007225e-01 1.67802125e-01 -2.44396813e-02 -1.61978230e-01 1.19607881e-01 1.04013570e-01 -9.50589553e-02 7.47812748e-01 -1.51412198e-02 8.66905674e-02 1.47750825e-01 4.34333645e-02 -1.71682686e-01 -8.73951316e-02 1.23972446e-01 -8.88564512e-02 4.11577262e-02 -1.13001950e-01 1.10271029e-01 -5.75266816e-02 8.71356726e-02
-2.53174603e-01 6.37271926e-02 -8.49544257e-02 3.61010619e-02 4.55300733e-02 3.25584076e-02 2.11220965e-01 -8.02275166e-02 1.70997307e-02 -3.76569517e-02 -7.18842912e-03 -1.45259900e-02 2.10591719e-01 -9.31811631e-02 -3.54396850e-02 -2.02314854e-01 5.80488779e-02 -9.28917155e-02 -6.50021508e-02 7.52229989e-01 6.33006915e-02 3.04424942e-01 -2.42549051e-02 9.02144760e-02 5.37160337e-02 1.87738448e-01 -1.63558125e-02 2.77823885e-03 1.59076542e-01 -1.20490260e-01 -7.30384514e-02 -2.99859773e-02
1.71504572e-01 5.49194776e-02 -1.30128622e-01 -1.16385212e-02 4.53445129e-02 1.05799764e-01 -4.88376394e-02 -7.49168023e-02 4.92257439e-03 -3.97928953e-02 -6.41739145e-02 -1.33495003e-01 -1.93060085e-01 -3.27881123e-03 2.37361461e-01 -4.12403494e-02 -3.72812636e-02 1.29046649e-01 2.60214329e-01 6.65023364e-03 7.75241613e-01 -4.80277874e-02 1.32333010e-01 1.97356626e-01 -2.19524540e-02 1.06367901e-01 -2.58960072e-02 -1.00369975e-02 3.46892439e-02 -1.24549046e-01 4.96822223e-02 -1.81836948e-01
9.06106308e-02 -6.85510561e-02 -1.29133031e-01 9.07246694e-02 -1.34645656e-01 -5.69041818e-02 -5.92091493e-02 -2.23137781e-01 5.74168451e-02 -4.15205071e-03 -8.63870531e-02 8.00510868e-02 -5.79685494e-02 -3.66946310e-02 6.74027726e-02 1.36784151e-01 -7.72764981e-02 8.62584561e-02 5.73764853e-02 -2.32850820e-01 -1.05896205e-01 8.06277514e-01 1.32253487e-02 1.79698378e-01 2.89814007e-02 -3.39944363e-02 -4.63455729e-02 -1.50019288e-01 -1.14057884e-01 -1.67437553e-01 6.22958802e-02 7.81851262e-02
1.65606946e-01 -1.05006292e-01 -5.18324561e-02 -1.65636212e-01 3.67642045e-02 -1.07575178e-01 -4.19808775e-02 3.61613445e-02 -1.16796913e-02 -1.17296472e-01 -7.32850656e-02 -2.00360734e-02 6.39997944e-02 2.81505939e-02 -3.51686887e-02 -3.57353650e-02 -1.28880247e-01 9.52725410e-02 9.92328599e-02 1.69577286e-01 -2.15686947e-01 -4.40373905e-02 8.24811697e-01 6.50855014e-03 1.79476187e-01 -1.54589280e-01 -1.50879830e-01 9.36658010e-02 -2.57840008e-02 -4.25604545e-02 6.03272133e-02 -3.86232361e-02
-4.63597942e-03 9.64647979e-02 1.43007347e-02 -2.01847404e-01 6.18029349e-02 1.51380887e-02 1.20390188e-02 -3.42685170e-02 1.38115315e-02 -9.63785052e-02 1.45339333e-02 6.34350032e-02 3.03399172e-02 -2.85788894e-01 -9.25693959e-02 1.27842218e-01 3.16401869e-02 9.85738356e-03 7.11577535e-02 -2.19781063e-02 -8.49439576e-02 -1.57760739e-01 -1.16814926e-01 7.55685389e-01 1.40055493e-01 -1.72357319e-03 -2.19414994e-01 4.04666737e-02 7.79528171e-02 2.46761858e-01 5.87750338e-02 2.44659305e-01
4.96458001e-02 -5.87572753e-02 -9.34058875e-02 -4.01300425e-03 -1.46932364e-01 1.59566458e-02 1.15509510e-01 2.14291826e-01 -1.78197045e-02 8.33868682e-02 -5.72240539e-03 -8.14669058e-02 9.26860142e-04 -2.06319317e-02 1.43356519e-02 -1.81203708e-01 -5.25038838e-02 -5.17484806e-02 1.35330901e-01 -1.37021929e-01 1.84310973e-02 2.15846207e-02 -1.61730498e-01 -3.78714241e-02 8.30945015e-01 -6.20544180e-02 1.72630250e-01 9.59168300e-02 1.12043649e-01 -1.10700652e-01 -1.66084141e-01 1.38975102e-02
-1.88151654e-02 1.45223826e-01 1.41284928e-01 1.24572925e-01 -2.91732792e-02 1.00336306e-01 2.25453060e-02 -4.43536527e-02 -2.11961418e-01 2.55625928e-03 5.29479831e-02 4.45962474e-02 1.04346290e-01 2.32086536e-02 -5.31927720e-02 2.99158022e-02 -3.48433927e-02 1.16397135e-01 -1.05666265e-01 -2.52877265e-01 -1.28043398e-01 -1.55071421e-02 1.87430263e-01 3.83113846e-02 1.09156393e-01 7.98195004e-01 2.03892179e-02 5.00574075e-02 1.63575903e-01 -5.50788976e-02 1.37981951e-01 -1.44620359e-01
9.14426073e-02 1.82230342e-02 9.37968343e-02 -1.21336609e-01 1.49659961e-02 -3.83024998e-02 -2.62765996e-02 -6.73097223e-02 4.61350791e-02 -1.13641948e-01 5.38267270e-02 1.36153713e-01 1.22476786e-01 1.60751864e-01 -5.97756617e-02 1.22219816e-01 1.14843979e-01 5.19436374e-02 5.05535901e-02 7.78594986e-02 8.28545913e-03 9.78669059e-03 8.43257681e-02 2.20048264e-01 -4.10430878e-02 -5.64751849e-02 8.78588617e-01 1.33747123e-02 2.22906400e-03 7.82122929e-03 8.82595405e-02 3.79672390e-03
2.63515413e-02 -1.54462203e-01 -1.01939663e-01 -7.20918644e-03 -6.74328655e-02 3.30742449e-02 -5.44781052e-02 -4.83812839e-02 -7.89451674e-02 -1.18447626e-02 -1.45046428e-01 -2.02062562e-01 8.44474509e-02 -1.87208224e-02 -1.27090007e-01 4.28118594e-02 -1.08088776e-01 5.87497354e-02 -2.56899558e-02 -3.79792564e-02 8.71761739e-02 1.25370756e-01 -5.83459623e-02 -4.53798175e-02 -1.70937881e-01 5.15802801e-02 4.81321849e-02 8.45585704e-01 1.29038133e-02 6.02762662e-02 -9.47575942e-02 2.28773355e-01
4.53512445e-02 4.71041128e-02 7.56499022e-02 6.52924776e-02 6.29448798e-03 -1.69319063e-01 -1.22514471e-01 -2.53154300e-02 5.49518652e-02 -1.29396915e-01 -7.19870208e-03 -2.56704185e-02 -7.88885280e-02 -1.14791885e-01 -6.31126612e-02 -7.71032721e-02 5.21169454e-02 -5.14466278e-02 1.00842871e-01 -1.34701267e-01 -2.06836909e-02 7.35855848e-02 4.60080504e-02 -8.88242647e-02 -1.49726793e-01 -1.49050593e-01 1.29099395e-02 -4.46719415e-02 8.88174951e-01 -2.96949893e-02 -6.00571297e-02 4.37217019e-02
3.15874442e-02 -1.03780076e-01 5.44184409e-02 2.12394685e-01 -1.61061108e-01 2.52356436e-02 -7.62471650e-03 -1.72253802e-01 -1.54457718e-01 -6.43258318e-02 -3.64392176e-02 8.18409696e-02 8.33357275e-02 1.69155106e-01 -1.03299595e-01 7.47925192e-02 1.80769581e-02 9.17559043e-02 -1.24464475e-01 7.13291168e-02 2.46194735e-01 1.28115341e-01 7.93917775e-02 -1.12506598e-01 1.92015916e-01 -6.19966462e-02 -4.32438701e-02 -1.19740017e-01 6.40962645e-02 7.78671682e-01 -4.87680323e-02 -3.09809241e-02
-3.02505922e-02 7.02058747e-02 -2.13717297e-01 -1.90044474e-02 -5.22301346e-03 -9.82758179e-02 -1.27573401e-01 4.73416410e-02 -2.29231849e-01 3.90263200e-02 -2.68730354e-02 1.68815002e-01 1.08785450e-01 1.23435058e-01 -6.10185750e-02 -8.62675533e-02 4.78250310e-02 -4.19975221e-02 6.20648563e-02 5.84205352e-02 4.21130881e-02 6.33507007e-05 -1.68334648e-01 -8.99912044e-02 9.10442322e-02 -1.37274638e-01 -8.39248151e-02 1.10480338e-01 7.31120408e-02 -3.36131379e-02 8.34158123e-01 -1.37633141e-02
-7.60156438e-02 9.98219028e-02 -4.74263765e-02 -6.54778406e-02 1.00622386e-01 8.16966891e-02 -3.72370146e-02 -2.05393117e-02 -3.66317779e-02 -6.83930665e-02 2.18753181e-02 -1.47128344e-01 2.55240835e-02 1.85940683e-01 3.76233347e-02 1.80132277e-02 -2.09863707e-01 1.05141245e-01 -2.66475789e-02 3.06980144e-02 1.22961208e-01 -5.24330735e-02 6.34304807e-02 -1.75287768e-01 5.21970913e-02 1.17698140e-01 4.18271869e-02 -2.70555198e-01 2.21209452e-02 -7.09033385e-02 4.57337126e-02 8.27949166e-01
