32
4.60711747e-01 1.06565751e-01 2.49326512e-01 -6.83993027e-02 -1.07653044e-01 1.33260980e-01 1.48814321e-01 2.17817843e-01 -4.03999537e-02 -2.89208233e-01 2.18209282e-01 1.59986690e-01 -2.38756523e-01 3.17499191e-01 -1.67011470e-01 4.00776826e-02 -9.50938240e-02 6.93270415e-02 -3.52763496e-02 -5.25339097e-02 -2.15489753e-02 4.44601923e-02 9.92002115e-02 -2.97054052e-01 1.14083320e-01 7.63889700e-02 1.62609275e-02 1.04154475e-01 -7.80742764e-02 1.07372180e-01 2.81296670e-01 -1.40438616e-01
-4.88487184e-02 2.47278333e-01 2.43197963e-01 -1.65099949e-01 8.60309973e-02 2.83928160e-02 -5.79784401e-02 6.82969689e-02 -6.12327754e-02 -9.50444490e-02 2.26922724e-02 -1.35779127e-01 1.89787149e-01 -8.91900063e-02 -1.40380248e-01 1.78710654e-01 -1.96803510e-01 -6.42772317e-02 1.42500907e-01 -3.37531753e-02 2.22508565e-01 -5.43690145e-01 -1.06007941e-02 3.45885828e-02 3.64681572e-01 -3.35062481e-02 2.33592372e-02 -3.39704633e-01 -1.42159998e-01 -3.94353271e-02 -2.44599655e-02 1.52737319e-01
-1.05185807e-01 -1.73377976e-01 6.95592880e-01 -5.32171018e-02 -4.07108963e-02 -1.11016510e-02 1.38416559e-01 -9.96703058e-02 1.14806779e-01 -2.96533071e-02 -2.37657011e-01 -2.72351708e-02 -1.93311442e-02 -3.57325785e-02 9.69172567e-02 -1.58962056e-01 -1.25809386e-01 -1.89223602e-01 -5.94829656e-02 1.59592882e-01 1.58993155e-01 1.27622500e-01 -1.95612773e-01 -3.42328623e-02 7.78876469e-02 -9.45485979e-02 9.82670113e-02 3.36079448e-01 -3.39070298e-02 -1.03369199e-01 -1.47274747e-01 3.07411980e-02
1.24641499e-02 -1.18481711e-01 1.00727469e-01 6.90606534e-01 2.67142028e-01 4.46254611e-02 3.90065461e-02 2.67725408e-01 7.03557357e-02 -9.16910097e-02 -1.73246667e-01 9.79674235e-02 -4.64572944e-02 8.05969830e-05 4.47849147e-02 1.04865275e-01 -2.48680368e-01 2.89149838e-03 2.15310067e-01 -1.65480241e-01 -7.83418268e-02 -1.04415208e-01 1.26205266e-01 1.31275773e-03 8.10090452e-03 8.24167952e-02 -1.97313130e-01 3.59907262e-02 2.20698223e-01 -3.08404397e-02 -1.23311132e-01 5.93841746e-02
1.76380619e-01 3.26955914e-02 -1.13274671e-01 4.02068384e-02 6.13651335e-01 -5.76172024e-02 5.32108732e-02 -1.05369024e-01 -9.89826620e-02 8.52513388e-02 -1.05295949e-01 -1.17058009e-01 -7.34612942e-02 -1.21573642e-01 -4.36692461e-02 1.76314898e-02 6.37087524e-02 -1.93242460e-01 -2.24116072e-01 3.83229941e-01 1.11798085e-01 7.67786801e-02 1.53592955e-02 -7.14110062e-02 2.02530995e-01 -6.78425059e-02 -1.93287700e-01 8.52118731e-02 -7.52055924e-03 2.25776225e-01 2.90859252e-01 8.48797336e-02
-2.59052575e-01 2.31526092e-01 -4.25457023e-02 1.50523216e-01 -5.91366850e-02 6.07483447e-01 2.75882185e-02 1.06912171e-02 3.71276475e-02 6.82347789e-02 6.78691873e-03 -1.97574824e-01 8.31067562e-02 -6.09848462e-02 -1.65460169e-01 -1.60811007e-01 -8.08532760e-02 4.91718762e-02 -1.42335802e-01 -6.69559389e-02 -7.81173185e-02 1.10535629e-01 7.89347887e-02 -1.00101165e-01 1.45348161e-01 -3.63137335e-01 -6.77737147e-02 6.09910563e-02 -7.29804188e-02 2.33805105e-01 -1.21392280e-01 -2.61013299e-01
-1.50085926e-01 -1.81976542e-01 -6.03571199e-02 7.81851783e-02 -7.61940777e-02 -3.12654674e-01 6.71312988e-01 -1.28876269e-02 6.14070296e-02 1.18739501e-01 6.78539276e-02 -6.59062639e-02 1.78298965e-01 9.83131751e-02 -2.07848504e-01 2.05951221e-02 -1.60213426e-01 2.11169362e-01 6.73918426e-03 8.72195810e-02 -1.93350744e-02 9.12115127e-02 4.01531495e-02 -1.99748456e-01 1.11698303e-02 -2.29996741e-01 6.39785230e-02 -2.42430449e-01 -3.79644160e-04 6.56506270e-02 4.63059768e-02 1.33626699e-01
-1.05448842e-01 -4.21795323e-02 1.59235373e-02 -1.52484179e-01 1.99489892e-02 -5.51548451e-02 2.08596781e-01 6.40689611e-01 -3.61434408e-02 1.33557603e-01 -5.25910705e-02 -5.94486408e-02 -2.15873092e-01 3.36593413e-03 9.38372761e-02 -2.36580566e-01 3.91292125e-01 -6.11952469e-02 9.19376463e-02 -6.72135130e-02 7.11290836e-02 -4.59853150e-02 1.61121249e-01 3.11257035e-01 1.91278636e-01 -1.51309848e-01 4.17398438e-02 2.93277483e-02 5.86625375e-02 4.11302969e-03 5.88997342e-02 -2.18337588e-02
-1.25857100e-01 1.35408808e-02 -8.58958289e-02 -1.72413617e-01 1.38581842e-01 -5.08250073e-02 3.94409448e-02 7.29523897e-02 7.78133929e-01 -2.64651686e-01 1.63638461e-02 -4.97285277e-02 3.51481065e-02 6.14995547e-02 1.57501489e-01 -5.86997680e-02 -3.17390040e-02 7.99931586e-02 -2.59228617e-01 6.65064901e-02 -1.98849477e-02 -1.46880895e-01 1.87757716e-01 -7.69863371e-03 -2.48881243e-02 1.93018660e-01 -1.12948932e-01 2.95063248e-03 -8.12490657e-02 6.50459975e-02 -6.76698312e-02 -6.55642301e-02
3.59773397e-01 -1.54974610e-01 1.47072941e-01 9.68972296e-02 -1.14251360e-01 1.79886431e-01 2.48903483e-02 1.68358069e-02 1.63897678e-01 5.24621010e-01 4.48662750e-02 -1.65889293e-01 7.82074407e-02 1.84066162e-01 -6.31032288e-02 3.19261998e-01 2.42619500e-01 7.29562575e-03 -8.55506212e-02 4.95549552e-02 9.18786004e-02 -6.10970519e-02 1.00580722e-01 8.63146186e-02 -8.80341604e-02 8.42040330e-02 -1.81580290e-01 -1.40071986e-03 -2.60345697e-01 4.16846871e-02 -2.52616256e-01 1.10011317e-01
-1.09383099e-01 -1.58260390e-01 3.22625563e-02 4.02356647e-02 1.23935848e-01 1.08867940e-02 -1.87048331e-01 -3.95132676e-02 1.55253112e-01 -1.25591001e-02 5.53527236e-01 -1.88799381e-01 -1.82503968e-01 1.62291154e-01 -8.37833658e-02 2.30968565e-01 -2.51876563e-02 -2.40732893e-01 -5.66521361e-02 -5.74641861e-03 1.09159864e-01 -7.70276785e-03 5.86769469e-02 3.63385156e-02 -6.78307563e-02 -3.26520592e-01 2.61344671e-01 4.95183207e-02 3.80552918e-01 -9.90098119e-02 -3.97518789e-03 8.25479329e-02
7.04984218e-02 4.53303568e-02 -3.55114564e-02 4.64895181e-02 -9.12454799e-02 5.06797507e-02 1.58755347e-01 -1.89766567e-02 8.17959383e-02 1.76124096e-01 3.78497019e-02 6.82204366e-01 1.73584834e-01 -2.46105686e-01 7.62998462e-02 8.36637169e-02 8.40773284e-02 -3.78187478e-01 -2.33014792e-01 5.45938918e-03 -2.81456634e-02 -2.15456754e-01 1.23438701e-01 -9.49772820e-02 4.16810736e-02 -1.32889003e-01 1.46860197e-01 -2.82497387e-02 9.98014435e-02 -6.49447227e-03 -1.65719260e-02 -1.30753741e-01
2.71209218e-02 1.95289239e-01 2.31278092e-01 1.35626793e-01 1.07137181e-01 4.17229608e-02 3.36965695e-02 -7.15837032e-02 -9.96195376e-02 -8.38379003e-03 1.92879751e-01 -1.66653916e-02 4.00798053e-01 2.15093896e-01 8.63895416e-02 -3.16496700e-01 2.11847033e-02 -4.63225208e-02 -6.52544275e-02 1.18329316e-01 5.13238683e-02 9.65619758e-02 2.79119819e-01 2.49536544e-01 -2.32637048e-01 1.00843990e-02 -1.60356566e-01 -1.84518471e-01 5.82574634e-03 -3.83896947e-01 2.42764682e-01 -1.20139591e-01
-1.44703081e-03 -1.70510694e-01 -8.22651312e-02 -2.90687755e-02 -6.19144924e-02 2.48314634e-01 -2.17919722e-01 -4.37556393e-02 8.58184248e-02 -1.28724268e-02 -4.08322096e-01 1.26845673e-01 1.69627324e-01 4.32357430e-01 5.96220084e-02 -1.17685698e-01 1.78496405e-01 1.20886445e-01 -5.38914651e-02 -2.41783466e-02 1.25722706e-01 -6.80712238e-02 -9.11727641e-03 -2.10418165e-01 1.10846683e-01 -1.68889806e-01 8.88564512e-02 -1.15757950e-01 2.50958562e-01 -2.59649847e-02 2.16519997e-01 3.70880753e-01
4.09083702e-02 3.14487487e-01 -1.29279733e-01 1.96957931e-01 2.39389483e-02 -7.78502449e-02 1.49331838e-01 -7.88639337e-02 -7.05538690e-02 -2.76214676e-03 7.96894878e-02 -9.83541012e-02 -3.13421227e-02 2.98392922e-01 7.07749367e-01 6.83824793e-02 5.10398019e-03 -8.62553865e-02 2.80609746e-02 -5.80547974e-02 1.04020894e-01 6.15811087e-02 -1.04464367e-01 -9.95933488e-02 1.69424996e-01 -7.13626370e-02 2.17249066e-01 -2.45114472e-02 -1.84747711e-01 7.36707300e-02 -1.54677048e-01 -1.37540512e-03
-3.40249389e-01 -1.27504200e-01 6.98914453e-02 -1.58068538e-01 1.05990753e-01 3.48363444e-02 -7.02580586e-02 2.82125980e-01 -3.50268364e-01 -9.28316042e-02 1.15531132e-01 8.51884708e-02 2.20319092e-01 -2.87538413e-02 2.13206574e-01 3.67991418e-01 1.18727637e-02 2.44379684e-01 -2.51787782e-01 4.19765338e-02 -1.11829070e-02 6.19521656e-04 1.86199307e-01 -2.30855390e-01 -1.09284222e-01 -1.65871140e-02 -1.36265710e-01 2.75795966e-01 -1.32852256e-01 -7.69931227e-02 -2.47318856e-02 1.21741682e-01
-8.41210112e-02 1.29329994e-01 4.36382666e-02 1.86516091e-01 1.33400813e-01 5.54145686e-02 1.54936358e-01 -6.20845929e-02 1.25520721e-01 -1.81754053e-01 -1.37998849e-01 -1.15334846e-01 2.29366705e-01 -9.26290900e-02 -1.95648447e-01 3.51389945e-01 4.88300920e-01 8.17291215e-02 1.03292264e-01 -1.10492222e-01 8.98728520e-02 9.27047357e-02 -1.02499254e-01 -8.08918476e-03 1.79865379e-02 1.72228426e-01 3.74668658e-01 1.34804443e-01 -9.19712335e-03 -1.34216622e-01 1.95533857e-01 -2.15858728e-01
9.59941279e-03 3.46217215e-01 8.52799267e-02 5.28517440e-02 8.22149292e-02 1.30176023e-01 9.09021944e-02 3.85345668e-02 3.82219739e-02 1.15586735e-01 1.50659442e-01 2.45847642e-01 -2.03498960e-01 -1.25473946e-01 -6.58062566e-03 -4.68123257e-02 2.63759010e-02 5.30517995e-01 -1.61516964e-01 1.79928124e-01 3.26330543e-01 1.28977820e-02 -2.71450669e-01 1.14572719e-01 -9.54891965e-02 8.07061866e-02 2.01754589e-02 -4.99854460e-02 2.81639308e-01 -2.59956270e-02 -1.45444974e-01 1.59393162e-01
6.41340837e-02 -1.03382312e-01 -1.35579363e-01 -1.80932358e-01 -6.66025653e-02 3.48223001e-01 1.43907785e-01 -1.88272279e-02 1.31418630e-01 -2.00625062e-02 8.60010982e-02 2.54243780e-02 6.77108988e-02 -2.38461554e-01 2.30559826e-01 7.19577670e-02 -1.03774920e-01 -2.59608328e-02 6.26187861e-01 2.55908966e-01 2.79202342e-01 8.99099112e-02 1.59160763e-01 -8.01104829e-02 -1.30238533e-01 -7.54355593e-03 -6.48983344e-02 8.92448425e-02 3.77602912e-02 1.47715341e-02 1.47523999e-01 4.88596484e-02
-1.05930276e-01 2.50290960e-01 -6.16896786e-02 -4.47904430e-02 -1.79683894e-01 -2.57401671e-02 -2.42623352e-02 1.50716215e-01 -4.15879861e-02 -3.80080082e-02 -3.89504701e-01 1.56513676e-02 -1.35056973e-01 2.61706114e-01 -9.98770595e-02 3.75071853e-01 -2.24444762e-01 -1.25855505e-01 -2.96764150e-02 4.84050065e-01 -4.85609397e-02 8.23767707e-02 1.39778733e-01 2.35167414e-01 -1.64991125e-01 -3.85963842e-02 1.20412126e-01 -8.21366608e-02 9.27209109e-02 9.56155732e-03 -4.51688617e-02 -1.59619808e-01
1.60496652e-01 1.03501499e-01 -1.52209848e-01 -3.86704989e-02 3.63655612e-02 -1.79780692e-01 -1.04634598e-01 2.79768080e-01 -1.14939753e-02 -1.74645737e-01 -3.20436507e-02 2.97285318e-02 3.47594589e-01 3.63045372e-02 -2.20631853e-01 -1.04537383e-01 -5.94079681e-02 -2.25954205e-01 -2.70088110e-02 -1.72845110e-01 4.93033975e-01 2.77951241e-01 -5.80425262e-02 -6.20616563e-02 -2.03175828e-01 -4.37630638e-02 -7.25718448e-03 5.46417348e-02 -6.27562311e-03 2.13225141e-01 -3.07117313e-01 5.38844503e-02
9.63669866e-02 3.73408914e-01 5.70332706e-02 -2.52333760e-01 1.98025763e-01 -2.93843215e-03 1.01101622e-02 1.05340093e-01 2.04214543e-01 2.74066299e-01 -1.65658355e-01 -3.13555002e-02 -7.19014704e-02 -1.31339177e-01 7.67280394e-03 1.37938142e-01 -1.76183403e-01 -5.96289858e-02 3.50098386e-02 -3.57497543e-01 -2.41292045e-01 3.03889066e-01 3.32853943e-02 -1.46201879e-01 -1.14085190e-01 -1.44810975e-01 9.48975608e-03 -1.54627264e-02 -3.87511798e-03 -3.13140273e-01 1.06890149e-01 2.58250147e-01
-9.45619047e-02 1.88772738e-01 7.50234425e-02 1.20769061e-01 -3.26495022e-02 -1.96788296e-01 -1.63375765e-01 -2.39238381e-01 -2.40904652e-03 4.71620820e-02 8.59489013e-03 1.23425439e-01 -1.25695556e-01 -3.79119590e-02 -1.58255607e-01 -1.40698180e-01 7.88594261e-02 1.37667790e-01 1.36896372e-01 3.72975394e-02 6.21821806e-02 8.23535472e-02 6.55019224e-01 -1.88549142e-02 1.48318112e-01 4.56250384e-02 2.43287086e-01 1.90204859e-01 -1.54106289e-01 1.25926524e-01 -1.24011487e-01 2.68490434e-01
4.14430834e-02 -1.40609756e-01 -7.89233148e-02 -2.60353200e-02 8.50591511e-02 7.79714882e-02 8.61230865e-02 -1.27758697e-01 2.33604815e-02 -1.46011217e-02 -4.08227518e-02 1.74966663e-01 4.91170138e-02 8.11225325e-02 1.91506539e-02 1.13455117e-01 -3.05872500e-01 1.48082882e-01 -8.93920586e-02 -3.00565660e-01 1.23448931e-01 -3.42743546e-02 -3.63276452e-02 6.04740322e-01 -3.65045704e-02 -1.69897169e-01 1.26030132e-01 2.38953307e-01 -2.45234773e-01 1.79845393e-01 2.85695970e-01 6.87857866e-02
1.14891835e-01 -7.89835751e-02 -1.04741246e-01 -1.51016211e-04 -7.99930468e-02 -3.83160040e-02 -1.58997789e-01 1.13424405e-01 1.20426409e-01 -9.20851808e-03 1.66179061e-01 1.32720202e-01 2.84135371e-01 -4.18518763e-03 -2.38360334e-02 9.20328423e-02 -9.36706588e-02 1.09308988e-01 4.37220931e-02 1.91445559e-01 -1.65212780e-01 3.96950364e-01 -1.00624524e-01 1.93907753e-01 6.50257468e-01 2.65280884e-02 -4.47443575e-02 5.20461351e-02 5.34648821e-02 -2.00534210e-01 -1.03318453e-01 9.97565314e-03
-3.77008110e-01 -4.60919328e-02 -7.61744902e-02 6.52475357e-02 -1.01550058e-01 2.52013832e-01 1.57603860e-01 -3.19473515e-03 -4.76478636e-02 2.01359093e-02 9.40022692e-02 6.92734048e-02 -2.03663260e-01 7.20503256e-02 -9.68169644e-02 2.42081713e-02 -5.77342510e-02 -3.54215682e-01 -1.53790802e-01 -1.08514033e-01 1.82200968e-01 2.46301368e-01 -2.75366269e-02 2.93900259e-02 1.16075918e-01 5.07945657e-01 -6.02962747e-02 -1.77334189e-01 -1.22405089e-01 -5.86375520e-02 1.19033612e-01 2.74224520e-01
1.96820468e-01 -1.90271184e-01 1.09167108e-02 9.04301088e-03 9.39407274e-02 1.75393507e-01 -5.65547980e-02 2.34230205e-01 -7.86974356e-02 1.37614131e-01 -1.12406090e-02 -2.14873612e-01 1.56525463e-01 -1.97184503e-01 1.06534079e-01 -1.72262132e-01 -2.59404570e-01 6.64381608e-02 -1.88239619e-01 1.00322202e-01 -1.22367628e-01 6.06091740e-03 9.64877084e-02 -3.35671492e-02 -7.36653134e-02 2.96466440e-01 6.20719433e-01 -1.35267168e-01 4.41661030e-02 9.56279859e-02 1.08179320e-02 2.45510843e-02
-9.83182415e-02 2.73483127e-01 -1.36158571e-01 9.38205700e-03 -6.93511218e-02 -3.48046869e-02 9.40908119e-02 9.20477137e-02 2.27679107e-02 2.21292481e-01 1.30040050e-01 -6.53958991e-02 2.36805409e-01 2.19337702e-01 -1.34273544e-01 -1.54847652e-01 -8.19125995e-02 -1.33470759e-01 1.25055984e-01 1.15588412e-01 -2.09013402e-01 -3.10992807e-01 -2.01086551e-01 -2.31240578e-02 -3.28773372e-02 2.17855677e-01 1.08179310e-02 5.52957177e-01 1.29631564e-01 6.03205189e-02 9.35778171e-02 1.95396110e-01
7.64421970e-02 3.91056724e-02 6.71507940e-02 -2.32506171e-01 -9.90961790e-02 -3.22743580e-02 1.94978014e-01 -2.26411179e-01 -1.37732744e-01 6.34351298e-02 -1.04725823e-01 -1.95571482e-01 1.01909325e-01 -4.54590190e-03 1.29157513e-01 1.31418213e-01 -6.28476143e-02 2.22383309e-02 -1.20757915e-01 -2.85133421e-01 9.65065360e-02 2.70749088e-02 2.72435725e-01 7.91589767e-02 1.84010118e-01 2.26798430e-01 -1.64061666e-01 8.32931697e-02 5.92741489e-01 1.66395158e-01 -5.87996282e-02 -1.57637969e-01
-1.49901450e-01 7.61765838e-02 3.71362060e-01 -4.90439869e-02 6.99298233e-02 -2.49386597e-02 -1.16589792e-01 3.55265439e-02 6.51580021e-02 -5.19186666e-04 1.32733688e-01 1.41990080e-01 1.69793874e-01 3.45615037e-02 9.89036560e-02 9.41068679e-02 1.61111742e-01 -4.34068926e-02 1.84794247e-01 8.26189574e-03 -3.09221417e-01 1.98135927e-01 -1.16814107e-01 1.08831085e-01 -1.11129545e-01 4.09808718e-02 -3.33735980e-02 -2.49949679e-01 8.48725438e-02 6.21797681e-01 9.53151509e-02 1.31886899e-01
-8.83399695e-02 7.11815655e-02 6.99572489e-02 2.60996938e-01 -3.93967837e-01 -2.75305569e-01 -2.90669441e-01 1.54651493e-01 1.62311524e-01 2.47184560e-01 1.21103995e-03 -1.35598272e-01 6.16707373e-03 -2.12426320e-01 1.17672928e-01 5.36617525e-02 -1.15413614e-01 5.94533682e-02 -1.14969410e-01 -1.64313279e-02 2.73357958e-01 2.52675917e-02 -2.81284172e-02 -1.32853404e-01 4.46020924e-02 -2.35731080e-02 -9.16928053e-02 1.61498431e-02 -2.67779268e-03 9.27643403e-02 4.96535987e-01 -1.28303692e-01
2.31984973e-01 1.13671280e-01 -2.45981067e-02 1.64245680e-01 -3.58153641e-01 6.61965013e-02 1.44307032e-01 6.84835948e-03 -2.19441503e-02 -4.23149943e-01 -5.81850822e-04 -2.20609561e-01 3.05081457e-02 -3.15199077e-01 7.39065409e-02 4.39370088e-02 1.45499587e-01 -1.00527219e-01 -2.21754655e-01 7.63887390e-02 -1.71882749e-01 -1.84267014e-02 3.15726958e-02 1.66698858e-01 -7.05199540e-02 -1.52109563e-01 -7.51336813e-02 4.18388769e-02 5.03452942e-02 -3.06265103e-03 2.54183933e-02 4.82308745e-01
8.18034232e-01 2.00025827e-01 5.41289560e-02 -8.75662938e-02 -1.00164019e-01 7.90048465e-02 -1.01977373e-02 1.12777919e-01 -3.54516394e-02 -7.58336857e-02 8.25696662e-02 -5.30923121e-02 2.08199352e-01 2.83666551e-02 -7.97727555e-02 -1.55325914e-02 -7.87961558e-02 5.52154481e-02 4.68864385e-03 9.50998068e-02 -7.74676725e-02 -1.12920508e-01 -2.29633093e-01 -2.20611334e-01 -6.25771359e-02 7.54679367e-02 -1.10149607e-02 -6.05110973e-02 9.06223729e-02 4.21871990e-02 -1.22713946e-01 8.24138522e-02
-1.90080926e-01 6.86626196e-01 -2.23956425e-02 1.28010064e-01 -3.98211479e-02 9.78483707e-02 -5.78600727e-03 -3.24138626e-02 -2.33426914e-01 1.44722471e-02 -8.01256523e-02 4.51613143e-02 1.03077047e-01 1.21483915e-01 -9.68526453e-02 -1.08872145e-01 -2.94923000e-02 -2.05609016e-03 -6.27503768e-02 -5.58369271e-02 1.37472868e-01 -9.02979746e-02 -1.15804300e-01 4.78410870e-02 1.97938129e-01 2.72038192e-01 -1.88413799e-01 -4.79052253e-02 1.44422889e-01 7.77247129e-03 3.56746376e-01 -6.05050400e-02
-4.91234474e-02 -5.12488419e-03 7.93483198e-01 -4.30907942e-02 -6.25625625e-02 -4.63787131e-02 7.00903963e-03 -1.07331313e-01 -3.17178331e-02 -3.89178991e-02 -9.31284279e-02 -6.95053264e-02 1.27110958e-01 9.13503990e-02 6.07090704e-02 1.76159337e-01 -1.16853444e-02 2.40184188e-01 -1.86698213e-01 8.22851285e-02 2.11573496e-01 1.98103860e-02 -3.98079790e-02 -2.60310452e-02 1.90749004e-01 -1.59864873e-01 -9.71836448e-02 1.96957141e-01 -4.75416258e-02 -2.11637821e-02 -9.06778947e-02 -7.23189116e-02
-7.60884434e-02 2.43380498e-02 1.60154670e-01 6.83291018e-01 5.26597910e-02 1.76898479e-01 1.16177378e-02 9.12018642e-02 4.56347391e-02 4.23585139e-02 1.66471615e-01 7.02997074e-02 1.42676607e-01 3.35464738e-02 3.23871784e-02 -1.06966175e-01 7.52935186e-02 7.80521035e-02 1.32545885e-02 1.22476004e-01 -4.13811989e-02 7.69718885e-02 1.25217691e-01 -3.17760885e-01 -2.12154552e-01 1.71742320e-01 9.95941162e-02 -1.55988067e-01 -3.22191358e-01 -1.33865207e-01 -7.92837888e-02 -7.98579585e-03
3.80861834e-02 1.82773590e-01 -2.93580201e-02 3.45206521e-02 7.31522083e-01 2.43354574e-01 2.05250066e-02 -9.78364646e-02 9.11719501e-02 -5.18532097e-02 1.30728900e-01 -1.75005630e-01 3.40133384e-02 3.06509598e-03 -2.84584820e-01 -8.99764430e-03 1.46664586e-02 -9.78631228e-02 -1.06096305e-01 9.11873281e-02 -1.07345484e-01 -2.41579283e-02 1.20958716e-01 8.89599770e-02 1.15955688e-01 -2.85050631e-01 -1.35828540e-01 1.22634806e-01 -2.29978599e-02 4.96712960e-02 -1.46234617e-01 3.48131172e-02
-1.59459099e-01 -9.56299603e-02 7.98443146e-03 -2.28602439e-01 -2.66378433e-01 8.12187552e-01 -1.59379537e-03 6.17048107e-02 1.17249630e-01 -4.20334376e-02 1.82290345e-01 -1.48558229e-01 7.15908334e-02 5.93255796e-02 6.01881333e-02 6.82023391e-02 -2.24759243e-02 6.24699593e-02 1.10741444e-02 -2.64531537e-03 -1.45044774e-01 1.16986409e-01 1.26522165e-02 -6.55260608e-02 1.16450293e-02 -2.67529842e-02 2.01593582e-02 1.43592730e-02 9.95983705e-02 8.68031159e-02 1.34791881e-01 -1.00768059e-01
8.88166297e-03 -1.48675544e-02 6.58718310e-03 -1.54555840e-02 5.68732843e-02 4.99141924e-02 9.22879517e-01 3.15936431e-02 -1.24278171e-02 -1.27267063e-01 -6.83068931e-02 5.57703227e-02 -4.68274541e-02 -4.24693748e-02 1.07534185e-01 -2.64257677e-02 -4.35302705e-02 1.46635860e-01 -1.42864630e-01 -8.15185253e-03 -4.16138209e-02 -5.51841967e-02 4.77426015e-02 9.17602330e-02 -2.96533573e-02 1.09541856e-01 2.54198071e-02 -6.12298697e-02 4.61475439e-02 6.47974946e-03 -6.01829775e-03 1.47543997e-01
-3.27692344e-03 -2.23690253e-02 -2.16016416e-02 1.18326470e-02 1.11173831e-01 -5.79476655e-02 -6.85034618e-02 7.52668977e-01 -1.40060605e-02 8.31980631e-02 -1.40872687e-01 -1.78730544e-02 1.25990197e-01 -2.83425450e-02 -5.89503795e-02 2.37596817e-02 1.23611808e-01 9.14603323e-02 -2.22818300e-01 1.03889294e-01 1.21239454e-01 1.87330514e-01 2.09313631e-01 7.50342384e-02 -8.64818767e-02 1.02161363e-01 1.06224060e-01 2.45929718e-01 2.42197260e-01 1.69244692e-01 5.26890792e-02 -2.96981260e-02
-1.69873029e-01 2.17540339e-01 -1.78961530e-01 -1.78012118e-01 -7.35430270e-02 -1.44338429e-01 2.98819374e-02 -7.84572680e-03 6.67402625e-01 1.82327941e-01 -1.25255045e-02 2.19287127e-02 1.77457049e-01 1.26318768e-01 1.64073169e-01 1.15823848e-02 -2.51761377e-02 -9.64234862e-03 -1.63329691e-01 1.61398560e-01 6.76170513e-02 8.56201649e-02 -1.02615923e-01 -2.02164486e-01 5.10277934e-02 9.27752480e-02 -2.29783669e-01 1.22082634e-02 -1.25249207e-01 1.14642367e-01 -2.07084134e-01 1.62686393e-01
1.53406411e-01 7.16594160e-02 3.39076892e-02 4.60613444e-02 2.41313986e-02 -1.92654356e-02 1.48432806e-01 -3.60238552e-02 1.83774859e-01 6.56960726e-01 2.54448485e-02 5.27070388e-02 6.39816374e-02 -5.22989519e-02 1.61442105e-02 2.44861856e-01 -1.30650550e-01 -4.97354344e-02 -1.23252207e-02 -6.51861578e-02 -2.87320912e-02 -1.15033142e-01 1.35572001e-01 1.91387292e-02 -9.69066843e-02 -2.10432455e-01 7.15628564e-02 -7.81851113e-02 1.73546493e-01 -2.72318214e-01 2.23069265e-01 -3.63652349e-01
6.42536059e-02 1.01078540e-01 -1.11857615e-01 -6.60471767e-02 -1.36658311e-01 -2.15662628e-01 5.91535941e-02 -1.07378848e-01 -1.35023758e-01 -1.11429105e-02 7.90205240e-01 5.20048775e-02 5.37401065e-02 6.37617260e-02 9.52724218e-02 -8.52718204e-02 1.45331874e-01 1.36754036e-01 -1.64081335e-01 -5.94764985e-02 1.32696807e-01 1.39867157e-01 2.29609340e-01 8.42114389e-02 2.99819186e-02 -7.36344755e-02 7.19384057e-03 1.47666022e-01 -1.65709630e-02 1.07346758e-01 7.78092397e-03 -1.11697555e-01
1.01899028e-01 1.32809104e-02 -1.43186199e-02 7.06937313e-02 -5.15719354e-02 1.17715545e-01 -1.38960062e-02 -1.27001703e-01 1.92281246e-01 -2.21595511e-01 -1.17675051e-01 7.96054661e-01 1.38575789e-02 -7.25048259e-02 -1.01591848e-01 -7.80580342e-02 1.44523263e-01 2.97855604e-02 5.57013899e-02 1.73930377e-01 -5.81211150e-02 9.14119408e-02 3.22999172e-02 6.69978037e-02 3.84367108e-02 -1.24130495e-01 -5.36693111e-02 1.98924422e-01 1.51952252e-01 -4.19858983e-03 1.61893410e-03 -2.02650219e-01
2.39555389e-02 -1.03873827e-01 2.79397517e-02 -1.49155945e-01 -8.65908433e-03 -4.45971340e-02 1.15870088e-02 -9.08808485e-02 6.69793785e-02 -3.60318348e-02 -1.77712634e-01 -4.79442663e-02 6.63028836e-01 7.55782649e-02 -8.33646953e-02 -4.45779115e-01 1.35377198e-01 -6.35645920e-05 2.94469134e-03 -2.24576861e-01 1.20597808e-02 8.30662102e-02 1.19405448e-01 1.69453129e-01 -7.84647018e-02 -1.82615072e-01 1.06470041e-01 -1.53585315e-01 -1.29314154e-01 -9.59264413e-02 2.00572357e-01 7.16060549e-02
2.60776341e-01 -1.67336062e-01 -1.16856389e-01 1.87246412e-01 -1.43425912e-02 9.17438120e-02 -1.85722634e-02 -8.74827579e-02 1.89077388e-02 9.50904265e-02 -2.22655877e-01 -8.00177604e-02 -2.95821011e-01 6.76900566e-01 1.65050015e-01 -2.44842485e-01 5.10747321e-02 1.72294453e-02 -2.15219766e-01 -1.16840936e-01 3.22899595e-02 7.97222331e-02 1.08753316e-01 6.66149631e-02 1.14462793e-01 1.26154907e-03 -1.20910920e-01 6.53048828e-02 1.47871533e-02 2.98504345e-02 -2.28669662e-02 -1.42214969e-01
7.73753971e-02 -4.92803045e-02 2.62185931e-02 3.81187908e-02 3.47197831e-01 3.17570346e-04 -1.24057494e-01 5.90070970e-02 -2.95351278e-02 -5.55735007e-02 6.67045563e-02 1.49585083e-01 1.95378721e-01 2.33890787e-02 7.16560006e-01 1.25742361e-01 -1.45073071e-01 -1.89932827e-02 7.50366077e-02 5.72798662e-02 -1.72004044e-01 -3.49971727e-02 -1.33105546e-01 1.87815085e-01 1.81534961e-01 6.80599809e-02 9.73152891e-02 -4.93396297e-02 -7.65110701e-02 1.65204480e-01 2.33331144e-01 6.99071912e-03
6.25241995e-02 1.06135711e-01 -2.84874409e-01 7.44695589e-02 -9.63529348e-02 8.01346228e-02 -4.49625077e-03 -2.83311069e-01 -2.98047811e-01 8.12093094e-02 -2.95101762e-01 3.31172943e-02 2.61981905e-01 2.62144627e-03 4.02878635e-02 5.05323231e-01 5.88802360e-02 1.06108226e-01 -2.77234949e-02 -7.73514435e-02 1.33202756e-02 1.53493032e-01 3.25459212e-01 -9.54242200e-02 -5.19287679e-03 -5.12270480e-02 5.50571159e-02 9.28812101e-02 -1.16142340e-01 2.37098888e-01 -1.63160637e-01 1.48425996e-01
8.06526169e-02 5.93456961e-02 1.87089890e-02 1.24301231e-02 5.54542989e-02 4.96235527e-02 2.01378725e-02 -8.14821571e-02 8.70764256e-02 -1.10842171e-03 -4.78986278e-02 -1.60536408e-01 -7.77961090e-02 -1.43513083e-01 2.11195797e-01 1.24428481e-01 8.84540856e-01 -7.40997717e-02 -1.88662726e-02 -5.36638200e-02 4.85415235e-02 -6.34319633e-02 -1.58713311e-01 -2.85772029e-02 -2.84909420e-02 3.18573229e-02 -7.76278554e-03 -2.85623055e-02 1.07177757e-01 -1.10643305e-01 6.68383837e-02 8.80405493e-03
6.75571710e-02 1.31616428e-01 -4.16565053e-02 5.84395006e-02 -2.02781912e-02 4.59166680e-04 -1.32367805e-01 5.13103828e-02 1.60569817e-01 1.18506871e-01 -4.57407013e-02 -5.78201860e-02 -1.85218185e-01 -1.43843532e-01 -6.46084100e-02 -4.07658070e-02 4.91518676e-02 7.75187910e-01 1.60734326e-01 -9.52810273e-02 -2.11248487e-01 4.95578982e-02 -6.13937667e-03 3.27836931e-01 5.61263524e-02 -3.75846289e-02 -8.24800581e-02 -1.30519539e-01 -1.30080432e-01 1.65503006e-02 2.68381718e-03 8.86364281e-02
8.22870135e-02 -7.80401239e-03 7.27996454e-02 1.29412442e-01 5.54156862e-03 -7.91053846e-02 1.43927038e-01 5.55162877e-02 2.71500826e-01 -1.69071943e-01 6.19010329e-02 -1.57632291e-01 7.25649968e-02 1.98652133e-01 -7.01272562e-02 1.68459952e-01 3.56512656e-03 -6.90277815e-02 7.31088221e-01 -1.19843990e-01 2.09913984e-01 1.55143645e-02 2.08736852e-01 5.18979914e-02 6.49654642e-02 1.17197476e-01 -1.11021377e-01 1.72397166e-01 8.51106569e-02 9.86050442e-02 9.97547358e-02 -3.02269477e-02
4.51711491e-02 3.62761766e-02 -2.19913557e-01 2.46232018e-01 -1.92658320e-01 -1.32112324e-01 2.62185503e-02 -1.37852713e-01 1.18800998e-01 -3.12468499e-01 -1.10076956e-01 -3.92239690e-01 2.29089316e-02 -1.23696342e-01 5.43359667e-02 1.07588181e-02 -1.04652330e-01 4.88908812e-02 -1.10117465e-01 5.35505235e-01 1.68096740e-02 8.13504755e-02 -1.16780354e-02 6.59253821e-02 3.66175035e-03 -2.49987915e-01 9.88463089e-02 6.77059144e-02 5.58195598e-02 -7.01748803e-02 2.80933946e-01 -1.71270236e-01
5.54647408e-02 -3.35638523e-02 -1.57247886e-01 -6.71605617e-02 8.64103809e-02 2.65280664e-01 1.19198263e-02 1.63268633e-02 -1.69671059e-01 1.92275628e-01 -2.24299766e-02 6.20099008e-02 -2.14304868e-02 -1.02731250e-01 1.79440200e-01 -1.61602780e-01 -5.38411699e-02 8.86034742e-02 1.93299472e-01 2.47245908e-01 7.18061924e-01 1.93187054e-02 -1.17584996e-01 1.32891729e-01 -1.09010734e-01 -1.28519982e-01 -9.18310955e-02 -2.28245631e-02 -9.50554460e-02 -1.36871070e-01 -1.40319556e-01 8.57103691e-02
9.75286216e-02 1.93629161e-01 1.58950090e-01 4.53143334e-03 3.05221472e-02 5.34996530e-03 -3.30293812e-02 -1.21286578e-01 2.63761133e-02 -2.90921796e-02 -2.20060367e-02 -7.00484142e-02 -1.02062635e-01 -1.42483145e-01 1.49550214e-01 -2.69397721e-02 -1.35511875e-01 -1.86093509e-01 7.14604650e-03 -1.15501545e-01 -7.13139847e-02 7.46549308e-01 3.81276421e-02 1.60928443e-01 -1.39492303e-01 1.27742261e-01 -3.94744873e-02 -5.35475500e-02 2.26058125e-01 -2.69126624e-01 -1.24065995e-01 1.22153811e-01
9.96947214e-02 4.23416160e-02 1.23640329e-01 -1.59106538e-01 -5.34419268e-02 2.20666230e-02 -8.56032073e-02 -1.86073240e-02 -2.71206461e-02 1.77234113e-02 -9.95583832e-02 -4.50861454e-02 -1.25527263e-01 -2.97992140e-01 2.23219290e-01 -2.78978705e-01 5.19335410e-03 -6.36583045e-02 3.67650501e-02 1.68866947e-01 -7.03235790e-02 -1.98020190e-01 6.72305644e-01 -1.88355342e-01 1.59935355e-01 9.33260694e-02 -2.72008002e-01 -1.18708275e-01 3.33183855e-02 3.75613966e-03 2.67358255e-02 4.07113954e-02
1.01221614e-01 -3.10576390e-02 1.13705605e-01 1.35691181e-01 -2.08759740e-01 1.09879717e-01 -8.67043585e-02 -5.49929263e-03 1.58553898e-01 -2.95594428e-02 7.16621280e-02 1.82001907e-02 3.87968756e-02 -1.52358999e-02 -1.27834231e-01 2.03085214e-01 1.16578182e-02 -2.88069725e-01 -2.18951985e-01 1.02560379e-01 8.58543813e-02 -2.16911495e-01 1.32878378e-01 6.61024630e-01 -6.78399131e-02 2.15506226e-01 -5.05798534e-02 -2.29981378e-01 -1.23197265e-01 9.85914692e-02 -1.22930527e-01 7.95546547e-02
6.19865814e-03 -3.93326432e-02 -1.03709109e-01 1.23600706e-01 -1.58909976e-01 1.30284037e-02 7.44284391e-02 2.19181702e-01 -4.42205481e-02 7.89469406e-02 5.13261631e-02 2.01633442e-02 8.26873481e-02 -1.84822809e-02 -6.24436811e-02 1.67937949e-02 6.57245591e-02 -1.12133794e-01 7.02420101e-02 3.39689218e-02 -2.95251682e-02 1.04433864e-01 -2.30092499e-02 1.68173201e-02 7.94482172e-01 -1.34859115e-01 1.74092695e-01 -1.60031259e-01 1.59312207e-02 -2.63172388e-01 -2.25909546e-01 9.67616886e-02
2.57842802e-02 -3.44458610e-01 -6.26223087e-02 -2.20188554e-02 1.77980125e-01 4.85932175e-03 -2.09137257e-02 -3.41218114e-01 1.21932812e-02 1.74482748e-01 1.96081121e-02 -9.43533182e-02 1.86920360e-01 -1.41947359e-01 -1.70151725e-01 -7.89614543e-02 -6.69136411e-03 1.77373752e-01 -4.43674698e-02 1.61721155e-01 4.50067893e-02 5.27068265e-02 -6.32877499e-02 1.93189480e-03 1.99492887e-01 6.31543338e-01 8.05209279e-02 1.23242110e-01 1.79921180e-01 2.74962722e-03 -3.55600864e-02 -1.87490851e-01
2.24219672e-02 3.17113012e-01 1.16337463e-01 -1.53282642e-01 3.45763452e-02 5.61450049e-02 -3.70650031e-02 -1.28183067e-01 1.74294889e-01 2.06281748e-02 -7.10436553e-02 6.62718085e-04 -2.19799563e-01 6.12798519e-02 1.64517965e-02 -1.42699629e-01 -2.17715651e-03 -1.34049039e-02 5.08647859e-02 3.41108143e-02 1.22137032e-01 -6.98205978e-02 1.37921795e-01 4.08976013e-03 2.10398566e-02 6.76559433e-02 8.07861328e-01 6.78600520e-02 -7.18184412e-02 1.27921879e-01 -6.20475672e-02 2.82514580e-02
3.42535712e-02 7.23909736e-02 -1.53653231e-02 1.31962195e-01 -1.92166626e-01 7.76703060e-02 5.24418280e-02 9.09969956e-03 -4.37740088e-02 2.08500206e-01 -3.20589952e-02 -9.10807326e-02 4.56734374e-02 -1.82206959e-01 1.10172600e-01 -2.03853413e-01 -2.90012993e-02 -1.50935948e-01 5.24412580e-02 -8.09960440e-02 -2.28140876e-01 -1.45332292e-01 -9.72367376e-02 1.70320272e-01 -6.18036091e-03 2.96161156e-02 -4.43999656e-02 7.42162287e-01 -2.20172837e-01 -1.29133254e-01 -6.43726140e-02 1.37467533e-01
-1.31728768e-01 -2.58780662e-02 -5.59405610e-02 2.66151726e-01 -2.27437746e-02 3.41341496e-02 -1.45275041e-01 -9.98195335e-02 1.13600254e-01 -1.23634189e-01 6.23644553e-02 -2.56768838e-02 1.34764954e-01 -5.85412257e-04 1.76558077e-01 -4.87242006e-02 -1.25786543e-01 1.57367468e-01 -8.97093043e-02 -2.19826862e-01 8.07088017e-02 -3.35389018e-01 5.06677330e-02 -8.42186902e-03 -8.07985291e-02 -1.05548710e-01 7.95192122e-02 3.73272076e-02 6.33817673e-01 -1.20110691e-01 -2.46722892e-01 2.64210314e-01
-3.82160791e-03 -3.12870890e-02 1.23410515e-01 2.63544828e-01 -9.78840217e-02 -8.61597527e-03 9.96110812e-02 -7.78617188e-02 -1.08555621e-02 2.53951550e-01 -3.07844765e-02 -6.63874894e-02 -1.90004241e-02 -2.47883007e-01 -1.14431919e-03 -2.57779479e-01 1.70451403e-02 -1.42985567e-01 7.73331523e-02 -5.90929389e-02 6.68865908e-03 1.27147675e-01 -1.83536783e-01 -2.90277833e-03 6.14045337e-02 -2.07620695e-01 -3.39040644e-02 -1.30800158e-01 1.73346490e-01 7.08253086e-01 -8.29596817e-02 -8.15811604e-02
2.01777950e-01 -1.61256000e-01 -2.20831670e-02 1.40070736e-01 3.82874385e-02 8.01643878e-02 -6.12344630e-02 -3.78459841e-02 2.36186266e-01 -6.69318065e-02 3.35515514e-02 7.22881034e-02 -1.57951266e-01 -2.64689445e-01 -1.06655017e-01 8.54129493e-02 -1.22960292e-01 -1.70746408e-02 -2.69091427e-01 -3.47497404e-01 3.12848926e-01 7.05518350e-02 4.09307424e-03 -1.72943190e-01 1.82243973e-01 -3.73425870e-03 4.43780841e-03 8.61757770e-02 -1.42507985e-01 3.57750691e-02 4.67900783e-01 3.11865240e-01
-3.20689678e-02 -1.09802023e-01 1.28244996e-01 -1.02857221e-02 -2.22326741e-02 -3.79487425e-02 -7.90513214e-03 -1.08038239e-01 -1.00241862e-01 2.91480333e-01 1.11137100e-01 1.02828681e-01 -5.14221713e-02 2.67333895e-01 -1.37227923e-01 6.50318386e-03 1.01978049e-01 -1.30281989e-02 1.08616240e-01 4.18631792e-01 -1.53810978e-01 5.68072274e-02 1.27900951e-02 1.27185322e-02 -4.74128164e-02 -5.58708347e-02 2.29370426e-02 1.50527600e-02 1.86106384e-01 3.10788099e-02 3.08282793e-01 6.19824350e-01
