4 4 8 32 16
-1.698400e-01 -5.219708e-02 -5.916919e-02 -3.695057e-02 -1.420948e-01 1.242450e-02 3.234719e-01 -1.062283e-01
-9.129839e-02 3.792192e-01 -2.732309e-01 4.491503e-01 -1.579605e-01 -1.016022e-01 -1.100650e-01 -6.735943e-02
-1.052954e-01 4.684446e-02 -1.169945e-01 3.560792e-01 -7.872643e-02 5.117423e-02 -1.673422e-01 -1.434214e-01
-3.080032e-02 1.865011e-01 -8.714005e-02 -1.486218e-01 1.364831e-01 1.397398e-01 1.694355e-01 -2.624406e-02
-2.331681e-01 1.623475e-01 -2.111187e-01 7.083399e-02 -1.801743e-01 4.632540e-01 1.273096e-01 -1.595265e-01
-5.090860e-02 2.726024e-01 -1.987113e-01 4.665855e-01 -5.471238e-02 -5.083714e-02 -5.601993e-02 -1.020557e-01
-2.346300e-02 1.788510e-02 -1.948177e-01 2.048755e-01 5.350856e-02 -5.326449e-02 -2.093042e-01 -9.974629e-02
3.952279e-03 4.521872e-01 -3.075574e-01 1.068003e-01 7.004858e-03 -3.573209e-02 4.480970e-01 -2.334525e-01
-1.243172e-01 1.632803e-01 -1.624781e-01 4.026077e-02 4.931093e-02 4.011671e-02 4.995992e-01 -2.309131e-01
-1.330020e-01 -1.281688e-01 -1.475222e-01 1.293337e-02 -3.297229e-02 -9.756561e-02 -2.290139e-01 -5.831043e-02
-6.460796e-02 -1.232266e-01 -3.712055e-02 -6.994870e-02 2.597363e-01 -2.824468e-03 2.323943e-01 1.928185e-01
-1.650621e-01 -1.083825e-01 -1.782044e-01 1.786921e-02 -1.265712e-01 2.035806e-01 1.587663e-01 -1.064491e-01
-1.581272e-01 1.098947e-01 -9.989429e-02 1.446938e-01 -1.792570e-02 -1.145891e-01 -2.237700e-01 -7.904492e-02
2.156571e-02 2.873446e-01 -1.497773e-01 -1.373383e-01 6.294713e-03 3.400949e-01 2.268494e-01 -1.320308e-01
-2.194878e-01 -6.223968e-02 5.243557e-02 -2.643804e-03 -1.739321e-01 -3.466954e-02 -1.397299e-01 -1.262070e-01
-1.689540e-01 -1.069513e-01 -2.436340e-01 -2.784703e-02 -7.172312e-02 -2.039721e-02 -9.006923e-02 -1.121984e-01
1.261388e-01 -8.015922e-02 -2.193599e-01 1.192684e-01 -1.142657e-01 -2.408422e-01 9.157114e-02 -9.073664e-02
3.432623e-01 8.173601e-02 -2.441214e-01 -1.790679e-01 -2.820721e-01 -1.265956e-01 -1.685446e-01 -2.166877e-01
1.741019e-01 -2.406752e-02 -1.517916e-01 1.187335e-01 8.201866e-02 -2.377382e-01 -8.228642e-02 6.501607e-03
3.746822e-01 -4.963366e-02 -9.650325e-02 -2.166154e-03 -2.870975e-02 -3.313271e-01 -1.830506e-01 3.124620e-01
-1.899153e-01 3.202656e-02 -2.924866e-01 -1.420440e-01 -5.402097e-02 -2.348814e-01 6.642805e-01 -1.083066e-01
1.992055e-01 -6.435899e-02 -2.705588e-01 -1.211343e-01 -8.080254e-02 -2.239259e-01 -4.213589e-02 1.373115e-02
-1.539695e-01 -8.706100e-03 -2.875612e-01 -1.007760e-01 1.268978e-01 -3.627656e-01 -8.562852e-02 -1.149910e-01
-9.957214e-02 -1.040475e-01 -3.500150e-01 -1.753564e-01 -2.878309e-01 2.077498e-02 4.297671e-01 -1.289209e-01
-5.341801e-02 3.318282e-01 -1.268622e-01 1.745119e-01 -2.795079e-02 -4.271166e-01 3.727729e-02 2.535909e-03
-1.032348e-01 2.636557e-02 -3.049124e-01 -6.914800e-02 1.385696e-01 -3.579243e-01 3.467350e-02 -4.005134e-02
3.950845e-02 5.789134e-02 -4.429574e-01 7.420538e-02 -3.255310e-01 -8.564711e-02 -1.298050e-02 -2.587508e-01
-1.043181e-01 8.390443e-02 -3.509282e-01 -2.133139e-01 -1.528113e-01 4.264839e-03 2.159845e-01 -2.111306e-01
1.831032e-01 -2.653401e-01 -3.242778e-01 2.317615e-04 -3.273454e-01 2.030507e-02 6.511554e-01 1.151231e-01
-2.099133e-02 -1.944157e-03 -1.457549e-01 6.507225e-02 1.204325e-01 -1.432495e-01 -7.051383e-02 -4.081975e-02
1.286426e-01 -7.453062e-02 -2.968545e-01 -1.548016e-01 -6.196821e-02 -2.269233e-01 4.726456e-03 -3.548549e-02
4.401561e-01 -9.080034e-02 -1.595473e-01 -7.024738e-02 -1.173784e-02 -2.355103e-01 -8.328179e-02 2.790170e-02
-2.844457e-01 -7.403015e-02 1.580147e-02 -2.356529e-01 5.335465e-02 1.338098e-02 -1.713391e-01 6.178454e-02
5.899590e-01 -4.118921e-01 1.689470e-02 9.825029e-02 7.425668e-02 2.777717e-01 3.045353e-01 2.095215e-01
-2.558440e-01 -1.811732e-01 1.689811e-01 -1.451929e-01 -7.967261e-02 -7.620315e-02 -1.733669e-01 1.467340e-01
2.041426e-02 -1.031924e-01 -1.941971e-01 2.565120e-01 3.823480e-01 3.769378e-01 -1.183886e-01 1.368974e-01
3.403448e-01 -4.719959e-01 -6.922965e-02 -1.576450e-02 7.117096e-02 2.470280e-01 6.780519e-02 2.501462e-01
-2.465563e-01 1.224386e-03 3.804501e-01 2.954503e-02 -2.523542e-01 -2.287415e-02 -1.537458e-01 7.499454e-02
1.357194e-01 -2.363924e-01 -4.150949e-01 5.201210e-01 5.764951e-01 6.946269e-02 -1.814036e-01 1.919607e-01
-2.347144e-01 -1.501877e-02 -2.968655e-01 1.913439e-01 4.888147e-01 -3.703361e-01 -8.517437e-02 1.712352e-01
-2.717865e-01 -7.904757e-02 2.780232e-01 -1.483308e-01 -1.156517e-01 -9.059937e-02 -1.116411e-01 3.575212e-02
-3.641248e-01 -1.214395e-01 -2.768930e-01 -2.280885e-01 2.189999e-02 2.591937e-01 -2.720372e-01 -1.660350e-02
-2.908129e-01 -4.716305e-02 -4.216534e-02 -1.781532e-01 2.718785e-01 1.143818e-01 -2.546858e-01 2.461937e-02
-1.886564e-01 -4.377393e-01 -9.472189e-03 -9.957759e-02 1.055627e-01 4.419367e-02 -5.920635e-02 8.415810e-02
-1.955290e-01 3.894427e-02 -2.559325e-01 -6.411703e-02 3.388277e-01 3.018782e-01 -9.346855e-02 1.056335e-01
-5.575305e-02 -7.275050e-02 4.802706e-01 -7.172365e-02 -1.407179e-01 -1.621480e-01 -2.896460e-01 -1.820067e-01
-3.948546e-01 5.356438e-04 -1.890508e-01 -3.094922e-01 1.352804e-01 9.569344e-02 -1.080973e-01 1.254411e-01
-1.401452e-01 -6.874139e-02 -1.044535e-01 9.625679e-02 4.241928e-01 1.644689e-01 -9.859619e-02 1.105436e-01
1.350913e-01 -1.789329e-01 4.968800e-01 2.108561e-01 3.439220e-01 1.437309e-01 -2.301174e-01 -4.632360e-02
4.727601e-01 -1.997669e-01 1.808732e-02 4.501973e-01 3.617106e-01 3.131051e-01 -1.626645e-01 -3.344181e-01
3.028014e-01 -1.683723e-01 3.147268e-01 4.498175e-01 1.769062e-01 1.347808e-01 -1.992777e-01 -2.279811e-01
4.917261e-03 -9.709971e-02 2.347481e-01 -5.286846e-02 -1.075345e-01 -2.406606e-01 -1.485769e-01 -9.302060e-02
-2.765403e-02 -2.929993e-01 2.421005e-01 9.190598e-02 1.980613e-01 -1.424964e-01 -8.046649e-02 -1.106498e-01
3.809902e-01 -1.705366e-02 2.579248e-01 4.646648e-01 2.809003e-01 3.921375e-01 -2.305853e-01 -2.730445e-01
6.752024e-01 -1.346474e-01 -4.034502e-02 1.673372e-01 -1.628547e-01 2.175286e-02 1.291437e-01 -1.446836e-01
1.555692e-02 -1.894355e-01 4.390555e-01 1.399491e-01 3.311890e-01 1.240013e-02 -4.243301e-02 -1.459006e-01
3.518845e-01 -3.991951e-02 -2.590814e-02 1.308035e-03 5.721224e-03 6.804619e-02 -3.423719e-02 -1.617656e-01
2.999205e-01 -2.269643e-01 3.039817e-01 4.667008e-01 5.117360e-01 2.103395e-01 -1.390707e-01 -3.160734e-01
4.632410e-01 -1.301141e-01 4.297771e-02 2.860952e-01 1.419683e-01 3.832133e-02 6.992944e-02 -1.638776e-01
-1.032628e-01 1.003405e-01 4.108484e-02 -1.198368e-01 -1.939313e-03 -5.142344e-04 -1.959055e-01 4.562143e-01
3.708107e-01 -4.742855e-02 -4.097152e-02 -8.705511e-02 -6.188192e-02 -2.245651e-02 1.626654e-01 -1.257533e-01
-1.026398e-01 -1.791844e-02 1.686556e-01 8.480730e-03 -6.231698e-02 -1.604051e-01 -2.722232e-01 1.692795e-01
-7.817522e-02 -2.536354e-01 1.729877e-02 -9.695093e-02 3.908252e-01 -2.162261e-01 -5.228548e-02 -1.283839e-01
3.088359e-01 -1.651400e-01 2.177261e-01 4.317167e-01 2.442157e-01 7.163406e-03 -6.531360e-02 -1.142024e-01
-1.427033e-01 -5.725918e-02 -1.106146e-01 -7.377487e-02 6.655424e-03 -1.068667e-01 -8.544315e-02 -4.011249e-02
-1.003574e-01 -4.800979e-02 1.162385e-01 2.415671e-01 -9.739576e-02 -5.747527e-03 -1.010933e-01 -1.129551e-01
4.382091e-03 6.834080e-02 -1.176775e-01 -2.864096e-03 5.718611e-02 -1.572286e-04 4.273963e-01 -8.927260e-02
-1.520954e-01 1.943987e-01 -1.385087e-01 1.137616e-01 -1.945038e-01 3.974024e-01 1.779969e-01 4.484848e-03
-1.110973e-01 2.257758e-01 -5.713902e-02 3.842237e-01 1.631773e-02 6.931777e-03 -1.356763e-01 -8.700553e-02
4.760587e-02 3.564828e-03 -1.122188e-01 -1.371294e-02 2.466849e-01 -2.600910e-02 4.167696e-01 -2.863113e-02
-7.872242e-02 -6.443286e-02 -6.880231e-02 1.601918e-01 -1.169119e-01 -3.743737e-02 -1.399420e-01 -9.636413e-02
-7.084300e-02 -9.080969e-02 -1.291718e-01 3.182707e-02 -2.065163e-01 3.626870e-01 2.933074e-01 -1.093928e-01
-6.226268e-02 6.203004e-02 -8.355387e-02 1.976291e-01 -7.355645e-02 -4.470403e-02 -1.893138e-01 -4.952115e-02
-1.139525e-01 -1.616919e-01 1.111140e-01 -8.990928e-02 -1.106815e-01 2.715161e-01 3.114666e-01 -2.987560e-02
1.491429e-01 1.809716e-01 -9.182815e-02 -4.674236e-02 1.258182e-01 1.809485e-01 2.270264e-01 -1.571358e-01
-1.468452e-01 -8.796576e-02 2.214325e-01 7.492309e-02 -7.126946e-02 -1.723217e-02 -1.163241e-01 -4.107456e-02
-9.249485e-02 -1.498583e-01 9.149494e-02 -8.383615e-02 2.052498e-01 -1.706755e-02 4.612975e-01 8.696008e-03
3.865562e-02 -9.767711e-02 4.290789e-02 1.388457e-01 1.565811e-02 7.773912e-02 -2.217674e-01 -6.220797e-02
1.200102e-02 3.663860e-01 -1.685371e-01 -1.123824e-01 6.312754e-02 1.600958e-01 2.536735e-01 -5.333137e-02
1.168913e-01 1.145235e-01 -3.401111e-02 -1.760587e-01 2.395783e-01 4.985892e-02 6.691855e-02 -5.677506e-03
-1.403347e-01 2.261048e-01 4.672368e-02 4.751971e-01 1.081937e-02 -1.619079e-01 -1.973547e-02 4.086424e-02
-1.347618e-02 1.144724e-01 -2.271240e-01 -1.281220e-01 -1.048801e-01 -7.751493e-02 1.198157e-01 -1.077648e-01
2.064958e-01 -9.210783e-02 -2.664279e-01 -3.405169e-02 -1.772866e-01 -7.659855e-02 3.018704e-03 -1.198587e-01
-3.415823e-02 -1.449070e-01 -1.343088e-01 -1.219972e-01 4.201577e-02 -1.771290e-01 -6.431235e-02 -1.210262e-01
-8.192675e-02 -6.535668e-02 -1.893768e-01 1.952632e-01 -1.535934e-01 -8.492883e-02 3.226627e-01 -1.287850e-01
2.833722e-01 -8.008520e-02 -8.425478e-02 -1.075890e-02 -4.613451e-02 -1.424554e-01 -1.354881e-01 2.114481e-01
1.397926e-01 -1.294241e-01 -2.142459e-02 -3.385913e-03 -7.570505e-03 2.620664e-01 -1.534088e-01 1.154275e-01
-2.033773e-02 -1.089827e-01 -2.393142e-01 -1.830935e-02 -2.316619e-01 -5.907574e-02 2.924330e-01 -2.678159e-02
-1.803518e-02 -1.450859e-01 -7.766947e-02 1.727239e-01 -1.417731e-01 -1.280969e-01 5.072976e-01 5.821518e-02
-2.068607e-01 -7.176629e-03 4.521534e-02 -4.671555e-02 9.478859e-02 2.802140e-01 -2.037825e-02 -1.059719e-01
3.010840e-01 -9.824312e-02 -1.194633e-01 -1.069631e-01 -8.528076e-02 -1.579017e-01 -7.438931e-03 1.395446e-01
3.688953e-01 -2.252305e-02 -1.134891e-01 -1.424615e-01 -1.688230e-01 -7.957176e-02 -8.040649e-02 -1.782471e-01
3.784515e-01 -8.030406e-02 -1.100528e-01 3.616615e-02 -1.600162e-01 -1.366177e-01 -1.039850e-02 -3.811344e-02
-1.240279e-01 4.968942e-01 5.439206e-02 7.945099e-02 -1.148268e-02 8.980978e-03 -1.307822e-01 9.145673e-02
-2.575515e-02 1.897778e-01 -6.826986e-02 -1.484872e-01 -5.554697e-02 6.137296e-02 -1.876591e-02 -2.101259e-01
-2.402792e-02 -1.284294e-01 -1.015387e-01 -8.980979e-02 1.720423e-01 -1.428888e-01 -2.066805e-01 3.508276e-03
8.991771e-02 -3.541206e-01 2.745861e-01 1.401099e-01 5.151255e-02 -1.856332e-01 5.484401e-02 -5.159670e-02
-2.289554e-01 -1.271065e-01 7.212039e-04 4.368594e-02 2.359958e-01 7.243215e-02 -2.062749e-01 -6.044113e-02
-1.335407e-01 -2.184099e-01 3.588312e-01 4.080215e-02 -1.033283e-01 -2.926365e-01 -2.364333e-01 -5.858168e-02
-1.156064e-01 -1.146284e-01 -1.539386e-01 -1.629446e-01 2.228301e-01 2.989903e-01 2.346261e-02 3.980978e-02
5.508347e-01 -5.892988e-02 2.303571e-01 -1.357199e-01 -1.026659e-01 -1.086963e-01 1.330059e-01 5.352166e-02
-2.265159e-01 -3.824973e-01 3.575946e-02 -4.645507e-02 -1.900773e-02 -9.782324e-02 -2.712079e-01 1.075061e-03
4.359692e-01 -2.363285e-01 1.271466e-01 -4.956931e-02 8.404449e-02 1.658583e-02 1.609459e-01 2.870884e-02
-2.626899e-01 4.943459e-02 -1.168934e-01 -9.321272e-03 2.883702e-01 -1.064238e-01 -3.105731e-01 -1.562928e-01
-1.932724e-01 -2.121541e-02 -1.544216e-01 9.209212e-02 2.135990e-01 1.753189e-01 3.001088e-02 -8.788102e-02
-1.948595e-01 -3.292007e-02 -1.413558e-01 -1.498607e-01 1.397856e-01 5.438967e-02 4.509338e-02 6.733187e-02
-6.821141e-02 -7.642604e-02 -1.477937e-01 -1.999309e-01 2.255360e-01 2.373742e-01 1.461159e-01 4.429384e-02
-1.627637e-02 2.297881e-02 3.696324e-01 2.222402e-01 -3.288292e-02 -3.224243e-02 -5.883099e-01 -3.827641e-01
-1.157183e-01 -4.121717e-02 -1.840185e-01 2.717676e-01 3.382662e-01 2.556877e-01 -8.307946e-02 -1.561369e-02
-1.116481e-01 -4.642657e-02 -1.324427e-01 3.306789e-01 2.656188e-01 4.015482e-02 -2.524058e-01 -1.335490e-01
-2.694242e-01 3.062896e-02 4.033787e-01 -1.407570e-02 -1.244769e-01 -4.624332e-02 -3.649163e-02 2.349580e-01
-2.792403e-01 -1.978053e-01 1.453841e-01 -8.768158e-02 -1.618494e-02 -1.894391e-01 -7.492084e-02 8.347652e-02
-6.194789e-02 2.228280e-01 1.717407e-01 -1.090722e-01 -1.842403e-01 -6.737502e-02 -1.496834e-01 4.217876e-01
3.547588e-01 -1.811260e-02 1.751431e-02 1.819765e-01 2.397733e-01 -1.020377e-01 1.172345e-02 1.165221e-01
-4.631777e-02 8.965740e-02 1.931075e-01 1.086163e-01 3.273384e-01 4.553167e-02 1.155603e-02 -7.509588e-02
1.551958e-01 -1.239754e-01 1.335659e-01 4.470422e-02 -1.744158e-01 -1.831289e-02 -5.316639e-02 -4.577496e-02
-2.154659e-02 -7.561053e-02 4.145745e-01 4.890280e-02 2.555916e-01 -4.013034e-03 4.690401e-02 -8.104957e-02
1.552813e-01 -9.190823e-02 5.456686e-02 3.290162e-01 5.367779e-01 -1.213191e-01 9.987571e-02 -6.223522e-02
8.763979e-02 -2.620368e-01 2.928418e-01 2.164786e-01 4.666127e-01 1.703877e-02 3.396829e-02 -1.847759e-01
5.496837e-01 -7.485682e-02 -1.630819e-01 9.833476e-03 -1.369929e-01 -1.307393e-02 8.064277e-02 9.711828e-03
4.396748e-01 -4.171180e-02 -1.097139e-01 4.170231e-01 2.374880e-01 1.467153e-01 -7.361078e-02 -1.651549e-01
1.681963e-01 -2.429481e-01 2.486020e-03 3.184068e-01 7.513096e-02 6.828048e-02 2.263648e-02 -2.322569e-01
-7.720606e-02 -4.624482e-02 1.713978e-01 1.347898e-01 6.125387e-01 -1.331117e-01 1.455289e-01 -8.433393e-02
3.334261e-01 -4.850071e-02 -2.412470e-01 3.871504e-01 3.850899e-01 -8.513199e-03 -2.279331e-02 -1.057510e-01
3.069598e-01 -2.030674e-01 -6.590857e-02 3.536587e-01 1.506218e-01 2.846960e-02 -1.602547e-02 -1.422301e-01
-1.268758e-01 -6.833276e-02 7.554900e-02 -3.460744e-01 -1.680111e-01 -1.894909e-01 1.428482e-01 2.325687e-01
3.187662e-01 -4.276397e-02 -1.702024e-01 3.443328e-01 2.498993e-01 -4.666152e-02 1.204613e-01 -1.121754e-01
4.813561e-01 -8.306555e-02 -9.171160e-02 3.865902e-01 1.327658e-01 1.319514e-01 -4.179540e-02 -1.541241e-01
