32
4.97858107e-01 1.00164607e-01 1.28653258e-01 -4.12863530e-02 8.36923495e-02 2.53234152e-02 1.30401671e-01 1.23587959e-01 -1.26382321e-01 -1.73638955e-01 2.73325205e-01 1.30508274e-01 -4.80840117e-01 2.11347282e-01 -3.13343145e-02 -3.02368522e-01 1.77686810e-01 4.85091396e-02 -5.00627719e-02 -1.19466456e-02 -6.45293593e-02 -4.94922958e-02 1.25011712e-01 -8.07540119e-02 2.71634664e-02 1.48783222e-01 -2.80423015e-01 -1.73419733e-02 -2.74958797e-02 -4.00281474e-02 8.71204138e-02 -2.60864776e-02
8.42969120e-02 7.23800600e-01 1.53389826e-01 6.29210100e-02 -2.14842632e-01 -1.74699068e-01 -9.70618650e-02 5.94927557e-02 2.47824997e-01 1.60473697e-02 -3.21538657e-01 6.72320426e-02 4.88293804e-02 -1.10708557e-01 -1.96354046e-01 -6.64504245e-02 5.62468618e-02 -1.29264385e-01 -1.01646826e-01 1.88288927e-01 1.04848715e-02 -4.19421904e-02 2.98952218e-02 -1.78400889e-01 3.40141542e-02 1.87340770e-02 2.64404472e-02 -5.55644780e-02 -8.79416168e-02 6.37502894e-02 5.83587028e-02 -6.27935976e-02
-6.13583475e-02 -1.96764156e-01 6.99862063e-01 2.10422486e-01 -1.06989793e-01 -1.29423872e-01 7.26418793e-02 -2.45884314e-01 -6.31467029e-02 -1.22695237e-01 -1.49785697e-01 -2.42930770e-01 -8.32283348e-02 -8.25455785e-02 1.29186109e-01 -4.24801968e-02 1.79771900e-01 -1.88094773e-03 -4.73656729e-02 -3.83183248e-02 2.08260939e-01 -2.18057428e-02 1.19339637e-01 9.94946659e-02 1.21888526e-01 -1.45878389e-01 1.58878881e-02 9.11230594e-02 -1.18538722e-01 -9.69980136e-02 -2.21300870e-02 -1.55269116e-01
1.80860221e-01 -1.73556715e-01 -9.31617543e-02 6.86461568e-01 -5.99709675e-02 -7.31039569e-02 -5.11990748e-02 8.22341591e-02 1.27627209e-01 1.81129485e-01 -1.21347316e-01 7.32997507e-02 -6.88649667e-03 -2.21306179e-03 3.52838151e-02 8.21411088e-02 -7.36967698e-02 2.71920025e-01 -1.90775506e-02 -3.46752396e-03 -9.60497186e-02 1.88707575e-01 5.05284443e-02 -1.88879460e-01 -7.21397102e-02 -3.56032923e-02 -9.98143852e-02 -9.12723988e-02 -1.37888402e-01 -2.40024894e-01 1.90077767e-01 2.47715652e-01
1.75421331e-02 9.50773358e-02 -2.05012225e-02 1.09805554e-01 7.98815191e-01 -1.32780358e-01 7.89830170e-04 1.32366978e-02 1.24601275e-01 -3.55185010e-02 -1.96483329e-01 7.07251579e-02 -5.49783632e-02 -6.96727261e-02 8.89211148e-02 2.06518099e-01 2.06099212e-01 6.30582944e-02 -2.31954470e-01 4.55302969e-02 1.35020524e-01 5.70438839e-02 -4.04589847e-02 1.03664115e-01 1.01184636e-01 1.17546454e-01 6.51089661e-03 1.07882313e-01 1.59892038e-01 5.76441772e-02 -5.10183722e-02 -3.11871548e-03
-9.28428248e-02 1.83483288e-01 2.00725928e-01 2.56782919e-01 1.15352802e-01 7.76916444e-01 -4.79010716e-02 6.00107349e-02 -6.87740892e-02 -5.34285158e-02 6.23346418e-02 -2.83059943e-02 5.92970327e-02 1.41197443e-01 -2.30277270e-01 6.57577114e-03 -7.01838359e-02 1.57776324e-03 -7.63024241e-02 1.12743136e-02 5.99719435e-02 1.88197672e-01 -3.41050215e-02 1.45357788e-01 5.28059602e-02 -1.32449046e-01 -1.72599182e-02 -1.41783312e-01 2.89396103e-03 1.64172903e-01 -1.69479277e-03 3.04253306e-03
-1.11205906e-01 5.39351329e-02 5.71991839e-02 -2.40915064e-02 7.00701773e-02 -1.29167497e-01 7.67332911e-01 -3.84562872e-02 6.33485941e-03 2.48294324e-02 -8.88473354e-03 -1.89336225e-01 2.74387188e-02 -9.93426740e-02 -1.54617161e-01 7.14809373e-02 -1.95961282e-01 1.30488053e-01 1.01400241e-01 5.70205562e-02 -1.41208053e-01 1.80090562e-01 8.02846923e-02 -4.50031087e-02 -3.24893035e-02 4.89263609e-02 -1.05027266e-01 -1.66311964e-01 1.02725677e-01 2.38221049e-01 2.27482945e-01 -4.22274992e-02
-2.12988570e-01 -1.05916291e-01 -8.94960240e-02 3.82185541e-02 -9.15009156e-02 -2.98966095e-03 7.58927464e-02 6.60828710e-01 1.15601622e-01 1.26669183e-02 -2.19014704e-01 -1.10278748e-01 -2.75732160e-01 3.79244648e-02 1.50266483e-01 -1.62460580e-01 -5.66508509e-02 -2.48634726e-01 -1.56885218e-02 2.77213566e-02 8.54774639e-02 1.81898132e-01 2.29451478e-01 1.27409205e-01 -9.09632130e-04 -1.21244118e-01 -5.79527288e-04 2.80173421e-01 2.04597078e-02 1.15060516e-01 -2.04203017e-02 2.06964482e-02
1.00809008e-01 -1.12652853e-01 7.88013637e-02 -2.41345227e-01 6.37411550e-02 1.81934342e-01 -2.17017867e-02 6.37693852e-02 7.12252975e-01 3.20176296e-02 9.43029523e-02 -1.15607560e-01 1.33861467e-01 5.06548118e-03 -2.00695656e-02 -2.57779155e-02 -2.60250475e-02 1.57491013e-01 1.81689009e-01 -2.17566758e-01 6.27034977e-02 3.67129855e-02 3.58620100e-02 -2.13133484e-01 3.06559145e-01 -2.14953087e-02 -1.26304924e-01 8.38794783e-02 -1.99635290e-02 -1.33163288e-01 4.89239395e-02 -1.60054967e-01
3.45708653e-02 6.67824224e-02 2.40571067e-01 -2.88116094e-02 3.51009220e-02 6.15293197e-02 1.86533526e-01 1.17494039e-01 -1.66593537e-01 7.19257057e-01 1.51486292e-01 2.14148611e-01 1.29604399e-01 -1.24208909e-02 3.40867490e-02 -1.25150941e-02 7.16816075e-03 2.23930124e-02 -9.72534940e-02 -9.81246457e-02 -4.77020703e-02 -9.68680624e-03 9.79572386e-02 -1.12978891e-01 8.18971619e-02 1.66853055e-01 1.42040268e-01 2.44006798e-01 -1.29855439e-01 -5.33272233e-03 -2.70812660e-01 -3.16232629e-02
-3.39606613e-01 2.07762137e-01 1.45199552e-01 1.72248214e-01 9.55521129e-03 -1.68924540e-01 -8.81533399e-02 8.43601674e-02 1.89916283e-01 -1.30934976e-02 6.94761455e-01 -9.98973474e-02 -2.23989382e-01 -8.26684237e-02 1.45195812e-01 1.03297748e-01 -9.13661346e-02 -8.10834765e-02 -5.48115037e-02 5.87562844e-02 1.05554089e-01 3.92419770e-02 -1.25457212e-01 -7.83875883e-02 -6.31856695e-02 7.65918493e-02 1.66285679e-01 -9.33198333e-02 9.79070291e-02 -8.10322911e-02 5.74624650e-02 8.91522169e-02
2.06153262e-02 -1.04300372e-01 1.05414718e-01 1.03303626e-01 -1.26240864e-01 5.51567338e-02 3.10504794e-01 -2.09027231e-02 2.15829611e-01 -3.22368294e-01 -4.29470278e-03 6.84997737e-01 6.36316463e-02 1.09387696e-01 1.14512444e-01 6.04784824e-02 -1.65285304e-01 5.17066428e-03 2.32860595e-02 1.81528822e-01 1.27130821e-01 -1.02613993e-01 -3.91554497e-02 -2.16495004e-02 -5.70130944e-02 -7.09781125e-02 1.94349334e-01 1.09586753e-01 1.37376592e-01 -7.67505728e-03 -1.76932275e-01 -2.67128162e-02
-1.91965953e-01 5.11426479e-02 6.64214566e-02 1.40656475e-02 9.39384624e-02 -3.21809389e-02 2.37015877e-02 9.20931026e-02 1.58046801e-02 -1.85628936e-01 1.03118286e-01 1.15392311e-02 5.76958418e-01 2.26633504e-01 2.69421428e-01 -2.57457137e-01 1.07931599e-01 -7.07302243e-02 -9.14611518e-02 1.38969347e-01 -1.32912502e-01 8.22573155e-02 1.28296852e-01 1.13190174e-01 -1.61577567e-01 3.03853363e-01 -2.34874159e-01 1.95747409e-02 -2.38150284e-01 -1.44569680e-01 1.34472385e-01 -2.67381929e-02
-1.03832200e-01 -9.81847197e-03 4.20812517e-02 8.05500522e-03 -8.58665351e-03 -2.05046907e-01 -1.05000567e-02 -5.05603943e-03 1.18389294e-01 2.63967156e-01 -4.79971878e-02 2.21918989e-02 -2.34095082e-02 7.03161240e-01 3.50376256e-02 -3.06044631e-02 1.84583813e-01 9.55030695e-02 1.38563961e-01 4.65631485e-02 5.92456348e-02 -1.70917705e-01 -1.15597315e-01 1.67283401e-01 1.68573871e-01 -1.52890116e-01 1.24943979e-01 -2.33192936e-01 1.36627695e-02 2.49971092e-01 1.63417041e-01 1.07725389e-01
7.46012665e-03 2.65991539e-01 -1.17986210e-01 -5.77480644e-02 2.48008743e-02 2.23238096e-01 1.10969394e-01 -2.29023561e-01 1.66969895e-02 8.67552087e-02 -1.31630063e-01 -2.65236548e-03 -1.68867633e-01 -1.13567114e-01 7.59452224e-01 -1.77927032e-01 3.62160197e-03 6.23260699e-02 1.20771304e-01 -7.35306889e-02 -6.50170073e-02 1.05420031e-01 -1.10989608e-01 -6.89657480e-02 -2.24193446e-02 -1.81780189e-01 2.37181541e-02 -1.32152736e-01 -9.87851620e-02 5.24949953e-02 -2.57956441e-02 2.61525363e-02
-4.85053323e-02 2.38206297e-01 1.40610803e-02 -1.39345422e-01 -1.15637906e-01 -3.02058663e-02 4.48072888e-02 2.07816973e-01 -2.21252829e-01 -1.33506447e-01 -2.65505519e-02 2.37457454e-02 2.76901554e-02 2.73012191e-01 9.25723389e-02 5.70028782e-01 1.56430110e-01 1.88796967e-01 2.87326202e-02 -3.11591327e-01 1.21332929e-01 1.83861345e-01 2.63451766e-02 -1.57424375e-01 -1.77765280e-01 -1.40499845e-01 -1.01470515e-01 6.11837134e-02 -1.23018278e-02 -2.11572170e-01 1.58061720e-02 -2.05871254e-01
-1.43616581e-02 5.45009552e-03 -2.14755297e-01 1.57525539e-01 -2.41510630e-01 1.17208950e-01 2.48412147e-01 -6.56425431e-02 1.58855423e-01 -4.67802994e-02 1.38832256e-01 4.10571098e-02 4.23876755e-02 -1.88638091e-01 -5.77118248e-02 1.28561825e-01 7.15099573e-01 -1.66057467e-01 -5.07062906e-03 -1.78405464e-01 -1.19306006e-01 -1.34235835e-02 -3.33439298e-02 1.74306676e-01 8.96681994e-02 4.02866155e-02 4.40463610e-02 1.19322523e-01 -3.75244468e-02 1.03903182e-01 2.04876624e-02 1.73068553e-01
-2.72220999e-01 5.29314838e-02 -3.62347402e-02 -7.72340596e-02 -6.02174550e-02 6.10178038e-02 8.47253017e-03 1.98908404e-01 -4.85845171e-02 -4.74130996e-02 -7.17622712e-02 1.28581738e-02 -5.61236739e-02 -1.76387087e-01 -1.06930032e-01 -3.22142094e-01 2.30967954e-01 7.19839573e-01 9.07814037e-03 6.49572387e-02 8.26438144e-02 -1.17550261e-01 6.09405665e-03 8.25154334e-02 -7.97098428e-02 9.30906236e-02 2.10527614e-01 -8.21805522e-02 9.42447856e-02 -1.61568224e-01 -6.31586164e-02 -3.24548744e-02
1.28414825e-01 5.09210899e-02 1.33013979e-01 1.21880665e-01 1.77484229e-01 4.66754250e-02 -5.01033962e-02 2.29223713e-01 -1.57748073e-01 -1.55152492e-02 -1.82307027e-02 5.68840187e-03 1.24239758e-01 -1.62890360e-01 4.54039760e-02 6.65370971e-02 9.83927399e-02 -1.51105747e-01 8.00955415e-01 5.77555820e-02 1.24131247e-01 -1.73347861e-01 8.14401582e-02 -3.67252566e-02 -3.89645174e-02 1.40930653e-01 1.05442069e-01 -9.79423448e-02 7.01628700e-02 -2.27754619e-02 6.55204430e-02 5.51838167e-02
4.48466539e-02 -1.57549813e-01 2.09038742e-02 -2.10719720e-01 -1.26258224e-01 2.20991716e-01 2.52298955e-02 1.30842188e-02 8.64716992e-02 2.38750473e-01 -2.98876539e-02 -7.86436498e-02 -1.09130830e-01 -4.39924709e-02 1.11108489e-01 3.19769591e-01 1.87943473e-01 -1.86922830e-02 -8.86751339e-02 6.94355845e-01 1.35044545e-01 -5.75043783e-02 4.29930836e-02 -1.17721763e-02 -9.94603783e-02 6.15436658e-02 -2.27974653e-01 -1.40857458e-01 5.44311926e-02 -1.53921694e-01 3.70442681e-02 -4.98832157e-03
2.71945268e-01 6.59055263e-02 -1.83175296e-01 3.76917347e-02 -8.84766951e-02 -8.63340124e-02 5.27814105e-02 -1.08153872e-01 1.00186974e-01 5.37935533e-02 1.22781344e-01 -1.22805133e-01 1.07428752e-01 3.58036748e-04 -1.82625204e-02 -6.55226782e-02 -7.16851577e-02 1.05700359e-01 1.92490593e-02 -5.53114638e-02 6.97551787e-01 1.51914299e-01 9.83367041e-02 2.16468886e-01 -2.64532030e-01 9.58032683e-02 -6.01265132e-02 -5.50955813e-03 -1.76122084e-01 2.32466072e-01 -2.00331613e-01 6.15492277e-02
5.01668416e-02 -7.74539933e-02 1.66162118e-01 -1.98285237e-01 -7.14565217e-02 -1.08660728e-01 -1.56722486e-01 -8.58925357e-02 1.84918195e-02 6.15760013e-02 -5.78188300e-02 2.21515387e-01 -7.98518434e-02 -1.37204882e-02 -8.75679329e-02 -8.38766992e-02 1.06930457e-01 -3.71074863e-02 1.72508374e-01 5.84395006e-02 -6.69297203e-02 7.82982707e-01 -1.93267554e-01 1.70489654e-01 -8.63340567e-04 1.70318335e-01 1.32984221e-01 -5.67377955e-02 1.03792295e-01 -5.94253056e-02 6.10425845e-02 1.26393477e-03
-1.81298450e-01 1.30143866e-01 -1.19742066e-01 -6.18725568e-02 2.94352863e-02 -3.13085020e-02 -1.55233353e-01 -2.67560661e-01 -6.00470193e-02 -6.34080991e-02 1.31015748e-01 1.64338842e-01 -9.84775126e-02 -4.06341348e-03 -2.82301083e-02 1.36324331e-01 -6.23117425e-02 1.74848616e-01 1.63738370e-01 1.67295471e-01 -6.19827509e-02 1.14090398e-01 6.69587553e-01 8.70916843e-02 2.98071027e-01 -9.86121818e-02 -1.50920283e-02 1.82759911e-01 -1.74580082e-01 7.39594549e-02 5.56800365e-02 1.42505795e-01
9.30087939e-02 1.45751983e-01 9.11196619e-02 6.44689277e-02 -1.34435430e-01 -4.87604588e-02 -8.61991048e-02 7.12924600e-02 7.56184161e-02 1.39345840e-01 3.86655219e-02 1.26915321e-01 -2.32672449e-02 -1.65506378e-01 1.05816275e-01 1.48816317e-01 -2.22276986e-01 1.54731065e-01 6.25018552e-02 -1.00968532e-01 -1.56011090e-01 -1.79774538e-01 -1.32304057e-01 6.80173635e-01 2.55817641e-02 2.75081228e-02 -3.32418740e-01 1.25846326e-01 1.36068523e-01 -8.36833101e-03 1.54328391e-01 -1.62070483e-01
1.24090977e-01 1.92483570e-02 -1.83469743e-01 1.67830139e-01 -1.66959196e-01 -8.56292769e-02 3.79337519e-02 1.65847182e-01 -2.43090644e-01 -1.48168966e-01 8.67399871e-02 -1.28222555e-01 1.52702719e-01 -2.66029523e-03 1.46135136e-01 4.29863334e-02 -4.94448207e-02 1.00169413e-01 -2.26187985e-02 2.19067633e-01 8.56582224e-02 1.22569062e-01 -2.25538597e-01 -5.00021130e-02 6.90081000e-01 1.29582629e-01 -4.32444690e-03 -2.57177539e-02 9.36139468e-03 6.84350803e-02 -1.74011320e-01 -2.03142896e-01
-2.25249693e-01 -4.92699221e-02 -2.60259639e-02 2.73754280e-02 -1.37007162e-01 1.59175113e-01 1.40626181e-03 -1.13808900e-01 3.42335217e-02 -2.79052742e-02 -2.59725213e-01 5.73987439e-02 -2.69957781e-01 9.66118351e-02 5.44017851e-02 1.43446147e-01 -1.37053370e-01 -7.72755817e-02 -3.84415984e-02 -2.47831762e-01 1.33874536e-01 -1.15250029e-01 6.21601194e-02 -2.46779062e-02 1.18573651e-01 7.30898321e-01 2.91736051e-02 -1.42420843e-01 -8.83400589e-02 -6.29091635e-03 9.61504132e-02 8.40442348e-03
3.95362496e-01 -7.97213893e-03 -2.74594803e-03 -5.02651818e-02 5.59448730e-04 5.57560362e-02 2.81900335e-02 1.07876271e-01 1.07450590e-01 -8.79451409e-02 3.55646797e-02 -2.22291306e-01 4.04745564e-02 4.94848974e-02 1.10631742e-01 1.72071323e-01 -7.72298798e-02 2.23403051e-02 -1.57894403e-01 3.61590944e-02 -2.37846687e-01 -1.06535191e-02 2.42559195e-01 2.46993408e-01 -7.46715739e-02 7.29547366e-02 6.52564049e-01 -1.39103159e-01 -1.14439361e-01 -6.67753890e-02 8.03985819e-02 -1.42558336e-01
7.33651146e-02 1.26766711e-01 6.32565422e-03 1.11191668e-01 -8.12343732e-02 1.03478685e-01 -9.83832031e-03 -2.11476713e-01 3.37194391e-02 -4.63395379e-02 -4.48321104e-02 -3.27857018e-01 -3.42720784e-02 2.69095123e-01 2.41746269e-02 -1.57801260e-03 -4.17462625e-02 1.48337036e-01 1.49437353e-01 1.75415486e-01 -1.31559163e-01 1.09421033e-02 -1.42219946e-01 -9.69843641e-02 -1.58261359e-01 2.08423391e-01 8.66252780e-02 6.53517187e-01 2.71542907e-01 4.97602411e-02 -2.88712773e-02 1.14147857e-01
6.42675310e-02 -2.17528502e-03 -1.23462006e-02 1.06139272e-01 -1.40464216e-01 -2.54228758e-03 -1.10917225e-01 -7.12704509e-02 -1.77038405e-02 9.76813883e-02 1.35796322e-02 -4.27568145e-03 1.79544181e-01 2.05572490e-02 1.49935842e-01 -1.05743192e-01 8.07015151e-02 -5.94418943e-02 -1.36248142e-01 -1.47031799e-01 3.69920321e-02 4.50930968e-02 4.11714256e-01 -8.95001665e-02 1.39054761e-03 3.51778045e-02 -5.47167771e-02 -2.00486615e-01 7.62004852e-01 6.14531189e-02 -2.17474904e-02 -1.02329835e-01
3.69038223e-03 -1.82400689e-01 1.81374848e-01 2.39732582e-02 -5.15415221e-02 -4.41095047e-02 -2.65356123e-01 1.28717542e-01 8.13404024e-02 -9.77325737e-02 4.12616991e-02 4.89758290e-02 -7.80500565e-03 -1.05484590e-01 1.13782972e-01 1.59695789e-01 8.78707543e-02 2.19405740e-01 3.25150834e-03 2.12382823e-02 -2.56189167e-01 9.81477555e-03 5.08295838e-03 -1.96556658e-01 -1.95588976e-01 1.14970110e-01 -9.99319479e-02 -6.21187985e-02 -1.27787799e-01 6.96450949e-01 -1.62616625e-01 -1.33816257e-01
8.66455808e-02 -7.44174495e-02 4.53956909e-02 -1.34920672e-01 -3.85084338e-02 8.12247694e-02 -7.18432590e-02 6.05354048e-02 -1.66119859e-01 2.24923473e-02 4.16161045e-02 1.41259775e-01 1.29651129e-01 -1.65626615e-01 9.95838344e-02 -2.85467282e-02 -2.27296585e-03 5.80376349e-02 -1.83426544e-01 -1.67626403e-02 2.81254113e-01 -3.71159762e-02 -8.72881040e-02 -1.53483376e-01 6.67393133e-02 -3.72481160e-02 1.51234686e-01 2.36753613e-01 1.82757676e-02 2.16924727e-01 7.47801363e-01 6.85688928e-02
1.20240457e-01 4.99455221e-02 2.72026509e-01 -2.52488315e-01 -6.71417415e-02 -1.99794788e-02 1.90931391e-02 1.67271852e-01 -1.83210280e-02 -1.44517496e-01 -6.38981909e-02 -7.92461112e-02 1.26107693e-01 -4.47391905e-02 9.24436301e-02 1.17778420e-01 -9.56390426e-02 9.52419490e-02 -1.16580009e-01 -9.66901258e-02 -3.50131802e-02 -1.51169877e-02 -1.86676588e-02 4.75122854e-02 1.43236369e-01 2.45608725e-02 -6.66499734e-02 -9.17501673e-02 9.14890468e-02 -1.22899248e-03 -1.66654214e-01 7.90441155e-01
8.58852804e-01 -1.51011676e-01 1.17621832e-01 1.55058116e-01 -9.60561261e-02 1.02518737e-01 7.90766533e-03 1.53980749e-02 -1.20409936e-01 8.43721628e-02 3.82363088e-02 1.00428417e-01 -2.93791890e-02 1.64311491e-02 -1.05186533e-02 5.35202399e-02 -1.18276276e-01 -7.56797963e-04 -9.28266998e-03 9.69218463e-02 -8.64282101e-02 -1.57410875e-01 -1.39223084e-01 9.58838779e-03 -5.16102761e-02 2.01207563e-01 5.77059872e-02 -5.38685359e-02 -5.91140613e-03 -6.10610172e-02 4.32170816e-02 1.19061023e-01
1.05539739e-01 8.95318151e-01 3.17181274e-02 -4.65473644e-02 -1.68867558e-01 5.15374579e-02 4.44533350e-03 -1.75198868e-01 -4.13685702e-02 2.30800621e-02 2.09146831e-02 7.19773844e-02 1.55273005e-02 3.30828242e-02 -1.24171071e-01 1.66732132e-01 -1.56316176e-01 1.22836083e-02 -9.31389481e-02 -6.91247880e-02 3.46036367e-02 3.94867919e-02 -1.73043050e-02 -7.47830868e-02 4.41953987e-02 3.52031589e-02 -9.54968408e-02 3.55972350e-02 -6.38661832e-02 4.78147231e-02 5.45564406e-02 1.35409255e-02
-2.99410392e-02 -4.14350219e-02 8.32347989e-01 4.22243401e-02 4.97764871e-02 -1.98417585e-02 -5.68361767e-02 1.32336756e-02 -2.12511495e-01 -2.68730279e-02 -5.28038107e-02 5.48056103e-02 1.89548489e-02 -1.97493151e-01 5.22844307e-02 -1.73013490e-02 -1.63807496e-02 1.68714911e-01 -1.68993801e-01 -3.59913521e-02 1.53044492e-01 6.01346083e-02 9.72108021e-02 6.00849651e-02 2.09394887e-01 -2.07426071e-01 -1.09323591e-01 2.99363080e-02 4.51615267e-02 -2.63734441e-02 -1.45270787e-02 -3.31739411e-02
-1.94825351e-01 4.97323871e-02 -7.33534917e-02 7.68127501e-01 -1.13802664e-01 5.19553535e-02 -4.01556259e-03 -5.20436093e-02 1.36003241e-01 1.12522267e-01 -1.75285995e-01 4.06697132e-02 -1.33495823e-01 -8.86074156e-02 4.16723527e-02 1.37441784e-01 -9.65656042e-02 9.35314745e-02 6.62632138e-02 9.18541923e-02 6.87167421e-02 -2.52777368e-01 9.47204530e-02 7.55447447e-02 2.02990696e-02 -1.50259569e-01 9.00603384e-02 6.85038045e-02 -1.85370613e-02 -2.21211433e-01 5.07364981e-02 1.84698537e-01
1.26887932e-01 1.19365513e-01 3.60973775e-02 2.25655898e-01 8.23854208e-01 1.91290945e-01 -5.05812988e-02 -7.20851719e-02 1.34136556e-02 -2.08200160e-02 -2.55700815e-02 -2.83889286e-02 -7.00629503e-02 2.04267398e-01 -1.00327365e-01 5.70286401e-02 1.04988545e-01 -1.81171447e-01 5.65636083e-02 9.02017653e-02 1.80860348e-02 1.41956061e-01 -2.37916242e-02 -4.52936441e-02 -4.77276146e-02 -1.08394317e-01 -2.03301497e-02 1.39582351e-01 -3.11389435e-02 8.19442868e-02 -6.66816980e-02 -8.93726200e-02
-1.55096814e-01 -6.49272427e-02 8.87337402e-02 -8.10806304e-02 -1.74247503e-01 8.65235090e-01 -9.97537747e-02 1.32641839e-02 -6.34486079e-02 -6.70228824e-02 -1.11042149e-02 -3.56524661e-02 -1.00095518e-01 1.26429439e-01 8.24244395e-02 6.82552904e-02 -4.53344397e-02 -2.03394447e-03 9.10292417e-02 -9.12042242e-03 -4.92173210e-02 6.82859123e-03 -1.93000175e-02 6.09931126e-02 -9.08352807e-02 -4.12407555e-02 6.43547103e-02 -1.41938224e-01 1.90642197e-02 1.69660687e-01 2.00802490e-01 -9.61526390e-03
9.42520984e-03 -4.37665284e-02 -1.10340687e-02 5.64590916e-02 6.88070357e-02 1.88991167e-02 9.10772026e-01 -9.37952027e-02 -1.09794669e-01 -2.27851588e-02 -8.26661959e-02 1.81133188e-02 -3.93328117e-03 -3.10680084e-02 5.71306050e-02 8.97533894e-02 -5.44531494e-02 4.25394550e-02 2.64174081e-02 -1.36309892e-01 3.24281342e-02 1.15718737e-01 1.13475017e-01 1.38573617e-01 -4.52616028e-02 2.98216660e-02 -1.74331255e-02 -8.68844315e-02 -8.01090058e-03 1.41493902e-01 1.30126148e-01 -2.95353830e-02
7.74170384e-02 1.67209014e-01 -2.86809579e-02 1.38198450e-01 -4.82172472e-05 1.34465881e-02 -5.14859520e-03 8.38665664e-01 6.75994009e-02 8.67473707e-02 -6.33275509e-02 -1.15113266e-01 -1.11003108e-01 -1.18032813e-01 -2.61610262e-02 -1.20826945e-01 2.38606669e-02 1.65100954e-02 -1.05183765e-01 -9.26135778e-02 -5.74650392e-02 2.63025582e-01 1.46611869e-01 7.46011212e-02 -8.00495073e-02 3.61931026e-02 -1.80958994e-02 -5.95676415e-02 -1.68709710e-01 9.10111517e-02 5.57030514e-02 1.39698572e-02
6.78168163e-02 -7.47750923e-02 2.11555988e-01 -5.66565581e-02 -1.91538911e-02 4.00835350e-02 7.51987472e-02 -2.40349621e-02 8.59494328e-01 -6.24526758e-03 9.36651081e-02 3.87717299e-02 6.89784214e-02 5.40308729e-02 -8.43717977e-02 9.37641039e-02 1.12350751e-02 -8.75701159e-02 -2.05345064e-01 3.79936118e-03 1.08958341e-01 -6.32024035e-02 8.70581642e-02 -1.99951101e-02 1.49443932e-02 1.07488632e-01 -8.99585262e-02 4.96923253e-02 4.96526919e-02 4.21365984e-02 2.33013108e-01 -7.94187710e-02
-2.81036869e-02 -2.68270299e-02 3.69073451e-02 -1.62290677e-01 3.27352583e-02 -6.33538887e-02 -3.62797156e-02 -5.20130657e-02 -1.16809364e-02 9.05610085e-01 4.31661698e-04 -1.04411691e-01 -2.52855923e-02 1.21673420e-01 9.29269493e-02 1.87495708e-01 9.96343233e-03 8.17083120e-02 5.75138070e-02 6.34674281e-02 -7.98731297e-02 6.94858134e-02 5.68004549e-02 7.99968615e-02 -9.05382726e-03 -1.00452088e-01 3.17019820e-02 2.15976089e-02 8.11688080e-02 7.65695050e-02 1.10148646e-01 -1.03890672e-02
1.77536998e-02 2.09162268e-03 -9.82392728e-02 1.43389523e-01 -1.10526262e-02 1.19266033e-01 5.63981533e-02 -4.05648276e-02 -2.72687264e-02 4.54591326e-02 8.88877451e-01 -2.21801884e-02 3.54866683e-02 -1.07571319e-01 -5.87806047e-04 -1.06308781e-01 3.88391539e-02 9.45466235e-02 -8.11796933e-02 -7.58348107e-02 -1.60696227e-02 7.96403885e-02 4.33048047e-02 1.92233041e-01 1.83802992e-02 -1.81758583e-01 -5.20308465e-02 1.13742217e-01 -2.71225236e-02 -1.04317293e-01 -6.24261871e-02 2.57371529e-03
-4.79757749e-02 -9.62097198e-02 -1.56262890e-01 -2.36086156e-02 2.04819962e-02 1.03736565e-01 -1.53123112e-02 9.41999406e-02 -8.30477476e-03 1.11046463e-01 -2.87336260e-02 8.66793573e-01 1.13897696e-01 1.02954935e-02 -8.83301795e-02 -3.97734670e-03 -5.47749624e-02 1.08643889e-01 -8.60771537e-02 7.41167516e-02 8.36507902e-02 1.45801798e-01 1.20043851e-01 -1.15637191e-01 -4.82205255e-03 -6.36303648e-02 -1.18881889e-01 1.81071591e-02 6.27839193e-02 1.23784728e-01 -1.53208226e-01 1.12735018e-01
4.88430895e-02 5.46567142e-02 -5.60170710e-02 8.81907791e-02 9.33079645e-02 1.18035883e-01 -8.26379284e-02 -1.82595607e-02 3.01181637e-02 6.48986176e-02 -1.51701167e-01 -9.43129212e-02 8.72732639e-01 -7.02665374e-02 6.86289668e-02 -1.26450583e-01 -5.14984615e-02 -7.61994766e-03 -7.53046304e-04 -1.85664400e-01 4.35562506e-02 -1.43818697e-02 9.56615247e-03 2.54673898e-01 -6.27301708e-02 -1.51798679e-02 5.53390384e-02 -1.07426897e-01 1.56359356e-02 -2.87046079e-02 -3.59382480e-02 6.49565756e-02
-1.06553454e-02 5.68116270e-02 7.97739550e-02 9.62489098e-02 -1.69478148e-01 -4.69071232e-02 1.02463894e-01 1.69378817e-01 -1.01037612e-02 -5.54315187e-02 -7.86154624e-03 3.04113273e-02 4.96908426e-02 7.73905635e-01 3.24201822e-01 -1.16373092e-01 5.38393529e-03 5.24531305e-02 -1.05953477e-01 2.80879624e-02 1.38961589e-02 -6.92135021e-02 -7.10786134e-02 1.46216393e-01 6.33679777e-02 -1.17779691e-02 -7.53500834e-02 1.78353757e-01 8.73032883e-02 -7.46135935e-02 -2.35748917e-01 -1.73467994e-01
2.83328388e-02 7.78333321e-02 -6.23979904e-02 -8.22589267e-03 1.48505941e-01 -4.30785753e-02 -8.76183212e-02 -3.60656306e-02 1.07121356e-01 -7.55284950e-02 4.16157134e-02 1.24964140e-01 -3.36605981e-02 -2.48281002e-01 8.67150545e-01 1.16593361e-01 -5.96429594e-02 3.30647901e-02 1.46474328e-03 -2.28633061e-02 -9.34436470e-02 8.11742991e-02 -1.16548039e-01 -8.11331421e-02 7.92962089e-02 9.31345373e-02 2.14313008e-02 4.24828231e-02 -1.22934714e-01 1.09403193e-01 9.20404345e-02 -8.38643755e-04
4.20122698e-04 -8.78853574e-02 -8.67595226e-02 -5.64975850e-03 -6.91961721e-02 4.54432517e-02 2.58836411e-02 2.10241050e-01 -1.07729971e-01 -1.38699666e-01 4.80770357e-02 -1.35142282e-01 2.43837222e-01 -6.45238906e-02 -1.89375915e-02 7.62971640e-01 1.22439273e-01 -1.70424895e-03 -3.90372053e-02 2.55476594e-01 -4.57161255e-02 5.85262999e-02 5.07357679e-02 -1.04282729e-01 7.14241490e-02 -1.32403765e-02 -2.46425390e-01 5.60224876e-02 1.25457957e-01 -1.36454090e-01 -1.14597328e-01 -1.34486511e-01
1.20803542e-01 6.22814111e-02 -7.13375956e-02 7.37456083e-02 -1.24990679e-01 6.91948533e-02 -3.96259036e-03 -1.41813457e-01 -3.64496931e-02 3.05638760e-02 -1.07832767e-01 1.15372064e-02 -2.13973615e-02 4.63509653e-03 7.09125325e-02 -7.57993609e-02 8.84543419e-01 3.93297710e-03 -1.41932055e-01 -7.53685087e-02 2.14990377e-02 8.26290750e-04 9.74377468e-02 1.47672649e-02 1.38166070e-01 1.54905533e-02 -1.33650422e-01 -3.38973440e-02 -4.23401743e-02 7.08201826e-02 6.21926151e-02 1.94255531e-01
4.76644449e-02 3.35226255e-03 -7.08637387e-02 1.46618392e-02 1.30058527e-01 -3.14513617e-03 -4.75505963e-02 -2.57781204e-02 1.37120709e-01 -1.09301604e-01 -2.95893550e-02 -1.09637752e-01 1.05698500e-02 5.22212014e-02 -1.32121176e-01 2.40439195e-02 1.93328653e-02 8.85818660e-01 1.05735116e-01 -1.47600016e-02 -1.62144810e-01 -3.27560231e-02 -6.49426654e-02 -1.67143736e-02 1.16432227e-01 7.67253488e-02 2.45158393e-02 -1.48052527e-02 1.30097214e-02 2.37248749e-01 -4.44234982e-02 -3.33398655e-02
-4.76193316e-02 4.57582921e-02 2.42339402e-01 7.52543956e-02 -7.37699494e-02 -8.86883438e-02 -1.12843560e-02 8.02816674e-02 3.77987772e-02 -2.00984208e-03 1.44940004e-01 1.56040341e-01 1.15439139e-01 6.17328733e-02 -3.24981660e-02 5.58717363e-03 1.23927861e-01 -1.01177007e-01 8.21161509e-01 -5.90874776e-02 -1.04901426e-01 -3.67590636e-02 1.19656391e-01 -1.55044785e-02 4.92908023e-02 2.16337159e-01 -1.71932220e-01 5.67045100e-02 -1.60325974e-01 4.71622571e-02 6.45869523e-02 -4.40447368e-02
-1.41125441e-01 9.64736864e-02 6.87209889e-02 1.20110326e-01 -2.45634001e-02 -6.78843036e-02 7.53957853e-02 -1.15368040e-02 -6.79497868e-02 -1.52823580e-02 9.51857865e-02 -3.38097885e-02 1.61610797e-01 -2.37715058e-02 -5.28625213e-03 -2.64796555e-01 1.62558667e-02 -3.50920074e-02 -7.94546008e-02 8.06788981e-01 -1.12286054e-01 7.74142817e-02 -8.42853114e-02 3.34179811e-02 3.09204143e-02 1.68449596e-01 -1.29959881e-02 -1.29888192e-01 6.80108219e-02 2.10625410e-01 2.15880796e-01 3.48186605e-02
1.13931365e-01 1.38995089e-02 -1.26915753e-01 -5.25983721e-02 -1.84157565e-02 4.39423695e-02 -1.80045739e-02 4.31868173e-02 -2.94151832e-03 4.56533916e-02 3.66092473e-02 -1.30390793e-01 -4.31489833e-02 -1.64340362e-02 9.96094346e-02 -4.64571789e-02 -2.04787380e-03 1.28104478e-01 2.12343186e-01 1.57056257e-01 9.05561090e-01 6.81466907e-02 -1.18269231e-02 -4.88009676e-02 7.25269830e-03 4.80536185e-02 -3.32510099e-02 -9.19584706e-02 9.66649503e-03 1.00830849e-02 -4.04385738e-02 -4.14002500e-02
9.39712897e-02 -9.11870673e-02 -1.22172227e-02 6.08271696e-02 -1.66771144e-01 -4.13932391e-02 -9.89409164e-02 -2.40761936e-01 1.14905380e-01 -9.18255001e-02 -1.39698818e-01 -7.77076324e-03 -4.02835682e-02 1.04082398e-01 -2.95950919e-02 9.51741729e-03 -4.78736870e-02 7.38654360e-02 9.52328667e-02 5.28449491e-02 -6.67808801e-02 7.94529319e-01 -5.80375902e-02 1.65633157e-01 -3.13752368e-02 -8.12885314e-02 -2.12733708e-02 -8.64413194e-03 -1.24056466e-01 -3.25122207e-01 1.01324894e-01 3.82101610e-02
1.67545065e-01 -1.98437385e-02 -1.34682909e-01 -1.32116392e-01 2.19990611e-02 2.20030583e-02 -1.08728506e-01 -1.32485107e-01 -4.90013100e-02 -1.07723974e-01 -6.35403395e-02 -1.16100334e-01 -3.76765095e-02 5.39280251e-02 1.00283846e-01 -9.07424986e-02 -1.80332869e-01 1.18568046e-02 -1.49841709e-02 1.52319565e-01 -6.24176189e-02 -7.05607682e-02 8.62323701e-01 8.80968198e-02 9.46663544e-02 -3.09574232e-02 -8.36663321e-02 1.05661660e-01 -7.82190636e-02 2.27046628e-02 1.28665082e-02 1.57645792e-02
5.22837043e-02 8.91408771e-02 -1.11764446e-01 -2.39743575e-01 9.14102197e-02 -3.91778862e-03 -2.96794921e-02 8.47870633e-02 6.98306859e-02 -8.01138654e-02 -1.29609942e-01 1.45737827e-01 -1.77352622e-01 -1.59647837e-01 -4.31073494e-02 5.38313314e-02 1.85078047e-02 -3.76736633e-02 1.19137354e-01 1.25438496e-01 4.34841029e-03 -1.77098513e-01 -1.86472729e-01 7.77687311e-01 1.85096964e-01 -1.16585173e-01 -1.38343766e-01 9.14665163e-02 1.02920964e-01 -4.77908924e-02 3.06164678e-02 -8.13286472e-03
4.65939455e-02 -3.28364037e-02 -1.47257686e-01 2.95709446e-02 -1.47930987e-03 1.28718406e-01 7.84542188e-02 7.91803673e-02 7.97561929e-03 7.02394098e-02 -1.92454737e-02 -2.14368682e-02 5.67032099e-02 -3.57096287e-04 -7.82352835e-02 -1.06467851e-01 -9.06270966e-02 -1.29505157e-01 4.54660617e-02 -6.04171567e-02 -3.08119617e-02 8.55224133e-02 -5.66733554e-02 -1.86347574e-01 8.81068468e-01 -1.51829552e-02 1.93436548e-01 1.35742836e-02 7.86760822e-02 -6.83047622e-02 8.21451917e-02 -1.00384489e-01
-2.03596830e-01 -1.86046045e-02 2.88252607e-02 8.51357654e-02 1.64970055e-01 -9.26823169e-03 -1.38138220e-01 -4.39059734e-02 -1.62963852e-01 4.43822257e-02 9.53221694e-02 1.11237071e-01 -7.60261193e-02 7.46584311e-02 -4.89433520e-02 1.41431242e-01 1.39982244e-02 4.03680317e-02 -2.01909915e-01 -1.48157537e-01 8.72283652e-02 4.52816412e-02 1.31860107e-01 2.40385428e-01 6.27038106e-02 7.50336647e-01 1.35621905e-01 -1.53660581e-01 4.75163013e-02 -2.02500254e-01 9.17247534e-02 -8.98823962e-02
4.20312993e-02 9.41527039e-02 1.13911361e-01 -1.07096530e-01 -5.09401485e-02 -9.91246626e-02 2.29434855e-02 6.36321530e-02 4.61498611e-02 -1.22691199e-01 8.03673789e-02 1.35420218e-01 5.47555201e-02 5.22026084e-02 -1.14558851e-02 2.18151331e-01 1.95340335e-01 -6.84968755e-03 7.02162534e-02 1.26826182e-01 4.98842373e-02 2.53568161e-02 1.33916646e-01 1.03275798e-01 -5.30435108e-02 -1.55000597e-01 8.48528028e-01 2.32894104e-02 -7.73874074e-02 6.39252961e-02 -6.14674203e-02 -1.77863315e-02
-2.87119113e-02 -8.26714039e-02 5.84624766e-04 3.94621268e-02 -1.35980457e-01 9.09398273e-02 7.90912937e-03 -2.77070198e-02 -7.04617128e-02 2.34333333e-02 -8.34984183e-02 -9.83268470e-02 4.96154875e-02 -1.46051422e-01 -6.81530014e-02 -3.09929438e-02 -2.64208596e-02 -3.67177054e-02 -3.76847088e-02 -2.54551303e-02 7.86477402e-02 1.35599867e-01 -6.71846941e-02 3.41400243e-02 -4.56767976e-02 2.62510687e-01 8.22824165e-02 8.42989385e-01 7.46368989e-02 2.66390145e-01 -3.55809405e-02 1.05229110e-01
8.92736465e-02 1.07449204e-01 -7.58985151e-03 1.28190503e-01 -3.16060558e-02 -7.67658725e-02 -7.03550875e-02 1.30481841e-02 3.64096574e-02 -8.13527331e-02 2.91572660e-02 -1.93873290e-02 -8.19747448e-02 -6.48657531e-02 8.03866908e-02 -5.48408814e-02 2.49445941e-02 -5.38977534e-02 1.50809139e-01 -1.31870314e-01 -5.64674437e-02 1.58907861e-01 1.24917306e-01 -1.69576406e-02 -9.63565260e-02 -2.27605738e-02 4.97614630e-02 -1.07238531e-01 8.93351972e-01 1.10596225e-01 4.00792016e-03 -1.78582538e-02
1.20579470e-02 -1.58852026e-01 -4.64136675e-02 2.39760756e-01 -1.17292352e-01 -2.41706833e-01 -2.13732839e-01 -9.75945815e-02 -6.53842464e-02 -8.14683810e-02 7.92501420e-02 -4.10985611e-02 -1.78358555e-02 1.62884310e-01 -7.70480409e-02 2.30479807e-01 -1.34055585e-01 -1.87150195e-01 -8.80688280e-02 -1.65978000e-01 9.33343321e-02 8.37875605e-02 -3.72383855e-02 1.93006232e-01 1.38826936e-01 -9.41789150e-02 -7.30874836e-02 -2.00935632e-01 -1.40634567e-01 6.65331364e-01 4.25707437e-02 4.49424013e-02
2.95446161e-02 -3.82329784e-02 -1.13687776e-01 -3.73062841e-03 5.75149730e-02 -1.55219346e-01 -9.52757597e-02 9.88549441e-02 -2.22591415e-01 -1.09756887e-01 2.29562372e-02 1.27957240e-01 1.04594134e-01 1.44075543e-01 -2.84854881e-02 7.25115370e-03 3.00633498e-02 1.06005460e-01 -3.59559543e-02 -9.95099321e-02 8.99073035e-02 -1.02913544e-01 -2.29155812e-02 -7.63639137e-02 -9.61694941e-02 -1.96373925e-01 -4.98304423e-03 1.96617827e-01 4.14846018e-02 -9.93445218e-02 8.06217194e-01 -1.76018253e-01
-8.92575085e-02 4.42864752e-04 6.83109909e-02 -1.79378912e-01 1.57486975e-01 -5.23939952e-02 4.61354554e-02 1.26175001e-01 1.68937445e-03 -9.86776873e-02 1.06474176e-01 -8.82483795e-02 1.71817094e-02 2.28798151e-01 2.69669276e-02 1.14638373e-01 -9.52492580e-02 1.35863042e-02 3.62889394e-02 -2.26347987e-02 4.08548638e-02 1.91908213e-03 -2.47767679e-02 -4.11951207e-02 9.44557786e-02 1.34660443e-02 -1.11601716e-02 7.63793301e-04 8.43953118e-02 -8.80042836e-02 1.16850585e-01 8.72580409e-01
