4 5 8 32 32
-1.479118e-01 -8.991374e-02 -6.970493e-02 1.942213e-01 -7.712121e-04 -7.222801e-02 -1.892874e-01 -1.639926e-01
-1.274866e-01 -1.247552e-01 9.301321e-02 -4.443312e-02 -8.738670e-02 2.452252e-01 2.694827e-01 -1.145902e-01
-1.042998e-01 2.855979e-02 -1.142683e-01 3.231915e-01 -1.348093e-01 -1.107114e-01 -1.165083e-01 -1.034509e-01
8.461842e-03 4.425906e-01 -1.428130e-01 -7.079174e-02 8.472370e-03 7.180612e-02 3.231243e-01 -6.980211e-02
1.527905e-01 -2.536537e-02 1.525984e-02 1.202848e-02 3.703180e-01 1.520992e-01 3.317994e-01 3.914362e-03
-1.711919e-01 -1.166426e-01 9.084339e-02 9.300268e-02 -7.030619e-02 -8.554087e-02 -1.306381e-01 -1.137287e-01
-8.114337e-02 -3.316921e-03 -1.313588e-01 3.334287e-01 -6.779631e-03 -6.417134e-02 -2.141131e-01 -2.099292e-01
-3.389879e-02 -6.513347e-02 -1.075931e-01 5.239196e-02 -1.792642e-02 3.966748e-01 1.351116e-01 -1.035152e-01
-5.254371e-02 1.810068e-01 -1.232662e-01 -9.111186e-02 -3.446220e-02 -1.464002e-02 3.586270e-01 -3.416778e-02
-4.589082e-02 3.347677e-01 -1.336133e-01 1.073821e-01 -1.070705e-01 3.869786e-01 1.590323e-01 -1.388470e-01
-7.634614e-02 -6.713103e-02 -5.709733e-02 -1.014128e-01 2.290807e-01 4.894642e-03 5.218174e-01 -1.006722e-01
-9.335031e-02 -4.577456e-02 1.527083e-01 1.542194e-01 -1.093527e-01 -7.098161e-02 -1.104150e-01 -1.058676e-01
-8.919457e-02 1.987237e-01 2.922064e-02 1.795345e-01 -1.028922e-01 -7.205337e-02 -1.133781e-01 -8.028760e-02
-6.154739e-02 1.652006e-02 -6.621232e-02 2.559763e-01 1.207015e-02 4.509089e-02 -2.514093e-01 -1.458448e-01
-1.039446e-01 2.317269e-01 -1.431545e-01 3.601631e-01 -1.178070e-01 -9.132575e-02 -1.502902e-01 -7.972633e-02
-1.356907e-01 -2.725395e-02 -9.084007e-02 -1.167431e-01 -1.440821e-02 -4.466058e-02 -1.021754e-01 -2.566428e-02
2.339539e-01 1.147923e-01 -1.399885e-01 -3.372477e-02 2.930941e-01 1.788195e-01 1.832509e-01 -8.866701e-02
-8.092877e-02 2.170217e-02 -1.364513e-01 3.362756e-01 -8.141073e-02 -4.897755e-02 -1.947085e-01 -5.905731e-04
-9.982339e-02 -6.276917e-03 -1.976855e-01 7.846306e-02 -1.325485e-01 2.940521e-01 2.216552e-01 -6.074110e-02
1.162443e-01 1.112686e-01 -8.457329e-02 -4.683466e-02 3.406378e-01 9.662077e-02 2.872876e-01 2.387762e-02
-8.516812e-03 1.464845e-01 -1.503968e-01 -9.165560e-02 1.742086e-01 6.672405e-02 4.746347e-01 -9.539675e-02
-1.013941e-01 -1.207454e-01 -1.088465e-01 1.910897e-02 -1.263949e-01 2.827470e-01 2.682320e-01 -1.314909e-01
-1.138428e-01 -1.016130e-01 -6.441399e-02 2.164536e-01 -1.159566e-01 -7.916497e-02 -1.136512e-01 -8.773087e-02
-5.814502e-02 1.984155e-01 -7.557452e-02 3.591225e-01 -3.464118e-02 -2.071779e-02 -2.119591e-01 -2.058390e-01
-1.216414e-01 -3.655344e-02 -8.652966e-02 -8.902819e-02 1.605707e-01 -1.035025e-02 -1.027333e-01 -8.056027e-02
-6.386936e-02 2.460732e-02 1.009015e-01 2.084182e-01 -4.092751e-02 2.476035e-02 -1.716401e-01 -1.842512e-01
-9.172373e-02 4.842121e-01 -8.339110e-02 2.823517e-01 -1.008532e-01 -5.788818e-02 -1.480756e-01 -8.793552e-02
-1.169167e-01 -5.546402e-02 3.186120e-01 2.606284e-02 -7.305878e-02 -3.167600e-02 -1.330185e-01 -9.918280e-02
-8.439850e-02 -4.812361e-02 -1.845128e-02 -1.001581e-01 -1.142553e-02 -3.644176e-02 3.737032e-01 -6.113027e-02
1.542801e-01 3.450597e-01 -1.032409e-01 -3.961455e-02 1.938413e-01 1.646250e-01 1.456280e-01 -7.422534e-02
1.312665e-01 1.458964e-01 -9.481048e-02 -5.825441e-02 1.314169e-01 1.538752e-01 2.166420e-01 -9.381060e-02
9.245308e-02 -1.252359e-01 9.227116e-02 1.478439e-01 -1.468194e-02 4.212429e-02 -9.278613e-02 -7.194176e-02
3.714855e-01 -1.287210e-01 -1.258961e-01 -3.091290e-02 -5.971752e-02 -2.156574e-01 -1.121920e-01 3.066427e-01
-7.709472e-02 -1.017910e-01 -1.114464e-01 -1.049091e-01 9.784953e-02 1.511741e-01 -1.150820e-01 -3.937788e-02
4.455899e-01 -2.268130e-02 -1.731962e-01 -1.440236e-01 -2.082151e-01 -1.660529e-01 -8.244564e-02 -9.960831e-02
4.608349e-02 -9.463364e-02 -1.209762e-01 1.295222e-01 -8.776399e-02 -9.065338e-02 5.756229e-01 2.599293e-02
-7.957833e-02 5.293805e-01 -7.931103e-02 -2.538111e-02 -6.677306e-02 -1.417351e-01 -5.406260e-02 3.680475e-02
5.682878e-02 -6.178584e-02 -1.017479e-01 -1.230398e-01 5.105353e-02 -8.097051e-02 -1.030389e-01 -9.950252e-03
6.551764e-03 -1.229726e-01 -3.127554e-01 1.624460e-02 -2.366979e-01 -8.730955e-02 3.053004e-01 5.515853e-02
-1.880501e-02 -9.357714e-02 -1.273431e-01 2.511041e-01 -1.200078e-01 -1.042081e-01 2.921639e-01 -1.018632e-01
2.184127e-01 -5.771835e-02 -1.170437e-01 -1.313950e-01 -2.669664e-02 -1.033952e-01 -9.351210e-02 8.756550e-02
-1.128090e-01 -8.003330e-02 -1.289841e-01 -1.270968e-01 4.180226e-02 -5.985130e-02 3.688822e-01 -9.462894e-02
1.006886e-01 5.781583e-02 -1.574644e-01 -2.139690e-01 -3.415833e-02 2.345312e-02 -8.384637e-02 -1.498099e-01
4.819041e-02 -3.418607e-02 -2.444395e-01 -9.054776e-02 -3.876006e-02 -1.320206e-01 1.065460e-02 -7.596631e-02
-1.248644e-01 1.741841e-01 -2.105572e-02 4.565030e-01 -5.501108e-02 -1.826610e-01 -1.354974e-01 -1.109317e-01
-1.192163e-01 -3.836522e-02 -5.995794e-02 -7.041731e-02 6.914037e-02 5.753409e-02 -3.212919e-02 -1.785478e-01
2.090098e-02 -9.165953e-02 -1.551153e-01 -2.895968e-02 8.814330e-02 -1.743598e-01 -4.851560e-02 5.087898e-02
1.165920e-01 -7.668004e-02 -8.682013e-02 -1.251568e-01 -5.445064e-02 3.041111e-01 -1.460583e-01 4.319966e-02
3.940367e-01 -7.830809e-02 -1.233961e-01 -1.456011e-01 -8.802003e-02 -1.162908e-01 -8.802142e-02 1.808078e-01
-3.245577e-02 -2.300400e-02 -2.974929e-01 -1.520232e-01 -2.560739e-01 -9.244533e-03 2.210534e-01 -1.411753e-01
3.339064e-02 -6.106500e-02 -3.848484e-01 6.401850e-02 -3.005458e-01 -8.809992e-02 1.099577e-01 -2.308084e-01
1.865407e-01 -9.461421e-02 -1.103650e-01 -1.005950e-01 -3.600579e-02 9.405575e-02 -1.513484e-01 1.751527e-01
2.627775e-01 -7.659786e-02 -7.958911e-02 -2.379524e-02 -9.652223e-02 -5.406956e-02 -1.435039e-01 -8.333737e-02
-8.456904e-02 -2.891290e-02 -1.866459e-01 -7.732824e-02 6.281092e-02 -1.235068e-01 -4.461955e-03 -1.641229e-01
3.257063e-01 5.853016e-02 -1.274012e-01 -1.720749e-01 -1.864159e-01 -6.607883e-02 -1.755041e-01 -2.389327e-01
-9.083062e-02 -5.140242e-02 -9.980012e-02 -9.212561e-02 1.604086e-01 -7.598352e-02 -1.018249e-01 -8.391438e-02
2.162480e-01 -1.384174e-01 -3.214019e-02 -3.235872e-03 8.620515e-02 -1.390174e-01 -1.401775e-01 2.791588e-01
2.565293e-01 -3.099704e-02 -2.339975e-01 -1.717683e-01 -1.421737e-01 -1.178089e-01 -7.039143e-03 5.109805e-02
5.025794e-01 -5.879259e-02 -9.003866e-02 -1.022286e-01 -9.464768e-02 -7.574560e-02 -9.110875e-02 -1.720258e-02
4.051770e-01 -1.053968e-01 -4.051909e-02 1.535540e-02 -1.898519e-01 -2.363813e-01 -6.380954e-02 6.678891e-02
-8.820017e-02 -6.324296e-02 1.264332e-01 -8.732371e-02 4.140507e-02 2.590382e-01 -1.115444e-01 -1.169136e-01
-1.243924e-01 3.880553e-01 3.465001e-03 2.755814e-01 -2.914145e-03 -1.771133e-01 -8.082077e-02 1.121355e-01
-1.017187e-01 -4.985925e-02 -1.029912e-01 -1.096230e-01 -9.044193e-02 -8.824426e-02 5.852084e-01 2.835202e-02
3.056344e-02 -3.632617e-02 -1.944028e-01 -1.207458e-02 -3.098127e-01 -4.571594e-02 2.440606e-01 -8.185060e-02
-1.126182e-01 4.979445e-03 1.515766e-01 1.893168e-01 -1.713885e-02 9.142616e-02 -3.023533e-01 -1.359283e-01
-9.111517e-02 -2.918800e-02 -1.582235e-01 3.411831e-02 3.074647e-01 2.122373e-01 1.452452e-02 -8.061123e-04
4.021708e-01 -2.323320e-01 9.231178e-02 -7.288487e-02 8.822042e-02 -1.598232e-02 8.673103e-02 8.379699e-02
-6.750055e-02 -8.384782e-02 2.762809e-01 -7.651337e-02 -6.871457e-02 -8.878239e-02 -1.403634e-01 5.051555e-03
-2.255393e-01 -5.104198e-02 -1.389493e-01 1.109132e-02 2.378470e-01 -4.636456e-02 -6.641838e-02 5.174274e-02
-1.199048e-01 -1.260017e-01 -1.164417e-01 2.573680e-01 2.767041e-01 3.332218e-01 -1.409554e-01 -9.653226e-02
6.008116e-01 -1.254564e-01 2.037272e-01 -8.466505e-02 -4.475270e-02 -1.184800e-01 1.447746e-01 3.940479e-02
-3.027834e-01 -3.375908e-01 -1.023316e-01 -1.468736e-01 1.876459e-02 -3.486681e-02 -9.739262e-02 1.912704e-02
-2.937554e-01 -1.172485e-01 -7.409305e-02 9.057173e-02 2.378575e-01 -1.470834e-01 -2.127017e-01 -2.716425e-02
-1.341293e-01 -1.202833e-01 -7.107258e-02 -7.733811e-02 2.266634e-01 -9.159386e-02 -1.321260e-01 -8.449010e-02
-1.743239e-01 -1.014779e-01 -1.239982e-01 -4.225387e-02 2.341984e-01 2.831891e-01 4.494323e-03 2.838011e-02
-2.711539e-01 -1.479580e-01 1.407515e-01 -7.612640e-02 -4.743688e-02 -2.855114e-02 -1.005137e-01 1.124522e-01
-1.624601e-01 1.303565e-02 3.849586e-01 7.982662e-02 -1.972307e-01 4.654029e-02 -1.357545e-01 7.502994e-02
-1.655879e-02 -3.963163e-02 -1.682383e-01 -1.473737e-01 2.083248e-01 1.960822e-01 1.014013e-01 6.316861e-02
-9.395753e-02 6.295820e-02 -8.165164e-02 3.804036e-01 2.750286e-01 2.118996e-03 -1.904782e-01 -5.843867e-02
-1.284832e-01 -1.298655e-01 -1.275658e-01 -1.229384e-02 3.190122e-01 -1.798529e-03 -1.138279e-01 -9.725659e-02
-1.771227e-01 -1.026554e-01 -1.475779e-01 -1.501400e-01 2.244429e-01 6.944550e-02 4.739327e-02 8.945702e-02
-1.427732e-01 -1.065070e-01 -1.292707e-01 1.666059e-01 3.497677e-01 1.364630e-01 -1.345319e-01 -1.088438e-01
-2.667838e-01 -3.449812e-01 -1.766828e-01 1.406603e-01 2.261591e-01 4.948780e-02 -1.631019e-01 -7.143918e-02
3.313558e-01 -4.158441e-01 4.455387e-02 -1.289280e-01 8.353664e-02 4.725722e-02 1.219892e-01 9.643595e-02
3.265615e-01 -1.417126e-01 3.200144e-01 5.603221e-02 5.062062e-02 -7.233448e-02 2.846501e-02 -1.116604e-01
-2.884662e-01 -1.261086e-01 -1.094828e-01 4.295781e-02 3.374314e-01 1.222197e-01 -8.161053e-02 8.364957e-03
-1.288668e-01 -1.213910e-01 1.540149e-01 -1.022807e-01 1.154733e-02 -1.016349e-01 -1.454420e-01 -1.194295e-02
-2.058724e-01 -2.381863e-01 1.951761e-01 6.119200e-03 -3.047947e-02 -2.474223e-01 -1.236329e-01 3.523030e-02
-1.474564e-01 -2.757239e-01 -2.188043e-01 -9.520267e-03 1.528195e-01 2.716683e-01 5.950111e-03 -2.349215e-02
-1.403183e-01 -1.087897e-01 3.319046e-01 1.176820e-01 -1.723170e-01 -5.117538e-02 -2.820070e-01 -6.904165e-02
-1.108612e-01 -1.206902e-01 -1.403321e-01 2.533533e-02 2.331789e-01 2.074954e-01 -1.209824e-01 -6.593449e-02
-1.734988e-01 -1.751769e-01 1.047533e-01 -1.407388e-01 -8.893165e-02 3.332256e-02 -3.004648e-02 1.356277e-01
-2.400217e-01 -4.596236e-01 8.593308e-02 -8.536318e-02 -3.825549e-02 -5.749739e-03 -1.674676e-01 1.241552e-02
-1.605703e-01 2.621367e-01 2.314972e-01 6.588162e-03 -6.127422e-02 -8.539342e-02 -1.757286e-01 -9.539371e-02
-1.432974e-01 -3.367812e-01 3.201382e-01 -3.776142e-02 -3.570585e-02 -5.430640e-02 -2.025366e-01 1.182027e-01
-2.055200e-01 -8.532823e-02 -1.291334e-01 1.901583e-01 3.318141e-01 -5.485085e-02 -2.290905e-01 -1.204386e-01
-7.394215e-02 -8.932991e-02 1.577597e-01 -6.807458e-02 -8.644227e-02 -1.091247e-01 -2.913165e-02 -8.684316e-02
1.736726e-01 -8.603251e-02 8.962932e-02 3.501398e-01 3.160144e-01 -4.623995e-02 7.388689e-02 -7.639629e-02
4.471639e-01 -8.730558e-02 -7.373187e-02 3.884978e-01 1.607786e-01 7.454623e-02 -2.558005e-02 -1.573196e-01
-3.306126e-02 -3.886937e-02 3.513354e-01 8.999639e-02 3.473206e-01 -1.704841e-04 6.906457e-02 4.673703e-02
4.287603e-01 -8.661602e-02 3.708312e-03 -2.464457e-02 -1.118078e-01 -4.914874e-03 2.751714e-01 -1.047481e-01
-4.079983e-02 -9.566166e-02 1.974762e-01 2.209367e-02 5.800760e-01 -4.716772e-02 -8.171422e-02 -1.012023e-01
2.453653e-01 -1.806090e-01 1.945968e-02 4.359939e-01 2.274990e-01 1.088901e-01 7.983907e-02 -8.280678e-02
3.654059e-01 -9.481785e-02 -8.060019e-02 4.055122e-01 4.188383e-01 1.821099e-01 -7.738306e-02 -1.517018e-01
1.740359e-01 -1.809735e-01 5.846658e-02 2.478848e-01 -1.206790e-02 -1.506033e-02 6.266826e-03 -1.974330e-02
-2.442749e-02 2.690542e-02 8.153952e-02 -7.339136e-02 -7.386953e-02 -6.930512e-03 -8.646853e-02 4.062788e-01
2.248971e-01 -1.184093e-01 -8.240210e-02 5.961644e-03 -8.051259e-02 -2.838333e-02 -4.518537e-02 -9.562218e-02
4.375120e-01 -9.026504e-02 -1.023533e-01 3.803373e-01 2.468370e-01 2.426599e-01 -8.011659e-02 -1.451661e-01
-7.722767e-02 1.355451e-01 2.400653e-01 -5.611231e-02 3.754435e-01 1.707463e-02 3.761716e-02 1.465581e-01
5.412967e-01 -1.469594e-01 -1.325748e-01 9.338861e-02 -6.321487e-02 2.676494e-02 6.395262e-02 -1.313760e-01
-8.116400e-02 -8.815855e-02 1.252345e-01 -7.892764e-02 3.173323e-01 -9.246718e-02 -6.706908e-02 -1.365573e-01
3.113614e-01 3.153713e-02 -3.122620e-02 3.725352e-01 2.369282e-01 1.449413e-01 -5.671060e-02 -1.056839e-02
3.506572e-01 -1.406977e-01 -1.275856e-02 4.175152e-01 2.029024e-01 -9.029101e-02 5.317776e-02 -1.440718e-01
1.336133e-01 -1.060291e-01 1.783332e-01 3.009132e-01 5.359666e-01 1.072595e-02 -9.564970e-02 -1.274909e-01
3.681953e-01 3.689293e-02 -5.112754e-02 -5.095020e-03 -7.507209e-02 1.267270e-01 5.190405e-02 4.904002e-02
-4.292762e-02 -9.094009e-02 3.172311e-01 5.672574e-02 4.974284e-01 -7.190625e-02 -8.375224e-02 -1.113905e-01
1.859637e-02 -1.114177e-01 4.185801e-01 2.904213e-02 1.510260e-01 -1.216226e-01 3.419555e-02 -1.843530e-02
2.097362e-01 -9.833645e-02 3.458500e-02 3.408427e-01 5.289272e-01 1.484993e-01 -6.927885e-02 -1.483552e-01
5.750317e-01 -1.025918e-01 -1.107258e-01 3.260306e-02 -1.237204e-01 1.614873e-01 1.699855e-01 -1.469781e-01
1.974341e-01 1.355452e-01 2.021593e-02 2.390597e-01 2.804188e-01 1.638823e-01 -8.993929e-02 7.353818e-02
3.370116e-02 -4.512836e-02 3.351612e-01 1.360711e-01 2.415178e-01 -3.269666e-02 -5.150989e-02 -8.552877e-02
3.504720e-01 -9.359288e-02 -1.721730e-02 4.158685e-01 4.274763e-01 -3.062140e-02 -7.970297e-02 -1.316537e-01
-2.314259e-02 -1.553234e-01 2.503618e-01 1.873027e-01 -8.503230e-03 -1.080640e-02 5.951157e-03 3.956129e-03
2.984042e-03 -7.921725e-02 1.537004e-01 -8.206312e-02 -1.328919e-01 -9.694389e-02 2.091769e-01 -8.200276e-02
-8.003672e-02 1.109401e-01 2.792129e-01 -3.271877e-05 2.802616e-01 5.459469e-02 -1.020442e-01 4.555389e-02
4.111997e-01 -2.018139e-01 5.710348e-03 4.153545e-01 7.679769e-02 9.336112e-02 3.878076e-02 -2.082730e-01
8.816462e-03 -1.799441e-01 3.453862e-01 1.885174e-01 3.274465e-01 -1.129624e-02 8.761548e-02 1.018635e-02
-8.140898e-02 -2.701649e-03 1.816610e-01 1.460165e-01 5.046473e-02 8.520519e-03 -1.534387e-02 1.009162e-01
-7.272109e-02 1.437382e-01 2.052069e-02 3.237512e-01 -6.738633e-02 -4.508481e-02 -1.842234e-01 -1.951818e-01
3.225967e-02 9.469929e-02 -1.365521e-01 -3.028581e-02 2.687888e-01 6.166254e-02 4.906431e-01 -1.097439e-01
-9.230124e-02 -6.221413e-02 -9.580818e-02 3.432900e-01 -6.513857e-02 -7.603792e-02 -1.493960e-01 -1.048116e-01
-1.874294e-01 -1.315296e-01 1.027891e-01 1.025389e-01 -1.049844e-01 -8.895866e-02 -1.517319e-01 -1.245120e-01
-1.139763e-01 -1.338889e-01 -1.121035e-01 4.879932e-03 -1.790666e-01 2.711187e-01 3.091667e-01 -6.907110e-02
-6.806109e-02 -1.115583e-01 1.975298e-02 -7.947242e-02 2.531643e-01 -1.729840e-02 5.322940e-01 -7.891677e-02
-4.805109e-02 -4.122782e-02 -3.193131e-02 -1.115363e-01 1.021488e-02 -2.692161e-02 3.795744e-01 -5.724513e-02
-1.004335e-01 -2.228610e-02 -1.826336e-01 5.801873e-02 -1.229618e-01 3.466299e-01 2.247375e-01 -6.144217e-02
-1.682574e-01 -7.843348e-02 -3.712390e-02 1.912700e-01 -1.239385e-02 -5.063896e-02 -1.936593e-01 -1.765061e-01
-1.039683e-01 -1.062738e-01 3.405602e-01 5.055034e-02 -8.061544e-02 -4.550369e-02 -1.234759e-01 -6.222657e-02
1.125838e-01 4.474349e-01 -1.314870e-01 -1.040573e-02 1.299797e-01 1.443865e-01 2.470879e-01 -8.488663e-02
-9.884849e-02 -1.082515e-02 -1.037706e-01 3.205340e-01 1.672389e-02 -3.601487e-02 -2.435292e-01 -2.326331e-01
3.139854e-03 2.013981e-01 -1.611864e-01 -8.488008e-02 2.094506e-02 1.611318e-02 3.475752e-01 -6.862766e-02
-7.629224e-02 1.519425e-02 -1.510668e-02 2.228408e-01 4.224655e-02 6.505156e-02 -2.931605e-01 -1.650001e-01
-1.013822e-01 5.162539e-01 -7.719295e-02 3.265001e-01 -7.500640e-02 -2.996774e-02 -1.562927e-01 -8.980939e-02
-8.783503e-02 -3.794641e-03 2.002829e-01 2.235246e-01 -7.522138e-02 -1.139055e-02 -1.688263e-01 -1.549707e-01
-9.909207e-02 2.380432e-01 5.165498e-02 8.422008e-02 -9.704892e-02 -7.262854e-02 -1.450198e-01 -2.375795e-02
-3.012598e-02 1.530892e-03 -1.322581e-01 3.283747e-01 2.019900e-02 2.815060e-02 -2.535051e-01 -7.790389e-02
2.260907e-01 1.364975e-01 -1.387385e-01 -3.115978e-02 3.206288e-01 1.904347e-01 2.104842e-01 -9.466071e-02
-9.460092e-02 -1.161547e-01 6.298669e-02 2.789045e-01 -1.006160e-01 -7.954806e-02 -1.514716e-01 -1.141750e-01
-7.471786e-02 2.024481e-01 -9.130393e-02 4.098955e-01 -3.490206e-02 -6.691685e-03 -2.997722e-01 -1.934183e-01
1.628932e-01 1.647255e-01 -9.835584e-02 -4.774963e-02 1.424633e-01 1.646437e-01 2.434840e-01 -1.183573e-01
-1.119746e-01 -8.629420e-02 -7.508198e-02 1.905741e-01 -1.053238e-01 -1.073726e-01 -1.380724e-01 -6.396791e-02
1.532361e-01 -1.235328e-02 1.058062e-02 1.016102e-02 3.571696e-01 1.219028e-01 3.430734e-01 1.870703e-02
-1.448864e-01 -3.845170e-02 -9.101766e-02 -1.253418e-01 -3.665116e-02 -5.167414e-02 -8.308692e-02 -3.294495e-02
-1.375804e-01 -3.271742e-02 -8.433846e-02 -1.025032e-01 1.469289e-01 -1.873928e-02 -1.186060e-01 -6.843537e-02
-7.522678e-02 1.004180e-01 -1.725035e-01 4.106477e-01 -7.191355e-02 -7.908442e-02 -1.627578e-01 -1.265113e-01
-1.315358e-01 -1.462089e-01 1.073939e-01 -5.952571e-02 -1.278315e-01 2.478806e-01 3.124987e-01 -5.562240e-02
-8.189286e-02 2.977539e-01 -1.610997e-01 4.257477e-01 -7.721543e-02 -7.955090e-02 -1.739933e-01 -1.239882e-01
-1.010443e-01 3.542419e-02 -1.486804e-01 3.598475e-01 -1.144641e-01 -8.035072e-02 -1.979990e-01 3.596306e-02
-4.778610e-02 3.302588e-01 -1.392117e-01 8.647896e-02 -1.556044e-01 3.908092e-01 1.979901e-01 -9.504857e-02
5.167641e-02 -8.487201e-02 1.143540e-01 1.279726e-01 -1.032697e-01 4.085340e-02 -1.064047e-01 -1.376148e-01
-1.592502e-01 3.685275e-01 3.816063e-02 3.391008e-01 8.226980e-03 -1.450080e-01 -8.522007e-02 1.140245e-01
2.423741e-01 -2.793971e-02 -1.826092e-01 -1.706261e-01 -1.732950e-01 -9.918567e-02 -1.519647e-02 -1.905834e-02
-1.474953e-02 -9.882034e-02 -1.712205e-01 2.414626e-01 -1.662218e-01 -8.923844e-02 2.532330e-01 -1.607267e-01
5.030413e-01 -1.054178e-01 -6.648548e-02 -1.118389e-01 -1.459950e-01 -9.813024e-02 -6.940867e-02 -4.587671e-03
2.145569e-01 -1.556688e-01 -1.818993e-02 -2.595530e-02 6.391690e-02 -1.308274e-01 -1.264598e-01 2.503799e-01
-1.351229e-01 -8.959153e-02 -7.134037e-02 -8.956771e-02 8.568263e-02 1.115004e-01 -2.675050e-02 -1.394239e-01
1.155685e-02 -9.437849e-02 -2.658899e-01 5.493716e-02 -2.775360e-01 -1.185142e-01 2.978895e-01 3.722226e-02
-1.219493e-01 -8.882421e-02 -1.079582e-01 -6.782156e-02 1.904403e-01 -9.287921e-02 -5.541812e-02 -1.017166e-01
1.772988e-01 -7.875880e-02 -1.461743e-01 -8.429237e-02 -3.571407e-02 -1.513756e-01 -5.602915e-02 7.668302e-02
-1.123240e-01 5.185617e-01 -4.191853e-02 2.210102e-03 -7.017463e-02 -1.383908e-01 -2.335861e-02 4.615077e-02
-6.647104e-02 -1.170010e-01 -1.258930e-01 -7.292153e-02 -1.548713e-01 -1.046724e-01 5.548049e-01 2.302119e-02
7.681263e-02 8.961724e-02 -1.347868e-01 -2.411048e-01 -6.632683e-02 1.572423e-02 -6.945976e-02 -2.053404e-01
3.129304e-02 -5.139330e-02 -3.881248e-01 6.489690e-02 -3.185983e-01 -9.401789e-02 1.209053e-01 -2.477477e-01
4.057552e-02 -1.423226e-01 -5.007499e-02 1.824789e-01 -8.883400e-02 -9.532038e-02 5.023021e-01 5.148778e-02
-1.281327e-01 -1.024796e-01 9.016715e-02 -6.596176e-02 6.855210e-02 3.347143e-01 -1.000303e-01 -1.173358e-01
-5.861527e-03 -1.141431e-01 -6.859183e-02 -4.827272e-02 1.277967e-01 -9.602748e-02 -1.311422e-01 6.661143e-02
3.591252e-01 7.913073e-02 -1.275125e-01 -1.532571e-01 -1.819437e-01 -7.381754e-02 -1.870586e-01 -3.128583e-01
2.883712e-01 -8.555038e-02 -1.334732e-01 6.779403e-03 -1.272539e-01 -6.087357e-02 -1.253104e-01 -1.208313e-01
-2.012933e-02 -2.942964e-02 -2.533365e-01 -1.207352e-01 -3.043085e-01 -3.211677e-02 2.407464e-01 -1.624631e-01
-1.077645e-01 -6.722287e-02 -1.922637e-01 -1.638033e-01 -1.035518e-01 -8.485506e-02 4.396922e-01 -1.423687e-01
-2.299481e-02 -7.606422e-02 -1.551193e-01 -5.107014e-02 4.298809e-02 -1.620523e-01 -2.234387e-02 -5.452638e-02
-1.498500e-01 1.741295e-01 6.090578e-03 5.049326e-01 -4.098880e-02 -1.683791e-01 -1.380136e-01 -1.010547e-01
1.308284e-01 -1.407418e-01 -6.231952e-02 -8.832811e-02 -1.621591e-02 2.044335e-01 -1.122289e-01 1.263589e-01
3.739835e-01 -6.986646e-02 -1.358476e-01 -1.243816e-01 -1.502370e-01 -1.359066e-01 -5.615507e-02 1.543885e-01
-9.769891e-02 -3.939652e-02 -1.389520e-01 -9.613927e-02 5.003150e-02 -8.274052e-02 2.582814e-02 -1.877517e-01
3.718161e-01 -1.439339e-01 -9.781143e-02 -2.869961e-02 -6.530724e-02 -2.320319e-01 -8.115684e-02 3.075425e-01
3.808608e-01 1.229896e-02 -5.802974e-02 -2.218893e-01 -1.832840e-01 -6.573433e-02 -8.496492e-02 -1.579075e-01
4.589559e-01 -5.581017e-03 -1.567470e-01 -1.339684e-01 -1.981979e-01 -1.680535e-01 -7.042788e-02 -8.222261e-02
2.970557e-02 -4.359584e-02 1.583182e-01 -1.042012e-01 -7.061473e-02 8.866700e-02 -1.000385e-01 -6.044785e-02
4.209167e-01 -1.110256e-01 -2.434715e-02 3.750463e-02 -1.800112e-01 -2.617494e-01 -8.805519e-02 3.307055e-02
7.282951e-02 -4.358936e-02 -1.980719e-01 -1.151979e-01 -6.005155e-02 -1.139998e-01 9.529840e-04 -8.972342e-02
4.335877e-01 -1.260676e-01 -9.305214e-03 -6.119625e-02 -4.937666e-02 -8.468600e-02 -1.267054e-01 1.527927e-01
-2.123566e-01 -1.075182e-01 1.632238e-01 -5.515334e-02 -7.431505e-03 -1.422312e-01 -1.290308e-01 1.637129e-02
-1.380429e-01 -6.457525e-02 -1.519127e-01 -3.033758e-02 2.154000e-01 3.132081e-01 4.275791e-02 2.267720e-02
3.260209e-01 -5.034842e-02 2.829880e-01 -3.954250e-03 1.483994e-02 -1.223696e-01 1.770295e-01 -1.516297e-01
-1.755900e-01 -1.048448e-01 -6.609520e-02 -7.344001e-02 2.285614e-01 -7.120192e-02 -7.405106e-02 -1.571655e-02
-1.548910e-01 -7.449654e-02 2.716784e-01 -5.845695e-02 -1.025234e-01 -1.390497e-01 -7.731201e-02 5.730291e-02
-1.447642e-01 -6.363258e-02 -1.020678e-01 -1.451807e-01 1.171320e-01 1.295999e-02 1.514773e-02 6.072816e-02
-1.080410e-01 -9.366264e-02 -1.078457e-01 2.631617e-01 2.844001e-01 3.414642e-01 -7.655087e-02 -7.277362e-02
-1.004205e-01 -3.392772e-02 -1.164139e-01 8.398170e-03 3.222507e-01 1.716714e-01 2.854088e-02 -3.385012e-03
3.993548e-01 -1.741963e-01 1.033955e-01 -6.943388e-02 6.611452e-02 -1.331873e-02 1.135494e-01 8.206039e-02
-1.719553e-01 -8.720077e-02 -9.329046e-02 2.484703e-01 3.090594e-01 1.168186e-01 -1.952197e-01 -1.061770e-01
-3.087972e-01 -3.195672e-01 -8.754157e-02 -1.401908e-01 2.101781e-02 -4.691924e-02 -1.018490e-01 1.876775e-02
5.948982e-01 -9.322871e-02 2.443130e-01 -1.321396e-01 -1.110461e-01 -6.968755e-02 1.599078e-01 5.266383e-02
-2.626635e-01 -2.738070e-03 -1.031423e-01 5.251661e-02 2.203209e-01 -8.517783e-02 -6.630247e-02 7.651578e-02
-1.676766e-01 3.689424e-02 3.996925e-01 8.693375e-02 -1.964425e-01 1.976468e-02 -1.468396e-01 6.653710e-02
-2.631166e-02 -2.017139e-02 -1.684648e-01 -1.545681e-01 2.242023e-01 2.009643e-01 1.298297e-01 7.051007e-02
-2.364050e-01 -1.172304e-01 -1.321083e-02 -1.585937e-02 2.282639e-01 -1.581109e-01 -2.262332e-01 -1.112590e-01
-2.274742e-01 -1.477763e-01 1.368506e-01 -9.818399e-02 -8.144728e-02 8.894596e-03 -4.357652e-02 1.240160e-01
-1.892382e-01 -6.586363e-02 -1.337250e-01 -1.139587e-01 2.792311e-01 5.094411e-02 6.598194e-02 9.062838e-02
-2.880419e-01 -1.051212e-01 -1.125887e-01 3.213038e-02 3.495603e-01 1.220608e-01 -5.109347e-02 4.960979e-03
-2.987989e-01 -3.041241e-01 -1.819214e-01 1.381664e-01 2.385128e-01 3.233978e-02 -1.834304e-01 -7.898638e-02
-1.350744e-01 -7.825049e-02 -1.196992e-01 1.074339e-01 3.007010e-01 2.407627e-01 -9.732474e-02 -4.683942e-02
-1.300679e-01 -8.707466e-02 -1.306830e-01 -6.775895e-02 2.397198e-01 1.203415e-01 -7.116286e-02 -2.703089e-02
-1.952122e-01 -2.036712e-01 2.195066e-01 4.987629e-02 -3.012430e-02 -2.734525e-01 -1.269167e-01 2.753367e-02
-2.317714e-01 -9.544325e-02 -8.656654e-02 1.652466e-01 3.034286e-01 -1.026711e-01 -2.665083e-01 -1.235150e-01
3.518620e-01 -3.646877e-01 4.455050e-02 -1.318809e-01 7.401196e-02 4.566818e-02 1.313444e-01 9.401040e-02
-1.089586e-01 5.448272e-02 -6.681770e-02 3.920082e-01 2.460644e-01 -8.590445e-05 -2.079790e-01 -9.293243e-02
-1.424839e-01 -1.387704e-01 2.987521e-01 4.394706e-02 -1.111023e-01 -1.733852e-01 -1.981889e-01 -6.244240e-02
-1.687215e-01 -2.492863e-01 -2.496057e-01 -1.273003e-02 1.966664e-01 2.823254e-01 3.197065e-02 -2.954275e-02
-2.342425e-01 -4.142597e-01 1.097176e-01 -8.020336e-02 -4.116093e-02 -9.498997e-03 -1.880798e-01 1.670215e-02
-1.693795e-01 -8.383396e-02 -1.268644e-01 1.016758e-01 3.527662e-01 3.236661e-03 -1.252863e-01 -4.141678e-02
4.070545e-01 -2.225895e-01 3.153493e-01 9.468279e-02 7.670991e-02 -2.979024e-02 -9.022015e-02 2.889642e-02
-1.457624e-01 3.254393e-02 2.440910e-01 1.402240e-01 -1.038576e-01 -5.089399e-03 -2.726280e-01 -1.170627e-01
5.062005e-02 -1.017717e-01 2.920674e-01 2.133975e-01 3.018035e-01 -2.959723e-02 5.578390e-02 -8.331677e-02
3.905405e-01 -1.081520e-01 -1.254579e-01 3.862580e-01 2.321696e-01 1.978660e-01 -7.884682e-02 -1.149964e-01
1.408522e-01 -2.285073e-03 2.684509e-02 1.788655e-01 5.519594e-02 -1.718585e-02 -3.849642e-02 6.720183e-02
4.270668e-01 -1.823028e-01 -2.325095e-02 3.795017e-01 8.215535e-02 7.751218e-02 3.661434e-02 -1.969799e-01
3.544766e-01 -1.888976e-02 -3.071824e-02 -4.734575e-02 -1.212041e-01 -1.869336e-02 2.848293e-01 -7.122287e-02
-9.245560e-02 -5.912929e-02 2.335863e-01 1.711469e-01 1.648773e-02 -1.675796e-02 3.290793e-02 4.960182e-02
4.259753e-01 -4.471119e-02 -8.849519e-02 3.512237e-01 1.491586e-01 6.670436e-02 -4.383751e-03 -1.384527e-01
1.915378e-01 -8.830446e-02 3.571942e-02 3.296977e-01 3.571334e-01 -1.085628e-01 6.531980e-02 -9.552504e-02
-7.248066e-02 -8.627829e-02 1.294420e-01 -7.815440e-02 2.473076e-01 -1.150963e-01 -6.103886e-02 -8.607183e-02
5.081463e-01 -1.409383e-01 -1.281611e-01 9.577328e-02 -8.284278e-02 1.500526e-02 7.728127e-02 -1.334881e-01
-8.069773e-02 6.624930e-02 1.588448e-01 -2.748022e-02 4.758475e-01 1.165411e-02 -2.761872e-02 1.832390e-02
-3.714989e-02 -1.476785e-01 1.259975e-01 -4.965382e-02 -1.250331e-01 -1.489262e-01 -5.775454e-03 -7.707554e-02
6.945818e-02 4.948334e-02 -7.702606e-02 -5.563968e-03 -6.739099e-02 2.616657e-02 -5.676252e-02 3.499929e-01
-7.604089e-02 -1.155422e-02 1.579725e-01 -9.956706e-02 -6.818824e-02 -7.569979e-02 2.031936e-02 -1.714281e-02
1.707493e-01 -2.260537e-01 4.700647e-02 2.478341e-01 -3.795782e-02 -2.366624e-02 3.466408e-02 -1.696020e-02
2.651284e-01 8.793549e-02 -5.724049e-02 2.589259e-01 2.756851e-01 1.805897e-01 -1.289503e-01 5.001865e-02
1.719310e-01 -1.237837e-01 1.220955e-02 3.349122e-01 4.441233e-01 6.670162e-02 1.116045e-02 -1.096966e-01
2.412410e-01 -1.889141e-01 -2.157756e-02 3.967183e-01 2.136136e-01 8.169045e-02 1.007090e-01 -1.002116e-01
-3.243247e-02 3.200165e-02 2.927638e-01 2.775761e-02 2.755094e-01 -5.120417e-04 -3.495029e-02 -2.824492e-02
1.995919e-01 -1.364833e-01 -9.881084e-02 9.129466e-03 -9.607939e-02 -5.447469e-02 -2.256397e-02 -7.382150e-02
1.819679e-02 -1.042921e-01 4.060090e-01 1.420911e-02 1.481054e-01 -1.275647e-01 4.635081e-02 -4.058239e-02
-7.210081e-03 -9.543096e-02 3.372343e-01 9.940991e-02 3.560373e-01 -1.724206e-02 1.066328e-01 9.197726e-03
5.680262e-01 -9.069701e-02 -1.542157e-01 3.059818e-02 -1.182267e-01 1.150769e-01 1.804666e-01 -1.499891e-01
3.516099e-01 -1.176947e-01 -2.080523e-02 3.946426e-01 1.928467e-01 -9.861141e-02 8.229978e-02 -1.497150e-01
-9.447209e-02 1.366083e-01 2.450377e-01 -7.968511e-02 3.258989e-01 1.514586e-02 3.342507e-02 1.027978e-01
-2.930237e-02 -5.974636e-02 1.647362e-01 5.385524e-02 4.922621e-01 -6.040531e-02 2.523113e-02 -5.563945e-02
-8.478615e-02 3.128230e-02 1.367681e-01 -1.041049e-01 -7.327738e-02 -1.668360e-02 -9.852861e-02 3.269755e-01
1.480062e-01 6.471123e-02 8.332390e-03 2.342503e-01 4.180376e-01 6.176617e-02 -6.977911e-02 3.181668e-02
2.808914e-01 -4.837351e-02 -1.008136e-01 3.518698e-01 3.827069e-01 1.374437e-01 -6.470318e-02 -5.493094e-02
3.348630e-01 -1.297132e-01 -1.065389e-01 4.097734e-01 3.372003e-01 3.892992e-02 -7.287395e-03 -1.340995e-01
3.796444e-01 8.012641e-02 -9.858903e-02 -7.668197e-02 -5.779166e-02 1.550898e-01 9.053858e-02 2.422071e-02
-1.903502e-02 -1.772979e-01 1.999207e-01 1.784051e-01 -4.717330e-02 -2.215113e-02 3.545993e-03 -2.213584e-02
