4 6 8 32 64
-2.720889e-02 2.149400e-02 -3.081726e-02 3.599917e-01 -2.774867e-02 -1.281427e-02 -1.849996e-01 -6.318356e-03
-1.711889e-02 -2.512228e-02 -1.265493e-01 -8.648511e-02 -2.742494e-02 3.345390e-02 3.617999e-01 -1.169032e-01
-7.907852e-02 7.271946e-02 9.551737e-02 2.129717e-01 -9.725646e-02 -6.745658e-02 -1.143183e-01 -8.592983e-02
1.393119e-01 1.202623e-01 -6.891390e-02 -6.701650e-02 1.408001e-01 1.530814e-01 2.343303e-01 -9.519759e-02
-8.721682e-02 3.216899e-01 -8.184955e-02 3.840650e-01 -3.845724e-02 3.387421e-02 -2.584135e-01 -2.011101e-01
-6.563376e-02 -1.180708e-01 -1.362069e-01 4.023227e-02 -1.489637e-01 3.438829e-01 3.077307e-01 -1.304772e-01
-1.046156e-01 -9.229989e-02 -1.701839e-02 2.523278e-01 -1.200558e-01 -8.560981e-02 -1.096618e-01 -1.035277e-01
-1.402755e-01 -7.557011e-02 -5.629414e-02 -1.094954e-01 -2.300126e-02 -3.081444e-02 -7.333357e-02 -7.111727e-02
-1.087068e-01 1.328143e-01 -1.474143e-01 3.125311e-01 -1.357534e-01 -9.616528e-02 -1.059919e-01 -1.014404e-01
1.610298e-01 -3.959310e-02 2.054570e-02 3.462008e-02 3.740532e-01 1.491080e-01 3.224912e-01 -1.542688e-02
-3.409350e-02 3.743409e-01 -1.420717e-01 1.031455e-01 -1.091399e-01 3.849835e-01 1.466038e-01 -1.381519e-01
-1.974120e-01 -1.245932e-01 1.675504e-01 5.209691e-02 -6.860442e-02 -6.632458e-02 -1.193503e-01 -1.116779e-01
-5.007536e-02 2.636247e-01 -1.385863e-01 -9.674194e-02 -2.996974e-02 3.624285e-03 3.652923e-01 -2.648742e-02
-8.470163e-02 -2.036062e-03 -1.085570e-01 2.436011e-01 2.662747e-02 4.953147e-02 -2.521715e-01 -2.036713e-01
-1.026523e-01 4.479047e-01 -9.629491e-02 1.898041e-02 -5.476641e-02 -6.674290e-02 -1.031469e-01 -9.511430e-04
-8.887879e-02 7.982060e-02 -7.322410e-02 -1.142126e-01 -2.258501e-02 -2.692062e-02 3.758621e-01 -2.331098e-02
-1.194616e-01 -7.657160e-02 -1.066710e-01 2.782085e-01 3.437564e-03 -8.872177e-02 -1.982916e-01 -1.955315e-01
-1.241274e-01 5.842381e-02 -1.526963e-01 -1.126428e-01 -3.888986e-03 -5.642857e-02 -1.019499e-01 1.808768e-02
-1.164774e-01 -1.211268e-01 -5.269425e-02 -1.245829e-02 -1.228049e-01 2.312099e-01 2.716447e-01 -1.113279e-01
-1.076842e-01 -8.940291e-02 3.632671e-01 -1.603681e-02 -6.729252e-02 -5.969673e-02 -1.207295e-01 -9.414802e-02
-9.284964e-02 -9.937636e-02 3.831175e-02 -1.068672e-01 2.426926e-01 -2.922469e-02 5.354246e-01 -1.067354e-01
-9.140772e-02 2.665115e-01 -1.493316e-03 2.144360e-01 -9.220523e-02 -8.267322e-02 -9.853342e-02 -7.870687e-02
-1.152877e-01 -5.132833e-02 -2.106873e-01 2.676570e-02 -9.419794e-02 2.695418e-01 2.186568e-01 -1.163121e-01
2.409728e-01 2.077590e-01 -1.607234e-01 -3.315726e-02 2.484306e-01 2.056957e-01 1.232069e-01 -1.354351e-01
-1.438930e-01 1.686969e-01 1.225320e-01 2.021946e-01 -9.554233e-02 5.884037e-02 -1.669360e-01 -1.588702e-01
1.044362e-01 2.736748e-02 -1.204054e-01 -8.325526e-02 3.585173e-01 7.749317e-02 2.934497e-01 -3.618241e-02
-6.675779e-02 -2.447229e-02 1.858109e-01 2.102306e-01 -4.094470e-02 2.928345e-02 -1.601907e-01 -1.799988e-01
-1.150999e-01 -9.963575e-02 -1.101004e-01 1.732434e-01 -1.090716e-01 -6.739485e-02 -1.100430e-01 -9.252297e-02
9.517212e-02 -1.487196e-01 1.167183e-01 1.207521e-01 -3.239322e-02 5.041455e-02 -8.251315e-02 -7.400691e-02
-8.467116e-02 3.251679e-02 -1.772954e-01 3.331651e-01 -7.763533e-02 -5.136944e-02 -1.794638e-01 -7.584767e-03
-1.063862e-01 -7.561389e-02 4.662782e-02 -1.147544e-01 -1.484831e-03 -5.152149e-02 3.811343e-01 -5.195294e-02
-7.981662e-02 6.629199e-02 -1.425901e-01 3.598475e-01 -1.040247e-02 -7.035605e-02 -2.112160e-01 -2.500944e-01
-2.036256e-01 -1.448701e-01 -2.769033e-03 1.515615e-01 -3.225810e-02 -1.276339e-01 -1.446894e-01 -1.137075e-01
-1.029585e-01 5.630851e-01 -9.255171e-02 3.015576e-01 -9.811863e-02 -3.971956e-02 -1.377984e-01 -9.323508e-02
1.187838e-01 2.317431e-01 -7.693243e-02 -1.792597e-02 3.620161e-01 1.269112e-01 2.363038e-01 5.267055e-03
-6.577978e-03 1.986015e-01 -1.460213e-01 -9.378764e-02 1.593189e-01 9.310594e-02 4.702128e-01 -8.972757e-02
-1.127757e-01 3.235630e-01 -1.499225e-01 3.531118e-01 -1.324855e-01 -8.775429e-02 -1.241281e-01 -9.623958e-02
-1.307480e-01 -4.698897e-02 -9.987328e-02 2.584855e-01 -1.332239e-01 -1.296515e-01 -1.420513e-01 6.895778e-02
-1.092560e-01 -3.078508e-02 -1.186752e-01 2.952337e-01 -1.308316e-01 -9.116201e-02 -1.036634e-01 -9.637338e-02
1.280355e-01 2.469521e-01 -1.294778e-01 -5.209387e-02 1.494389e-01 1.379824e-01 1.813443e-01 -7.011356e-02
-1.598954e-01 -6.350464e-02 2.624933e-02 1.360852e-01 -6.044949e-03 -2.069500e-02 -1.796259e-01 -1.864188e-01
1.811214e-01 5.038946e-01 -5.416504e-02 -2.403276e-02 1.844924e-01 2.144025e-01 1.631552e-01 -6.290644e-02
1.671057e-02 4.832464e-01 -1.348609e-01 -6.873664e-02 -2.077564e-03 9.255257e-02 3.149898e-01 -8.038291e-02
-1.283136e-01 -2.032393e-02 -1.840704e-01 8.307832e-02 -1.539271e-01 2.751175e-01 2.130025e-01 -7.216531e-03
-5.079688e-02 1.992107e-01 -3.051949e-02 3.367030e-01 -3.469445e-02 -3.816342e-02 -1.647614e-01 -2.330780e-01
-8.587190e-02 1.952434e-01 -1.413997e-01 3.861031e-01 -9.130934e-02 -5.317188e-02 -1.942395e-01 -2.532884e-02
-1.226714e-01 1.834728e-02 2.981667e-01 9.511451e-02 -1.021680e-01 6.514981e-02 -1.435725e-01 -1.445772e-01
-7.426485e-02 1.267676e-01 -1.631863e-01 7.818175e-02 -1.097492e-01 3.805794e-01 2.209168e-01 -1.132338e-01
-4.663171e-02 8.931979e-02 -1.449859e-01 3.599464e-01 -1.700621e-02 2.665608e-02 -2.236456e-01 -1.139706e-01
-7.402963e-02 -1.306882e-01 7.426387e-03 3.706715e-03 -4.432302e-02 3.627688e-01 2.216336e-01 -1.079624e-01
-1.079261e-01 -1.013990e-01 6.525795e-02 1.382177e-01 -1.202674e-01 -9.249258e-02 -1.038254e-01 -1.067400e-01
-1.159259e-01 9.781581e-02 1.147068e-01 5.140714e-02 -1.245831e-01 -9.083577e-02 -1.152254e-01 -1.161617e-02
-7.965986e-02 3.069535e-02 3.264947e-02 2.492277e-01 2.460884e-02 7.333196e-02 -2.622029e-01 -1.572427e-01
1.130218e-01 5.657437e-02 -1.272446e-02 -2.301204e-02 3.226115e-01 9.976723e-02 3.319036e-01 6.824589e-02
-1.247556e-01 -1.207632e-01 1.557914e-01 -6.819708e-02 -7.899962e-02 2.306080e-01 2.828938e-01 -1.068303e-01
-8.946133e-02 -7.099280e-02 2.191132e-01 1.189281e-01 -9.829550e-02 -6.328190e-02 -1.039379e-01 -1.053407e-01
2.231283e-01 7.448340e-02 -1.421957e-01 -3.515102e-02 3.059689e-01 1.707251e-01 1.973905e-01 -7.370367e-02
-3.863402e-02 5.204055e-02 4.819401e-02 2.915080e-01 -1.465065e-02 -4.227036e-03 -1.589262e-01 -2.013271e-01
5.187442e-03 4.116343e-02 -1.580154e-02 1.262069e-01 -1.236432e-01 2.394103e-02 -1.019078e-01 -2.014246e-01
-5.882560e-02 -4.883495e-02 -1.057713e-01 -9.392533e-02 2.114173e-01 3.852197e-02 5.266148e-01 -1.006058e-01
-9.191459e-02 1.594335e-02 -1.154534e-01 2.194181e-01 -3.684521e-02 -1.827709e-02 -2.062719e-01 -7.868566e-02
-1.198308e-01 -5.350078e-02 -8.306129e-02 -1.022219e-01 1.789748e-01 -1.020621e-02 -1.078556e-01 -8.008914e-02
2.330713e-02 -1.184291e-01 -1.176614e-01 2.733924e-01 6.410123e-02 -1.111173e-02 -2.247300e-01 -6.401175e-02
-4.075352e-02 -5.197193e-02 -1.380117e-01 6.118225e-02 -2.196216e-02 3.872268e-01 1.309602e-01 -9.277947e-02
-1.097956e-02 -1.057302e-01 -1.313826e-01 2.569454e-01 -1.175760e-01 -1.072907e-01 2.980684e-01 -1.049153e-01
4.528428e-01 -2.528898e-02 -1.836821e-01 -1.379776e-01 -2.070039e-01 -1.825230e-01 -6.717023e-02 -6.880876e-02
2.576048e-03 -1.474198e-01 -4.278245e-02 -2.389034e-02 1.863703e-01 -1.006791e-01 -1.442001e-01 1.488134e-01
1.769933e-02 -9.672932e-02 -1.097934e-01 -1.039650e-01 7.662944e-03 1.076802e-01 -1.113093e-01 6.178056e-02
-4.329616e-02 2.876392e-03 -2.680303e-01 -1.702373e-01 -2.340890e-01 1.800081e-02 1.743383e-01 -2.132198e-01
-5.258990e-02 -6.815946e-02 -1.055636e-01 -4.031916e-02 -9.205208e-02 -9.267806e-02 6.212307e-01 9.568071e-02
2.380585e-01 -1.015046e-01 -1.769380e-01 -8.991101e-02 1.362636e-02 -1.976691e-01 -5.699555e-02 1.943291e-01
-7.678502e-02 -3.844062e-02 -2.050348e-01 -8.433816e-02 3.392128e-02 -1.251305e-01 1.762449e-03 -1.628583e-01
5.855811e-02 -9.045437e-02 -1.211196e-01 1.505035e-01 -1.038318e-01 -7.025217e-02 5.592364e-01 9.150255e-03
3.477880e-01 -6.078796e-02 -1.245255e-01 -1.284888e-01 -6.046191e-02 -8.280674e-02 -1.102747e-01 7.657631e-02
8.127778e-02 -8.682167e-02 -7.073826e-02 -1.340999e-01 -4.081737e-02 3.509383e-01 -1.320433e-01 3.433603e-02
-1.333119e-01 1.613041e-01 7.837945e-03 4.604886e-01 -3.345445e-02 -2.040378e-01 -1.875417e-01 -1.287063e-01
3.534877e-02 -1.002580e-01 -3.975140e-01 8.960288e-02 -3.014307e-01 -9.550939e-02 1.542780e-01 -2.044231e-01
-7.876518e-02 4.823498e-01 -8.723383e-02 2.173069e-02 -1.158192e-01 -1.793592e-01 1.648371e-02 1.440751e-01
-1.243015e-01 -6.405555e-02 -9.941945e-02 -7.779410e-02 4.922953e-02 7.518573e-02 -1.160287e-02 -1.907470e-01
3.916898e-01 -1.404731e-01 -1.023629e-01 -8.301783e-03 -5.354312e-02 -2.206334e-01 -1.217428e-01 3.520434e-01
2.940298e-02 -8.780040e-02 -3.138649e-01 1.097665e-01 -2.503788e-01 -8.862527e-02 2.673256e-01 1.172346e-02
5.197592e-01 -6.309725e-02 -9.051411e-02 -1.161233e-01 -8.955949e-02 -8.661798e-02 -8.245618e-02 -1.796005e-02
2.252188e-01 -2.819198e-02 -1.613632e-01 2.692811e-02 -8.223952e-02 8.507520e-02 -2.588501e-01 -1.088113e-01
-8.705533e-02 5.878472e-02 -1.106323e-01 -1.122528e-01 8.174182e-02 -6.540479e-02 -6.042244e-03 -2.122752e-01
2.451638e-01 -9.247756e-02 -1.149273e-01 -1.371401e-01 -9.117077e-02 1.693243e-01 -1.303846e-01 1.362938e-01
2.985118e-02 1.512655e-02 -2.072999e-01 -1.538100e-01 -4.493609e-02 -3.984695e-02 -2.374606e-02 -1.698257e-01
7.468099e-02 -3.903402e-02 1.638725e-01 -1.010760e-01 -7.983721e-02 8.044114e-02 -9.156644e-02 -4.952327e-02
4.043359e-01 -1.021746e-01 -3.776241e-02 -1.647780e-02 -2.007903e-01 -2.284490e-01 -6.203742e-02 3.947406e-02
2.322195e-01 -1.511138e-01 -2.172810e-02 -2.108935e-02 9.994655e-02 -1.431311e-01 -1.262604e-01 3.022111e-01
9.090485e-02 1.010892e-01 -1.054885e-01 -2.301950e-01 5.836654e-03 5.044262e-02 -1.324126e-01 -1.815974e-01
-1.496581e-01 3.195303e-01 4.463315e-02 1.222976e-01 1.981057e-02 -1.577023e-01 -1.582565e-01 9.270006e-02
-1.241908e-01 -4.825272e-02 -1.118205e-01 -1.264690e-01 -8.680053e-02 -7.059038e-02 5.494661e-01 -2.890382e-02
-8.971507e-02 5.378506e-01 -8.873101e-02 -9.497936e-02 -3.887570e-02 -6.715633e-02 -7.044055e-02 -2.464915e-02
3.627906e-01 7.936123e-03 -2.128812e-01 -6.244080e-02 -1.996011e-01 -1.790075e-01 -1.510516e-01 -2.317499e-01
1.917793e-01 -5.355781e-02 -2.468778e-01 -1.126764e-01 -8.846871e-02 -1.479851e-01 2.302762e-03 2.812485e-02
3.964685e-02 -4.457267e-02 -1.719151e-01 -1.070381e-02 -3.124396e-01 -3.340686e-02 2.475659e-01 -1.034037e-01
1.054996e-01 -6.902114e-02 -1.103311e-01 -1.220033e-01 3.489057e-02 -8.585012e-02 -1.052117e-01 8.010445e-03
1.920808e-01 -6.383313e-02 -9.223659e-02 -1.346844e-01 -3.526406e-02 -7.739750e-02 -9.132674e-02 7.062181e-02
-2.153080e-02 -3.818090e-02 -2.951691e-01 -1.198245e-01 -2.840881e-01 -4.091056e-02 2.459314e-01 -7.209577e-02
-1.374149e-01 -1.014664e-01 9.085826e-02 -7.208137e-02 6.231975e-02 3.311471e-01 -1.214544e-01 -1.285266e-01
-9.091625e-02 -7.881624e-02 -1.294691e-01 -4.065152e-02 4.348234e-02 -4.228085e-02 -3.632946e-02 -3.798209e-02
-3.049657e-03 -6.921420e-02 -1.048080e-01 -1.186752e-01 9.503421e-02 -8.557152e-02 -9.621899e-02 -3.799104e-02
3.203598e-01 9.637955e-02 -1.281350e-01 -1.578928e-01 -1.829951e-01 -3.699967e-02 -2.324316e-01 -3.049459e-01
-5.682483e-02 -7.794131e-02 -1.737431e-01 -4.761787e-02 1.003469e-01 -1.993712e-01 -6.535206e-03 -4.611505e-02
1.932870e-02 -3.319458e-02 -3.623639e-01 2.897970e-02 -2.968741e-01 -6.736728e-02 7.004684e-02 -2.450139e-01
3.367417e-01 -1.424974e-01 2.089922e-02 7.476379e-02 -7.204969e-02 -2.231487e-01 -7.918154e-02 1.714983e-01
-1.276564e-01 -2.924585e-02 4.451605e-02 -8.024810e-02 1.070865e-01 1.005826e-01 -6.854473e-02 -1.681571e-01
-9.259898e-02 5.732945e-01 -4.847011e-02 2.579388e-01 -7.961558e-02 -1.011296e-01 -2.216616e-02 9.401746e-03
4.538342e-01 -7.863089e-02 -1.016471e-01 -1.320585e-01 -9.707353e-02 -1.000570e-01 -6.759274e-02 1.660282e-01
7.758762e-02 -9.670666e-02 -1.822220e-01 -5.132870e-02 6.169504e-02 -2.014681e-01 -2.332648e-02 8.040342e-02
-9.223697e-02 -1.051122e-01 -1.147088e-01 -1.128785e-01 1.193745e-01 1.765511e-01 -1.125291e-01 -5.874580e-02
1.248943e-02 -1.258636e-01 -2.327928e-01 -3.595017e-03 -2.097530e-01 -1.100537e-01 2.744171e-01 1.396335e-01
5.809765e-02 -4.416994e-02 -2.571351e-01 -7.942834e-02 -3.735436e-02 -1.409727e-01 8.275206e-03 -8.086742e-02
3.165655e-01 -2.383137e-02 -2.029146e-01 -1.717444e-01 -1.715906e-01 -1.473134e-01 6.371496e-03 1.162333e-01
-1.813065e-01 -6.877562e-02 -1.659425e-01 -3.673756e-02 1.320673e-01 -9.832305e-02 -7.570848e-03 -1.704416e-01
4.018719e-01 -9.844619e-02 -1.852644e-01 -8.827366e-02 -1.361815e-01 -2.197598e-01 -6.994475e-02 2.469709e-01
2.881840e-01 -8.052580e-02 -9.685833e-02 -1.496185e-01 -7.851476e-02 -8.937631e-02 -7.218911e-02 2.193000e-01
3.740519e-01 2.005426e-02 -1.083639e-01 -2.199944e-01 -2.152217e-01 -9.101643e-02 -8.979024e-02 -1.607961e-01
2.737416e-01 -9.108888e-02 -1.083374e-01 -8.990892e-03 -9.360310e-02 -8.779997e-02 -1.115262e-01 -8.409713e-02
1.355704e-01 -1.210780e-01 -5.181284e-02 9.504436e-03 5.113993e-02 7.346687e-02 -1.970336e-01 2.470391e-01
2.064020e-01 3.456967e-02 -2.005796e-01 -2.071237e-01 -1.459284e-01 -3.012331e-02 -2.960272e-02 -5.874279e-02
-6.169401e-02 -1.067792e-01 -9.573942e-02 1.802123e-01 -1.274194e-01 -7.410551e-02 3.027358e-01 -1.056695e-01
-1.217214e-01 3.647592e-01 -3.749545e-02 3.975412e-01 -1.049656e-02 -1.989468e-01 -4.215984e-02 1.290633e-01
-9.874402e-02 -5.264444e-02 -1.038564e-01 -1.032369e-01 1.748570e-01 -7.719665e-02 -1.022185e-01 -9.738160e-02
-1.096437e-01 1.763973e-01 -5.512827e-02 4.440357e-01 -1.067714e-01 -9.012610e-02 -4.312623e-02 -9.628917e-02
-1.220742e-01 -7.562604e-02 -1.203976e-01 -1.320539e-01 5.183562e-02 -5.573053e-02 3.626513e-01 -1.080513e-01
3.771942e-01 -7.782302e-02 -1.117690e-04 -1.290576e-01 -1.081768e-01 -5.951868e-02 -9.376953e-02 -5.684612e-02
-4.657501e-02 -1.351968e-01 -3.382774e-01 -2.958754e-02 -2.574625e-01 -6.128642e-02 3.668829e-01 -4.589475e-03
2.895062e-02 -2.469992e-02 -1.395711e-01 -1.358391e-01 2.447768e-01 2.268295e-01 1.243571e-01 4.743697e-02
-1.369471e-01 -1.214946e-01 1.461960e-01 -1.076456e-01 8.668695e-03 -9.327736e-02 -1.409459e-01 1.188814e-02
6.227347e-01 -1.260924e-01 2.027044e-01 -8.727888e-02 -7.525845e-02 -1.042592e-01 1.343817e-01 5.018591e-02
-1.263817e-01 -1.214881e-01 -1.278840e-01 2.307122e-01 3.189534e-01 2.300304e-01 -1.287610e-01 -1.053907e-01
-1.337285e-01 -1.286710e-01 -9.464645e-02 -8.316750e-02 2.729516e-01 -6.743743e-02 -1.035691e-01 -9.791936e-02
3.995578e-01 -2.298726e-01 2.508002e-02 -1.338654e-01 7.240091e-02 -1.486962e-02 7.698223e-02 1.803185e-02
-1.493346e-01 3.056193e-02 3.866802e-01 5.543347e-02 -2.145364e-01 6.859890e-02 -8.421607e-02 1.306449e-01
-2.372435e-01 -4.677033e-01 8.660558e-02 -8.332307e-02 -3.888613e-02 9.374707e-03 -1.657196e-01 2.011193e-02
-2.396438e-01 -6.618305e-02 -1.348683e-01 1.127866e-01 3.193288e-01 -6.160038e-02 -1.555970e-01 -3.543408e-02
-2.014199e-01 -6.136602e-02 -1.131404e-01 4.348460e-02 3.092591e-01 1.993172e-01 -5.150099e-02 6.675244e-03
-1.405784e-01 -7.093370e-03 3.516240e-01 -8.118333e-02 -3.607136e-02 -8.077714e-02 -1.727218e-01 5.434562e-02
-2.036698e-01 -8.671894e-02 -1.120560e-01 2.114029e-01 2.941547e-01 -1.049190e-01 -2.577927e-01 -1.336177e-01
-1.236611e-01 -1.232450e-01 -1.113755e-01 3.187470e-01 2.695298e-01 3.890545e-01 -1.377006e-01 -9.732059e-02
-1.252452e-01 -1.356420e-01 -1.464070e-01 5.869347e-02 3.028945e-01 1.613429e-01 -1.063695e-01 -8.822328e-02
-1.092471e-01 -1.696134e-01 1.115125e-01 -1.404025e-01 -1.458092e-01 8.643223e-02 -1.024621e-02 1.279633e-01
-2.895847e-01 -3.378489e-01 -6.103395e-02 -1.830365e-01 -3.121821e-02 -2.405932e-02 -9.556256e-02 2.040756e-02
3.855493e-01 -2.221355e-01 1.403047e-01 -4.513301e-02 1.057031e-01 -1.358961e-02 9.490705e-02 1.283779e-01
-1.534443e-01 -1.185678e-01 -1.390804e-01 1.742002e-01 3.755781e-01 5.373147e-02 -1.330662e-01 -1.145374e-01
-1.793581e-01 -1.090795e-01 -1.273744e-01 -8.559464e-02 3.126220e-01 1.550336e-01 5.730442e-02 4.608801e-02
-1.056919e-01 -1.572960e-01 3.061838e-01 1.002724e-01 -1.799368e-01 -7.034274e-02 -2.917989e-01 -1.053212e-01
3.996884e-01 -2.519386e-01 3.082296e-01 9.166323e-02 8.459619e-02 1.108232e-02 -1.267736e-01 2.845871e-02
-1.464492e-01 -3.453403e-01 3.421981e-01 -4.417179e-02 -3.702338e-02 -5.954302e-02 -1.863220e-01 1.407282e-01
-1.258286e-01 -1.325109e-01 -1.128634e-01 1.314854e-01 2.618017e-01 3.079811e-01 -1.338322e-01 -8.019269e-02
-1.812140e-01 -3.558933e-02 -7.579717e-02 -1.096955e-01 8.172926e-02 -4.467053e-03 -2.270040e-03 1.529606e-01
3.178834e-01 -9.415617e-02 3.337530e-01 4.856423e-02 6.208350e-02 -1.111613e-01 1.265780e-01 -2.137511e-01
-1.250876e-01 -1.441708e-01 -1.239219e-01 2.384571e-02 3.488716e-01 -3.553378e-02 -1.110072e-01 -9.681781e-02
-8.151434e-02 -1.155501e-01 2.374799e-01 -8.170106e-02 -6.867169e-02 -8.039912e-02 -1.282442e-01 -3.925891e-03
-1.002766e-01 -2.413730e-01 -2.297625e-01 -4.415550e-02 1.263342e-01 3.023947e-01 5.569024e-02 5.930940e-04
-2.722664e-01 -1.308532e-01 -7.942291e-02 1.314427e-01 3.409018e-01 1.337456e-01 -1.973776e-01 -4.673487e-02
-1.412610e-01 -6.943705e-02 -1.335618e-01 -7.759223e-02 2.126616e-01 3.103402e-01 4.712484e-02 4.906723e-02
-2.723594e-01 -3.492559e-01 -1.604307e-01 1.630842e-01 2.290098e-01 7.942546e-03 -1.892041e-01 -7.428740e-02
-1.389336e-01 -1.210259e-01 -1.122501e-01 -1.047513e-01 1.135975e-01 -1.365904e-02 -1.014915e-01 -4.403907e-02
-1.750804e-01 -4.118677e-02 1.209140e-01 9.793202e-02 -6.048762e-02 1.187869e-01 -2.884698e-01 -8.428247e-02
-2.624272e-01 -3.260586e-01 -1.698514e-01 -8.551463e-02 1.111714e-01 7.631208e-02 -7.765087e-02 1.429971e-02
-2.834611e-01 -1.479111e-01 -9.110153e-02 -1.811384e-03 2.829884e-01 2.801335e-01 -5.948287e-02 7.724902e-03
-8.384742e-02 -5.402423e-02 -1.441050e-01 -1.242990e-01 2.398646e-01 1.114912e-01 9.094013e-02 9.923551e-02
3.271930e-01 -4.127334e-01 4.401075e-02 -1.300172e-01 7.338368e-02 4.851200e-02 1.213731e-01 1.014029e-01
-1.892543e-01 -1.411104e-01 -1.356192e-01 -2.241112e-01 1.635475e-01 6.041795e-02 4.913390e-02 9.616147e-02
-2.752796e-01 -1.375344e-01 1.471398e-01 -4.669420e-02 -5.718376e-02 -4.100380e-02 -1.138267e-01 1.077320e-01
-2.217203e-01 -1.705263e-01 1.327908e-01 -1.219287e-01 -7.072163e-02 7.942049e-03 -5.309040e-02 1.378403e-01
-1.357244e-01 -9.217639e-02 -1.200437e-01 2.403724e-01 3.030916e-01 1.222481e-01 -2.761200e-01 -1.783917e-01
-8.091226e-02 3.150262e-02 -7.254072e-02 4.457033e-01 2.609970e-01 6.154046e-02 -1.980064e-01 -6.833693e-02
-3.140514e-01 -3.984610e-01 -1.015143e-01 -7.904331e-02 2.642648e-02 -1.765243e-01 -1.208853e-01 4.609543e-03
-1.805077e-01 3.891847e-01 2.882196e-01 -1.373658e-05 -8.005156e-02 -7.522337e-02 -1.395883e-01 -3.024857e-02
-6.434917e-02 -9.576180e-03 -1.660754e-01 1.882798e-02 2.924351e-01 2.363546e-01 4.353522e-02 -1.236297e-02
-1.236295e-01 -1.352971e-01 -1.386725e-01 -6.192147e-02 2.724281e-01 6.232413e-02 -1.100826e-01 -8.487683e-02
-3.064387e-01 -1.485711e-01 -1.108079e-01 2.559306e-02 3.580278e-01 7.024010e-02 -7.082908e-02 -6.191992e-04
-2.992898e-01 -1.339016e-01 -5.784667e-02 1.151487e-01 2.337469e-01 -1.868033e-01 -2.288914e-01 -5.231836e-02
-1.750588e-01 2.062171e-01 -1.068900e-01 1.941410e-01 2.072818e-01 -9.036556e-02 -1.265291e-01 -6.714130e-03
-1.839861e-01 -3.291856e-02 3.777982e-01 1.371635e-01 -1.715845e-01 -6.279884e-03 -2.339086e-01 1.187889e-02
-5.583054e-02 -6.269971e-02 -1.833596e-01 -1.825793e-01 1.479379e-01 1.906593e-01 5.931539e-02 7.095490e-02
-1.462903e-01 1.579293e-01 2.085426e-01 -1.308376e-04 -7.582053e-02 -8.708861e-02 -1.811007e-01 -1.328529e-01
9.864566e-02 -1.420832e-01 2.844799e-01 -8.158945e-02 -9.400687e-02 -9.238942e-02 -1.385700e-01 -1.114332e-04
-1.752226e-01 -5.400839e-02 -1.421361e-01 -2.329503e-02 2.646432e-01 9.862306e-03 -3.894502e-02 6.114168e-02
-2.086766e-01 -2.409301e-01 1.940423e-01 9.968388e-03 -3.083538e-02 -2.450968e-01 -1.151581e-01 4.801756e-02
3.458614e-01 -2.039539e-02 1.663089e-01 -9.345129e-02 -6.550443e-02 -1.020749e-01 3.267015e-01 -3.821210e-02
-2.717050e-01 -1.455186e-01 -1.225890e-01 -1.083399e-01 2.860256e-01 1.265690e-03 1.727401e-02 5.927377e-02
-2.941708e-01 -8.162808e-02 -7.812455e-02 6.576406e-03 1.934855e-01 -1.196849e-01 -1.064672e-01 4.701638e-02
-1.265418e-01 -2.043550e-02 -1.541321e-01 9.271806e-02 3.488985e-01 8.578416e-02 -5.222522e-02 -1.552631e-02
-1.954737e-01 -3.091124e-01 -2.146978e-01 9.202401e-02 2.054908e-01 2.727099e-01 -2.950029e-02 -5.106544e-02
-2.305849e-01 -1.810675e-01 -3.336458e-02 1.704824e-02 1.874214e-01 3.950758e-02 -2.761717e-01 6.652675e-02
-2.332319e-02 5.168001e-02 2.125700e-01 3.262545e-01 1.307256e-02 7.477071e-02 -2.975839e-01 -1.908143e-01
-1.362590e-01 -1.200288e-01 -6.538713e-03 -1.046382e-01 1.958375e-01 -9.449994e-02 -1.204176e-01 -7.435943e-02
-1.092012e-01 -1.078432e-01 -1.530703e-01 -4.085580e-02 1.590636e-01 2.062541e-01 -1.133809e-01 -4.880732e-02
-8.498553e-02 -9.066191e-02 1.087531e-01 -7.820520e-02 -1.115662e-01 -1.337458e-01 -2.532052e-03 1.643483e-03
2.496047e-01 -9.734760e-02 -2.589005e-02 4.305408e-01 2.827240e-01 1.308067e-01 3.824879e-02 -5.403310e-02
-4.237635e-02 4.747456e-02 2.829924e-01 5.927399e-02 2.559980e-01 6.469673e-03 -6.941424e-02 -1.739445e-02
4.809596e-01 2.816789e-02 -6.720301e-02 2.476883e-02 -1.149366e-01 1.016434e-01 1.298162e-01 -3.059450e-02
-8.173407e-02 -1.114916e-01 2.869113e-01 2.075928e-01 -4.948793e-03 -1.070103e-02 2.565000e-02 3.520070e-02
4.077961e-01 -9.826017e-02 -6.346022e-02 4.219865e-01 3.980098e-01 1.139749e-02 -7.491062e-02 -1.470670e-01
1.671766e-01 -9.769983e-02 5.651190e-02 3.154160e-01 5.428582e-01 1.417649e-01 -8.399618e-02 -1.722914e-01
1.933805e-02 1.376142e-01 -9.289858e-03 -6.509723e-02 -4.312428e-02 1.053435e-02 -7.193933e-02 4.072284e-01
4.653156e-01 -1.549353e-01 -5.316874e-03 4.455789e-01 8.472617e-02 1.169049e-01 -6.679745e-03 -1.721747e-01
3.009351e-01 -1.037749e-01 -1.113171e-01 -4.836742e-03 -1.052680e-01 7.192543e-02 -6.545836e-02 -3.649050e-02
-5.311920e-02 -8.255865e-02 1.407154e-01 2.451048e-02 5.637735e-01 -4.074850e-02 -8.416621e-02 -1.041539e-01
-7.971252e-03 -1.682096e-01 3.445093e-01 1.730929e-01 3.438990e-01 -1.372050e-02 1.047736e-01 6.748894e-03
5.428575e-01 -1.235543e-01 -6.617860e-02 7.548822e-03 -1.628131e-01 1.248649e-01 2.622257e-01 -1.332802e-01
3.866975e-01 -2.420751e-01 3.155787e-02 4.135440e-01 6.181509e-02 6.683476e-02 3.025553e-02 -2.344983e-01
1.317800e-01 4.282842e-03 8.461160e-03 1.900794e-01 2.479133e-02 2.279959e-03 -5.746204e-02 7.562984e-02
-7.847102e-02 -8.577128e-02 1.138640e-01 -6.987604e-02 3.086875e-01 -9.596580e-02 -6.036762e-02 -1.461388e-01
1.537616e-01 8.622570e-02 4.228985e-02 2.896051e-01 3.555627e-01 2.170125e-02 8.268248e-03 2.672689e-02
1.612441e-01 -2.861122e-01 7.598643e-02 2.740819e-01 -3.950261e-02 -1.496145e-03 2.686337e-02 -2.644142e-02
1.675388e-01 1.598323e-01 -3.158412e-02 2.160780e-01 2.568459e-01 1.938094e-01 -1.043741e-01 7.925510e-02
-1.126632e-01 1.433561e-01 2.464634e-01 -4.055559e-02 2.748337e-01 6.363668e-02 -1.015279e-01 6.827882e-02
5.635550e-01 -1.841119e-01 -1.288314e-01 1.155247e-01 -6.673811e-02 7.047646e-02 4.055830e-02 -1.415624e-01
3.039037e-02 -1.082417e-01 4.046890e-01 2.974882e-02 1.378897e-01 -1.231706e-01 3.337370e-02 -1.691184e-02
1.274813e-01 -1.326927e-01 -8.464668e-02 3.318127e-01 2.620251e-01 5.708997e-04 -5.492031e-02 -1.374784e-01
4.400589e-01 -1.146315e-01 -4.009657e-02 1.203105e-01 4.646320e-03 -1.088404e-01 1.151717e-01 -7.460756e-02
-5.933598e-02 -5.156981e-02 3.898018e-02 -7.915290e-02 -9.332182e-02 -8.554295e-02 -4.884921e-02 4.196824e-01
4.618448e-01 -9.134003e-02 -8.065419e-02 3.973766e-01 1.957635e-01 2.102374e-02 -2.182159e-02 -1.538500e-01
-1.100891e-01 1.762469e-01 1.529753e-01 -1.212272e-01 3.532101e-01 1.528441e-02 9.545198e-03 1.526900e-01
-8.873835e-02 7.522628e-02 2.011210e-01 -9.656598e-02 -9.406794e-02 2.124261e-02 -1.384799e-01 3.350147e-01
5.798087e-01 -1.012672e-01 -1.136870e-01 5.740044e-02 -1.090605e-01 2.144295e-01 1.526506e-01 -1.544826e-01
9.577104e-02 -9.487204e-02 2.204244e-01 2.646038e-01 5.362260e-01 5.914607e-03 -8.759546e-02 -1.432069e-01
1.815999e-01 -1.517730e-01 1.110318e-02 2.473746e-01 2.904647e-03 -1.891746e-02 3.500790e-03 -2.854603e-02
4.255456e-01 -1.666835e-01 -7.227851e-02 3.440193e-01 1.243943e-01 1.008008e-01 2.933390e-02 -1.985387e-01
2.867346e-01 -7.771138e-02 6.193686e-02 -7.781659e-02 -1.550816e-01 1.941407e-03 3.127626e-01 -1.066437e-01
4.626566e-01 -7.899169e-02 -5.193640e-02 -2.166085e-03 -1.179455e-01 -8.376215e-02 2.497955e-01 -1.195455e-01
3.322957e-01 -8.158413e-03 -3.617227e-02 3.911969e-01 2.663211e-01 -6.240168e-02 -1.101855e-02 -5.741445e-02
2.731194e-01 -3.376968e-02 1.878789e-01 2.771828e-01 1.017932e-01 1.480154e-01 -7.431556e-02 -8.554319e-02
1.696431e-01 -1.000627e-01 -6.630462e-02 -1.715789e-02 -9.608163e-02 -5.149086e-02 -6.991377e-02 -1.033968e-01
-9.464107e-02 -1.312139e-02 1.544678e-01 1.571045e-01 4.204260e-02 -1.475028e-02 2.925826e-03 8.242765e-02
3.934567e-01 -9.485020e-02 -1.063759e-01 4.095232e-01 3.757852e-01 2.047094e-01 -8.014818e-02 -1.622208e-01
-6.944223e-02 -9.940690e-02 7.529680e-02 -5.074176e-02 -9.973846e-02 -1.135474e-01 -4.167671e-02 -1.078562e-01
2.955677e-01 1.441340e-01 -4.155512e-02 -7.007256e-02 -6.228368e-02 1.170661e-01 9.000130e-02 5.306498e-02
3.309036e-01 -1.943771e-01 -2.016668e-02 4.372057e-01 1.639895e-01 1.637802e-03 7.744718e-02 -1.712251e-01
-4.696403e-02 -9.102074e-02 3.264892e-01 6.983247e-02 4.819810e-01 -8.139013e-02 -6.346020e-02 -1.293302e-01
-8.182165e-02 -8.805941e-02 2.091404e-01 -7.132261e-02 -8.785467e-02 -9.764413e-02 -1.919116e-02 -1.148228e-01
1.910847e-01 -1.440181e-01 6.453039e-02 3.760696e-01 2.904170e-01 -8.416807e-02 1.197883e-01 -1.004869e-01
-4.177802e-02 -4.389782e-02 3.758306e-01 7.178322e-02 3.061244e-01 -2.049418e-02 6.862073e-02 2.816848e-02
1.814231e-02 -1.860491e-01 2.226603e-01 1.814452e-01 3.464995e-03 1.799653e-02 -1.199908e-02 -3.387868e-03
4.286599e-01 -2.639062e-02 -6.559179e-02 3.779514e-01 1.601833e-01 1.376465e-01 -8.108694e-02 -8.386925e-02
2.604473e-01 -9.413475e-02 7.598537e-02 3.774294e-01 4.945301e-01 -5.325177e-02 -8.759758e-02 -1.476432e-01
1.794936e-01 -4.475691e-02 -8.259569e-02 5.442274e-02 -1.129366e-01 6.120961e-02 -2.817497e-02 3.496005e-01
2.838916e-01 6.642207e-02 -5.931057e-02 3.457414e-01 2.433441e-01 1.841648e-01 -7.978397e-02 2.107439e-02
6.096221e-01 -9.986527e-02 -1.476057e-01 3.926047e-02 -1.082518e-01 7.213248e-02 1.366833e-01 -1.558154e-01
2.117178e-02 -9.666222e-02 3.622689e-01 1.444227e-01 2.372756e-01 -7.248030e-02 -2.838035e-02 -1.032063e-01
4.419877e-01 -8.570048e-02 -1.116953e-01 3.824646e-01 2.443757e-01 2.514748e-01 -8.126920e-02 -1.485687e-01
3.092150e-01 -1.529640e-01 -1.109105e-01 5.661502e-02 -1.038467e-01 -3.917918e-02 4.159164e-02 -1.206510e-01
-4.691521e-02 -8.358304e-02 1.387371e-01 -8.394948e-02 -1.414937e-01 -9.868226e-02 2.371721e-01 -1.089004e-01
9.906790e-02 -1.300852e-01 2.326734e-01 3.232578e-01 2.534057e-01 4.565046e-02 3.468532e-02 -7.873105e-02
2.463002e-01 -2.424770e-01 2.959575e-02 4.239284e-01 1.768407e-01 1.257013e-01 8.992147e-02 -8.159050e-02
-3.194092e-02 -3.084062e-02 2.367015e-01 1.117941e-01 3.795353e-01 6.678467e-03 7.688529e-02 5.845020e-02
2.893580e-01 -9.953607e-02 -3.949009e-02 3.830501e-01 4.777074e-01 1.538464e-01 -8.100352e-02 -1.628263e-01
-7.148951e-02 -1.406857e-01 1.542279e-01 1.437819e-01 -5.787927e-02 -8.066620e-02 1.935696e-02 -3.847286e-02
-6.971172e-02 1.054742e-01 2.516004e-01 -2.621092e-02 3.700980e-01 -9.135340e-03 6.127635e-02 1.342844e-01
3.727873e-01 -1.174814e-01 6.725876e-03 4.079828e-01 2.019665e-01 -1.451605e-01 5.515372e-02 -1.385254e-01
-7.896652e-02 -8.280923e-02 2.310891e-01 -3.230420e-02 5.098789e-01 -5.528409e-02 -7.323776e-02 -1.035140e-01
-7.941261e-02 1.000625e-01 -1.196513e-01 3.879986e-01 -1.469793e-02 -7.454596e-02 -2.604933e-01 -2.596973e-01
1.779990e-01 -4.619386e-02 3.126684e-02 2.944114e-02 3.690796e-01 1.462761e-01 3.563067e-01 -1.133540e-02
-8.436831e-02 -1.712473e-03 -1.370555e-01 4.131446e-01 -7.589545e-02 -8.838604e-02 -1.664816e-01 -1.303450e-01
-9.254478e-02 -1.082196e-01 2.736393e-01 1.609210e-01 -6.876612e-02 -6.482669e-02 -1.324579e-01 -1.108775e-01
-1.325682e-01 -7.598707e-02 -1.840151e-01 4.484220e-03 -1.038100e-01 2.520459e-01 2.387365e-01 -1.031781e-01
1.127768e-02 3.437649e-01 -1.810346e-01 -6.935718e-02 -2.409301e-03 1.111687e-02 3.118619e-01 -4.268651e-02
1.701425e-02 -4.737974e-04 -1.174341e-01 -3.217018e-02 3.018670e-01 4.917114e-02 5.262117e-01 -1.110726e-01
-1.248005e-01 1.958449e-01 8.854522e-02 1.443974e-01 -1.096751e-01 -3.593046e-02 -1.523299e-01 -4.945551e-02
-1.685593e-01 -7.068267e-02 -7.231329e-02 2.228730e-01 7.210272e-03 -5.890107e-02 -2.111802e-01 -1.897597e-01
3.689644e-02 -1.123446e-01 -1.093885e-01 3.052608e-01 6.793172e-02 -7.391621e-04 -2.458046e-01 -4.665374e-02
-1.362244e-01 -1.575963e-01 -1.645732e-02 -4.682095e-02 -1.770211e-01 2.213251e-01 3.148101e-01 -6.036934e-02
-6.067309e-02 -6.785883e-02 1.557482e-02 -1.235113e-01 1.679770e-02 -3.819846e-02 3.931502e-01 -5.367960e-02
-1.084494e-01 -9.250668e-02 -2.939275e-02 3.422540e-01 -9.500463e-02 -8.800644e-02 -1.616685e-01 -1.281495e-01
-7.868512e-02 1.502734e-01 -1.947388e-01 4.173171e-01 -8.068231e-02 -9.789125e-02 -1.638269e-01 -1.429735e-01
1.672841e-01 1.097660e-01 -6.069701e-02 -3.692883e-02 1.290207e-01 1.662169e-01 2.564352e-01 -1.259487e-01
-7.645294e-02 3.165067e-01 -1.812597e-01 4.388859e-01 -6.316533e-02 -8.024107e-02 -1.551006e-01 -1.332228e-01
-4.157840e-02 3.576263e-01 -1.286759e-01 9.392399e-02 -1.473614e-01 3.808805e-01 1.742551e-01 -1.046083e-01
-8.788676e-02 6.649370e-02 -1.940715e-01 8.538865e-02 -1.508529e-01 3.773823e-01 2.512909e-01 -6.616914e-02
8.930261e-02 -1.354614e-01 1.403321e-01 1.301867e-01 -7.229114e-02 5.392689e-02 -8.032931e-02 -8.729690e-02
-5.521982e-02 -1.093441e-01 -2.204342e-02 -7.281057e-02 2.594727e-01 -1.483075e-02 5.390503e-01 -7.810957e-02
-1.465924e-01 -8.173501e-02 -5.508111e-02 -1.201023e-01 -4.463758e-02 -3.752254e-02 -6.987513e-02 -6.377835e-02
-1.286589e-01 -9.575445e-02 -4.835163e-02 1.663223e-01 -1.443969e-01 -1.181648e-01 -1.464190e-01 -7.911022e-02
8.735477e-03 4.239218e-02 3.180654e-02 1.382387e-01 -1.499749e-01 1.960635e-02 -1.261936e-01 -2.017691e-01
1.686140e-01 1.048007e-01 -1.511298e-01 -5.370275e-02 2.276095e-01 1.360489e-01 2.544822e-01 -4.272543e-02
-7.703201e-02 2.788077e-02 1.440496e-01 2.590501e-01 -4.682814e-02 3.354128e-02 -1.871224e-01 -2.062128e-01
1.026769e-01 1.633957e-02 7.539776e-03 -1.172062e-02 3.153923e-01 8.344187e-02 3.437867e-01 7.570391e-02
1.012825e-01 3.303724e-01 -1.833333e-01 2.192909e-03 1.173807e-01 1.200555e-01 3.528075e-01 -1.411136e-01
-1.335799e-01 -1.425864e-01 1.945031e-01 -1.009337e-01 -1.275889e-01 2.240058e-01 3.359593e-01 -3.586714e-02
-1.362519e-01 -2.242912e-02 -1.538500e-01 6.664443e-02 -1.729316e-01 2.493314e-01 2.383618e-01 2.196152e-02
-1.018047e-01 5.610978e-02 -1.320574e-01 2.727316e-01 -6.703699e-02 -3.088514e-02 -2.430377e-01 -8.742374e-02
-1.107332e-01 -6.518185e-04 2.089340e-01 5.236441e-02 -1.247837e-01 -7.606947e-02 -1.390537e-01 -8.885747e-03
1.141477e-01 2.475711e-01 -7.042828e-02 -2.504216e-02 3.902262e-01 1.597905e-01 2.529221e-01 -1.443380e-02
-1.199187e-01 4.952970e-03 2.972877e-01 1.252824e-01 -1.172440e-01 5.138676e-02 -1.621790e-01 -1.415425e-01
-8.465471e-02 -1.378967e-01 -1.421845e-01 3.996512e-02 -2.019394e-01 3.299596e-01 3.415059e-01 -9.080493e-02
2.798461e-01 1.291882e-01 -1.340335e-01 -2.356018e-02 2.827345e-01 2.255533e-01 1.575377e-01 -1.234110e-01
-1.307562e-01 -4.600310e-02 -8.185219e-02 -9.358750e-02 1.560493e-01 -2.180382e-02 -1.160026e-01 -8.437110e-02
-8.912174e-02 -4.890601e-02 -9.323941e-02 3.361520e-01 5.103021e-03 -4.247522e-02 -2.416115e-01 -2.306722e-01
-4.191672e-02 6.312731e-02 -1.305737e-01 3.841219e-01 -1.128405e-02 2.458171e-02 -2.491336e-01 -7.703369e-02
-2.794234e-02 1.124471e-01 -1.174274e-01 -9.612288e-02 1.804810e-02 -1.944970e-02 3.537748e-01 -4.989337e-02
-5.044625e-02 1.349862e-01 3.090180e-02 3.314710e-01 -4.083784e-02 -3.104136e-02 -1.702064e-01 -1.834577e-01
-1.641762e-01 -4.514090e-02 4.720420e-02 1.322999e-01 -3.652608e-02 -2.175732e-02 -2.054370e-01 -1.798406e-01
1.658368e-01 2.504717e-01 -1.238247e-01 -3.913422e-02 1.462133e-01 1.773971e-01 1.926507e-01 -1.181083e-01
-8.001845e-02 2.674465e-01 -6.977277e-02 4.006672e-01 -3.243448e-02 1.510171e-02 -3.089768e-01 -1.876364e-01
-5.663263e-02 1.799261e-02 1.385483e-01 2.980963e-01 -6.401502e-02 -5.332905e-02 -1.512397e-01 -1.180116e-01
-9.483425e-02 -1.340395e-01 1.141883e-01 -8.619514e-02 2.410867e-01 -4.587657e-02 5.384834e-01 -6.107972e-02
-9.840681e-02 5.384617e-01 -8.216573e-02 3.551762e-01 -7.768939e-02 -4.314312e-02 -1.722033e-01 -9.858526e-02
-2.857499e-02 -4.107730e-02 -1.547915e-01 6.803483e-02 -3.338413e-02 3.852462e-01 1.537220e-01 -1.078793e-01
-9.863222e-02 1.752912e-03 -1.374293e-01 3.457280e-01 -1.286429e-01 -1.028826e-01 -1.776467e-01 7.633895e-02
-6.882811e-02 1.482521e-02 -1.078257e-01 2.422837e-01 5.187537e-02 6.834530e-02 -2.943830e-01 -1.707545e-01
3.461462e-02 1.995533e-01 -1.369607e-01 -2.002941e-02 2.806344e-01 8.494604e-02 4.902426e-01 -1.097600e-01
-1.134469e-01 -1.253378e-01 1.049996e-01 2.253201e-01 -1.084639e-01 -8.874847e-02 -1.522716e-01 -1.222419e-01
2.083569e-01 1.454391e-02 -1.247619e-01 -5.538880e-02 3.890938e-01 1.370928e-01 2.910518e-01 -8.168224e-02
-8.607367e-02 2.788476e-02 5.617360e-02 2.466672e-01 2.839701e-02 6.480740e-02 -3.112946e-01 -1.685393e-01
-1.168584e-01 1.967778e-01 -1.482191e-01 4.015871e-01 -9.737003e-02 -5.787992e-02 -2.256401e-01 -1.321761e-02
-2.349673e-01 -1.629401e-01 7.292603e-03 1.593798e-01 -4.744303e-02 -1.066137e-01 -1.547957e-01 -1.214609e-01
-1.047973e-01 -6.457066e-02 -1.275713e-01 2.578498e-01 -7.400353e-02 -9.606593e-02 -1.348016e-01 -8.239221e-02
3.070777e-02 -7.640282e-03 -1.565924e-01 -6.699245e-02 1.537353e-02 5.280202e-02 3.929814e-01 -1.136659e-01
-1.055366e-01 -1.561503e-01 1.328625e-02 -1.700019e-02 -9.338608e-02 3.578302e-01 2.591213e-01 -7.952461e-02
1.643911e-01 5.379006e-01 -6.431987e-02 -3.632302e-03 1.297033e-01 2.143624e-01 1.826572e-01 -8.472954e-02
-1.407417e-01 7.691281e-02 -1.435268e-01 -1.299486e-01 -6.844901e-03 -6.067814e-02 -9.684067e-02 8.469088e-03
-2.093557e-01 -1.298855e-01 1.351722e-01 7.099630e-02 -1.053522e-01 -8.288930e-02 -1.523637e-01 -1.215759e-01
-8.365747e-02 2.759636e-01 -9.912479e-03 3.242110e-01 -4.678351e-02 -5.793983e-02 -1.588057e-01 -1.459764e-01
-1.008618e-01 -1.413465e-01 4.096621e-01 -8.727206e-04 -8.431256e-02 -5.195969e-02 -1.087646e-01 -5.358550e-02
-9.927978e-02 4.575930e-01 -6.979318e-02 3.628812e-02 -6.248588e-02 -6.257198e-02 -1.039336e-01 2.651111e-02
-5.028296e-02 -6.693545e-02 -3.179827e-01 -1.126374e-01 -3.036004e-01 -7.952445e-02 2.988689e-01 -5.902668e-02
2.407125e-01 -7.716382e-02 5.051795e-02 -1.188553e-01 -1.627653e-01 -3.390731e-02 -8.427320e-02 -5.781717e-02
-2.196564e-02 -9.159606e-02 -1.267256e-01 9.736779e-03 8.733502e-02 -2.038537e-01 -1.909671e-02 9.758705e-03
2.260106e-01 -9.646501e-02 -1.252103e-01 -5.056611e-02 -1.905856e-03 -2.010517e-01 -7.359831e-02 1.942333e-01
-1.774658e-01 -7.609282e-02 -1.352261e-01 -3.442182e-02 1.061931e-01 -1.008054e-01 2.359691e-02 -1.726194e-01
-1.501012e-02 -9.880505e-02 -1.764327e-01 2.393709e-01 -1.686973e-01 -9.180621e-02 2.575524e-01 -1.660229e-01
-7.553340e-02 -8.191917e-02 -1.642794e-01 -1.151485e-01 -1.795283e-01 -9.158360e-02 5.440183e-01 -3.780450e-02
9.090957e-03 -5.151612e-02 2.265082e-01 -9.977460e-02 -7.442132e-02 1.054993e-01 -8.773934e-02 -7.635077e-02
4.545466e-01 -1.051625e-01 -7.098801e-02 -1.364464e-01 -1.874357e-01 -1.065465e-01 -5.896435e-02 -6.002785e-02
-9.160541e-02 5.501668e-01 -6.526602e-02 -1.156556e-02 -1.068766e-01 -1.513049e-01 -7.967156e-03 5.318453e-02
8.379834e-02 -1.394081e-01 -1.512737e-02 -1.038644e-01 -1.628549e-02 3.612045e-01 -1.174573e-01 7.623585e-02
6.613538e-02 -1.502778e-01 -9.856156e-02 1.270861e-01 -1.345831e-01 -1.132182e-01 5.530160e-01 -2.086765e-03
-1.666337e-01 1.866257e-01 1.788000e-02 5.202433e-01 -3.373431e-02 -1.570579e-01 -1.510967e-01 -1.083005e-01
3.990531e-01 -7.370271e-02 -1.321996e-01 -1.321517e-01 -1.744153e-01 -1.229278e-01 -6.000669e-02 1.230589e-01
2.542746e-02 -4.659193e-02 -3.910084e-01 5.993209e-02 -3.142037e-01 -1.022212e-01 1.012078e-01 -2.634246e-01
2.348730e-01 -1.692673e-01 -2.085529e-03 -2.614295e-02 8.254594e-02 -1.255532e-01 -1.249729e-01 2.697403e-01
5.568337e-02 -1.670884e-01 -3.168578e-02 -1.716288e-02 1.026314e-01 1.032207e-01 -1.687893e-01 1.788201e-01
4.257959e-01 -1.225720e-01 -1.291073e-02 3.562720e-02 -1.794577e-01 -2.638334e-01 -8.430764e-02 4.179387e-02
1.537885e-01 -4.505564e-02 -1.713411e-01 -1.378352e-01 -1.106638e-01 -8.468249e-02 -1.352864e-03 -4.921693e-02
-1.196637e-01 -1.253242e-01 -4.903802e-02 -4.617889e-02 2.595682e-01 -8.328170e-02 -1.227199e-01 -1.265674e-02
-1.093200e-01 -7.098401e-02 -1.304717e-01 -9.392998e-02 1.615621e-01 -9.275801e-02 -6.180383e-02 -1.265593e-01
-1.456935e-01 -7.172041e-02 -1.289244e-01 -1.311877e-01 4.736612e-02 -8.924602e-02 3.318275e-01 -1.387812e-01
3.475444e-01 8.116783e-02 -8.513280e-02 -1.809524e-01 -1.643179e-01 -2.567019e-02 -2.042372e-01 -3.245080e-01
3.456120e-01 -1.612704e-01 -3.122106e-02 4.031061e-02 -2.093220e-02 -2.229320e-01 -1.021615e-01 3.328865e-01
3.228176e-02 -1.431482e-01 -1.027614e-02 2.308860e-01 -4.057059e-02 -8.078127e-02 4.612060e-01 9.834880e-02
3.248293e-02 -4.589284e-02 -1.744321e-01 -2.336751e-03 -3.247378e-01 -5.621967e-02 2.530083e-01 -1.367601e-01
3.489980e-02 -1.073060e-01 -3.098592e-01 1.260715e-01 -2.635846e-01 -1.033142e-01 2.953267e-01 -1.463827e-03
-1.608517e-01 -4.746976e-02 5.216487e-02 -7.841183e-02 1.069153e-01 9.214413e-02 -3.187448e-02 -1.730716e-01
-5.344880e-02 8.473504e-03 -2.510667e-01 -2.190050e-01 -2.459891e-01 2.225883e-02 1.801632e-01 -2.325189e-01
5.340606e-01 -1.124566e-01 -6.702936e-02 -1.004461e-01 -1.274077e-01 -1.017243e-01 -7.796360e-02 2.050560e-02
2.176146e-01 -8.543597e-02 -1.235162e-01 -1.158899e-01 -6.839702e-02 -1.255263e-01 -7.535776e-02 5.212510e-02
9.239504e-02 -5.911993e-02 -2.383614e-01 -5.247236e-02 -4.857643e-02 -1.784733e-01 2.302513e-02 -2.023877e-02
2.038842e-04 -8.553103e-02 -1.227149e-01 -9.570608e-02 -2.219595e-02 1.214000e-01 -9.140013e-02 2.663054e-02
-1.426048e-01 4.806849e-01 2.995724e-02 4.084172e-01 2.058623e-02 -1.192537e-01 -1.058425e-01 6.803719e-02
4.482277e-01 -1.260084e-01 2.258479e-02 -4.115073e-02 -1.482667e-02 -7.979444e-02 -1.467661e-01 1.287649e-01
4.909256e-03 -1.043632e-01 -2.046877e-01 4.629098e-02 -2.146647e-01 -1.174065e-01 2.562314e-01 1.389602e-01
-8.965794e-02 -7.597225e-02 -8.435432e-02 -4.921983e-02 3.762726e-02 -3.257386e-02 -4.461074e-02 -5.666876e-02
-1.411316e-01 3.015423e-01 -5.799591e-03 3.501741e-01 -5.336810e-02 -1.966775e-01 2.746263e-02 2.016181e-01
6.021310e-02 -8.731809e-02 -1.184351e-01 -1.009469e-01 4.820229e-02 -1.022186e-01 -5.569926e-02 -3.379789e-02
5.979257e-02 -1.098468e-01 -7.550305e-02 -6.167262e-02 8.932853e-02 -1.440949e-01 -1.340788e-01 9.071393e-02
-8.832685e-02 2.348340e-02 -1.141094e-01 -1.159195e-01 6.505480e-02 -8.595491e-02 2.323190e-02 -2.172447e-01
3.773071e-01 1.503970e-02 -1.793976e-01 -6.505600e-02 -1.899820e-01 -1.665793e-01 -1.311445e-01 -2.386332e-01
-5.776503e-02 -6.606694e-02 -1.831057e-01 -6.565966e-02 3.453081e-02 -1.472288e-01 2.033391e-02 -1.329105e-01
4.022394e-01 -1.231627e-01 -6.400547e-02 -1.073486e-01 -1.111180e-01 -1.352875e-01 -8.840569e-02 2.150189e-01
-1.518788e-01 3.413501e-01 4.852470e-02 8.894268e-02 4.386051e-02 -1.406225e-01 -1.153453e-01 7.178037e-02
2.976030e-01 -3.158112e-02 -1.844938e-01 -1.684957e-01 -1.897567e-01 -1.066180e-01 -1.342854e-02 5.752506e-03
5.495604e-02 1.057394e-01 -8.141692e-02 -2.480876e-01 -1.043966e-02 4.183414e-02 -1.134509e-01 -2.260962e-01
-1.014163e-01 -3.629936e-02 -2.120105e-01 -1.731451e-01 -1.339966e-01 -5.960912e-02 4.448854e-01 -1.634180e-01
2.357988e-01 -1.487786e-01 -5.517343e-02 -9.023356e-02 -4.631672e-02 1.252902e-01 -1.313849e-01 2.055878e-01
2.491216e-01 -5.434271e-02 -1.704811e-01 3.053232e-02 -7.016569e-02 8.210834e-02 -2.209363e-01 -1.018353e-01
2.903752e-01 -4.971460e-02 -1.964344e-01 -1.162326e-01 -1.325497e-01 -1.808915e-01 -8.245405e-03 1.397029e-01
-1.322696e-01 -1.255216e-01 -1.185604e-01 -1.034345e-01 1.422213e-01 1.488623e-01 -5.156413e-02 -9.999907e-02
3.124119e-01 -1.038480e-01 -1.182789e-01 -6.993431e-04 -1.377196e-01 -1.075735e-01 -8.197903e-02 -1.078879e-01
5.510476e-03 -2.385825e-02 -3.219777e-01 -2.327548e-02 -2.816987e-01 -1.881151e-02 7.168581e-02 -3.089302e-01
-1.534170e-01 -9.592991e-02 -2.349050e-02 -8.371451e-02 5.524382e-02 2.979393e-01 -6.026468e-02 -1.252874e-01
4.885930e-01 -1.730195e-02 -1.694959e-01 -1.396907e-01 -2.112995e-01 -1.913086e-01 -4.897206e-02 -5.900282e-02
-1.554674e-01 -1.108139e-01 1.732073e-01 -4.582460e-02 6.116867e-02 3.636584e-01 -1.233755e-01 -1.553058e-01
-5.317758e-02 -1.461657e-01 -7.635596e-02 -3.358742e-02 -1.175274e-01 -1.120113e-01 5.412544e-01 9.631681e-02
4.159349e-01 -1.492257e-01 -1.403108e-01 -4.927079e-02 -1.031574e-01 -2.252591e-01 -8.341671e-02 2.915967e-01
-1.296671e-01 -5.767409e-02 -1.103004e-01 -9.223259e-02 2.428984e-04 4.526355e-02 1.220282e-02 -2.185075e-01
4.143546e-01 3.399501e-02 -1.033373e-01 -2.482103e-01 -2.177733e-01 -1.009539e-01 -6.505843e-02 -1.823251e-01
4.432180e-02 -8.442876e-02 -4.148634e-01 1.140712e-01 -3.482377e-01 -1.216836e-01 1.809027e-01 -2.019071e-01
3.001257e-02 -1.946634e-02 -1.832627e-01 -1.379480e-01 -5.030350e-02 -6.679076e-02 -6.192627e-04 -1.537635e-01
2.233757e-01 6.771159e-02 -1.663323e-01 -2.549463e-01 -1.410063e-01 -6.243543e-05 -5.007449e-02 -9.422386e-02
-2.865053e-01 -1.408297e-01 1.551089e-01 -7.016002e-02 -5.784127e-02 -3.843576e-02 -9.277961e-02 1.261538e-01
-8.894834e-02 -8.131096e-02 -1.362449e-01 6.901301e-02 2.360200e-01 3.074335e-01 -1.158966e-02 -2.430914e-02
3.563474e-01 -1.921874e-02 2.219276e-01 -9.183052e-02 -8.218805e-02 -1.350317e-01 2.275107e-01 -9.705837e-02
-2.292051e-01 -1.520317e-01 -2.223449e-02 3.370982e-02 1.750841e-01 2.586075e-02 -2.997978e-01 6.128563e-02
3.444847e-01 -3.368799e-01 2.665757e-02 -1.447769e-01 4.117247e-02 6.312523e-02 1.407293e-01 1.214611e-01
-8.331962e-02 -1.965902e-02 -1.852023e-01 -2.012159e-01 1.486607e-01 1.555613e-01 1.067958e-01 1.016523e-01
-3.011234e-01 -2.985906e-01 -5.873429e-02 -1.694298e-01 -3.183642e-02 -3.329648e-02 -8.892731e-02 2.033095e-02
-1.709093e-01 1.413816e-01 -8.615156e-02 2.239491e-01 2.062237e-01 -1.090169e-01 -1.205125e-01 -1.879267e-02
-1.734258e-01 4.243883e-02 3.971873e-01 7.604314e-02 -2.159610e-01 4.110755e-02 -1.017472e-01 1.061745e-01
-2.043547e-01 -1.284712e-01 2.687113e-01 1.258375e-03 -7.556046e-02 -1.771431e-01 -1.930809e-01 -4.889255e-02
-1.485564e-01 -1.120602e-01 1.531856e-01 -8.398625e-02 -2.302559e-01 1.251999e-01 -1.824272e-03 3.124204e-02
-1.575139e-01 -8.464707e-02 -1.143056e-01 2.185764e-01 3.468968e-01 1.012375e-01 -1.396149e-01 -7.080929e-02
-1.130121e-01 -1.017284e-01 -1.418537e-01 -7.220422e-02 1.391880e-01 2.009406e-01 -9.433575e-02 -3.188894e-02
6.028955e-01 -1.074044e-01 2.827903e-01 -1.310708e-01 -1.026046e-01 -9.408646e-02 1.646254e-01 4.155296e-02
-1.294632e-01 3.819842e-02 1.617330e-01 1.923824e-01 -3.194717e-02 8.563667e-02 -2.942514e-01 -1.360879e-01
-2.006109e-01 -1.173963e-01 -7.196013e-03 -9.969528e-02 1.720645e-01 -1.162375e-01 -9.068906e-02 -3.096865e-02
-1.576540e-01 -9.613379e-02 -1.251050e-01 4.203686e-02 3.109002e-01 1.965595e-02 -1.210465e-01 -4.249310e-02
-1.226243e-01 -8.496343e-02 -1.111004e-01 2.076428e-01 3.184952e-01 2.596878e-01 -8.794502e-02 -4.826109e-02
-1.347971e-01 -1.055263e-01 2.434328e-01 -7.716402e-02 -9.754986e-02 -1.321556e-01 -9.340857e-02 4.188051e-02
-2.353093e-01 -4.146669e-01 1.084213e-01 -7.357927e-02 -3.224201e-02 -7.145089e-03 -1.829762e-01 1.493056e-02
-1.133651e-01 -7.439841e-02 -1.167096e-01 -7.903194e-02 2.496644e-01 9.370418e-02 -2.233819e-02 6.145389e-03
-1.727002e-01 -1.362636e-01 -8.897035e-02 4.411535e-02 2.983336e-01 -9.506515e-02 -1.854474e-01 -1.130721e-01
-1.645483e-01 -3.468112e-02 3.658157e-01 1.522992e-01 -1.744316e-01 -4.360382e-02 -2.726673e-01 -3.382644e-02
-2.372980e-01 -1.243596e-01 -1.393103e-01 -2.185838e-01 1.607991e-01 4.963245e-02 5.124904e-02 9.562372e-02
-2.326407e-01 -1.225870e-01 1.680560e-02 -3.065540e-02 1.958423e-01 -1.780912e-01 -1.882715e-01 -1.359645e-01
-2.454228e-01 -9.382185e-02 -1.210658e-01 -2.637594e-03 2.852143e-01 2.475486e-01 -1.711228e-02 2.979864e-02
-1.900012e-01 -1.200225e-01 1.195467e-01 -1.311753e-01 -6.882780e-02 1.137720e-02 -3.672332e-02 1.378635e-01
-1.224451e-01 -8.004978e-02 -9.100090e-02 -1.426169e-01 1.320712e-01 -1.515111e-02 -2.691995e-03 1.046336e-02
-1.231041e-01 -1.052441e-01 -8.107988e-02 3.465276e-01 2.624491e-01 2.679752e-01 -1.737109e-01 -1.248639e-01
4.813927e-02 -1.193605e-03 -1.278698e-01 -1.344176e-01 2.516354e-01 2.001643e-01 1.306560e-01 4.135936e-02
-1.455070e-01 -5.325630e-02 -1.367854e-01 -1.012329e-01 3.000547e-01 8.719757e-02 9.521929e-02 8.237369e-02
-3.050254e-01 -3.141436e-01 -1.598227e-01 -1.009196e-01 1.220502e-01 3.855275e-02 -1.144887e-01 2.645487e-03
-2.995380e-01 -1.179889e-01 -1.007235e-01 9.065477e-02 3.732844e-01 1.033603e-01 -1.226667e-01 -3.134393e-02
-6.790466e-02 -1.807281e-01 -2.482339e-01 -5.297445e-02 1.317176e-01 3.226721e-01 6.573522e-02 -2.206126e-02
-2.079313e-01 -1.179566e-01 1.684252e-01 -6.626175e-02 3.363161e-03 -1.479318e-01 -1.313096e-01 1.201879e-03
-9.396298e-02 2.070030e-02 -3.585918e-02 4.399019e-01 2.287964e-01 3.033289e-02 -2.087273e-01 -1.033610e-01
-3.053344e-01 -8.607271e-02 -5.335327e-02 7.889570e-02 2.235404e-01 -1.649331e-01 -1.697316e-01 8.739520e-03
3.990872e-01 -1.909091e-01 1.555003e-01 -4.101816e-02 8.237194e-02 -2.278676e-02 1.177764e-01 1.286101e-01
-2.240314e-01 -5.522092e-02 -1.147150e-01 1.796368e-01 3.593050e-01 -6.086181e-02 -1.652058e-01 -4.406660e-02
3.159516e-01 -6.424991e-02 3.417016e-01 6.800501e-02 6.333247e-02 -1.017926e-01 1.219903e-01 -2.115743e-01
-1.710510e-01 -1.110298e-01 -1.051832e-01 2.224303e-01 3.061291e-01 4.142658e-02 -2.678785e-01 -1.762894e-01
4.203957e-01 -2.179136e-01 3.109652e-01 9.916998e-02 8.468930e-02 -1.156243e-02 -1.063345e-01 2.174811e-02
-1.823266e-01 3.610188e-01 3.147115e-01 -3.842905e-03 -1.053611e-01 -7.382138e-02 -1.423272e-01 -2.133740e-02
-2.973094e-01 -2.942418e-01 -1.753407e-01 1.829175e-01 2.582204e-01 -1.089829e-02 -2.048972e-01 -1.010442e-01
-1.278923e-01 -3.373011e-02 -1.529949e-01 -8.341848e-02 1.932684e-01 3.175712e-01 8.182037e-02 5.029850e-02
-9.036088e-02 -9.244770e-02 -1.176665e-01 2.501314e-01 2.559993e-01 4.055559e-01 -3.061214e-02 -6.391469e-02
5.854312e-01 -8.940452e-02 2.203855e-01 -1.347461e-01 -1.166266e-01 -6.906854e-02 1.785191e-01 6.244526e-02
-1.491307e-01 1.813546e-01 2.403751e-01 3.452114e-02 -8.304923e-02 -1.119025e-01 -2.180768e-01 -1.524639e-01
-3.286256e-01 -3.522574e-01 -9.754845e-02 -5.869353e-02 4.244817e-02 -2.263774e-01 -1.149656e-01 -3.492311e-04
-1.943006e-01 -2.712120e-01 -2.355876e-01 -5.488517e-02 1.906676e-01 1.978538e-01 1.498075e-02 -1.687103e-02
3.593240e-01 -3.956223e-01 5.521280e-02 -1.207283e-01 1.065101e-01 2.717461e-02 1.309199e-01 6.359131e-02
-1.611907e-01 -1.012019e-01 -7.787372e-02 -7.889583e-02 2.613376e-01 -6.500749e-02 -7.264975e-02 -2.808120e-02
-7.421183e-02 -1.123290e-02 -1.296385e-01 -2.449566e-02 3.034955e-01 1.916756e-01 6.647930e-02 1.130344e-02
-2.392420e-01 -2.643404e-01 -2.192797e-01 1.427371e-01 2.278117e-01 2.718500e-01 -4.733535e-02 -7.613264e-02
-2.018995e-01 -7.379075e-03 -1.392494e-01 4.300406e-02 2.846268e-01 -3.441734e-02 -3.703408e-02 5.083002e-02
-1.979998e-01 -3.349829e-02 3.771887e-01 -5.368400e-02 -8.739313e-02 -1.145457e-01 -1.171564e-01 8.008333e-02
-1.219737e-01 -7.379059e-02 -1.230050e-01 7.166684e-02 3.462390e-01 1.629453e-01 -3.632834e-02 -2.584803e-02
-2.423046e-01 -9.660605e-02 -6.657927e-02 1.805660e-01 2.692790e-01 -1.503152e-01 -2.894237e-01 -1.256570e-01
-2.710362e-01 -1.131851e-01 -1.176684e-01 -3.641452e-02 3.606071e-01 2.741225e-02 1.295588e-02 3.569512e-02
7.661949e-03 -1.776237e-01 2.890247e-01 4.010979e-02 -1.132374e-01 -1.932486e-01 -2.269087e-01 -7.460426e-02
-1.988651e-01 -2.137811e-01 2.116591e-01 5.305994e-02 -2.189714e-02 -2.780578e-01 -1.302338e-01 3.179700e-02
-1.630590e-01 -8.599609e-02 -9.005369e-02 1.084743e-01 2.468018e-01 2.494409e-01 -1.978655e-01 -4.223961e-02
4.141187e-01 -1.925876e-01 3.561631e-02 -1.312497e-01 5.449825e-02 -1.854903e-02 1.016579e-01 1.506603e-02
-2.074407e-01 -3.085829e-03 -6.976642e-02 -5.459806e-02 1.209329e-01 -3.958755e-02 -1.334533e-02 1.361810e-01
1.092669e-01 5.669931e-02 8.610235e-02 2.074284e-01 4.321786e-01 5.569400e-03 9.369395e-03 2.117613e-02
4.360315e-01 -1.370317e-01 -3.033426e-02 4.300249e-01 1.195155e-01 1.201229e-01 2.180278e-02 -1.616996e-01
-6.146792e-02 -5.532783e-02 2.411955e-01 -8.236954e-02 -8.273637e-02 -1.006799e-01 1.042592e-02 -3.664745e-02
5.741388e-01 -1.530232e-01 -1.293032e-01 2.257077e-02 -1.646180e-01 8.718098e-02 2.173106e-01 -1.716923e-01
-7.539506e-02 -1.091291e-02 1.538143e-01 1.495684e-01 6.740437e-02 -1.359283e-02 3.579065e-02 9.524135e-02
2.508924e-01 -1.515628e-01 -1.083156e-01 2.614228e-02 -1.233729e-01 -1.953867e-02 -5.892979e-03 -9.522609e-02
3.325803e-01 -7.156897e-02 -1.168892e-01 3.644860e-01 3.996786e-01 1.642094e-01 -5.634633e-02 -8.896013e-02
1.006063e-01 1.044303e-02 -4.769549e-02 4.761921e-02 -4.958779e-02 -1.242790e-01 5.616606e-02 2.801238e-01
-9.899751e-02 1.029588e-01 1.381511e-01 -6.891027e-02 4.496418e-01 2.920592e-02 -6.199595e-02 5.950030e-02
2.278178e-02 -1.155615e-01 4.086387e-01 2.761835e-03 1.419245e-01 -1.371093e-01 4.691375e-02 -2.675640e-02
1.275202e-01 -1.417159e-01 -8.448534e-02 2.976322e-01 2.369407e-01 -4.180914e-02 -1.399937e-02 -1.201661e-01
-6.390402e-03 -3.203013e-02 3.323772e-01 8.994520e-02 2.485022e-01 -6.117807e-02 -1.551740e-02 -8.715049e-02
3.675300e-01 9.855905e-02 -8.947068e-02 -7.136898e-02 -5.616697e-02 1.331005e-01 1.022581e-01 4.268885e-02
1.874508e-03 -1.709817e-01 1.996730e-01 1.810229e-01 -3.112652e-02 1.683305e-02 -9.163193e-04 -1.051821e-02
1.268491e-01 -1.205872e-01 7.048589e-02 3.124934e-01 4.721606e-01 4.874321e-02 3.050460e-02 -1.131503e-01
-6.856016e-02 -3.913182e-02 1.012545e-01 -7.377741e-02 -7.771784e-02 -9.773458e-02 1.918189e-02 -2.958438e-02
-4.776223e-02 -5.300602e-02 3.733980e-01 6.248730e-02 3.389699e-01 -2.537170e-02 8.019116e-02 1.365866e-02
2.474782e-01 -2.402243e-01 3.984318e-03 3.823224e-01 1.589419e-01 1.315381e-01 1.119847e-01 -8.198468e-02
4.246228e-01 -8.288626e-02 -6.882764e-02 4.954305e-02 -8.645550e-02 -1.167188e-01 2.071947e-01 -9.642077e-02
-5.450154e-02 -9.069243e-03 1.489665e-01 -8.913382e-03 5.121803e-01 -3.355944e-02 1.247898e-02 -3.156998e-02
-1.191811e-01 9.763464e-02 1.894990e-01 -9.651992e-02 -8.465983e-02 6.766408e-02 -1.319782e-01 2.922616e-01
4.224925e-01 -3.236319e-02 -1.061079e-01 3.516636e-01 2.212277e-01 3.679686e-02 -3.013504e-02 -1.357956e-01
4.222726e-01 -2.147556e-01 1.010231e-02 3.715389e-01 3.143370e-02 8.689018e-02 5.675826e-02 -2.319891e-01
1.860072e-01 -2.767418e-02 -5.358808e-02 2.918557e-01 5.039098e-01 1.294307e-01 -4.034569e-02 -6.604638e-02
1.980558e-01 -1.502363e-01 3.639946e-02 3.629226e-01 2.696529e-01 -9.335250e-02 1.608170e-01 -1.147313e-01
1.340438e-01 -1.439937e-01 -4.907424e-02 2.078186e-02 -8.981483e-02 -1.295937e-01 1.357185e-02 -1.084685e-01
4.331669e-01 -1.479708e-02 -1.100737e-01 -5.784642e-02 -1.255687e-01 8.052238e-02 2.588352e-01 -5.102629e-02
2.400805e-01 -1.374583e-01 -5.064147e-02 3.933467e-01 4.291695e-01 4.556962e-02 1.810264e-02 -1.255942e-01
4.108088e-01 -1.090546e-01 -1.433096e-01 3.831252e-01 2.346650e-01 2.136781e-01 -7.499566e-02 -1.282015e-01
-7.123045e-02 -8.378440e-02 1.453446e-01 -8.288340e-02 2.706453e-01 -1.125991e-01 -3.670116e-02 -9.633803e-02
-1.013001e-01 -9.361636e-02 2.828020e-01 1.863559e-01 -4.473825e-03 -2.320617e-02 3.778486e-02 3.318546e-02
-3.078201e-03 -1.400539e-01 3.106336e-01 1.390911e-01 3.360595e-01 -3.256605e-02 1.150611e-01 1.528945e-02
-6.765749e-02 9.515087e-02 2.490441e-01 -8.107327e-03 3.838660e-01 -1.520195e-06 9.008589e-02 1.130461e-01
3.758074e-01 1.273692e-02 -4.304000e-02 3.287903e-01 1.723923e-01 1.653815e-01 -7.623045e-02 -4.902394e-02
3.680019e-01 -1.449298e-01 -1.290527e-01 4.223599e-01 3.066602e-01 1.009263e-01 -9.667968e-03 -1.499964e-01
5.777557e-01 -3.658773e-02 -1.523650e-01 1.608383e-02 -8.025754e-02 5.380685e-02 1.332009e-01 -1.346681e-01
2.710622e-01 7.674409e-02 -5.756822e-02 2.993747e-01 3.296235e-01 3.120331e-02 -3.151723e-02 1.258149e-02
-3.331479e-02 -1.558940e-01 1.188111e-01 -5.258648e-02 -1.211680e-01 -1.516014e-01 -2.681014e-02 -9.145349e-02
-5.783050e-02 -4.442120e-02 1.374906e-01 -1.138779e-01 -1.271464e-01 -9.843363e-02 2.125425e-01 -6.343701e-02
1.904900e-01 -7.086474e-02 7.038464e-02 3.285994e-01 4.025990e-01 -1.206185e-01 5.381616e-02 -7.276326e-02
-6.906796e-02 -1.542452e-01 1.713444e-01 1.460950e-01 -8.640850e-02 -9.031954e-02 2.887124e-02 -5.520751e-02
3.330929e-01 -9.852374e-02 -7.756793e-02 3.972138e-01 3.414819e-01 -8.305340e-02 -1.152810e-02 -1.001740e-01
1.304149e-01 2.874123e-02 1.432108e-02 1.545631e-01 5.353035e-02 -9.946741e-03 -3.640891e-02 7.469434e-02
1.587757e-01 -2.684975e-01 4.864660e-02 2.574002e-01 -4.384590e-02 1.568958e-03 6.542724e-02 -1.630727e-02
3.921656e-01 -9.731007e-02 -5.619698e-03 3.905431e-01 1.843994e-01 -1.281683e-01 7.272982e-02 -1.374873e-01
7.101715e-02 7.559516e-02 -9.272899e-02 -3.716219e-02 -4.567819e-02 1.109831e-01 -6.757456e-02 3.736298e-01
-9.909665e-02 4.758449e-02 1.617380e-01 -1.238019e-01 -4.226640e-02 -3.516404e-02 -3.933466e-02 3.349781e-02
5.207359e-01 -6.478359e-02 -1.341396e-01 1.583814e-02 -1.093351e-01 1.819488e-01 1.317244e-01 -9.925790e-02
2.297003e-01 -4.073459e-02 -1.292710e-01 -4.984006e-02 -8.377698e-02 3.009425e-02 -4.921818e-02 -1.013024e-02
2.849691e-01 1.607332e-02 -1.086262e-01 3.062446e-01 3.204533e-01 2.544670e-01 -1.183940e-01 -1.529736e-02
2.611451e-01 8.356577e-03 4.860951e-02 -1.038751e-01 -1.366238e-01 -1.238919e-02 3.013030e-01 -5.818836e-02
-6.089095e-02 9.900996e-03 1.002342e-01 -1.127149e-01 -1.078180e-01 -6.868055e-02 -8.419150e-02 3.749954e-01
2.144831e-01 -1.257194e-01 4.505515e-02 2.398098e-01 -9.921191e-03 -2.010046e-02 1.071651e-02 6.616549e-03
-5.360597e-02 -6.322954e-03 2.766368e-01 1.573532e-02 4.455766e-01 -5.690046e-02 1.337885e-02 -2.874088e-02
4.662746e-01 -1.015568e-01 -7.812080e-02 3.375514e-01 1.270860e-01 7.582889e-02 9.532968e-03 -1.849331e-01
2.572336e-01 -9.215727e-02 -3.691215e-02 3.930419e-01 2.852246e-01 1.057132e-01 8.028737e-02 -6.272857e-02
5.273831e-01 -1.647543e-01 -1.315605e-01 8.410719e-02 -9.688480e-02 7.904375e-02 7.617842e-02 -1.350136e-01
1.946866e-01 1.374696e-01 -2.579673e-02 2.007255e-01 3.021593e-01 1.600277e-01 -1.090898e-01 6.850674e-02
-1.152975e-01 1.734719e-01 1.882732e-01 -1.126785e-01 2.867202e-01 4.982657e-02 -3.981440e-02 1.139437e-01
1.653908e-02 -8.734610e-02 3.001138e-01 1.509714e-01 4.127622e-01 -7.803725e-02 2.231848e-02 -6.817959e-02
3.447290e-01 -1.909068e-01 -5.049742e-02 3.978918e-01 1.454393e-01 1.420079e-02 9.218419e-02 -1.959834e-01
-5.617877e-02 8.905854e-02 2.674906e-01 -5.085708e-03 2.600381e-01 4.564948e-02 -4.852786e-02 2.954772e-02
-3.181108e-02 -7.781586e-02 1.331105e-01 6.290033e-02 5.195076e-01 -8.837023e-02 4.423797e-02 -7.585186e-02
1.128192e-01 -1.386179e-01 2.283691e-01 2.599406e-01 2.317610e-01 1.939757e-02 4.683032e-02 -1.063427e-01
