4 4 8 32 16
-9.667955e-02 -6.486890e-02 9.367287e-03 -1.139739e-01 -1.238474e-02 6.704228e-03 3.478734e-01 -6.642877e-02
-9.534782e-02 1.837718e-01 -1.211561e-01 3.498966e-01 -8.809550e-02 -4.648653e-02 -1.600041e-01 -1.151114e-01
-5.338884e-02 6.760868e-02 7.352634e-02 2.165411e-01 -7.277306e-02 -9.379259e-03 -1.454653e-01 -1.356654e-01
8.204550e-02 4.772545e-01 -1.061526e-01 -4.053709e-02 1.041989e-01 1.348011e-01 2.079519e-01 -6.467195e-02
-5.430899e-02 2.926019e-01 -1.416556e-01 1.004899e-01 -1.039245e-01 3.905270e-01 1.659148e-01 -1.243701e-01
-9.480396e-02 -4.059586e-02 -1.240313e-01 2.962349e-01 -1.100132e-01 -7.449862e-02 -1.261828e-01 -6.230883e-02
-7.565023e-02 -1.090201e-02 -8.745032e-02 2.802680e-01 4.596855e-03 -3.052914e-03 -2.497309e-01 -1.687082e-01
-2.948479e-02 2.185549e-01 -1.395285e-01 -7.755379e-02 2.988082e-02 3.597587e-02 3.949539e-01 -5.341149e-02
-7.768659e-02 -3.836233e-02 -6.188238e-02 -8.798093e-02 2.230752e-01 1.746266e-02 5.207553e-01 -1.195289e-01
-1.261722e-01 -1.217056e-01 -1.627941e-02 1.551918e-01 -9.455499e-02 -5.731022e-02 -1.160379e-01 -1.077440e-01
1.534157e-01 2.832204e-02 -3.329350e-02 -1.025056e-02 3.760879e-01 1.296806e-01 3.134594e-01 2.070282e-03
-9.040727e-02 -8.036351e-02 -1.169834e-01 3.190088e-02 -9.965055e-02 3.043313e-01 2.211053e-01 -1.021891e-01
-1.112401e-01 4.168749e-01 -6.266025e-02 2.813713e-01 -8.906945e-02 -4.714330e-02 -1.424253e-01 -1.092434e-01
1.723616e-01 1.681048e-01 -1.173976e-01 -5.328096e-02 2.000268e-01 1.551921e-01 1.967063e-01 -7.846099e-02
-1.020932e-01 -6.506498e-02 2.452801e-01 6.090096e-02 -7.660909e-02 -4.910316e-02 -1.258736e-01 -9.305768e-02
-1.255774e-01 -4.347112e-02 -8.455046e-02 -1.106370e-01 5.308615e-02 -4.398984e-02 -1.050874e-01 -3.564208e-02
-1.560739e-02 -9.793797e-02 -1.237956e-01 2.403228e-01 -1.096507e-01 -1.089115e-01 2.903579e-01 -8.398601e-02
3.505181e-01 5.249584e-02 -1.620716e-01 -1.828738e-01 -2.082850e-01 -1.048851e-01 -1.081753e-01 -1.895241e-01
1.384095e-01 -8.206627e-02 -9.650257e-02 -9.783303e-02 -3.704720e-02 1.916012e-01 -1.405241e-01 9.516139e-02
3.122571e-01 -1.298960e-01 -7.708845e-02 -1.332003e-02 7.773370e-03 -1.980452e-01 -9.456605e-02 2.946237e-01
-1.136097e-01 -5.324933e-02 -1.141615e-01 -1.260028e-01 -5.541613e-02 -8.306798e-02 5.371569e-01 -1.156314e-02
3.484179e-01 -7.267470e-02 -1.555367e-01 -1.428903e-01 -9.847227e-02 -1.417817e-01 -4.618426e-02 1.711473e-01
-8.711360e-02 -2.417782e-02 -1.745372e-01 -9.713074e-02 6.709962e-02 -1.034010e-01 7.389320e-03 -1.531510e-01
-5.614223e-03 -6.371606e-02 -2.599161e-01 -4.940505e-02 -2.753471e-01 -5.148497e-02 2.693370e-01 -3.654806e-02
-1.206868e-01 3.602029e-01 -1.950138e-02 2.124699e-01 -3.584510e-02 -1.649166e-01 -6.123984e-02 2.713048e-02
-5.306077e-02 -5.942727e-02 -1.132153e-01 -9.478109e-02 1.364817e-01 -1.151356e-01 -7.867993e-02 -3.243325e-02
2.409926e-02 -6.377767e-02 -3.700528e-01 5.273434e-02 -2.973248e-01 -7.860050e-02 1.197468e-01 -2.260202e-01
9.973323e-02 -1.620081e-02 -2.401632e-01 -1.354698e-01 -7.221793e-02 -9.882766e-02 7.664317e-03 -6.001296e-02
3.470269e-02 -8.187944e-02 -1.176744e-01 1.288162e-01 -1.131295e-01 -7.560115e-02 5.729903e-01 2.148344e-02
-8.203541e-02 -5.731338e-02 -3.535699e-03 -9.707305e-02 6.179645e-02 1.757585e-01 -8.134346e-02 -1.147596e-01
1.668312e-01 -7.604903e-02 -1.147433e-01 -1.147987e-01 -1.235741e-02 -1.027892e-01 -8.407214e-02 4.003816e-02
4.602839e-01 -6.521136e-02 -9.283068e-02 -9.660480e-02 -1.220834e-01 -1.378571e-01 -7.897459e-02 -1.837008e-03
-1.476922e-01 -1.203081e-01 -9.166327e-02 -7.504008e-02 2.482327e-01 -6.571781e-02 -1.123350e-01 -8.009638e-02
6.030911e-01 -1.141678e-01 1.963924e-01 -8.119823e-02 -5.517494e-02 -1.098650e-01 1.512501e-01 4.781020e-02
-2.224138e-01 -1.848270e-01 1.422752e-01 -6.270695e-02 -6.345682e-02 -5.576804e-02 -7.629969e-02 1.252073e-01
-1.430195e-01 -1.180163e-01 -1.180049e-01 2.334192e-01 2.822523e-01 3.049679e-01 -1.393495e-01 -1.011274e-01
3.434458e-01 -3.429350e-01 5.401743e-02 -1.099162e-01 9.202065e-02 2.891998e-02 1.032612e-01 9.105773e-02
-1.574727e-01 1.776691e-02 3.322223e-01 1.206105e-01 -1.632478e-01 4.341986e-03 -2.102623e-01 -1.736444e-03
-1.332158e-01 -3.573063e-02 -1.201951e-01 2.614765e-01 2.863249e-01 3.496990e-03 -2.113965e-01 -8.669430e-02
-2.790737e-01 -1.558385e-01 -9.573128e-02 1.102196e-01 2.502649e-01 -9.989410e-02 -2.145842e-01 -5.143553e-02
-1.180438e-01 -1.061249e-01 2.225530e-01 -8.957197e-02 -4.372294e-02 -9.968388e-02 -1.315990e-01 1.248319e-02
-1.790397e-01 -2.269126e-01 -1.769059e-01 -3.386998e-03 1.912583e-01 2.772905e-01 -2.749564e-02 -1.083965e-02
-2.438294e-01 -1.018482e-01 -1.299624e-01 -1.680012e-02 2.811804e-01 2.733820e-02 -3.412443e-02 4.275965e-02
-2.729757e-01 -3.844592e-01 -3.396947e-02 -1.240958e-01 -7.236011e-03 -6.992767e-03 -1.208036e-01 2.426258e-02
-7.120562e-02 -3.750248e-02 -1.490276e-01 -5.836141e-02 2.503036e-01 2.415349e-01 6.193529e-02 3.805322e-02
3.086958e-01 -1.436875e-01 3.031225e-01 3.698830e-02 3.457893e-02 -6.113229e-02 1.846672e-02 -8.894724e-02
-1.338622e-01 -8.532070e-02 -1.537936e-01 -1.727855e-01 1.859110e-01 1.023692e-01 7.303269e-02 9.452003e-02
-1.675674e-01 -1.321556e-01 -1.402500e-01 6.072664e-02 3.448269e-01 1.288759e-01 -1.110795e-01 -9.230245e-02
-8.099468e-02 1.035313e-01 2.261938e-01 -1.343026e-02 3.304706e-01 5.577259e-03 -1.826043e-02 9.155811e-02
4.130222e-01 -8.076636e-02 -9.765805e-02 3.998560e-01 3.006400e-01 1.955111e-01 -8.956957e-02 -1.442146e-01
1.724761e-01 -1.810613e-01 4.604705e-02 2.527715e-01 3.788718e-03 2.543476e-03 1.351339e-02 -2.179620e-02
-7.168445e-02 -9.539172e-02 1.213576e-01 -6.572945e-02 -1.031853e-01 -1.078289e-01 -8.143120e-03 -8.424437e-02
-5.155811e-02 -8.015991e-02 2.142510e-01 3.258061e-02 5.412425e-01 -4.884300e-02 -8.109961e-02 -1.127580e-01
2.387258e-01 7.852330e-02 -1.961800e-02 3.035481e-01 2.565855e-01 1.419120e-01 -7.971846e-02 3.411429e-02
5.945330e-01 -1.062713e-01 -1.125410e-01 7.237145e-02 -1.174833e-01 1.218752e-01 1.174598e-01 -1.302188e-01
1.915263e-02 -8.649601e-02 3.545971e-01 1.182748e-01 2.758878e-01 -4.402105e-02 5.036465e-02 -2.044048e-02
2.666847e-01 -8.070409e-02 -8.888649e-02 1.153882e-02 -1.019344e-01 7.970844e-03 -4.555773e-02 -6.462535e-02
2.206901e-01 -8.747648e-02 2.029287e-02 3.479029e-01 4.955628e-01 9.145186e-02 -8.604182e-02 -1.496968e-01
4.355453e-01 -1.691762e-01 -2.054878e-02 4.172706e-01 1.110651e-01 7.329007e-02 3.460590e-03 -1.783379e-01
-2.883133e-02 2.864025e-02 5.703459e-02 -7.089542e-02 -7.795715e-02 4.347979e-03 -6.990488e-02 3.730338e-01
3.846721e-01 -7.075414e-02 -1.557342e-02 -2.129914e-02 -1.153430e-01 -1.342942e-02 2.581052e-01 -9.420033e-02
-5.792902e-02 -1.180890e-01 2.062568e-01 1.752132e-01 -2.231750e-03 -1.033728e-02 1.167826e-02 2.553225e-02
-8.283652e-02 -7.227538e-02 1.084799e-01 -7.198099e-02 3.196669e-01 -9.246947e-02 -4.984791e-02 -1.532006e-01
2.579515e-01 -1.153774e-01 7.057821e-03 3.954228e-01 2.678470e-01 -3.746470e-02 5.961493e-02 -9.697747e-02
-1.478885e-01 -3.964493e-02 -8.739917e-02 -1.169504e-01 4.390788e-02 -3.577876e-02 -1.029795e-01 -5.290152e-02
-6.188636e-02 7.834393e-02 7.925693e-02 2.629734e-01 -6.229431e-02 -9.965334e-03 -1.836909e-01 -1.685349e-01
-3.210011e-02 2.025750e-02 -6.737942e-02 -1.044727e-01 1.131340e-02 -1.824270e-02 3.708184e-01 -6.703784e-02
-4.507347e-02 3.181003e-01 -1.376234e-01 9.144241e-02 -1.512910e-01 3.952844e-01 2.038748e-01 -9.720201e-02
-1.009458e-01 3.010744e-01 -1.026436e-01 3.802246e-01 -4.799395e-02 -4.878697e-02 -1.838788e-01 -1.127730e-01
3.683333e-02 9.825535e-02 -1.389904e-01 -2.945741e-02 2.675656e-01 7.577491e-02 4.950235e-01 -1.096974e-01
-1.583658e-01 -1.044127e-01 -2.287057e-02 2.194621e-01 -9.768499e-02 -9.801257e-02 -1.684496e-01 -1.258475e-01
-1.059567e-01 -6.796268e-02 -1.758885e-01 4.809959e-02 -1.468743e-01 3.225647e-01 2.667853e-01 -6.408586e-02
-8.807751e-02 1.650458e-02 -1.400518e-01 3.749740e-01 -7.875360e-02 -8.733416e-02 -1.790264e-01 -7.911669e-02
-1.356687e-01 -1.656126e-01 5.443748e-02 -5.690078e-02 -1.500885e-01 2.582166e-01 3.163010e-01 -6.140428e-02
1.933150e-01 1.473363e-01 -1.057741e-01 -3.335961e-02 2.013471e-01 1.837358e-01 2.177450e-01 -1.130265e-01
-1.079712e-01 -9.491550e-02 2.596079e-01 1.032083e-01 -9.034074e-02 -5.075606e-02 -1.464017e-01 -9.343237e-02
-7.574853e-02 -1.163636e-01 2.473016e-02 -7.344142e-02 2.511465e-01 -1.954657e-02 5.266113e-01 -7.006620e-02
-6.880278e-02 1.685216e-02 -9.060138e-02 3.076892e-01 1.614807e-02 4.972905e-03 -2.829323e-01 -1.892499e-01
6.494455e-02 3.836626e-01 -1.550744e-01 -4.839650e-02 6.144318e-02 8.793050e-02 2.646446e-01 -8.356929e-02
1.667357e-01 -9.883110e-03 -9.987835e-03 5.419196e-03 3.645638e-01 1.314253e-01 3.346968e-01 2.151284e-03
-1.582690e-01 2.418205e-01 1.694778e-02 4.724640e-01 -1.836984e-02 -1.650944e-01 -1.107597e-01 -9.288401e-03
1.235133e-01 -5.910046e-02 -1.953493e-01 -1.066587e-01 -8.505593e-02 -1.375124e-01 -1.505425e-02 -5.189947e-02
3.180844e-02 -5.265394e-02 -3.816033e-01 5.771067e-02 -3.161695e-01 -9.295180e-02 1.274864e-01 -2.497271e-01
-1.101731e-01 -4.863988e-02 -1.535828e-01 -8.468877e-02 7.140974e-02 -1.178199e-01 -9.457442e-03 -1.571343e-01
-1.350862e-02 -9.166517e-02 -1.792811e-01 2.474003e-01 -1.743603e-01 -8.685884e-02 2.520775e-01 -1.447103e-01
3.510081e-01 -1.477511e-01 -4.075000e-02 -3.094130e-02 -8.651597e-03 -1.641727e-01 -1.179519e-01 2.687268e-01
1.378979e-01 -1.263933e-01 -3.777931e-02 -6.427380e-02 -1.823744e-02 1.908420e-01 -1.397189e-01 1.030762e-01
-2.811591e-02 -5.218370e-02 -2.510884e-01 -6.513019e-02 -2.674775e-01 -7.363996e-02 3.032966e-01 -9.399971e-02
1.656495e-02 -1.455055e-01 -7.692397e-02 1.083167e-01 -1.071571e-01 -1.082829e-01 5.111882e-01 4.410860e-02
-1.331483e-01 -8.647951e-02 1.358793e-02 -8.582575e-02 8.819100e-02 1.894048e-01 -6.208664e-02 -1.156352e-01
3.198289e-01 -5.483881e-02 -1.728777e-01 -1.437263e-01 -1.680282e-01 -1.449147e-01 -2.947816e-02 8.449306e-02
3.994539e-01 -1.721007e-03 -1.260346e-01 -1.816445e-01 -1.896095e-01 -1.078972e-01 -9.421614e-02 -1.735864e-01
4.691669e-01 -1.125170e-01 -6.847224e-02 -8.215681e-02 -1.536949e-01 -1.486841e-01 -7.636889e-02 1.294200e-02
-1.203917e-01 4.913327e-01 -3.407653e-02 5.837495e-02 -6.508900e-02 -1.540988e-01 -4.122654e-02 6.425901e-02
5.001253e-02 4.680127e-02 -1.467839e-01 -2.008735e-01 -7.266258e-02 1.156436e-03 -3.684337e-02 -1.886178e-01
1.223901e-02 -1.137251e-01 -7.670902e-02 -4.894248e-02 1.229284e-01 -1.108325e-01 -1.058362e-01 5.323603e-02
3.386333e-01 -1.278381e-01 3.188880e-01 6.347651e-02 5.692250e-02 -9.959371e-02 1.402550e-02 -8.915371e-02
-2.014498e-01 -1.109493e-01 -1.076985e-01 1.150719e-01 3.339869e-01 1.079369e-01 -1.348226e-01 -6.025710e-02
-1.915442e-01 -1.380081e-01 2.535263e-01 -3.078821e-02 -7.294916e-02 -1.796431e-01 -1.461920e-01 6.307843e-04
-1.238224e-01 -1.131848e-01 -1.579964e-01 4.485216e-03 2.268277e-01 2.761207e-01 -1.311908e-03 -1.168815e-02
5.756409e-01 -8.949263e-02 2.459001e-01 -1.345813e-01 -9.129434e-02 -9.032785e-02 1.647693e-01 4.956913e-02
-2.839893e-01 -3.577078e-01 -2.287337e-02 -1.124089e-01 5.496433e-03 -3.280162e-02 -1.372769e-01 1.245727e-02
3.681356e-01 -3.187630e-01 7.008764e-02 -1.146674e-01 6.509466e-02 2.782560e-02 1.219625e-01 8.786257e-02
-2.441595e-01 -1.054925e-01 -3.899823e-02 4.630704e-03 2.305387e-01 -1.397746e-01 -1.686033e-01 -7.508915e-02
-1.900373e-01 -6.809454e-02 -1.230486e-01 -6.136904e-03 3.076718e-01 4.925206e-02 -1.126413e-02 4.050805e-02
-1.633895e-01 -8.847114e-02 -1.036518e-01 -1.279015e-01 1.530450e-01 1.175800e-02 -6.110303e-03 3.708507e-02
-5.056902e-02 -2.402009e-02 -1.608960e-01 -1.274602e-01 2.278915e-01 1.882909e-01 1.053207e-01 5.402637e-02
-1.409186e-01 -7.372732e-03 2.780026e-01 1.437472e-01 -1.176440e-01 -1.127205e-02 -2.934150e-01 -1.072949e-01
-1.104113e-01 -1.048631e-01 -1.111413e-01 2.323655e-01 2.819580e-01 3.025264e-01 -9.044620e-02 -7.321696e-02
-1.881367e-01 -7.060945e-02 -9.805689e-02 2.309007e-01 2.704301e-01 -4.100395e-02 -2.150304e-01 -1.039244e-01
-1.845790e-01 4.969915e-02 3.911435e-01 6.487707e-02 -1.846209e-01 -1.825555e-03 -1.254391e-01 7.151745e-02
-2.287350e-01 -1.231106e-01 1.440954e-01 -1.044450e-01 -7.857469e-02 -8.050987e-03 -5.338908e-02 1.156089e-01
-3.692595e-02 4.907167e-02 7.461461e-02 -8.681060e-02 -8.975115e-02 -3.543040e-03 -8.115406e-02 3.478762e-01
2.846725e-01 -1.228193e-01 -2.212181e-02 3.830498e-01 2.382880e-01 -7.580952e-02 8.599707e-02 -1.193184e-01
-9.613342e-02 1.330292e-01 2.324636e-01 -3.741943e-02 3.157941e-01 3.125689e-02 -1.552766e-02 9.204871e-02
2.525900e-01 -7.490303e-02 -8.305943e-02 -7.673231e-03 -9.108882e-02 -1.866794e-02 6.486815e-02 -6.301516e-02
1.503268e-02 -8.937272e-02 3.742986e-01 3.458214e-02 1.797037e-01 -1.025787e-01 3.557112e-02 -5.090302e-02
1.501200e-01 -9.039654e-02 4.720613e-02 3.207364e-01 4.372067e-01 6.019920e-03 3.303104e-02 -9.464621e-02
6.717519e-03 -1.030971e-01 3.192523e-01 1.318645e-01 3.537315e-01 -2.671667e-02 8.096740e-02 -1.103294e-02
5.353967e-01 -9.217744e-02 -1.292409e-01 3.931666e-02 -1.211334e-01 7.224441e-02 1.575415e-01 -1.194504e-01
4.017808e-01 -7.595702e-02 -1.057776e-01 3.847514e-01 2.202831e-01 1.617533e-01 -6.360984e-02 -1.151862e-01
-5.473022e-02 -1.188770e-01 2.152328e-01 1.683169e-01 -8.650903e-03 -1.164497e-03 1.880176e-02 1.568578e-02
-5.979883e-02 -3.037696e-02 1.553544e-01 1.155170e-02 4.648409e-01 -7.701102e-02 1.155800e-02 -5.684197e-02
3.223525e-01 -1.200361e-01 -1.044522e-01 4.040094e-01 3.613013e-01 7.554424e-02 -1.496530e-02 -1.156417e-01
1.733882e-01 -1.776567e-01 4.115075e-02 2.570478e-01 1.330295e-02 -9.518661e-03 2.934011e-02 -1.290783e-02
-5.936571e-02 -9.541555e-02 1.336347e-01 -7.390647e-02 -8.598933e-02 -1.112584e-01 2.504491e-02 -6.036288e-02
2.224579e-01 8.630855e-02 -4.845558e-02 2.458840e-01 3.186182e-01 1.554096e-01 -8.279633e-02 2.873877e-02
4.007211e-01 -1.727662e-01 -1.735222e-02 3.841540e-01 8.944520e-02 6.834779e-02 4.263947e-02 -1.921599e-01
