2 3 8 16 8
-3.144351e-01 4.022440e-02 -1.398169e-01 4.446007e-02 3.577118e-01 1.602424e-01 1.767057e-01 2.088631e-02
1.325788e-01 -3.820621e-01 1.812756e-03 -5.925705e-02 -8.999227e-02 3.656514e-01 4.847362e-02 -1.186917e-01
2.092928e-01 3.073165e-01 -2.945734e-01 -4.379950e-02 9.748452e-02 2.331936e-01 -9.592359e-02 -2.246143e-01
-1.316738e-01 -2.552944e-01 1.470168e-01 1.125436e-01 -5.356289e-02 -1.929460e-01 5.081451e-02 1.339499e-01
2.437454e-01 1.163031e-01 -1.338460e-01 3.336969e-01 -2.028082e-01 1.076710e-01 -6.202862e-02 1.709116e-01
-1.814574e-01 3.586505e-02 -2.590963e-02 -7.990048e-02 4.181516e-01 -1.639569e-02 -2.325443e-01 -4.150530e-02
-9.795917e-02 4.671415e-01 9.189712e-02 -1.857151e-02 1.609973e-01 -1.859431e-01 -3.985298e-02 2.296712e-01
-4.192702e-02 1.134018e-01 3.874498e-01 -4.002823e-02 -1.930563e-01 3.618506e-02 -7.565267e-02 2.321694e-01
7.891567e-02 -2.643613e-01 -3.181383e-03 4.916623e-01 -3.565677e-02 -7.631148e-03 4.457437e-01 -5.637072e-02
1.611109e-01 -1.863190e-01 -1.182204e-01 -8.548290e-02 3.412643e-01 -2.488492e-01 -7.581927e-02 -2.143949e-01
-1.732184e-01 7.700052e-03 2.859653e-02 3.878160e-01 -5.659956e-02 -1.771761e-01 -3.892058e-01 -1.332774e-01
1.792027e-01 2.358560e-01 9.420995e-03 -7.747760e-02 7.966463e-02 1.001186e-01 4.508535e-01 1.086569e-01
-8.746089e-02 3.615649e-01 3.007410e-01 -2.070031e-01 -1.679652e-01 -4.774910e-02 -1.293707e-01 1.512153e-01
3.237745e-01 -2.419824e-01 -3.308569e-01 3.644205e-01 1.663772e-01 7.599705e-02 4.187286e-02 -2.301263e-02
6.526536e-03 -1.531213e-03 -7.290382e-02 -1.094877e-01 -1.815304e-01 2.534733e-01 4.394409e-01 -3.638486e-01
-1.094594e-01 2.157914e-01 2.413565e-01 8.208777e-02 2.338784e-01 2.028357e-02 -2.459302e-01 4.657126e-01
-5.573089e-03 -6.231586e-02 -8.580880e-02 1.128599e-01 2.804109e-01 1.871123e-01 -5.007486e-02 -5.841342e-02
9.008571e-02 2.617858e-01 2.289749e-02 -2.395286e-01 -2.886010e-01 3.635489e-02 1.163082e-01 -1.321797e-01
1.503972e-01 -9.891343e-03 1.293834e-01 -6.296093e-02 -2.986733e-02 5.008258e-01 -4.896828e-01 -5.256747e-02
5.851482e-02 -1.430238e-01 -6.093707e-02 1.489962e-01 1.839207e-01 -3.094161e-02 -1.344247e-01 5.494427e-01
8.137454e-02 -5.021847e-02 -2.952690e-01 1.074756e-01 1.364241e-01 -1.964191e-01 8.873294e-02 -2.772347e-01
-2.420607e-01 -1.552815e-01 -7.754755e-02 2.990388e-01 1.174122e-01 -2.578163e-01 6.364475e-02 6.510460e-02
4.067976e-03 3.608516e-02 4.530844e-01 -1.199480e-01 -1.834738e-01 3.261329e-01 -9.726996e-02 2.526484e-01
-9.217521e-02 2.611041e-02 5.477361e-03 -1.541410e-01 -1.165024e-01 -2.002452e-01 -2.179414e-02 -4.978790e-01
2.606406e-01 -2.485928e-01 -4.492401e-01 7.509121e-02 -2.717570e-01 -1.464313e-02 -4.477428e-01 -2.111488e-02
-2.706357e-01 -6.568278e-02 -1.500130e-01 1.399823e-01 -8.656961e-02 7.223789e-02 1.891854e-01 1.527262e-01
4.008593e-01 -7.377753e-02 1.666315e-01 8.952822e-03 -2.859342e-02 -2.103450e-01 -9.015046e-02 -7.295434e-02
8.107196e-02 3.688512e-03 1.314418e-02 -1.874667e-01 -5.195879e-01 1.475342e-01 -3.884144e-02 8.715594e-02
-2.000597e-01 2.155864e-01 2.292108e-01 2.652843e-01 1.827489e-01 -1.190715e-01 -3.934918e-01 -4.447661e-02
1.110510e-01 9.825887e-02 1.633065e-01 -9.402166e-02 2.602875e-01 7.588054e-02 1.926591e-01 -6.063576e-02
1.593975e-02 2.713699e-01 -1.248439e-01 1.379659e-01 5.271247e-02 3.931742e-01 2.006958e-03 -3.651723e-01
-3.843099e-02 -2.890586e-01 2.022743e-01 -1.148547e-01 2.739112e-02 -3.131180e-01 1.399229e-01 3.271763e-01
-1.012311e-02 1.097749e-01 3.258513e-01 -1.455126e-01 1.013945e-02 7.577103e-02 -3.983333e-02 1.634485e-01
1.501076e-01 -1.074719e-01 -3.670438e-02 -1.451395e-02 2.510306e-01 1.148436e-01 1.724351e-01 -8.874527e-02
7.967205e-02 3.421133e-01 -1.927776e-01 3.196804e-02 6.391884e-02 8.102357e-04 -8.560435e-02 1.913594e-02
-2.141673e-01 2.053293e-01 5.760154e-02 -1.817816e-01 4.067572e-01 -9.639858e-02 -8.418683e-02 5.768343e-03
-5.319296e-02 -9.897985e-02 -8.174869e-02 2.092711e-01 -1.288292e-01 -1.266944e-01 -3.450458e-02 2.798105e-02
-6.172134e-02 8.337691e-02 2.615343e-02 -1.349126e-01 2.455953e-02 5.807917e-02 4.306807e-01 -9.859689e-02
3.340729e-01 -1.545345e-01 -8.388480e-02 1.020197e-01 -1.263297e-01 3.120731e-01 -4.844112e-02 -1.545444e-02
-3.225811e-01 1.077775e-01 1.666878e-01 2.006101e-01 2.698984e-01 1.991031e-01 2.304661e-01 1.737939e-01
9.045686e-02 -1.492533e-01 -2.325870e-01 1.279537e-02 3.376296e-01 1.911898e-01 -2.062847e-01 7.276853e-02
-1.640406e-01 2.170965e-01 1.880197e-01 6.587163e-03 1.915445e-02 5.754492e-02 -1.551516e-01 4.049442e-01
2.574084e-01 -8.505993e-02 -1.621941e-01 4.239226e-01 2.331866e-02 1.656300e-02 -2.539919e-02 -6.180798e-02
-1.374830e-02 6.115954e-02 3.070271e-01 1.669539e-01 -1.942936e-01 -1.019185e-01 3.661623e-01 -4.178673e-02
3.356475e-03 -8.426374e-02 3.280548e-01 5.199974e-01 2.962982e-01 -4.887656e-02 4.589533e-02 -1.120703e-01
5.127111e-02 4.438987e-01 -2.150837e-02 2.444009e-01 1.272483e-01 6.695874e-02 1.664207e-01 2.593803e-03
-1.843109e-01 3.123962e-02 1.202239e-01 -2.612996e-01 -1.666307e-02 -1.214672e-01 -6.233043e-02 2.618384e-03
1.514105e-01 -1.232775e-01 -1.519302e-01 -1.311263e-01 2.365319e-02 6.550749e-02 2.071480e-01 -2.129400e-01
-3.185995e-02 6.004277e-02 -9.095646e-03 3.013731e-02 3.106915e-02 1.061026e-01 -7.395165e-02 -5.522081e-01
7.322723e-02 -8.026222e-02 6.417003e-02 -6.006870e-02 -1.554983e-02 -8.600385e-02 6.419461e-02 4.787658e-01
-9.018405e-02 -7.094799e-02 -1.825781e-01 4.653711e-02 -2.068250e-01 2.451594e-01 -1.130357e-01 1.018466e-01
2.324609e-01 -1.632635e-01 -1.684536e-02 1.925186e-01 -7.429473e-02 -4.894181e-02 -4.344131e-02 -1.476390e-02
-5.166993e-02 2.462608e-01 -2.685074e-03 -2.595942e-01 -1.295380e-02 2.761503e-02 3.909289e-02 -2.905686e-02
7.034738e-02 1.041205e-01 1.231227e-01 -5.045701e-02 3.705148e-02 -5.425578e-01 8.498991e-02 -4.329134e-02
8.294922e-02 -5.321755e-02 1.280815e-01 5.003565e-02 3.990982e-01 8.890378e-02 4.897986e-03 -5.154169e-02
-1.015015e-01 1.588073e-03 -3.048584e-01 1.672443e-01 3.558500e-01 -7.911707e-02 -1.958450e-01 -9.273738e-02
-3.789755e-01 4.915580e-02 3.156878e-03 -6.632647e-02 1.507104e-02 1.257309e-01 2.260533e-02 2.620783e-02
1.418415e-01 1.004767e-01 1.779094e-01 -2.541598e-02 3.490335e-02 -4.487479e-02 2.306413e-01 -5.589452e-02
-1.843193e-01 1.580239e-01 3.944122e-01 1.409551e-01 -1.879791e-01 -2.729327e-01 -1.307614e-01 -1.088689e-02
-8.837499e-02 -3.333365e-01 9.423567e-02 3.356246e-01 -5.275328e-02 -2.789082e-01 -2.070810e-01 1.980601e-01
1.829278e-01 -1.332330e-01 -3.274476e-01 2.575418e-02 7.584525e-03 2.244565e-02 -1.153205e-01 -3.801899e-02
1.075906e-01 -2.286430e-04 -1.218745e-01 1.123873e-01 4.104371e-01 -3.810509e-02 2.555851e-01 -8.655634e-02
-4.266447e-02 3.506450e-02 7.271788e-02 -6.118022e-02 -1.052179e-01 1.040378e-01 -4.719929e-01 5.399115e-02
5.523835e-02 7.649226e-02 7.398342e-02 -1.486143e-01 -3.401799e-01 2.034957e-01 1.458800e-01 7.602865e-02
