1 5 16 16 32
-2.622988e-01 -9.727954e-02 -2.442415e-01 4.459209e-01 5.518042e-01 2.265041e-01 4.220069e-01 -1.057373e-01 -4.682814e-02 3.167270e-01 -2.958334e-02 1.715403e-01 3.013219e-01 -5.671499e-02 3.727910e-01 -2.849727e-01
-1.102004e-01 3.604514e-01 2.620922e-01 3.814071e-01 5.482794e-02 -2.947996e-01 4.976369e-02 2.864616e-01 -2.908329e-01 -1.087651e-01 1.672805e-01 3.745813e-01 3.540827e-01 -2.634562e-01 -5.357583e-01 -1.243113e-02
7.276289e-03 -2.594832e-01 3.453088e-01 5.727863e-02 -1.783018e-01 3.409024e-01 7.148268e-02 9.240670e-02 2.871946e-01 -1.163730e-01 -1.691338e-01 -9.087491e-02 6.067861e-01 -3.225744e-01 -1.231054e-01 -3.074889e-01
2.286278e-01 -3.601512e-01 -2.609827e-01 -1.942197e-01 -6.326044e-02 3.848555e-01 1.328874e-03 -1.577216e-01 2.545649e-01 2.657394e-01 -3.298784e-02 -1.672799e-01 -2.951538e-01 4.964632e-02 6.636522e-01 1.064485e-01
5.202827e-01 -2.543321e-02 3.818577e-01 -3.672783e-01 -4.124258e-01 -6.753647e-02 -4.430880e-01 1.661135e-01 -1.973970e-02 -2.092472e-01 4.906690e-01 -4.563225e-02 5.420736e-02 -1.938368e-01 -4.781806e-01 4.498953e-01
-4.753412e-02 3.958999e-01 -9.396631e-02 -3.971303e-01 1.656306e-01 3.358526e-01 5.235828e-01 -4.567943e-01 2.872126e-01 -3.628475e-01 -4.038970e-01 -7.056347e-02 4.214039e-01 2.795168e-01 -1.623680e-01 -2.829658e-01
-8.929583e-02 1.948132e-01 -2.253341e-01 3.583504e-02 3.394424e-01 1.869683e-01 -4.410174e-01 -1.858281e-01 2.033091e-02 -3.124197e-01 9.024618e-02 4.838823e-01 -2.517003e-01 4.652927e-02 4.703525e-01 -1.072277e-01
-2.953728e-03 2.571295e-01 -2.697692e-02 -2.915168e-01 -9.046890e-02 -3.112375e-01 -9.129233e-02 2.265687e-01 2.866593e-01 1.211009e-01 -2.150746e-01 -2.296614e-01 -3.667502e-01 6.709381e-01 7.917642e-01 -7.046120e-01
5.735569e-02 1.793340e-01 -2.056236e-01 1.893697e-01 -1.877751e-01 5.147587e-02 4.193758e-01 1.883602e-01 2.080588e-02 3.055741e-01 2.140865e-01 -9.069887e-02 3.020026e-01 1.939066e-01 -1.674225e-01 4.037154e-01
-1.016832e-01 -3.287071e-01 1.007208e-01 -2.061163e-01 9.757189e-02 -1.569502e-01 -3.799419e-01 1.019654e-01 5.954359e-02 -4.859292e-01 -1.427213e-01 5.119967e-01 -1.771071e-01 1.361607e-01 7.755011e-01 -1.302874e-01
1.519255e-01 -2.688554e-01 1.228400e-01 3.755887e-01 -3.165098e-01 -4.269524e-01 -4.151453e-01 4.981358e-01 -3.309081e-01 4.972858e-01 4.974992e-01 -1.314629e-01 -3.646984e-01 -1.353575e-01 3.143850e-02 1.882265e-01
5.513817e-02 -2.845810e-01 3.617805e-01 -9.515642e-02 -4.092645e-01 -2.565431e-01 5.767314e-01 2.990455e-01 -1.058007e-01 3.513913e-01 -8.437188e-03 -3.897608e-01 3.095349e-01 -1.360632e-01 -3.895237e-01 -5.536306e-03
-1.678721e-01 7.058392e-01 -3.732586e-02 3.095659e-02 1.398993e-01 -2.475448e-01 -2.116541e-01 2.458508e-01 -2.516164e-01 1.692483e-01 -1.698998e-02 2.444366e-01 -2.277889e-01 -7.223744e-02 -5.541919e-01 -2.083413e-01
-3.192419e-01 -1.879779e-01 -1.599265e-01 8.981190e-02 2.134553e-01 1.457583e-01 -5.757142e-01 1.313883e-01 4.328294e-01 -2.582228e-01 -1.915478e-01 4.763204e-01 -1.122769e-01 -1.050505e-01 7.545497e-01 3.450369e-01
-2.416272e-02 1.728377e-01 -1.565184e-01 1.697489e-02 -1.173319e-02 -4.322410e-01 -2.488507e-01 1.229844e-01 -1.080875e-01 -4.977419e-03 3.434250e-01 -2.921009e-02 -3.139699e-01 1.485607e-01 1.438726e-01 4.834565e-01
1.296590e-01 -2.855982e-01 9.038079e-02 -3.641638e-01 -1.860990e-01 5.729170e-01 2.349975e-01 -2.243587e-01 4.704022e-01 -6.720476e-02 -2.112237e-01 -2.361062e-01 2.648587e-02 2.585220e-01 7.287966e-01 -1.740665e-01
-1.862388e-01 -6.946319e-02 -7.477538e-02 -1.592372e-01 3.906432e-01 5.996094e-02 1.237539e-01 1.481760e-02 5.412920e-02 4.477728e-03 -2.981933e-01 -1.808076e-01 -1.961575e-01 2.523845e-01 8.940635e-01 -6.418810e-01
-6.681552e-02 4.520187e-01 4.109433e-02 1.344203e-01 1.498414e-01 -2.824829e-01 -1.843267e-01 3.479542e-01 -2.633082e-01 1.203906e-01 5.916184e-02 3.771905e-01 7.420470e-03 -2.177784e-01 -3.662163e-01 -7.002795e-02
-2.503303e-01 -1.540802e-01 2.931191e-01 2.726447e-01 1.429489e-01 -2.048169e-01 3.579582e-02 1.367738e-01 3.336521e-01 -1.275006e-01 -2.844486e-01 5.627181e-01 1.509616e-01 -1.316973e-01 -2.067371e-01 1.462768e-02
-5.852319e-02 -6.333800e-01 3.852566e-03 3.224826e-02 1.054908e-01 1.468834e-01 -1.897655e-01 -1.171624e-02 4.492429e-01 -1.183701e-01 -8.831467e-02 1.305664e-01 8.605465e-02 9.988166e-02 1.052882e+00 3.616006e-01
-2.577865e-02 8.916602e-02 5.940710e-01 -5.072065e-02 -2.214910e-01 -1.029133e-01 -3.532200e-01 4.776281e-01 -3.855053e-01 2.815871e-01 5.993158e-01 1.096582e-01 1.525908e-01 -9.288986e-02 -2.061434e-01 4.589964e-01
-1.553108e-01 1.221412e-01 -1.162534e-02 -1.041300e-01 6.443980e-01 -4.771366e-02 -2.518865e-01 -1.303573e-01 4.198048e-01 -2.815663e-01 -3.595747e-01 2.495534e-01 -1.522383e-01 2.126932e-01 1.959562e-01 -3.226345e-01
3.096411e-01 2.382022e-01 -1.172888e-01 5.291976e-01 -2.438140e-01 5.171975e-02 -9.844310e-02 3.111594e-01 -4.649712e-02 5.131421e-01 5.333022e-01 -1.901041e-01 -1.425791e-01 -1.486952e-01 -2.398148e-01 9.615561e-02
2.650449e-02 3.636579e-01 2.436525e-01 -1.695397e-01 4.051340e-01 2.702350e-01 -6.733452e-02 -3.196073e-01 -8.862472e-02 1.071401e-01 -1.534134e-01 -4.602721e-02 -2.805021e-01 -4.144037e-01 -2.024118e-01 -3.619511e-01
6.965194e-01 1.485056e-01 -4.487620e-01 -1.960849e-01 -1.924431e-01 5.675688e-01 -2.418039e-01 -4.903346e-01 2.270143e-03 -6.007700e-01 8.012246e-02 -2.831343e-01 3.241927e-01 -2.289421e-01 5.628045e-02 -3.882614e-01
-4.499519e-02 6.014596e-01 2.565708e-01 -3.655629e-02 3.017050e-01 1.053943e-01 -5.280868e-02 2.829941e-01 -8.927760e-02 -5.625550e-02 -8.023334e-02 3.543159e-01 -2.368628e-01 -2.541500e-01 -4.251599e-01 -1.741342e-01
-3.906368e-01 5.299532e-02 -2.934593e-01 -2.264461e-01 4.251136e-01 2.045150e-01 3.694406e-01 -3.938359e-01 4.645141e-01 -4.453340e-01 -4.521109e-01 5.092956e-01 3.350875e-01 1.219173e-01 1.345793e-01 2.178216e-02
3.913421e-01 -1.427328e-01 -2.343484e-01 -2.270950e-01 -1.360575e-01 1.080701e+00 -1.550517e-01 -4.390990e-01 7.642195e-02 -3.210753e-01 1.811169e-02 -3.889494e-01 5.670322e-01 -3.250094e-01 2.384827e-02 -2.812449e-01
-2.150770e-01 -1.235290e-01 4.290810e-02 4.657637e-01 9.117655e-02 -4.156541e-01 5.705454e-02 7.431244e-03 -1.856913e-01 1.267128e-01 2.256053e-01 4.732223e-01 7.190330e-02 -3.808605e-01 -4.985237e-01 4.440772e-01
-1.867074e-01 1.378802e-01 2.456250e-01 7.626257e-02 -2.465804e-01 3.061902e-01 -3.407728e-02 4.473558e-01 -1.545238e-01 3.159680e-01 -7.768322e-02 2.841477e-01 3.962324e-01 1.336422e-01 -2.052837e-01 6.077179e-01
-2.858134e-02 4.340593e-01 4.865602e-02 -9.769544e-02 3.215052e-01 -6.781434e-02 -2.010745e-02 1.448994e-01 -1.160275e-01 -4.061700e-02 1.597684e-01 6.130662e-01 -7.332034e-02 -1.224399e-01 -2.634332e-01 -2.903510e-01
6.700066e-01 -1.355595e-01 1.232652e-01 -4.776774e-01 -4.374304e-01 -2.751956e-01 -4.803571e-01 -8.066268e-02 1.300643e-01 -5.655143e-01 1.772501e-01 -4.052197e-01 -2.816719e-01 -2.298848e-01 -5.439556e-01 1.245232e-01
-5.617404e-02 -7.614338e-02 -1.799526e-01 5.121279e-03 -2.048489e-02 -9.920932e-02 2.067349e-01 -4.750290e-01 -2.017766e-01 3.399194e-01 1.355207e-01 1.691416e-01 7.236177e-02 1.147328e-01 -4.370377e-01 -5.565570e-02
-6.327770e-02 1.593862e-01 3.118756e-01 2.304231e-02 -3.544351e-01 7.115537e-02 -1.325530e-01 -2.775502e-01 -6.151085e-02 -2.396862e-01 6.112955e-01 -9.922278e-03 -3.459971e-02 6.328428e-02 6.469259e-01 1.847001e-01
-2.740273e-01 -3.408581e-01 -9.388171e-02 2.527613e-01 3.702271e-01 -3.033815e-01 -4.691067e-01 4.796888e-01 -4.140386e-02 -2.107010e-01 -2.717719e-01 1.775089e-01 -4.060775e-01 -2.503693e-02 1.758232e-01 1.275603e-01
2.396390e-01 8.874209e-02 1.182713e-01 -6.300631e-03 6.053070e-03 4.196455e-01 -5.418323e-01 -3.386987e-01 3.053633e-02 -3.851477e-01 2.608040e-01 -2.358067e-01 -5.007207e-01 2.896388e-01 2.227480e-01 1.249689e-01
-1.763957e-01 -2.537758e-01 -2.113788e-01 3.585618e-01 2.562276e-01 -2.806163e-01 7.649166e-02 2.572485e-01 -1.149612e-01 3.576540e-01 -1.746283e-01 3.194605e-01 1.695928e-01 -3.738458e-01 -3.641498e-01 -1.331271e-02
-1.167147e-01 5.101404e-01 -1.912439e-01 5.940810e-02 -1.175623e-01 -2.464253e-01 -1.415074e-02 -8.086611e-02 6.614895e-01 -2.533242e-01 -9.483401e-02 4.303062e-03 2.937296e-01 4.637530e-02 -8.581871e-02 1.576106e-01
-2.452836e-01 2.947833e-02 -4.920653e-02 -2.069354e-01 -1.904686e-01 -2.673156e-01 1.451932e-01 -3.559171e-01 -2.170365e-01 -4.127490e-02 -5.274129e-02 3.021732e-01 9.989929e-02 4.649369e-02 1.400711e-01 3.603377e-01
-4.443843e-01 2.532733e-01 -2.603811e-01 1.510712e-01 2.953601e-01 -6.394705e-01 4.198531e-02 -2.426047e-01 2.021605e-01 -2.315433e-01 1.224554e-01 3.076272e-02 -3.698935e-02 -1.620080e-01 7.246977e-02 1.775701e-02
-7.757697e-02 -2.451670e-01 -5.734245e-01 2.134513e-03 3.396614e-02 -1.494602e-01 7.362527e-02 3.077605e-01 -1.429313e-01 4.268578e-01 -5.996913e-03 2.209927e-01 -4.195356e-02 -6.797980e-02 1.374433e-01 4.708568e-02
1.457861e-01 -4.337257e-02 -2.837711e-01 -5.812623e-01 -5.771563e-02 -1.001658e-01 -1.212888e-01 -1.900854e-01 -7.818042e-02 1.582954e-01 5.310980e-01 -2.516921e-02 2.180601e-01 2.047920e-01 6.384671e-01 4.855740e-02
4.644502e-01 -3.612468e-01 -1.893705e-01 -2.368667e-01 -6.974986e-03 -3.286490e-01 -9.176320e-02 6.465507e-02 4.219652e-01 7.594734e-02 -1.639473e-01 -8.515447e-02 3.541829e-01 -5.832481e-02 6.646080e-02 1.485575e-01
6.871580e-02 -6.265184e-01 6.874202e-02 9.687170e-02 2.130234e-01 1.353312e-01 -1.129265e-01 6.544781e-02 -4.144716e-01 4.175654e-02 -1.663840e-01 7.913075e-02 -1.645490e-01 -9.347846e-02 2.696381e-02 1.518708e-02
-1.134451e-01 1.454005e-01 4.076464e-01 -1.473478e-01 -1.295125e-01 2.905976e-02 -1.106535e-01 3.492313e-01 1.075795e-01 -4.279503e-01 2.687066e-01 -3.074609e-01 -3.854614e-03 -4.811797e-01 -8.718785e-02 6.275919e-01
-1.784286e-01 9.015043e-02 -1.638849e-02 3.218039e-01 1.418516e-01 -3.245490e-01 6.496082e-02 -1.563300e-01 8.277360e-01 -3.121684e-01 4.664539e-02 1.105898e-01 3.235243e-01 -2.610951e-01 -9.657281e-03 5.402542e-01
2.758585e-01 -1.364605e-01 -1.440196e-02 4.567118e-01 2.180575e-01 2.167878e-01 -1.271945e-01 4.782704e-01 3.553563e-01 -2.259535e-01 -1.283059e-01 -1.208338e-02 -8.141182e-02 -2.091941e-01 -5.004270e-01 -2.242587e-01
1.295419e-01 -1.979991e-01 -2.208588e-01 1.493888e-01 1.027596e-01 -2.534457e-01 1.776109e-01 2.921867e-01 2.724730e-01 3.671589e-02 -4.671977e-01 2.240445e-02 -3.516832e-01 -1.100773e-01 -4.679820e-01 -1.301484e-01
1.084518e-02 -1.398766e-01 7.624374e-03 7.530948e-02 2.980745e-01 -5.094413e-02 -2.558071e-01 1.867598e-02 -2.251592e-01 1.322144e-01 5.303525e-01 2.184629e-01 -1.056162e-02 -2.397649e-01 -2.772383e-01 3.824147e-02
-3.279648e-02 1.619497e-01 -2.446281e-01 -4.100686e-02 -1.016411e-01 -3.488241e-01 3.290258e-02 -4.788113e-01 -9.249967e-02 2.130969e-01 2.146445e-01 2.097436e-01 7.319154e-02 3.801230e-01 4.176686e-01 -3.227960e-01
1.494396e-01 -1.266148e-01 -5.786478e-02 1.080438e-01 1.462975e-01 5.132038e-02 -1.089331e-01 8.201910e-01 2.285381e-01 1.128484e-01 -2.004896e-01 -1.839775e-01 1.161410e-01 1.308611e-01 -7.744829e-02 -3.555906e-01
1.989937e-01 3.242642e-01 1.579172e-01 6.341655e-02 -2.632542e-01 1.900774e-01 8.073711e-02 -5.306961e-01 1.299088e-01 -1.521606e-01 4.066874e-01 -1.339640e-01 -2.375459e-02 9.381019e-02 -3.062010e-01 4.323282e-02
-3.927217e-02 1.060083e-02 -1.752812e-01 1.806896e-01 2.869811e-01 1.376727e-01 2.714577e-01 1.393888e-01 -2.659825e-01 1.144849e-01 1.751835e-01 1.651751e-01 -3.068062e-01 1.154339e-01 5.503166e-03 3.549640e-01
3.537752e-01 3.909732e-01 2.704475e-02 -3.685690e-01 -4.265193e-01 1.978970e-01 2.741129e-01 -3.797181e-01 3.402276e-01 1.958961e-01 1.515336e-01 -5.453933e-02 7.413763e-01 -2.272685e-01 -2.201706e-01 -1.108157e-01
1.146959e-02 -5.319214e-01 -8.846236e-01 2.247291e-02 2.191462e-01 -2.208912e-01 2.800339e-01 -6.437190e-02 -3.729131e-01 6.336191e-01 -2.847964e-01 6.634481e-02 -2.090813e-01 4.200328e-01 -1.257588e-01 -6.429065e-01
1.748987e-01 -2.027815e-01 -3.505805e-01 -2.057489e-01 2.607334e-02 2.360263e-01 -1.452260e-01 -4.619661e-02 -8.757015e-01 3.557249e-01 -1.824525e-02 1.032939e-01 -5.296327e-02 1.413116e-01 1.009957e-01 -1.962453e-01
3.168185e-01 -9.146222e-02 -1.008573e-01 3.066272e-02 -2.023573e-02 -1.612907e-01 1.251732e-01 5.171036e-01 6.514526e-02 3.524266e-01 -2.913218e-01 2.861255e-01 5.362779e-01 -3.575850e-01 -5.710294e-01 4.262600e-02
-3.534924e-02 -6.891963e-02 -1.453497e-01 2.412983e-01 8.024278e-02 4.315765e-02 1.539256e-01 -1.688547e-01 7.677528e-02 5.295533e-01 -1.572194e-01 1.548429e-01 3.817076e-01 -2.098687e-01 -7.424056e-01 5.125131e-02
-4.299159e-02 2.128948e-02 6.074135e-01 8.702522e-02 -5.048637e-02 4.935496e-01 -6.219452e-02 4.507312e-01 2.643556e-03 -4.950109e-01 1.069332e-01 -5.243235e-02 2.380791e-01 -3.357777e-01 1.061241e-01 3.596764e-01
-3.401968e-01 1.204397e-01 1.155819e-01 8.302335e-02 5.265166e-02 3.321005e-01 -4.613727e-01 -3.473183e-01 -2.529214e-01 -5.250882e-01 -4.320570e-02 7.875192e-02 -3.954646e-01 1.107526e-01 5.145171e-01 -1.043340e-01
7.557140e-02 9.976843e-02 -9.957157e-02 -2.876445e-02 1.263639e-02 -3.197503e-02 -8.430808e-02 4.361850e-01 2.329022e-01 -2.358716e-01 -4.151259e-01 8.335611e-03 -8.986133e-02 -1.251706e-01 5.253078e-01 -1.120245e-01
-8.166253e-02 8.430561e-02 -3.697703e-02 4.223974e-01 4.877171e-02 1.216486e-01 -6.401513e-02 -2.050201e-01 7.399777e-02 -3.633477e-01 -7.598843e-02 1.502405e-01 -6.535066e-01 -1.053305e-01 -3.025087e-01 -7.037598e-02
4.066715e-01 -2.391757e-01 -1.379934e-01 9.005280e-02 -2.426498e-01 6.378064e-01 -2.449299e-01 1.250822e-01 8.448339e-02 -1.267599e-01 -1.576028e-01 1.542716e-02 1.070813e-01 8.996283e-02 -9.962655e-02 -1.792920e-01
-8.395301e-02 1.572393e-01 -1.582315e-01 -3.421179e-02 -4.249678e-02 -5.648457e-02 3.197818e-01 1.972960e-01 1.247054e-01 2.520754e-01 -5.188248e-02 -7.956084e-02 5.741712e-01 -2.532074e-01 1.446134e-01 4.519346e-02
-5.524070e-02 1.796704e-01 1.016322e-01 -1.312803e-01 -5.029441e-02 -8.232851e-02 -1.087621e-01 1.373037e-01 -4.515189e-02 4.097518e-01 -1.672076e-01 -1.972364e-01 -1.641652e-01 -1.205170e-02 -4.013709e-02 4.877957e-02
-3.280528e-02 1.581002e-01 -3.401453e-02 -2.080808e-01 2.787893e-01 3.072624e-02 1.109071e-01 1.108417e-02 1.687007e-01 2.588023e-01 2.585414e-01 4.213484e-01 -1.116368e-01 2.722427e-02 7.927154e-02 -1.327831e-01
4.815813e-01 -1.962906e-01 -1.436616e-01 1.050033e-01 -6.283629e-02 9.582405e-02 1.580900e-02 -1.217238e-01 3.357710e-02 -1.925507e-01 1.135709e-02 3.049347e-01 2.133743e-01 -8.110679e-02 -1.212893e-01 -1.493189e-01
-2.490812e-01 -1.977378e-02 1.403923e-01 9.335467e-02 4.511408e-01 1.080164e-01 4.023980e-01 1.743760e-01 6.889048e-02 8.621328e-02 3.755230e-02 -2.334707e-01 5.093199e-02 1.542466e-01 2.994292e-01 3.374130e-03
-3.558360e-01 1.956411e-01 3.294178e-01 1.500742e-01 1.438855e-01 2.072500e-01 1.257335e-01 1.395077e-01 5.450404e-02 5.201452e-01 1.506491e-01 2.873831e-01 1.288970e-01 4.645268e-02 1.170798e-01 1.501087e-01
7.542878e-02 -1.254993e-01 2.948242e-01 -1.029798e-01 -1.281645e-01 -1.340706e-01 3.311713e-01 -6.317940e-02 -7.803832e-02 -1.563293e-01 -2.505315e-01 -2.240418e-01 1.951632e-01 8.658252e-02 -2.324712e-01 -2.132648e-02
-6.123707e-02 3.653114e-02 -2.720497e-01 1.172272e-01 1.934604e-02 1.407560e-01 -2.449071e-01 8.893093e-02 2.633355e-02 -2.114768e-02 2.333493e-01 3.327088e-01 -1.937436e-01 -5.672577e-02 4.548624e-01 -1.582353e-02
-1.080831e-02 1.240929e-01 -1.059219e-01 7.791230e-02 2.086284e-01 -1.095567e-01 -2.647274e-02 8.419391e-02 -2.144895e-01 6.687778e-02 4.819653e-01 -8.378646e-02 9.813009e-02 -1.705880e-01 -3.628566e-02 8.670741e-02
3.214487e-01 -2.898576e-02 -1.135281e-01 -1.276823e-01 -4.426517e-03 5.364276e-01 -1.181596e-01 2.742951e-02 -1.039653e-01 -7.895759e-02 -4.105467e-02 -3.353225e-01 1.107061e-01 -1.292791e-02 -1.048419e-02 -2.209462e-01
-1.559410e-01 1.141281e-02 -4.501205e-02 -1.695398e-01 5.539170e-02 7.111008e-02 4.366517e-01 -4.923733e-02 2.328688e-01 -1.039076e-01 -3.389591e-01 1.189092e-01 4.374737e-01 1.346469e-01 -2.475880e-01 9.250532e-02
-2.257290e-01 1.255862e-01 4.262167e-01 3.014620e-02 1.813352e-01 1.706124e-01 5.056437e-02 3.585258e-01 -2.088978e-01 2.075077e-01 2.081314e-01 -6.313248e-02 1.558469e-01 6.035326e-02 1.226947e-01 2.826886e-01
1.212914e-01 -9.659506e-03 6.486156e-02 -3.503434e-02 2.682396e-01 9.453311e-02 1.965609e-01 2.740899e-02 -1.936132e-02 -1.735145e-02 3.177094e-01 6.421275e-01 2.893829e-01 -6.757913e-02 6.961040e-02 -1.234710e-01
1.234026e-01 -3.024622e-01 -1.431568e-01 1.419474e-01 -4.826266e-02 1.336202e-01 1.943924e-01 -8.196778e-02 3.634012e-02 -2.407787e-02 3.525761e-01 3.538705e-01 1.432882e-01 -1.913536e-01 3.155566e-01 -1.086328e-01
-1.040618e-01 2.243280e-01 -1.199018e-01 -8.968263e-02 7.226489e-03 -3.256063e-01 2.201914e-02 -5.317505e-02 -3.014623e-01 2.283966e-01 2.140878e-01 1.046856e-01 -2.669457e-01 5.558185e-02 -2.490343e-01 4.383951e-01
-1.983911e-02 -7.747547e-02 7.458885e-02 -1.508046e-01 -6.489891e-02 2.161305e-01 6.735098e-02 -9.182750e-02 4.179843e-01 -6.114326e-02 -2.099854e-01 2.828778e-01 -2.589884e-02 1.781229e-01 6.162941e-03 -7.923220e-02
-1.224163e-01 1.852568e-01 1.292177e-01 -2.008146e-01 6.124858e-01 1.435465e-02 -2.728834e-01 8.690774e-02 8.374365e-02 -1.306064e-01 -2.531398e-01 4.410991e-02 -6.688157e-02 1.201647e-02 6.052398e-02 -2.567174e-01
2.037893e-01 -2.467173e-01 4.895810e-02 1.362248e-01 -1.155041e-01 4.792363e-01 -6.082515e-02 4.400907e-03 1.689149e-01 -2.068002e-01 -1.037559e-01 -2.083983e-01 2.754466e-01 -1.456470e-01 1.675560e-01 -2.752376e-01
-2.799006e-01 -2.260629e-02 1.128113e-02 1.959857e-02 3.545777e-01 -1.300157e-01 -7.189380e-02 -5.733446e-02 2.577459e-01 -1.471221e-01 -2.554671e-01 4.071585e-01 3.437384e-02 -1.112543e-02 5.938527e-02 1.905228e-02
5.289823e-01 1.638181e-01 -4.554577e-02 4.686032e-02 -7.245047e-02 -6.784432e-03 -5.637430e-03 -6.931364e-02 -1.136598e-01 1.099048e-01 4.325045e-02 -2.086193e-01 -8.108908e-02 -4.606672e-02 -3.771343e-02 -4.343660e-02
-3.480750e-02 -9.373039e-02 1.318715e-01 1.758225e-01 8.091533e-02 -3.521487e-03 1.537910e-01 2.703120e-02 -1.201846e-01 -2.647191e-01 2.296711e-01 3.634011e-01 5.124345e-01 4.275867e-03 -1.367158e-02 -1.395491e-02
9.299771e-02 -1.188978e-01 -5.570063e-02 2.567518e-01 -1.294136e-01 -1.699398e-02 -2.748905e-01 1.759261e-01 -1.240654e-01 1.832269e-01 3.761213e-01 -5.411759e-03 -2.642697e-01 -1.465140e-01 2.956377e-01 -6.170167e-03
1.207616e-01 -1.745019e-02 2.624255e-01 -2.984919e-01 -6.523609e-02 -8.242291e-02 -1.766017e-01 1.185636e-02 -1.817866e-01 -9.944087e-02 4.119132e-01 -1.714172e-01 -1.172933e-01 -1.953273e-01 -1.837710e-01 9.096184e-02
2.814277e-02 2.950993e-01 3.583736e-02 -1.519338e-01 1.022370e-01 1.385252e-01 4.432267e-01 -1.945675e-01 1.699458e-02 -2.449972e-01 -2.479814e-01 5.190713e-02 2.900233e-01 2.798757e-01 -1.791131e-01 2.232275e-03
5.357529e-02 2.080159e-01 2.391703e-01 -9.000288e-02 5.173470e-02 1.290603e-01 -2.069964e-02 1.741643e-01 -1.863547e-02 7.687455e-02 -1.023174e-01 4.835697e-01 2.810916e-02 -1.232254e-01 -1.909553e-01 -1.165424e-01
7.739628e-03 -4.704642e-02 -1.279996e-01 1.796887e-01 -2.938035e-01 -2.024971e-01 9.565749e-02 -1.443704e-01 -2.524462e-01 1.328300e-01 2.170205e-01 1.156478e-01 -4.275872e-02 -1.352034e-01 -2.793468e-01 5.097010e-01
-2.214409e-02 -1.052858e-01 -2.400091e-02 5.314810e-01 -5.096945e-02 -3.161950e-02 2.625852e-02 1.334394e-02 -1.272964e-01 -1.702628e-01 -3.799023e-02 -1.266886e-01 3.261385e-02 -9.405535e-02 6.226250e-02 7.249596e-02
1.572120e-01 -1.214225e-01 -1.095366e-01 7.169407e-03 2.664067e-01 1.333221e-01 1.897151e-01 -1.894656e-01 2.426176e-01 -1.682212e-01 3.510976e-01 4.774247e-01 2.294960e-01 6.308614e-02 1.404016e-02 -1.655265e-01
-2.583186e-01 3.222827e-01 7.145808e-02 -2.613672e-01 1.939854e-01 -1.914823e-01 6.708339e-02 -5.465485e-02 -5.735591e-02 1.384030e-01 -4.518094e-02 -1.340593e-01 1.140563e-01 3.598027e-01 -2.024245e-01 3.982475e-01
-1.739614e-01 -1.211350e-02 -1.511148e-01 1.726603e-01 -1.283114e-01 1.093158e-01 2.628650e-01 1.499334e-01 8.572352e-02 2.405987e-01 2.149424e-02 2.147599e-01 3.802277e-01 7.769507e-02 -9.359930e-02 1.987821e-01
-5.930069e-02 5.319359e-01 -2.250889e-01 -1.028800e-02 1.779101e-01 7.457357e-02 5.339053e-02 4.109105e-02 1.628928e-01 1.634453e-01 -2.343602e-02 1.583196e-02 1.911423e-01 1.606333e-01 -1.471884e-01 2.174900e-01
-3.492985e-01 1.322051e-01 2.552927e-02 2.972429e-01 3.063486e-01 2.370836e-01 2.326657e-01 9.728011e-02 7.725374e-02 4.042502e-01 -1.472643e-01 2.734991e-01 1.334078e-01 1.122908e-01 3.079383e-01 -1.247793e-01
-1.087441e-01 1.104991e-01 -6.800761e-02 -7.853001e-02 1.567467e-01 -1.176011e-01 -7.836796e-03 -1.226970e-01 2.132340e-01 -9.230996e-02 -5.411281e-02 -5.112068e-02 -1.365823e-01 2.313300e-01 4.322740e-01 -7.923115e-02
1.514560e-01 -1.100200e-02 1.033796e-01 -1.250189e-01 2.651515e-01 -8.402478e-03 -1.326557e-01 5.815990e-03 -1.786148e-01 3.019585e-01 4.936573e-01 4.128672e-03 -1.423708e-01 -2.626983e-01 -2.145915e-01 -3.476920e-02
-9.264056e-02 -1.028371e-01 -1.974349e-01 1.633617e-01 3.458260e-01 -1.313745e-01 -2.580984e-01 -5.304710e-02 -2.314620e-01 6.231236e-02 4.092270e-01 3.683480e-01 -5.502264e-02 -3.116464e-01 -1.551350e-01 -5.842194e-02
-4.019921e-02 -6.264445e-02 -3.929756e-01 -4.528113e-03 -2.546779e-01 2.445196e-01 5.426005e-03 1.995493e-01 1.641289e-01 -2.552415e-01 -3.322573e-01 2.580335e-02 -7.382300e-02 2.256466e-02 -2.088868e-01 -2.824381e-02
-1.294233e-02 5.063692e-02 4.112236e-02 -1.515489e-01 -8.097720e-02 -1.772283e-02 1.330267e-01 9.762017e-02 1.521506e-01 7.657640e-02 -1.758581e-01 -2.901485e-01 -5.943317e-02 2.130730e-01 2.618617e-01 7.328899e-03
1.693095e-01 2.672817e-01 5.661124e-02 -4.565183e-01 7.290460e-03 -1.848434e-01 4.106652e-02 -2.365699e-01 -2.220166e-01 9.473799e-02 -4.441806e-02 -2.290262e-01 -3.416844e-02 1.928899e-02 -2.241345e-02 2.970779e-02
-2.049049e-01 2.926460e-01 -2.780391e-01 -1.775054e-01 2.443432e-01 8.318348e-03 -1.398673e-02 -9.895265e-04 3.913355e-02 4.339406e-02 -1.615147e-01 1.342497e-01 3.884822e-01 -1.232111e-01 3.979972e-01 -1.509508e-01
4.800883e-02 1.396450e-01 1.700349e-01 -6.885777e-02 -6.829455e-03 -6.296241e-01 6.541003e-02 -1.378927e-02 -2.621701e-01 1.597427e-01 1.007316e-01 -6.443724e-02 -6.723931e-02 -2.258093e-01 -8.752240e-03 1.109629e-01
-1.425095e-01 1.945429e-01 -1.457624e-02 2.264282e-01 -4.473945e-02 2.322960e-01 -4.172440e-02 -3.505826e-01 -5.820597e-02 1.015823e-01 2.207735e-01 1.357678e-01 -4.473026e-01 -1.227675e-01 -2.562942e-02 -7.035782e-02
-1.152878e-01 -1.091212e-01 -1.382132e-01 4.696375e-01 3.689367e-02 3.107592e-02 -3.361880e-02 1.427194e-01 9.658594e-02 -1.738634e-02 7.155892e-02 2.815330e-01 6.534142e-02 -3.528282e-02 1.371281e-01 7.744609e-02
-1.081747e-01 -1.818605e-03 2.340095e-02 -2.145193e-01 8.337919e-02 -1.907779e-02 6.082471e-02 4.139324e-01 -3.231944e-02 -6.704305e-02 -4.655179e-02 -2.930961e-02 4.142828e-01 -6.246565e-02 -5.333225e-02 8.435923e-02
2.273397e-01 -1.151794e-01 -1.626694e-02 1.982165e-01 -1.085407e-01 4.817990e-02 -4.729043e-02 4.774645e-02 -7.384792e-02 -3.881099e-01 1.256687e-01 4.262177e-01 -6.207299e-02 -3.160916e-01 -2.557809e-01 2.078679e-01
4.942193e-02 1.177482e-01 2.314912e-02 -2.346876e-02 3.581861e-01 1.769951e-01 2.831059e-01 4.224391e-02 -3.150770e-01 -2.569750e-02 -3.727251e-02 -3.303492e-02 -2.820151e-01 1.753333e-01 -1.948692e-01 2.402209e-01
-2.176149e-01 8.219904e-02 1.202128e-01 -8.287475e-02 1.040436e-01 1.457903e-01 -1.438567e-01 -6.160508e-01 6.086642e-02 -4.592507e-02 -2.169357e-02 -9.564377e-02 -2.746110e-01 2.533033e-01 7.026548e-02 1.303482e-01
-3.922873e-02 -1.978418e-02 -2.600414e-01 1.933576e-01 1.443693e-01 9.029811e-02 -2.150213e-02 -4.529773e-01 1.418317e-01 1.521500e-01 -1.037747e-01 1.527688e-01 1.117938e-01 4.665565e-02 1.312438e-01 -3.172510e-01
2.682431e-01 -2.290239e-02 -5.120736e-03 -2.128642e-02 -3.556120e-02 -1.407416e-01 4.398891e-02 -5.961580e-01 3.957465e-02 8.484970e-02 1.418477e-01 -1.169554e-01 -3.614943e-01 1.835816e-01 2.566495e-01 4.896981e-02
-1.616854e-02 1.161894e-01 -3.878623e-01 1.801716e-01 3.750019e-01 -3.265112e-01 7.854026e-02 -1.532257e-01 -1.572321e-01 2.002626e-01 -2.039694e-02 -7.351954e-02 -3.072416e-02 5.546461e-02 1.056154e-01 -8.685265e-02
-7.080537e-02 -4.352245e-02 -1.035331e-01 6.021409e-02 -2.733675e-01 -6.557302e-02 -2.381571e-01 -1.685080e-02 3.345817e-01 4.330462e-02 1.757241e-02 1.209369e-01 3.065270e-01 -8.447723e-02 3.225935e-01 -1.030913e-01
1.010393e-01 -3.160133e-01 -3.283837e-02 2.502793e-01 1.271041e-01 -4.652192e-03 -1.617670e-01 -2.224067e-02 -8.014748e-02 1.469809e-01 1.120574e-01 -1.794107e-01 -1.801940e-01 2.165889e-01 -3.918820e-01 1.574199e-02
2.723139e-03 -7.813567e-02 4.221454e-01 1.238322e-01 3.560979e-01 -1.557688e-02 3.266427e-02 -2.302637e-01 3.141353e-02 2.560874e-02 1.718186e-01 -1.194927e-01 1.911324e-01 -1.930833e-01 1.867871e-01 1.892218e-01
2.295015e-01 -9.096266e-02 1.360356e-02 6.972259e-02 2.408001e-02 -8.000185e-02 7.391394e-02 -2.428552e-02 4.497921e-01 -4.179522e-02 -3.149453e-01 3.212487e-02 -3.976884e-02 -1.549754e-01 -1.762500e-01 -3.056981e-02
3.552561e-01 -7.892545e-02 7.944396e-02 1.439011e-01 3.595332e-01 -1.929563e-01 1.717688e-02 2.854630e-03 1.444763e-01 3.022839e-01 2.823031e-01 -1.870841e-05 -1.553399e-01 2.114845e-02 2.190307e-01 -6.984413e-02
4.811331e-02 1.970740e-01 1.308258e-01 -1.192492e-01 -1.831447e-01 8.736384e-02 -1.005315e-01 -2.081372e-01 2.329997e-02 3.316118e-02 4.396381e-01 -3.339536e-03 8.659197e-02 9.287514e-03 2.216319e-01 -4.962662e-02
-4.388967e-02 -1.416163e-01 -6.244788e-02 1.677851e-02 -3.752524e-02 5.693231e-01 -1.709776e-01 2.556939e-02 2.108581e-01 -6.802297e-02 -1.577526e-03 3.584600e-02 -6.333704e-02 -3.285015e-02 4.126676e-02 -9.211392e-02
1.326885e-02 -2.115280e-01 -6.003206e-02 8.836709e-02 4.727654e-01 1.496061e-01 -2.784625e-01 -7.740132e-02 -1.244750e-01 -7.453887e-03 4.218097e-01 1.462650e-01 -2.892928e-01 -1.213651e-01 -2.399724e-01 5.331679e-02
-2.949869e-02 3.313602e-02 2.150856e-01 9.160614e-02 3.815871e-01 1.639677e-01 1.135445e-01 -7.404777e-02 3.802551e-02 -1.325931e-01 -1.446548e-01 6.699386e-02 5.758548e-01 1.609115e-01 7.876164e-02 7.448300e-03
-5.884310e-02 1.384902e-01 -4.810304e-01 1.173681e-01 3.840729e-01 4.679884e-02 -3.324816e-01 -1.476236e-01 1.261183e-01 6.507246e-02 -6.773271e-02 -4.380367e-02 -4.245358e-02 -5.160768e-02 2.005371e-01 -7.425158e-02
3.563418e-01 -3.291071e-01 -5.179292e-02 -2.060892e-01 4.815405e-02 -2.501355e-01 -4.650652e-04 1.691732e-01 1.651757e-01 -1.334454e-01 -2.946444e-01 -8.975068e-02 3.675203e-01 1.148638e-01 -4.261467e-02 6.634022e-02
5.871101e-02 -3.442467e-02 1.533330e-01 -1.780444e-01 -2.660031e-01 8.047212e-03 3.225057e-02 -2.201255e-02 1.086855e-02 -9.464627e-02 8.469488e-02 -7.032031e-02 -1.879632e-01 6.431517e-02 -4.370773e-01 9.984539e-03
-4.071067e-02 2.316178e-03 2.100999e-01 -2.481526e-02 -3.054183e-02 -3.197888e-03 3.765355e-02 5.209728e-01 -1.201592e-01 -2.698603e-01 -1.049132e-01 -5.324899e-02 -7.269948e-02 -1.460793e-01 -1.438622e-01 2.533673e-01
-2.666784e-01 1.418461e-01 4.567306e-02 1.952750e-02 6.405690e-02 2.496589e-01 -2.048868e-01 -3.275049e-01 -4.993991e-03 1.082811e-01 -2.522246e-02 1.315232e-01 1.475198e-01 4.493045e-02 -5.350245e-01 1.295163e-02
-1.575364e-01 9.142815e-02 -3.673732e-03 -4.615169e-02 2.200856e-02 -1.165667e-02 -4.105202e-02 1.724003e-02 -5.684291e-01 -7.491080e-03 1.354836e-01 -5.697442e-02 9.918098e-02 1.576580e-01 6.731785e-02 -7.616190e-02
2.924366e-01 -9.038464e-02 -6.136651e-02 4.241800e-02 -1.093894e-01 -1.682427e-01 9.188191e-02 5.914171e-01 -9.949554e-03 -5.134524e-02 -7.466573e-02 3.458634e-02 8.019100e-02 -6.421109e-02 8.025958e-02 7.233443e-03
