1 5 16 16 32
-3.765755e-01 7.241677e-02 -4.777899e-02 3.187764e-01 3.417080e-01 2.600539e-01 2.868378e-01 1.365985e-01 -2.700558e-02 4.107029e-01 -1.370253e-01 2.788506e-01 2.380978e-01 7.777718e-02 2.844607e-01 -1.320836e-01
-8.426206e-02 3.872491e-01 1.913930e-01 1.478622e-01 9.012073e-02 -1.888984e-01 -2.834069e-02 2.199214e-01 -2.639736e-01 -1.500775e-01 1.232359e-01 3.888163e-01 2.347941e-01 -1.265916e-01 -4.007086e-01 -9.046625e-02
4.023286e-02 -3.442082e-01 2.132702e-01 1.476280e-01 -4.313449e-02 4.207510e-01 -6.062683e-02 3.686457e-02 2.516451e-01 -1.751204e-01 -1.429700e-01 -2.344155e-02 4.559009e-01 -3.187272e-01 3.038177e-02 -2.820530e-01
2.278735e-01 -3.249667e-01 -2.007610e-01 -1.754503e-01 -1.096475e-01 2.883616e-01 4.142627e-02 -1.491557e-01 2.534855e-01 2.969775e-01 -4.699271e-03 -2.626373e-01 -1.824078e-01 2.149342e-02 4.973959e-01 1.265000e-01
7.987897e-02 1.093226e-01 3.473166e-01 -1.228987e-01 -3.634505e-01 -2.409545e-02 -1.264427e-01 1.579506e-01 -4.101929e-02 1.469671e-01 3.344936e-01 5.615098e-02 9.287944e-02 -4.129366e-02 -3.745829e-01 5.196758e-01
-8.983033e-02 2.688812e-01 -6.935824e-02 -1.648330e-01 1.646307e-01 1.386647e-01 3.085684e-01 -2.089595e-01 1.373281e-01 -2.724199e-01 -3.135027e-01 7.337208e-02 3.489451e-01 2.267201e-01 -1.291204e-01 9.485936e-03
-1.095732e-01 2.222249e-01 -2.014835e-01 -1.624138e-02 2.768215e-01 1.359691e-01 -3.487727e-01 -1.182803e-01 2.758946e-02 -2.452672e-01 7.689214e-02 4.073024e-01 -1.192743e-01 6.398395e-02 4.541260e-01 -1.072814e-01
-3.937463e-02 2.466602e-01 6.439703e-02 -1.902815e-01 8.082379e-02 -2.421034e-01 6.730336e-02 1.870319e-01 1.391493e-01 5.417536e-02 6.030061e-02 -1.342533e-01 -3.043367e-01 4.766071e-01 3.969668e-01 -3.063272e-01
4.705335e-02 2.010664e-01 -1.805817e-01 1.811976e-01 -9.446147e-02 8.214290e-02 3.254813e-01 2.149897e-01 3.899123e-02 3.393767e-01 1.945502e-01 -7.330830e-02 2.304112e-01 9.654432e-02 -1.923514e-01 3.025698e-01
-1.071848e-01 -4.709833e-02 6.396605e-02 -1.844814e-01 1.944395e-01 -1.087929e-01 -2.646706e-01 -2.347330e-02 -3.843347e-03 -4.059826e-01 -1.225538e-01 3.743047e-01 1.959733e-02 4.736460e-02 4.807983e-01 -2.071643e-01
6.534063e-02 -1.775448e-01 8.280580e-02 2.163030e-01 -1.569659e-01 -1.229581e-01 -2.412966e-01 2.525186e-01 -1.747676e-01 3.836552e-01 3.533929e-01 -1.947548e-01 -2.623196e-01 -1.071195e-01 1.858050e-02 1.544846e-01
-1.815412e-03 -2.630137e-01 2.093064e-01 2.321874e-03 -1.969225e-01 -1.617638e-01 3.540646e-01 1.756938e-01 -1.654634e-02 2.369650e-01 -3.951114e-02 -2.039773e-01 1.151060e-01 -8.433177e-02 -3.073908e-01 1.327626e-01
-2.058726e-01 5.639426e-01 1.234874e-02 -2.562398e-02 9.820250e-02 -3.279108e-01 -1.762921e-01 2.101120e-01 -1.910770e-01 1.228520e-01 -4.116102e-02 2.083665e-01 -2.004737e-01 -8.913847e-02 -4.417222e-01 -1.674061e-01
-3.230677e-01 -2.350168e-02 -3.156008e-01 8.362791e-02 2.262253e-01 1.385163e-01 -1.660431e-01 4.395699e-02 1.739572e-01 -2.010930e-01 2.879370e-02 5.654786e-01 -1.810604e-02 -8.517150e-03 3.925951e-01 4.245538e-02
3.885212e-02 2.798326e-01 -1.677173e-01 -8.018311e-02 -3.652895e-02 -2.764497e-01 -1.828792e-02 1.496018e-02 -2.611622e-01 1.747088e-01 3.328778e-01 -8.179718e-02 -2.157476e-01 2.129311e-01 -8.801159e-02 1.979308e-01
8.297849e-02 -3.731612e-01 1.720328e-02 -1.927004e-01 -1.229362e-02 4.003426e-01 2.054616e-01 -2.486743e-01 3.046091e-01 -1.558368e-02 5.583808e-02 -2.218598e-01 -4.290299e-02 1.319598e-01 4.232292e-01 1.588790e-01
-2.101842e-01 3.994779e-03 -6.112359e-02 7.837347e-02 5.616616e-01 1.280419e-01 7.935705e-02 -8.422168e-03 -8.221440e-02 -8.004030e-03 -1.528680e-01 -8.181514e-02 -9.562310e-02 5.274387e-02 4.933994e-01 -4.228547e-01
-9.883737e-02 4.590170e-01 5.037559e-02 1.387753e-01 1.442418e-01 -2.521331e-01 -1.398708e-01 3.256146e-01 -2.697934e-01 1.148292e-01 4.668519e-02 3.771243e-01 3.819230e-02 -2.230325e-01 -3.434747e-01 -1.005108e-01
-1.936409e-01 -2.549708e-01 1.875232e-01 2.422898e-01 1.766353e-01 -2.559531e-02 -4.824439e-02 -2.440702e-03 3.995712e-01 -2.420227e-01 -3.237797e-01 3.790225e-01 2.238587e-01 -1.795744e-01 -1.240461e-02 -1.322845e-01
8.118479e-02 -4.710714e-01 -4.365369e-02 -1.354816e-02 -1.507967e-01 1.781430e-01 1.099358e-01 -1.285473e-01 1.897823e-01 1.602449e-01 6.386423e-02 -1.383636e-01 2.030047e-01 1.269410e-01 5.596582e-01 1.662963e-01
-1.713645e-01 1.498792e-01 4.881414e-01 -4.651580e-02 -6.517840e-02 9.585540e-02 -5.890334e-02 2.502710e-01 -1.235275e-01 2.849533e-01 3.230563e-01 5.998271e-02 2.090123e-01 5.225627e-02 -1.490877e-01 4.801177e-01
-2.315007e-01 1.201491e-01 2.416008e-02 -9.343778e-02 6.131988e-01 -1.009671e-01 -2.482406e-01 -2.724760e-02 3.309069e-01 -2.194515e-01 -3.271385e-01 2.892967e-01 -8.163663e-02 1.017840e-01 1.238589e-01 -1.437920e-01
2.181750e-01 1.641996e-01 -1.679560e-01 3.869339e-01 -1.605316e-01 1.839486e-01 -6.353679e-02 1.884755e-01 8.257323e-02 4.328378e-01 3.678116e-01 -1.114973e-01 -1.053043e-01 -9.687518e-02 -1.495557e-01 1.324778e-01
-4.574012e-02 1.810392e-01 2.291876e-01 -1.877566e-01 3.240544e-01 2.005717e-01 -1.802436e-01 -1.898911e-01 1.329114e-02 -3.837787e-02 -2.778013e-01 -2.731976e-03 -2.189858e-01 -1.812049e-01 -1.723087e-02 -1.122751e-01
4.390729e-01 2.359438e-01 -3.545439e-01 4.099616e-02 2.569591e-02 2.191097e-01 -9.656657e-02 -2.116078e-01 -4.657414e-02 -1.640927e-01 -5.676736e-02 -4.970765e-02 -1.200236e-01 3.318794e-02 1.145296e-01 -1.099905e-01
-4.992627e-02 5.094005e-01 2.510646e-01 -6.481598e-02 2.333020e-01 2.702891e-02 1.357019e-02 2.626601e-01 -7.085062e-02 -4.566323e-02 -9.512859e-02 3.332727e-01 -2.081616e-01 -2.305567e-01 -4.022278e-01 -1.533754e-01
-3.187733e-01 4.484620e-02 -2.173895e-01 -1.905376e-01 1.932501e-01 1.069850e-01 2.319658e-01 -6.189510e-02 2.738906e-01 -2.766187e-01 -3.004799e-01 4.568811e-01 3.239306e-01 9.089964e-02 1.182385e-01 7.498798e-03
2.418465e-01 -1.473427e-01 -7.924854e-02 -9.022921e-02 -1.265915e-01 5.953379e-01 3.749019e-02 -1.251326e-01 -5.788189e-02 -3.866306e-02 -4.194488e-02 -1.470781e-01 3.291098e-01 -2.558489e-01 -1.515020e-01 -1.420472e-01
-2.081649e-01 -1.478280e-01 7.288807e-02 2.211266e-01 4.742267e-03 -2.064848e-01 -2.251590e-03 -5.913389e-02 -2.596812e-02 -6.447484e-03 -3.109475e-02 3.408875e-01 1.007617e-01 -2.708610e-01 -2.683713e-01 3.380313e-01
-9.597474e-02 9.607888e-02 2.317500e-01 6.948204e-02 -2.147006e-01 1.037359e-01 -2.876012e-02 3.815445e-01 -1.761512e-01 2.142229e-01 1.294604e-01 1.508001e-01 3.987178e-01 7.586453e-02 -2.425331e-01 4.975129e-01
-3.739027e-02 3.876340e-01 6.948044e-02 -4.421262e-02 3.086725e-01 -1.039885e-01 3.685132e-02 1.433536e-01 -1.236969e-01 -4.290319e-02 1.667011e-01 5.784054e-01 -1.640850e-02 -1.292740e-01 -3.289119e-01 -2.230504e-01
4.407378e-01 -7.050458e-02 8.197014e-02 -2.576030e-01 -3.270940e-01 -2.090519e-01 -2.926211e-01 -8.923174e-02 9.480150e-02 -4.059935e-01 8.490188e-02 -2.225702e-01 -1.938577e-01 -5.537515e-02 -2.582157e-01 9.595922e-02
2.457023e-02 -4.660266e-02 -4.719056e-02 -2.011832e-02 4.935317e-02 -6.101818e-02 1.450091e-01 -6.457746e-01 -8.600584e-03 3.332985e-01 3.275686e-01 8.009760e-02 1.321131e-02 6.450342e-02 -4.384964e-01 -7.057161e-03
7.208967e-02 1.627691e-01 4.348714e-01 -1.047986e-01 -4.507701e-01 6.082920e-02 -1.613169e-01 -6.667767e-02 -1.094266e-01 -2.145413e-02 4.037505e-01 -1.116122e-01 -1.667523e-01 -6.504338e-02 3.013283e-01 1.298428e-01
-2.259208e-01 -3.288179e-01 -8.922384e-02 1.528499e-01 3.400347e-01 -1.710715e-01 -3.230965e-01 4.894381e-01 -7.336062e-02 -1.827807e-02 -2.315099e-01 1.638233e-01 -3.092125e-01 3.075116e-03 1.698172e-01 9.409398e-02
1.288959e-01 -1.117324e-02 1.397075e-01 -6.633741e-02 2.306479e-03 4.907213e-01 -4.936410e-01 -2.011188e-02 1.082061e-01 3.008408e-02 2.399186e-02 -2.265556e-01 -5.094988e-01 1.832789e-01 -4.029037e-02 1.394179e-01
-2.979147e-01 -2.093846e-01 -1.784706e-01 3.137720e-01 1.945703e-01 -2.567955e-01 1.370848e-01 2.732788e-02 -3.179006e-01 1.214249e-01 1.097261e-01 3.834665e-01 2.089861e-01 -1.733088e-01 -1.273244e-01 -1.037636e-01
-9.559022e-02 3.079780e-01 -1.068569e-01 -6.608890e-02 -3.545935e-01 -2.625740e-01 -4.484082e-02 -8.060959e-03 4.750701e-01 -1.335097e-01 1.568960e-01 -2.947084e-02 7.243213e-02 -1.240603e-01 -1.130945e-01 -7.540607e-02
-1.864548e-01 -3.836153e-02 4.310852e-02 -2.494695e-01 -2.538103e-01 -2.959658e-01 6.006335e-02 -4.395634e-01 -3.269710e-01 -6.281460e-02 -5.447844e-02 2.569121e-01 -1.779043e-02 5.803677e-03 4.106343e-02 3.171831e-01
-1.800810e-01 2.057439e-01 -2.484008e-01 7.940284e-02 1.947230e-01 -5.368493e-01 2.765686e-02 -1.794319e-01 1.442577e-01 5.407022e-02 1.330294e-01 -6.620847e-02 -1.508639e-01 -1.172349e-01 1.022935e-01 -1.890602e-01
-1.742143e-01 -3.913441e-02 -2.113332e-01 1.836504e-01 2.189814e-01 1.092126e-01 -3.574322e-02 7.530446e-02 1.317500e-01 7.999341e-02 9.613854e-02 2.402950e-01 1.535252e-01 7.880563e-02 4.926822e-01 1.347049e-01
1.084176e-01 2.370979e-03 -1.326774e-01 -3.445749e-01 -5.031528e-02 3.202944e-02 -1.081794e-01 -1.582595e-01 1.780226e-02 2.619801e-01 2.703592e-01 -1.938488e-01 9.846525e-02 4.206236e-02 3.489956e-01 5.934248e-02
4.474915e-01 -2.752512e-01 -1.078841e-01 -3.161246e-01 1.760011e-02 -2.180349e-01 -2.526229e-02 6.913878e-03 2.440569e-01 6.090770e-03 -1.590670e-01 -1.636081e-01 2.859530e-01 7.696691e-02 1.190796e-01 8.976720e-02
8.122549e-02 -3.884323e-01 2.591869e-01 -4.251743e-02 2.412160e-01 2.398125e-01 -2.322312e-01 -1.018965e-01 -4.085241e-01 6.945308e-02 -2.046221e-01 2.040475e-02 -3.730878e-02 4.856220e-02 2.129937e-01 8.736738e-03
-2.580868e-02 1.068463e-01 3.627120e-01 -2.301224e-01 -1.069443e-01 1.032752e-01 -4.159068e-02 3.180961e-01 -7.594277e-02 -2.783189e-01 5.348586e-02 -2.185721e-01 -1.977381e-02 -3.343967e-01 -2.997266e-02 3.871209e-01
-1.284900e-01 -6.042191e-02 8.191489e-02 2.814242e-01 -1.721245e-01 -3.622698e-01 -2.726643e-02 -8.054362e-03 4.486672e-01 2.577665e-02 2.464788e-01 1.703111e-01 -1.006687e-02 -4.322884e-01 -8.751255e-02 1.922249e-01
3.051570e-01 -6.606398e-02 -4.945335e-02 3.715604e-01 1.778889e-01 2.557214e-01 -1.379062e-01 4.700881e-01 3.097607e-01 -1.886476e-01 1.127339e-01 -4.271141e-03 -5.450073e-03 -1.815375e-01 -1.911087e-01 -1.927369e-01
-1.819986e-02 -4.647256e-02 4.957762e-02 2.008405e-01 2.435319e-02 -1.166970e-01 9.036921e-02 1.183827e-01 2.480391e-01 -2.617081e-01 -4.661951e-01 6.888671e-02 -2.415311e-01 1.103978e-02 -4.196876e-01 -2.053904e-03
1.869613e-02 -1.232174e-01 -4.142630e-02 9.286930e-02 3.282873e-01 -5.078676e-02 -2.433049e-01 -4.542451e-02 -3.094060e-01 1.902041e-01 4.392447e-01 1.951298e-01 -1.050989e-01 -3.558406e-01 -3.418466e-01 -5.147797e-02
1.037905e-01 1.607091e-01 -3.773407e-02 -9.763166e-02 -7.704891e-02 -2.357879e-01 -6.740874e-02 -5.777068e-01 4.771770e-03 1.845881e-01 3.295102e-01 7.248354e-02 1.222291e-01 2.928033e-01 3.096605e-01 -2.244498e-01
8.591755e-02 -7.150336e-02 -2.805045e-02 9.747614e-02 1.416239e-01 3.290816e-02 -5.885159e-02 7.335449e-01 2.466047e-01 -1.519257e-02 -6.599141e-02 -2.996020e-01 5.224254e-03 1.843330e-01 2.457916e-02 -2.879551e-01
1.871853e-01 1.786937e-01 2.640639e-01 -3.992690e-02 -3.262103e-01 1.977258e-01 1.846508e-01 -3.947257e-01 3.068028e-03 -2.734321e-02 2.560801e-01 -1.637908e-01 -1.405139e-01 1.071002e-01 -4.557931e-01 3.023799e-03
-1.522777e-02 5.270035e-02 -9.052081e-02 1.826461e-01 3.716643e-01 2.291190e-01 2.456188e-01 1.387812e-01 -1.631178e-01 2.944513e-02 1.523952e-01 1.719533e-01 -2.486154e-01 1.542121e-01 1.023754e-01 4.274855e-01
1.689206e-01 3.651904e-01 5.259200e-02 -2.955392e-01 -2.988837e-01 1.616173e-01 2.421090e-01 -3.266833e-01 6.667062e-02 4.864687e-03 1.692557e-01 -1.464630e-01 4.184551e-01 -3.914772e-02 -8.538413e-02 -8.652350e-02
2.525158e-02 -8.373412e-02 -4.063717e-01 1.798476e-01 2.389877e-01 -1.586638e-01 1.057523e-01 -3.304156e-01 2.454119e-02 3.338724e-01 -1.615102e-01 1.474389e-01 5.621938e-02 3.887464e-01 -1.596914e-03 -3.538435e-01
8.268427e-02 -2.008089e-03 -1.039429e-01 -1.123547e-01 2.172147e-01 3.782368e-01 1.057935e-02 1.075390e-02 -4.587948e-01 -5.860722e-03 -1.318057e-01 -2.076021e-02 6.143455e-02 3.628853e-01 2.198734e-01 -2.071980e-02
2.515687e-01 -9.634593e-02 -9.478201e-02 3.085659e-02 -4.739831e-02 -1.636730e-01 2.015807e-01 3.160937e-01 -8.576241e-03 7.649586e-02 -2.730446e-03 1.018841e-01 4.098466e-01 -8.728283e-02 -4.930924e-01 2.212155e-02
-9.486384e-02 -5.599315e-02 -8.735138e-02 7.700915e-03 5.137976e-02 2.227893e-02 1.134226e-01 -3.687948e-01 -4.082504e-02 3.134076e-01 1.979058e-01 1.700082e-01 3.033989e-01 -1.668753e-02 -6.621777e-01 3.726751e-02
-1.975548e-02 1.730155e-02 4.737309e-01 -6.131024e-02 -1.588516e-01 4.299993e-01 -9.993881e-02 2.447497e-01 1.909935e-02 -3.346423e-01 2.404226e-01 -1.058778e-01 5.484310e-02 -2.928964e-01 1.819248e-01 2.951002e-01
-3.311935e-01 1.738812e-01 1.668401e-01 -1.009137e-02 4.379960e-02 2.918827e-01 -3.618662e-01 -3.606033e-01 7.832364e-03 -9.587154e-02 -8.113013e-03 -8.211216e-02 -3.404678e-01 1.026865e-01 3.960586e-01 -1.506456e-02
4.212030e-02 1.505700e-01 6.117975e-02 -2.219081e-02 -9.935973e-02 5.481688e-02 -1.222730e-01 3.093632e-01 1.383891e-01 -2.599285e-01 -3.177320e-01 -1.038665e-01 -1.440516e-01 7.736542e-02 5.346968e-01 -2.463666e-02
-7.071318e-02 5.809265e-02 -1.289400e-02 2.810390e-01 4.883569e-02 1.486124e-01 -7.307805e-02 -2.442168e-01 1.341833e-01 2.892111e-02 2.643662e-03 1.260749e-01 -5.475801e-01 -8.738256e-02 -2.138060e-01 -7.795221e-02
3.240022e-01 -1.119546e-01 -6.847540e-02 -2.081840e-02 -1.327214e-01 7.008313e-01 -1.644748e-01 1.695799e-02 3.250899e-02 -4.172144e-03 -7.748995e-02 -1.195995e-02 4.501709e-02 8.144411e-02 -1.974600e-02 1.211724e-02
-2.187624e-02 1.644494e-01 -7.114553e-02 -3.303085e-01 -6.344019e-03 1.914620e-03 3.350663e-01 3.768416e-02 5.532286e-02 7.952496e-03 5.072242e-02 -9.016192e-02 6.744108e-01 -1.248141e-01 1.732564e-01 -8.444093e-03
-5.524070e-02 1.796704e-01 1.016322e-01 -1.312803e-01 -5.029441e-02 -8.232851e-02 -1.087621e-01 1.373037e-01 -4.515189e-02 4.097518e-01 -1.672076e-01 -1.972364e-01 -1.641652e-01 -1.205170e-02 -4.013709e-02 4.877957e-02
-3.280528e-02 1.581002e-01 -3.401453e-02 -2.080808e-01 2.787893e-01 3.072624e-02 1.109071e-01 1.108417e-02 1.687007e-01 2.588023e-01 2.585414e-01 4.213484e-01 -1.116368e-01 2.722427e-02 7.927154e-02 -1.327831e-01
4.815813e-01 -1.962906e-01 -1.436616e-01 1.050033e-01 -6.283629e-02 9.582405e-02 1.580900e-02 -1.217238e-01 3.357710e-02 -1.925507e-01 1.135709e-02 3.049347e-01 2.133743e-01 -8.110679e-02 -1.212893e-01 -1.493189e-01
-2.490812e-01 -1.977378e-02 1.403923e-01 9.335467e-02 4.511408e-01 1.080164e-01 4.023980e-01 1.743760e-01 6.889048e-02 8.621328e-02 3.755230e-02 -2.334707e-01 5.093199e-02 1.542466e-01 2.994292e-01 3.374130e-03
-3.558360e-01 1.956411e-01 3.294178e-01 1.500742e-01 1.438855e-01 2.072500e-01 1.257335e-01 1.395077e-01 5.450404e-02 5.201452e-01 1.506491e-01 2.873831e-01 1.288970e-01 4.645268e-02 1.170798e-01 1.501087e-01
7.542878e-02 -1.254993e-01 2.948242e-01 -1.029798e-01 -1.281645e-01 -1.340706e-01 3.311713e-01 -6.317940e-02 -7.803832e-02 -1.563293e-01 -2.505315e-01 -2.240418e-01 1.951632e-01 8.658252e-02 -2.324712e-01 -2.132648e-02
-6.123707e-02 3.653114e-02 -2.720497e-01 1.172272e-01 1.934604e-02 1.407560e-01 -2.449071e-01 8.893093e-02 2.633355e-02 -2.114768e-02 2.333493e-01 3.327088e-01 -1.937436e-01 -5.672577e-02 4.548624e-01 -1.582353e-02
-1.080831e-02 1.240929e-01 -1.059219e-01 7.791230e-02 2.086284e-01 -1.095567e-01 -2.647274e-02 8.419391e-02 -2.144895e-01 6.687778e-02 4.819653e-01 -8.378646e-02 9.813009e-02 -1.705880e-01 -3.628566e-02 8.670741e-02
3.214487e-01 -2.898576e-02 -1.135281e-01 -1.276823e-01 -4.426517e-03 5.364276e-01 -1.181596e-01 2.742951e-02 -1.039653e-01 -7.895759e-02 -4.105467e-02 -3.353225e-01 1.107061e-01 -1.292791e-02 -1.048419e-02 -2.209462e-01
-1.559410e-01 1.141281e-02 -4.501205e-02 -1.695398e-01 5.539170e-02 7.111008e-02 4.366517e-01 -4.923733e-02 2.328688e-01 -1.039076e-01 -3.389591e-01 1.189092e-01 4.374737e-01 1.346469e-01 -2.475880e-01 9.250532e-02
-2.257290e-01 1.255862e-01 4.262167e-01 3.014620e-02 1.813352e-01 1.706124e-01 5.056437e-02 3.585258e-01 -2.088978e-01 2.075077e-01 2.081314e-01 -6.313248e-02 1.558469e-01 6.035326e-02 1.226947e-01 2.826886e-01
1.212914e-01 -9.659506e-03 6.486156e-02 -3.503434e-02 2.682396e-01 9.453311e-02 1.965609e-01 2.740899e-02 -1.936132e-02 -1.735145e-02 3.177094e-01 6.421275e-01 2.893829e-01 -6.757913e-02 6.961040e-02 -1.234710e-01
1.234026e-01 -3.024622e-01 -1.431568e-01 1.419474e-01 -4.826266e-02 1.336202e-01 1.943924e-01 -8.196778e-02 3.634012e-02 -2.407787e-02 3.525761e-01 3.538705e-01 1.432882e-01 -1.913536e-01 3.155566e-01 -1.086328e-01
-1.040618e-01 2.243280e-01 -1.199018e-01 -8.968263e-02 7.226489e-03 -3.256063e-01 2.201914e-02 -5.317505e-02 -3.014623e-01 2.283966e-01 2.140878e-01 1.046856e-01 -2.669457e-01 5.558185e-02 -2.490343e-01 4.383951e-01
-1.983911e-02 -7.747547e-02 7.458885e-02 -1.508046e-01 -6.489891e-02 2.161305e-01 6.735098e-02 -9.182750e-02 4.179843e-01 -6.114326e-02 -2.099854e-01 2.828778e-01 -2.589884e-02 1.781229e-01 6.162941e-03 -7.923220e-02
-1.224163e-01 1.852568e-01 1.292177e-01 -2.008146e-01 6.124858e-01 1.435465e-02 -2.728834e-01 8.690774e-02 8.374365e-02 -1.306064e-01 -2.531398e-01 4.410991e-02 -6.688157e-02 1.201647e-02 6.052398e-02 -2.567174e-01
2.037893e-01 -2.467173e-01 4.895810e-02 1.362248e-01 -1.155041e-01 4.792363e-01 -6.082515e-02 4.400907e-03 1.689149e-01 -2.068002e-01 -1.037559e-01 -2.083983e-01 2.754466e-01 -1.456470e-01 1.675560e-01 -2.752376e-01
-2.799006e-01 -2.260629e-02 1.128113e-02 1.959857e-02 3.545777e-01 -1.300157e-01 -7.189380e-02 -5.733446e-02 2.577459e-01 -1.471221e-01 -2.554671e-01 4.071585e-01 3.437384e-02 -1.112543e-02 5.938527e-02 1.905228e-02
5.289823e-01 1.638181e-01 -4.554577e-02 4.686032e-02 -7.245047e-02 -6.784432e-03 -5.637430e-03 -6.931364e-02 -1.136598e-01 1.099048e-01 4.325045e-02 -2.086193e-01 -8.108908e-02 -4.606672e-02 -3.771343e-02 -4.343660e-02
-3.480750e-02 -9.373039e-02 1.318715e-01 1.758225e-01 8.091533e-02 -3.521487e-03 1.537910e-01 2.703120e-02 -1.201846e-01 -2.647191e-01 2.296711e-01 3.634011e-01 5.124345e-01 4.275867e-03 -1.367158e-02 -1.395491e-02
9.299771e-02 -1.188978e-01 -5.570063e-02 2.567518e-01 -1.294136e-01 -1.699398e-02 -2.748905e-01 1.759261e-01 -1.240654e-01 1.832269e-01 3.761213e-01 -5.411759e-03 -2.642697e-01 -1.465140e-01 2.956377e-01 -6.170167e-03
1.207616e-01 -1.745019e-02 2.624255e-01 -2.984919e-01 -6.523609e-02 -8.242291e-02 -1.766017e-01 1.185636e-02 -1.817866e-01 -9.944087e-02 4.119132e-01 -1.714172e-01 -1.172933e-01 -1.953273e-01 -1.837710e-01 9.096184e-02
2.814277e-02 2.950993e-01 3.583736e-02 -1.519338e-01 1.022370e-01 1.385252e-01 4.432267e-01 -1.945675e-01 1.699458e-02 -2.449972e-01 -2.479814e-01 5.190713e-02 2.900233e-01 2.798757e-01 -1.791131e-01 2.232275e-03
5.357529e-02 2.080159e-01 2.391703e-01 -9.000288e-02 5.173470e-02 1.290603e-01 -2.069964e-02 1.741643e-01 -1.863547e-02 7.687455e-02 -1.023174e-01 4.835697e-01 2.810916e-02 -1.232254e-01 -1.909553e-01 -1.165424e-01
7.739628e-03 -4.704642e-02 -1.279996e-01 1.796887e-01 -2.938035e-01 -2.024971e-01 9.565749e-02 -1.443704e-01 -2.524462e-01 1.328300e-01 2.170205e-01 1.156478e-01 -4.275872e-02 -1.352034e-01 -2.793468e-01 5.097010e-01
-2.214409e-02 -1.052858e-01 -2.400091e-02 5.314810e-01 -5.096945e-02 -3.161950e-02 2.625852e-02 1.334394e-02 -1.272964e-01 -1.702628e-01 -3.799023e-02 -1.266886e-01 3.261385e-02 -9.405535e-02 6.226250e-02 7.249596e-02
1.572120e-01 -1.214225e-01 -1.095366e-01 7.169407e-03 2.664067e-01 1.333221e-01 1.897151e-01 -1.894656e-01 2.426176e-01 -1.682212e-01 3.510976e-01 4.774247e-01 2.294960e-01 6.308614e-02 1.404016e-02 -1.655265e-01
-2.583186e-01 3.222827e-01 7.145808e-02 -2.613672e-01 1.939854e-01 -1.914823e-01 6.708339e-02 -5.465485e-02 -5.735591e-02 1.384030e-01 -4.518094e-02 -1.340593e-01 1.140563e-01 3.598027e-01 -2.024245e-01 3.982475e-01
-1.739614e-01 -1.211350e-02 -1.511148e-01 1.726603e-01 -1.283114e-01 1.093158e-01 2.628650e-01 1.499334e-01 8.572352e-02 2.405987e-01 2.149424e-02 2.147599e-01 3.802277e-01 7.769507e-02 -9.359930e-02 1.987821e-01
-5.930069e-02 5.319359e-01 -2.250889e-01 -1.028800e-02 1.779101e-01 7.457357e-02 5.339053e-02 4.109105e-02 1.628928e-01 1.634453e-01 -2.343602e-02 1.583196e-02 1.911423e-01 1.606333e-01 -1.471884e-01 2.174900e-01
-3.492985e-01 1.322051e-01 2.552927e-02 2.972429e-01 3.063486e-01 2.370836e-01 2.326657e-01 9.728011e-02 7.725374e-02 4.042502e-01 -1.472643e-01 2.734991e-01 1.334078e-01 1.122908e-01 3.079383e-01 -1.247793e-01
-1.087441e-01 1.104991e-01 -6.800761e-02 -7.853001e-02 1.567467e-01 -1.176011e-01 -7.836796e-03 -1.226970e-01 2.132340e-01 -9.230996e-02 -5.411281e-02 -5.112068e-02 -1.365823e-01 2.313300e-01 4.322740e-01 -7.923115e-02
1.514560e-01 -1.100200e-02 1.033796e-01 -1.250189e-01 2.651515e-01 -8.402478e-03 -1.326557e-01 5.815990e-03 -1.786148e-01 3.019585e-01 4.936573e-01 4.128672e-03 -1.423708e-01 -2.626983e-01 -2.145915e-01 -3.476920e-02
-9.264056e-02 -1.028371e-01 -1.974349e-01 1.633617e-01 3.458260e-01 -1.313745e-01 -2.580984e-01 -5.304710e-02 -2.314620e-01 6.231236e-02 4.092270e-01 3.683480e-01 -5.502264e-02 -3.116464e-01 -1.551350e-01 -5.842194e-02
-4.019921e-02 -6.264445e-02 -3.929756e-01 -4.528113e-03 -2.546779e-01 2.445196e-01 5.426005e-03 1.995493e-01 1.641289e-01 -2.552415e-01 -3.322573e-01 2.580335e-02 -7.382300e-02 2.256466e-02 -2.088868e-01 -2.824381e-02
-1.294233e-02 5.063692e-02 4.112236e-02 -1.515489e-01 -8.097720e-02 -1.772283e-02 1.330267e-01 9.762017e-02 1.521506e-01 7.657640e-02 -1.758581e-01 -2.901485e-01 -5.943317e-02 2.130730e-01 2.618617e-01 7.328899e-03
1.693095e-01 2.672817e-01 5.661124e-02 -4.565183e-01 7.290460e-03 -1.848434e-01 4.106652e-02 -2.365699e-01 -2.220166e-01 9.473799e-02 -4.441806e-02 -2.290262e-01 -3.416844e-02 1.928899e-02 -2.241345e-02 2.970779e-02
-2.049049e-01 2.926460e-01 -2.780391e-01 -1.775054e-01 2.443432e-01 8.318348e-03 -1.398673e-02 -9.895265e-04 3.913355e-02 4.339406e-02 -1.615147e-01 1.342497e-01 3.884822e-01 -1.232111e-01 3.979972e-01 -1.509508e-01
4.800883e-02 1.396450e-01 1.700349e-01 -6.885777e-02 -6.829455e-03 -6.296241e-01 6.541003e-02 -1.378927e-02 -2.621701e-01 1.597427e-01 1.007316e-01 -6.443724e-02 -6.723931e-02 -2.258093e-01 -8.752240e-03 1.109629e-01
-1.425095e-01 1.945429e-01 -1.457624e-02 2.264282e-01 -4.473945e-02 2.322960e-01 -4.172440e-02 -3.505826e-01 -5.820597e-02 1.015823e-01 2.207735e-01 1.357678e-01 -4.473026e-01 -1.227675e-01 -2.562942e-02 -7.035782e-02
-1.152878e-01 -1.091212e-01 -1.382132e-01 4.696375e-01 3.689367e-02 3.107592e-02 -3.361880e-02 1.427194e-01 9.658594e-02 -1.738634e-02 7.155892e-02 2.815330e-01 6.534142e-02 -3.528282e-02 1.371281e-01 7.744609e-02
-1.081747e-01 -1.818605e-03 2.340095e-02 -2.145193e-01 8.337919e-02 -1.907779e-02 6.082471e-02 4.139324e-01 -3.231944e-02 -6.704305e-02 -4.655179e-02 -2.930961e-02 4.142828e-01 -6.246565e-02 -5.333225e-02 8.435923e-02
2.273397e-01 -1.151794e-01 -1.626694e-02 1.982165e-01 -1.085407e-01 4.817990e-02 -4.729043e-02 4.774645e-02 -7.384792e-02 -3.881099e-01 1.256687e-01 4.262177e-01 -6.207299e-02 -3.160916e-01 -2.557809e-01 2.078679e-01
4.942193e-02 1.177482e-01 2.314912e-02 -2.346876e-02 3.581861e-01 1.769951e-01 2.831059e-01 4.224391e-02 -3.150770e-01 -2.569750e-02 -3.727251e-02 -3.303492e-02 -2.820151e-01 1.753333e-01 -1.948692e-01 2.402209e-01
-2.176149e-01 8.219904e-02 1.202128e-01 -8.287475e-02 1.040436e-01 1.457903e-01 -1.438567e-01 -6.160508e-01 6.086642e-02 -4.592507e-02 -2.169357e-02 -9.564377e-02 -2.746110e-01 2.533033e-01 7.026548e-02 1.303482e-01
-3.922873e-02 -1.978418e-02 -2.600414e-01 1.933576e-01 1.443693e-01 9.029811e-02 -2.150213e-02 -4.529773e-01 1.418317e-01 1.521500e-01 -1.037747e-01 1.527688e-01 1.117938e-01 4.665565e-02 1.312438e-01 -3.172510e-01
2.682431e-01 -2.290239e-02 -5.120736e-03 -2.128642e-02 -3.556120e-02 -1.407416e-01 4.398891e-02 -5.961580e-01 3.957465e-02 8.484970e-02 1.418477e-01 -1.169554e-01 -3.614943e-01 1.835816e-01 2.566495e-01 4.896981e-02
-1.616854e-02 1.161894e-01 -3.878623e-01 1.801716e-01 3.750019e-01 -3.265112e-01 7.854026e-02 -1.532257e-01 -1.572321e-01 2.002626e-01 -2.039694e-02 -7.351954e-02 -3.072416e-02 5.546461e-02 1.056154e-01 -8.685265e-02
-7.080537e-02 -4.352245e-02 -1.035331e-01 6.021409e-02 -2.733675e-01 -6.557302e-02 -2.381571e-01 -1.685080e-02 3.345817e-01 4.330462e-02 1.757241e-02 1.209369e-01 3.065270e-01 -8.447723e-02 3.225935e-01 -1.030913e-01
1.010393e-01 -3.160133e-01 -3.283837e-02 2.502793e-01 1.271041e-01 -4.652192e-03 -1.617670e-01 -2.224067e-02 -8.014748e-02 1.469809e-01 1.120574e-01 -1.794107e-01 -1.801940e-01 2.165889e-01 -3.918820e-01 1.574199e-02
2.723139e-03 -7.813567e-02 4.221454e-01 1.238322e-01 3.560979e-01 -1.557688e-02 3.266427e-02 -2.302637e-01 3.141353e-02 2.560874e-02 1.718186e-01 -1.194927e-01 1.911324e-01 -1.930833e-01 1.867871e-01 1.892218e-01
2.295015e-01 -9.096266e-02 1.360356e-02 6.972259e-02 2.408001e-02 -8.000185e-02 7.391394e-02 -2.428552e-02 4.497921e-01 -4.179522e-02 -3.149453e-01 3.212487e-02 -3.976884e-02 -1.549754e-01 -1.762500e-01 -3.056981e-02
3.552561e-01 -7.892545e-02 7.944396e-02 1.439011e-01 3.595332e-01 -1.929563e-01 1.717688e-02 2.854630e-03 1.444763e-01 3.022839e-01 2.823031e-01 -1.870841e-05 -1.553399e-01 2.114845e-02 2.190307e-01 -6.984413e-02
4.811331e-02 1.970740e-01 1.308258e-01 -1.192492e-01 -1.831447e-01 8.736384e-02 -1.005315e-01 -2.081372e-01 2.329997e-02 3.316118e-02 4.396381e-01 -3.339536e-03 8.659197e-02 9.287514e-03 2.216319e-01 -4.962662e-02
-4.388967e-02 -1.416163e-01 -6.244788e-02 1.677851e-02 -3.752524e-02 5.693231e-01 -1.709776e-01 2.556939e-02 2.108581e-01 -6.802297e-02 -1.577526e-03 3.584600e-02 -6.333704e-02 -3.285015e-02 4.126676e-02 -9.211392e-02
1.326885e-02 -2.115280e-01 -6.003206e-02 8.836709e-02 4.727654e-01 1.496061e-01 -2.784625e-01 -7.740132e-02 -1.244750e-01 -7.453887e-03 4.218097e-01 1.462650e-01 -2.892928e-01 -1.213651e-01 -2.399724e-01 5.331679e-02
-2.949869e-02 3.313602e-02 2.150856e-01 9.160614e-02 3.815871e-01 1.639677e-01 1.135445e-01 -7.404777e-02 3.802551e-02 -1.325931e-01 -1.446548e-01 6.699386e-02 5.758548e-01 1.609115e-01 7.876164e-02 7.448300e-03
-5.884310e-02 1.384902e-01 -4.810304e-01 1.173681e-01 3.840729e-01 4.679884e-02 -3.324816e-01 -1.476236e-01 1.261183e-01 6.507246e-02 -6.773271e-02 -4.380367e-02 -4.245358e-02 -5.160768e-02 2.005371e-01 -7.425158e-02
3.563418e-01 -3.291071e-01 -5.179292e-02 -2.060892e-01 4.815405e-02 -2.501355e-01 -4.650652e-04 1.691732e-01 1.651757e-01 -1.334454e-01 -2.946444e-01 -8.975068e-02 3.675203e-01 1.148638e-01 -4.261467e-02 6.634022e-02
5.871101e-02 -3.442467e-02 1.533330e-01 -1.780444e-01 -2.660031e-01 8.047212e-03 3.225057e-02 -2.201255e-02 1.086855e-02 -9.464627e-02 8.469488e-02 -7.032031e-02 -1.879632e-01 6.431517e-02 -4.370773e-01 9.984539e-03
-4.071067e-02 2.316178e-03 2.100999e-01 -2.481526e-02 -3.054183e-02 -3.197888e-03 3.765355e-02 5.209728e-01 -1.201592e-01 -2.698603e-01 -1.049132e-01 -5.324899e-02 -7.269948e-02 -1.460793e-01 -1.438622e-01 2.533673e-01
-2.666784e-01 1.418461e-01 4.567306e-02 1.952750e-02 6.405690e-02 2.496589e-01 -2.048868e-01 -3.275049e-01 -4.993991e-03 1.082811e-01 -2.522246e-02 1.315232e-01 1.475198e-01 4.493045e-02 -5.350245e-01 1.295163e-02
-1.575364e-01 9.142815e-02 -3.673732e-03 -4.615169e-02 2.200856e-02 -1.165667e-02 -4.105202e-02 1.724003e-02 -5.684291e-01 -7.491080e-03 1.354836e-01 -5.697442e-02 9.918098e-02 1.576580e-01 6.731785e-02 -7.616190e-02
2.924366e-01 -9.038464e-02 -6.136651e-02 4.241800e-02 -1.093894e-01 -1.682427e-01 9.188191e-02 5.914171e-01 -9.949554e-03 -5.134524e-02 -7.466573e-02 3.458634e-02 8.019100e-02 -6.421109e-02 8.025958e-02 7.233443e-03
