32
9.55452025e-01 6.63362518e-02 1.99506711e-02 -3.45274694e-02 9.55750328e-03 6.13983274e-02 4.87383977e-02 1.01565365e-02 -5.51081002e-02 -5.99408373e-02 4.42689471e-02 1.26101524e-02 -9.44886506e-02 8.50240588e-02 3.79182398e-02 -1.20938458e-01 -4.76505561e-03 4.76820245e-02 3.25524136e-02 -4.74525355e-02 -3.83708850e-02 4.84342687e-02 1.37924012e-02 3.25780921e-02 -4.05830592e-02 -7.18166027e-03 -5.13306558e-02 -2.89052203e-02 -6.75229207e-02 -8.53733495e-02 5.30807897e-02 -5.74421473e-02
-2.73114126e-02 9.77869570e-01 -3.03003993e-02 -2.52023395e-02 -5.14938235e-02 -1.49394730e-02 -2.01261193e-02 3.85619467e-03 2.95048319e-02 3.58205736e-02 -2.33588368e-02 9.50462557e-03 2.14800742e-02 -3.76610644e-02 -6.22168705e-02 1.05999351e-01 -3.86299826e-02 6.89315610e-04 -4.06129705e-03 -1.76101588e-02 5.49579225e-02 -5.16019315e-02 -3.68130729e-02 8.36472100e-05 7.10890740e-02 -1.16926702e-02 3.89999710e-02 -2.20983252e-02 1.59615017e-02 1.86807346e-02 2.53120773e-02 3.31549346e-02
-4.44666632e-02 4.79268804e-02 9.65263426e-01 4.84049954e-02 -1.86267644e-02 -4.30153944e-02 2.12035570e-02 -2.72530317e-02 3.76674086e-02 -4.77804132e-02 -2.42666844e-02 -2.66572330e-02 -6.08889982e-02 2.19157767e-02 3.33374389e-03 -9.35838297e-02 7.18575418e-02 -4.59756404e-02 9.64578521e-03 -2.59074830e-02 1.47203784e-02 3.00303660e-02 2.99665574e-02 4.30616662e-02 1.45299733e-03 -1.08782180e-01 -5.63022774e-03 2.95714196e-02 8.16903636e-02 -6.31177798e-02 -8.11551046e-03 -7.01726079e-02
5.67356348e-02 1.57329552e-02 -4.71199192e-02 9.71713603e-01 -4.67468947e-02 -6.55879229e-02 9.35680326e-03 6.34595901e-02 -1.48712248e-02 -4.15283628e-02 -1.36919841e-02 -1.61249470e-03 4.55229320e-02 -8.11179727e-03 2.08622986e-03 7.83939660e-02 2.99271196e-02 2.44191810e-02 -4.22715489e-03 -6.12164848e-02 -9.75318849e-02 1.91456322e-02 1.66041788e-03 -9.30493511e-03 2.54894961e-02 -2.83033550e-02 3.44940647e-02 6.89907521e-02 5.70608787e-02 5.45432009e-02 1.23867916e-03 1.42059736e-02
-7.86638912e-03 4.55644280e-02 -7.47135608e-03 4.32242677e-02 9.71934617e-01 2.60888948e-03 1.96747594e-02 -4.15578932e-02 9.37068649e-03 -4.94241565e-02 -6.10890873e-02 -6.56788945e-02 -3.49374078e-02 2.11379975e-02 4.61876998e-03 2.50885636e-02 -2.76949592e-02 -2.34750360e-02 -4.64617014e-02 -1.02421083e-02 7.40599707e-02 4.06160690e-02 5.68399591e-05 1.74681954e-02 9.52467397e-02 -2.35392544e-02 -1.12089925e-02 8.31450149e-02 1.82787571e-02 2.29094233e-02 2.13289373e-02 -8.52397755e-02
-3.26398239e-02 -4.69846325e-03 9.02850460e-03 4.30823416e-02 -4.33007665e-02 9.61986363e-01 -1.61774829e-02 -1.15396758e-03 8.58171061e-02 -4.84669618e-02 -7.77979270e-02 -1.07708164e-01 -1.75702311e-02 1.58203505e-02 -5.14666326e-02 4.54297028e-02 -3.52974725e-03 -4.77406606e-02 -2.99796145e-02 -4.90078516e-02 1.40033048e-02 -1.45194877e-03 1.22644063e-02 4.42541912e-02 4.45660688e-02 -4.90268208e-02 7.62258470e-02 7.09481537e-02 1.06784798e-01 2.77946480e-02 1.94133874e-02 -3.30918022e-02
-5.37784584e-02 1.04232673e-02 -3.88714001e-02 3.82082700e-03 -1.98483337e-02 8.39674473e-03 9.85804737e-01 -3.61573435e-02 1.88806821e-02 4.32732999e-02 -8.40901863e-03 -1.17134247e-02 -5.91462553e-02 7.29137508e-04 -6.36495138e-03 -3.21153961e-02 -1.39380610e-02 -1.21748559e-02 5.94380088e-02 -1.70644633e-02 2.86817234e-02 -4.28945459e-02 -2.36191098e-02 -1.73822902e-02 1.21656284e-02 -4.43384647e-02 2.73847040e-02 -1.76766049e-02 3.18520591e-02 -5.07678688e-02 5.94354980e-03 1.97541155e-02
-6.82092533e-02 2.38819439e-02 3.12263472e-03 -2.23333891e-02 4.62528430e-02 2.74531003e-02 2.00779140e-02 9.67895567e-01 -2.23703589e-02 1.37699740e-02 1.52747510e-02 1.78758670e-02 -1.10950395e-01 7.51974657e-02 1.09657245e-02 -1.14757635e-01 8.33142083e-03 -1.46467369e-02 2.94261556e-02 3.57310548e-02 1.82400197e-02 1.75826978e-02 -1.13387499e-02 1.40955718e-02 -4.38860804e-02 -2.50244029e-02 -2.86557060e-02 -3.90694365e-02 -7.52692223e-02 -7.67578110e-02 -4.91302414e-03 -4.21518125e-02
5.43185472e-02 -1.57542434e-02 -5.00733703e-02 -3.92461121e-02 -3.33191454e-02 -1.07280321e-01 1.57916993e-02 5.42825274e-02 9.39025819e-01 -8.73611942e-02 1.89018194e-02 -5.59679195e-02 6.31138608e-02 5.49250431e-02 6.49680346e-02 7.76136518e-02 2.62270160e-02 4.10647355e-02 -9.25881416e-02 -4.57830876e-02 -8.54942873e-02 6.97081238e-02 1.05183609e-01 4.86123152e-02 2.00219732e-02 -2.42287721e-02 -7.91136473e-02 6.74768537e-02 5.19180931e-02 6.46757483e-02 4.82974900e-03 -9.72744375e-02
1.06669910e-01 -4.23469990e-02 6.96220621e-02 3.45878974e-02 3.79843302e-02 2.57187989e-02 -1.73017420e-02 2.91676130e-02 6.95598125e-02 9.60138977e-01 -5.22002671e-03 -7.69026875e-02 7.17051327e-02 -5.87430969e-02 1.01395110e-02 6.52650520e-02 1.30376592e-03 -7.06437081e-02 -8.96111727e-02 3.45403738e-02 3.48629802e-02 1.31569663e-02 2.02472750e-02 5.53263933e-04 1.65278856e-02 8.49356204e-02 5.39239403e-03 -1.24614630e-02 5.73431663e-02 6.96406513e-02 1.02360407e-02 5.08423022e-04
-6.03610501e-02 2.60000750e-02 -1.98568422e-02 5.89675717e-02 3.73668931e-02 6.65394813e-02 -2.53229998e-02 -6.03467040e-02 4.19227444e-02 2.88873799e-02 9.52780724e-01 8.04615580e-03 -1.06438339e-01 2.06224722e-04 -1.65523700e-02 -9.50319618e-02 -2.87309842e-04 -8.59053135e-02 2.29552239e-02 4.64313067e-02 1.30543381e-01 4.85528680e-03 -3.55767421e-02 -2.43743844e-02 1.79413464e-02 -1.23315327e-01 2.88476120e-03 3.56772146e-03 -4.62377351e-03 -7.19520450e-02 2.89940834e-03 -2.95941047e-02
4.26044315e-02 -3.51154357e-02 5.98967522e-02 1.08280666e-02 5.28425723e-02 8.97167251e-02 1.92642622e-02 1.88104026e-02 8.35146382e-02 7.58226821e-03 -1.11287357e-02 9.48997974e-01 6.92727119e-02 -6.84672520e-02 3.83936241e-02 7.83140957e-02 -7.65517876e-02 -8.99378657e-02 -5.36800437e-02 6.68550581e-02 9.18902904e-02 -1.08549725e-02 -4.95564491e-02 -4.20157500e-02 7.54343569e-02 6.52759597e-02 6.06719330e-02 -2.43532676e-02 6.44499287e-02 5.40665537e-02 -7.02180713e-03 3.74034420e-02
-8.04615673e-03 4.16426174e-02 3.27393934e-02 -2.93643004e-03 4.81017120e-02 6.46423027e-02 6.19385615e-02 3.35889347e-02 -6.21401481e-02 -3.42134833e-02 8.29393640e-02 -1.35498857e-02 9.23959672e-01 9.42446738e-02 5.26867956e-02 -2.07281098e-01 -4.52245772e-03 9.49369650e-03 5.04664797e-03 4.43938933e-02 -5.27180806e-02 6.70076162e-02 5.73689714e-02 6.22966476e-02 -8.62932652e-02 -3.08883702e-03 -6.84676841e-02 -5.85969724e-02 -1.02328405e-01 -1.16604768e-01 5.82853295e-02 -7.51893967e-02
-6.20883815e-02 1.56973079e-02 -3.05173378e-02 1.97011735e-02 9.01049469e-04 -1.06041273e-02 -4.03621830e-02 -8.26907679e-02 1.93924531e-02 9.84871089e-02 -4.04993594e-02 7.78825730e-02 -4.79510762e-02 9.44390535e-01 -5.87847531e-02 -4.68139015e-02 6.04186170e-02 3.21923308e-02 7.72357509e-02 -3.59548479e-02 2.47929022e-02 -1.00858532e-01 -5.52272871e-02 -1.13722816e-01 3.45071740e-02 -5.51088229e-02 6.98753074e-02 -2.78212018e-02 4.30416651e-02 -4.57572713e-02 -8.05759206e-02 9.67446789e-02
-7.28506297e-02 6.64258003e-02 -4.79749553e-02 1.80069413e-02 -2.17429902e-02 4.23796028e-02 -2.55545024e-02 -4.98708822e-02 -3.45857851e-02 4.12657447e-02 -4.25120555e-02 4.25612601e-03 -8.14508051e-02 2.39880253e-02 9.62982893e-01 -7.25727305e-02 3.34986523e-02 -1.78342406e-02 8.39667395e-02 -4.52994891e-02 6.10338449e-02 -1.83817802e-03 1.41664851e-03 4.22876962e-02 4.82085999e-03 -8.99171308e-02 -1.26882931e-02 5.54871820e-02 -6.92936685e-03 -9.60553810e-02 2.03373022e-02 -2.47111879e-02
2.32784562e-02 -3.82068902e-02 1.05709471e-01 -5.11602908e-02 5.54861547e-03 2.88488381e-02 6.94667101e-02 5.95115311e-02 -1.31334126e-01 -4.68423367e-02 1.36633933e-01 -1.66925527e-02 5.43755107e-02 1.40886888e-01 9.10159275e-02 8.80627990e-01 2.03191359e-02 7.44232014e-02 -3.39892879e-02 3.99012193e-02 -8.35149139e-02 7.56467134e-02 1.09106779e-01 5.16793877e-02 -1.24468960e-01 4.78531830e-02 -1.48207754e-01 -9.08651873e-02 -1.69777170e-01 -6.15120232e-02 5.46029918e-02 -1.02104723e-01
2.90216804e-02 1.67235583e-02 -5.95599189e-02 -3.58432941e-02 2.32203603e-02 5.92685770e-03 1.34409275e-02 9.50196199e-03 -1.56634878e-02 -8.58318619e-03 -2.03502947e-03 5.22545725e-02 3.95081565e-02 -7.03973845e-02 -2.96721496e-02 2.56547760e-02 9.79952991e-01 2.81380955e-02 1.33048017e-02 4.43286747e-02 8.60830620e-02 -1.04754744e-02 -6.24751933e-02 2.27116682e-02 4.83224057e-02 -3.08463839e-03 2.01094728e-02 1.39652705e-02 4.13473509e-02 3.73173468e-02 2.20962968e-02 1.94096100e-02
-5.87205328e-02 4.00816975e-03 5.84028922e-02 3.23886536e-02 4.59383763e-02 8.72486457e-02 -4.52270685e-03 -2.04549301e-02 4.32548076e-02 7.82875195e-02 3.77201550e-02 6.76594153e-02 -3.67589258e-02 -6.93106055e-02 2.50659883e-03 -7.78130665e-02 -3.05661820e-02 9.57392573e-01 3.38303968e-02 5.32389134e-02 1.03804789e-01 -1.41240917e-02 -4.05840017e-02 -5.98277748e-02 -5.49472012e-02 3.49806398e-02 -2.49142591e-02 -6.15924820e-02 -6.36221915e-02 -5.65306507e-02 -2.19841022e-02 3.99820656e-02
4.64096628e-02 -2.99111102e-02 3.15804929e-02 -1.03664957e-02 4.89670932e-02 6.05898397e-03 -4.59105112e-02 2.92554684e-02 1.00672685e-01 1.79273318e-02 5.27349720e-03 -3.35201994e-02 8.55602473e-02 -7.98082054e-02 -2.47908160e-02 1.17701545e-01 -4.06146012e-02 -3.48573327e-02 9.45159495e-01 4.53585610e-02 4.56357934e-02 -1.39790410e-02 -3.54825146e-02 -4.60497849e-02 3.55191007e-02 9.32615772e-02 6.77911863e-02 -2.52223443e-02 1.12264849e-01 1.16824828e-01 -4.62132879e-02 5.65519072e-02
3.46544981e-02 2.56317630e-02 -1.37561164e-03 6.17396757e-02 -3.63719277e-02 1.43696880e-02 1.57928560e-02 -4.13309187e-02 3.03091370e-02 -4.32249047e-02 -7.09915534e-02 -7.16107413e-02 -5.50205223e-02 6.16562776e-02 2.68383995e-02 -2.92506162e-02 -3.56857963e-02 -3.60783748e-02 -3.02602258e-02 9.73049521e-01 3.67024615e-02 6.74970970e-02 -9.90106631e-03 1.56993084e-02 4.93098833e-02 -3.80074629e-03 -2.55612633e-03 7.89024159e-02 -4.42504475e-04 -1.13582890e-03 3.87572981e-02 -5.23096211e-02
8.22628289e-02 -7.53954351e-02 -7.23587628e-03 3.18677053e-02 -1.14447460e-01 -8.13649669e-02 1.19651924e-03 5.16203381e-02 -7.27413129e-03 -8.35054368e-02 -6.70304373e-02 -1.13286465e-01 1.14041388e-01 4.30211984e-02 -1.82080511e-02 1.08149558e-01 -8.53907317e-02 -1.18953483e-02 -8.36760849e-02 -7.48414248e-02 9.19632435e-01 6.03441559e-02 2.73082033e-02 5.15768230e-02 6.17341027e-02 9.96773690e-03 5.69809452e-02 1.14216924e-01 6.22135513e-02 1.08397797e-01 5.44711910e-02 -3.55035663e-02
-7.38254860e-02 4.43547480e-02 -4.97557558e-02 -1.47431232e-02 -3.95294279e-02 5.49447443e-03 1.34646455e-02 -4.59229648e-02 -3.61263007e-02 4.58351709e-02 -3.77563536e-02 5.24442829e-02 -7.40826726e-02 4.75456715e-02 -4.68342118e-02 -4.89207394e-02 1.42506128e-02 5.26477303e-03 6.14593588e-02 -6.92763105e-02 -2.42908522e-02 9.69032228e-01 -5.58623299e-02 -3.25873643e-02 4.07950468e-02 -7.83497170e-02 1.04002533e-02 7.34856771e-03 -3.56676430e-02 -5.31087741e-02 1.37453212e-03 3.77671272e-02
-5.28915711e-02 4.44954336e-02 -6.47092685e-02 2.16182731e-02 3.19197495e-03 5.29371109e-03 -4.76720277e-03 -3.67954783e-02 -6.12698793e-02 4.37742695e-02 -1.90527122e-02 1.04976155e-01 -9.71554741e-02 9.83584300e-03 -6.78217411e-02 -1.03635818e-01 5.55261709e-02 1.38545455e-02 1.00756377e-01 1.01210270e-02 4.05948423e-02 2.49380339e-03 9.56689119e-01 4.30089571e-02 -9.83387511e-03 -7.47280046e-02 -8.18740693e-04 1.77501645e-02 -3.33815441e-02 -8.14289004e-02 2.85629798e-02 -1.94769707e-02
-5.00157885e-02 -8.33955500e-03 -4.20850255e-02 2.29070131e-02 -4.15666914e-03 -2.88845338e-02 -4.78757778e-03 -4.07577008e-02 -5.75119071e-03 4.51416224e-02 3.51225119e-03 7.14934543e-02 -7.07104355e-02 7.07767606e-02 -6.77269325e-02 -3.73309590e-02 -2.38037128e-02 4.08624224e-02 7.37763494e-02 -9.88860615e-03 -1.48052499e-02 -1.13518452e-02 -8.76946300e-02 9.72832143e-01 1.46276411e-02 -8.10285192e-03 1.95120517e-02 -3.40153538e-02 -4.56802770e-02 -2.74970327e-02 2.48670336e-02 4.37748693e-02
4.58523668e-02 -6.59046471e-02 3.90327051e-02 -6.64046779e-02 -7.15839714e-02 -3.37907560e-02 1.76659282e-02 7.89551139e-02 -8.12761486e-02 -2.89824959e-02 6.64087608e-02 -6.43502772e-02 9.03811157e-02 9.23112407e-03 4.48800698e-02 6.20144047e-02 -3.47696021e-02 1.01068169e-01 -4.45203446e-02 -2.90257446e-02 -1.28141105e-01 -1.19891679e-02 6.35320172e-02 1.05629554e-02 9.47773933e-01 4.81105149e-02 3.12681869e-02 4.91583161e-02 -3.67338881e-02 3.60750593e-02 -2.73994803e-02 4.84898910e-02
-6.54813573e-02 5.13175726e-02 5.78237250e-02 6.91829696e-02 2.24397075e-03 5.33926152e-02 3.48620042e-02 -3.45489942e-02 3.14570926e-02 -6.30453900e-02 6.97053522e-02 -3.39527540e-02 -9.35291126e-02 7.77022243e-02 4.81967218e-02 -1.25964537e-01 3.87653634e-02 -6.26314282e-02 -2.42490750e-02 -2.97281984e-02 3.61630395e-02 6.32789880e-02 4.38896753e-02 4.83502774e-03 -7.17330864e-03 9.43992913e-01 -7.96211213e-02 -2.71897558e-02 -6.48893490e-02 -1.05059549e-01 4.81347889e-02 -7.58665502e-02
5.53255975e-02 -2.20083129e-02 3.64210717e-02 -5.66439927e-02 3.39548290e-02 -6.28663376e-02 9.62528773e-03 5.48504479e-02 1.44327125e-02 -5.00562154e-02 7.16091767e-02 -7.14437515e-02 5.62682636e-02 -3.93426232e-03 8.08937177e-02 7.42807835e-02 -6.19023805e-03 5.53036481e-02 -1.01449460e-01 2.12527607e-02 -9.77448225e-02 4.82613482e-02 7.02491328e-02 1.97590869e-02 -9.98426974e-02 9.76805612e-02 9.45447028e-01 -7.49738738e-02 3.32437456e-02 5.91435693e-02 1.95705052e-02 2.20982898e-02
1.51698124e-02 2.39719842e-02 1.28096733e-02 -8.97107348e-02 -3.55954543e-02 -3.19063962e-02 3.14893685e-02 4.42700423e-02 -7.53659979e-02 3.42862792e-02 5.86608090e-02 5.65394759e-02 4.76959459e-02 3.37453894e-02 -3.00817825e-02 3.76448482e-02 -8.89231917e-03 7.21349642e-02 3.34252417e-02 -3.94785888e-02 -1.15365855e-01 -1.26845660e-02 -1.15977237e-02 1.84172112e-02 -1.10436432e-01 6.41168430e-02 3.51963528e-02 9.56425726e-01 -7.16244057e-02 3.52093913e-02 2.51685386e-03 7.70893097e-02
3.66411582e-02 7.84452166e-03 -4.95969690e-02 -8.79759938e-02 -6.50053984e-03 -6.84524328e-02 1.14331683e-02 8.36510286e-02 -1.47969455e-01 -5.64670041e-02 8.69079083e-02 -2.25688573e-02 5.73452637e-02 4.18015234e-02 4.88703772e-02 4.70608883e-02 -3.39429863e-02 1.14775866e-01 -8.90004858e-02 1.42658148e-02 -1.09682947e-01 6.90671578e-02 6.69299737e-02 6.94450065e-02 -4.96946424e-02 7.71641806e-02 -1.20592386e-01 1.20005440e-02 9.26231205e-01 5.28672561e-02 1.79294217e-02 -3.27266827e-02
-6.24893326e-03 3.41448002e-02 6.08819388e-02 -3.19857635e-02 -8.17402732e-03 2.69607194e-02 6.97415099e-02 2.35190839e-02 -9.77863967e-02 -3.96993905e-02 9.06293914e-02 2.49366742e-03 -1.07674012e-02 1.08316645e-01 9.44764838e-02 -1.11768723e-01 4.91023355e-04 5.16281202e-02 -3.54630053e-02 -1.35367038e-03 -7.94294178e-02 5.53015061e-02 7.18174875e-02 2.84629669e-02 -6.94312602e-02 2.87674107e-02 -1.01412408e-01 -7.12872893e-02 -1.37100458e-01 9.30018306e-01 7.38905519e-02 -7.59291351e-02
-5.63499369e-02 -3.57008427e-02 -1.06312707e-03 -4.41026787e-04 -1.42245283e-02 -2.56052446e-02 -2.80538853e-02 -5.93383564e-03 2.13701408e-02 2.07723193e-02 -2.09221859e-02 2.38328204e-02 -4.76247519e-02 3.68261077e-02 -4.08310816e-02 -2.23494750e-02 -1.62462927e-02 1.59635637e-02 6.02561831e-02 -3.47130187e-02 -3.83665264e-02 -3.66053991e-02 -5.19858971e-02 -5.69766462e-02 4.20200862e-02 -4.76520285e-02 1.47209577e-02 -5.30705438e-04 1.63865816e-02 -5.55156954e-02 9.81677234e-01 2.78363526e-02
5.95086552e-02 -1.26198158e-02 8.53633061e-02 -1.25882705e-03 8.47407356e-02 4.00675870e-02 1.15769096e-02 5.12216613e-02 6.63913786e-02 -6.31819591e-02 5.00392132e-02 -8.03602114e-02 4.92502227e-02 -2.92863175e-02 7.22568184e-02 3.82570624e-02 -8.49489495e-03 -4.75511923e-02 -9.17745009e-02 5.18913567e-02 2.52657644e-02 2.63331588e-02 7.86432326e-02 7.56871048e-03 -6.55309483e-02 5.44167943e-02 -9.27798226e-02 -6.49888366e-02 -3.90655268e-03 4.14872319e-02 1.31168487e-02 9.52428162e-01
9.88594830e-01 3.93474038e-04 2.47000288e-02 -5.47927245e-02 -1.78788567e-03 2.82273181e-02 -3.14023420e-02 1.64214596e-02 -1.50285882e-03 2.97072483e-03 4.13246155e-02 -2.57558934e-03 2.25387402e-02 1.42012024e-02 -3.43862288e-02 2.32186858e-02 -2.36227587e-02 3.00354864e-02 -1.73287168e-02 -1.59054138e-02 -3.28552388e-02 -4.06042561e-02 -1.48018706e-03 -2.98939105e-02 -1.85141303e-02 5.68901710e-02 -1.67096015e-02 7.80145358e-03 -3.29080992e-03 5.52609004e-02 1.47403907e-02 4.09225607e-03
-1.34345386e-02 9.85990584e-01 -6.66484423e-03 -2.94928439e-03 3.39645590e-03 3.60714234e-02 7.12933776e-04 4.54620272e-03 3.30917351e-02 6.54846779e-04 -6.12765737e-03 -7.22509949e-03 -6.11192314e-03 -2.16184966e-02 -5.02590276e-02 -8.51610862e-03 -1.75351743e-02 -4.37516421e-02 9.22051538e-03 -4.74490039e-02 -2.49192417e-02 -5.60681596e-02 -2.29174574e-03 -1.66962966e-02 -2.12470926e-02 7.50340968e-02 1.08187413e-02 -4.31098323e-03 5.78666292e-02 5.82497045e-02 1.35110850e-02 1.47710424e-02
-2.47838777e-02 5.67317242e-03 9.87291932e-01 -1.99069884e-02 6.19784463e-03 -3.10957637e-02 -2.79343538e-02 -2.50224266e-02 7.28135789e-03 -3.56179709e-03 -2.57659368e-02 -1.27244741e-02 -1.81558505e-02 8.28832574e-03 5.69913816e-03 3.87831815e-02 3.55915539e-02 8.19525402e-03 -3.65729146e-02 1.88423544e-02 5.82245812e-02 -3.44388299e-02 -1.56785659e-02 -1.11796586e-02 2.33087540e-02 -6.00380404e-03 -2.37952061e-02 4.93388288e-02 7.22441003e-02 2.43036039e-02 -3.94259542e-02 -7.49828201e-03
4.61084954e-02 -9.92222223e-03 3.90046388e-02 9.72325802e-01 -1.20626399e-02 1.35291060e-02 3.40208970e-03 4.07300629e-02 8.73174984e-03 -7.95184076e-03 5.91162890e-02 2.74035670e-02 -3.28826043e-03 2.25365255e-02 1.99433807e-02 3.12818028e-03 -1.92618836e-02 -5.27409911e-02 3.77233736e-02 -7.46639967e-02 -8.12459886e-02 -8.55688155e-02 4.12347764e-02 7.62840658e-02 -6.31681979e-02 3.05921845e-02 4.96673696e-02 -5.80313094e-02 -9.92141478e-03 -2.49368344e-02 2.12624632e-02 -5.01613715e-04
-3.61114810e-03 -1.60201080e-02 -1.71762686e-02 3.49906795e-02 9.78251159e-01 4.13506627e-02 1.40843056e-02 -5.21248542e-02 3.71068902e-02 -6.37079077e-03 -2.38518883e-02 -1.82262156e-02 -6.11837907e-03 -3.91560048e-03 -5.06772995e-02 3.32790278e-02 -3.72859389e-02 -3.48738208e-02 -3.39916721e-02 3.93182449e-02 4.66406941e-02 -3.26511008e-03 -5.87677620e-02 -3.67395990e-02 4.75460626e-02 3.59327048e-02 -1.85965318e-02 6.32640570e-02 2.12104544e-02 7.35256001e-02 6.65790513e-02 -8.79292469e-03
-4.25630771e-02 -3.89779806e-02 2.40312107e-02 -9.68788750e-03 -4.85491119e-02 9.83959079e-01 -3.07132280e-03 4.07353416e-02 1.18426513e-03 -4.14482877e-02 5.27279004e-02 -3.80974822e-02 4.39486615e-02 2.72584260e-02 -2.39645317e-02 4.39118147e-02 -3.90918292e-02 5.26859909e-02 -2.37270053e-02 -2.81602703e-02 1.46580003e-02 -2.95412838e-02 -1.36338817e-02 -3.28146890e-02 1.75902471e-02 -2.83999043e-03 -3.34045216e-02 2.08577663e-02 1.23249963e-02 3.75335440e-02 -1.75473820e-02 -3.03467717e-02
2.34803054e-02 -5.00066718e-03 2.51326133e-02 -1.02548823e-02 -1.42874531e-02 -1.06677022e-02 9.93297577e-01 1.61421318e-02 1.36578297e-02 -2.98440773e-02 1.82110276e-02 -2.20117401e-02 1.92467030e-02 1.62393004e-02 -8.65905371e-04 7.31920870e-03 -1.58558469e-02 2.46745981e-02 -2.57945582e-02 -6.54123500e-02 -3.88706266e-03 -2.38663312e-02 1.09913815e-02 8.81804619e-03 7.97311496e-03 4.69102478e-03 -2.84759626e-02 2.10801382e-02 1.56722292e-02 2.19540950e-02 -2.35901587e-03 -1.50090093e-02
-9.21439566e-03 7.05485884e-03 4.83831065e-03 -1.00138541e-02 4.53595407e-02 -3.96660008e-02 -1.52307115e-02 9.82233047e-01 1.41528500e-02 -8.13184015e-04 -3.41093317e-02 -1.61081348e-02 -2.22166516e-02 -2.66655926e-02 4.75231819e-02 4.55275597e-03 4.20708731e-02 1.77731700e-02 -6.05500266e-02 5.18816151e-02 6.00515381e-02 4.18193191e-02 1.05454791e-02 -1.82163753e-02 2.60797678e-03 -3.98300551e-02 -4.22388688e-02 7.64029622e-02 2.05241777e-02 3.21868658e-02 -3.27458940e-02 -1.78304850e-03
-3.75649496e-03 -4.43874672e-02 -6.69762539e-03 -2.62623969e-02 -3.70623209e-02 -3.73969646e-03 -1.78857893e-02 -3.51394457e-03 9.91692245e-01 2.28067040e-02 3.96725070e-03 2.23691333e-02 -2.38398556e-03 -2.51016347e-03 7.78469490e-03 1.10190725e-02 -2.17343178e-02 -4.37003672e-02 8.81047454e-03 -6.14785030e-02 -2.16631852e-02 -4.24123183e-02 5.51074219e-04 2.55772509e-02 -1.35838182e-03 1.48260538e-02 2.43813302e-02 4.55672620e-03 1.94228217e-02 2.16884892e-02 5.18726744e-03 1.98186352e-03
-3.33949015e-03 1.90136884e-03 1.05456188e-02 7.02887541e-03 8.57428834e-03 4.27563712e-02 3.33661474e-02 6.95360126e-03 -1.83535200e-02 9.95892882e-01 4.45878599e-03 1.14625031e-02 1.87355746e-02 2.43730750e-02 -8.80551618e-03 -1.97207392e-03 2.21791700e-03 1.14703001e-02 1.25117209e-02 3.00045758e-02 -2.73643900e-02 1.78144313e-02 -9.98558011e-03 -4.88106301e-03 -1.24427991e-03 -6.37088437e-03 -2.89947889e-03 -3.01618781e-02 -6.11018343e-03 -7.88182672e-03 2.70193937e-04 1.05550210e-03
-3.33630852e-02 1.77826453e-02 8.13232362e-03 -3.88755053e-02 2.88260616e-02 -5.26220240e-02 -1.80382803e-02 5.34193823e-03 1.44825818e-03 1.96365966e-03 9.84381437e-01 9.73190274e-03 -8.05617683e-03 -3.29562351e-02 4.49373871e-02 4.97986656e-03 3.60084921e-02 -2.28214567e-03 -4.55193743e-02 1.67592224e-02 5.21422364e-02 4.69664223e-02 1.91703159e-02 -1.71207718e-03 -6.13216124e-03 -5.40778525e-02 -2.31732074e-02 5.98711856e-02 4.13418822e-02 4.39823430e-04 -5.21738939e-02 -1.64791923e-02
5.67190954e-03 1.30701642e-02 7.90025759e-03 -1.19707612e-02 1.31203551e-02 3.92475948e-02 2.27587335e-02 4.32721106e-03 -1.40395779e-02 -1.41661381e-02 -1.79560967e-02 9.93138373e-01 1.50929310e-03 1.78404916e-02 -1.35129420e-02 -2.04184819e-02 4.34701890e-02 1.66355935e-03 -2.74535883e-02 2.41575371e-02 3.99497971e-02 3.79070677e-02 1.74495578e-02 -9.11964104e-03 2.35380083e-02 -2.37862114e-02 -2.84258183e-02 2.29232032e-02 -4.84147022e-04 1.51782688e-02 -3.63040366e-03 -5.49832126e-03
-1.35269128e-02 1.57738402e-02 5.96866990e-03 1.75969098e-02 7.67249987e-03 -4.49423566e-02 -2.08276361e-02 2.80464115e-03 7.36052077e-03 -1.30788861e-02 -1.07222991e-02 -7.66235683e-03 9.91441429e-01 -1.23364581e-02 2.94423122e-02 -1.59228910e-02 3.33907790e-02 -7.04768440e-03 -3.34217809e-02 6.58549462e-03 4.89819981e-02 4.66952595e-04 1.51350303e-02 -8.40682245e-04 8.63456167e-03 -6.25524670e-02 -2.98647452e-02 3.85137014e-02 1.34221073e-02 -1.27703161e-03 -2.21702550e-02 -9.21550579e-03
-8.86498112e-03 3.13433297e-02 -2.87994407e-02 3.30236764e-03 1.80421653e-03 -3.66539098e-02 -1.94052327e-02 2.73648230e-03 1.11646028e-02 -1.84509512e-02 1.07076680e-02 -2.55204923e-02 -5.12458105e-03 9.84904826e-01 1.88301839e-02 8.76802951e-03 2.39697993e-02 3.48152258e-02 -3.29948179e-02 2.14902367e-02 6.80247098e-02 -1.36487093e-03 3.19071463e-03 -3.72421890e-02 3.35917659e-02 -4.60232459e-02 -3.55101824e-02 5.14346473e-02 3.65947001e-02 2.61987373e-03 -8.10650438e-02 -1.44058773e-02
3.01193818e-02 4.32257541e-02 -6.35859091e-04 -1.83098149e-02 3.97385061e-02 3.62767018e-02 6.58535818e-03 -4.35316339e-02 -5.41624287e-03 5.50517906e-03 -3.58205065e-02 1.40336892e-02 -1.94650218e-02 -7.73631968e-03 9.89443779e-01 -1.21626128e-02 -3.18568759e-02 -5.97782340e-03 6.17816253e-03 2.38918513e-02 -2.43660770e-02 1.73615962e-02 -4.42142040e-02 -1.94177926e-02 -8.42662342e-03 5.66351227e-02 1.84856970e-02 -1.04191247e-02 -7.69412983e-03 1.85614992e-02 4.16101702e-02 1.33820241e-02
-1.23570813e-02 1.49967605e-02 -4.91200127e-02 1.34125296e-02 -3.55013870e-02 -4.38016877e-02 -8.67362786e-03 -1.91237386e-02 -1.30842272e-02 9.40669701e-03 -2.20856778e-02 1.56601537e-02 1.02740689e-03 -2.48036999e-02 2.16075815e-02 9.86562669e-01 2.35092528e-02 -3.55690233e-02 -2.91767046e-02 -5.35120927e-02 4.11551036e-02 2.68031601e-02 9.74344928e-03 -2.74785403e-02 2.48954277e-02 -7.24769533e-02 -1.92938689e-02 4.57131825e-02 1.21352812e-02 1.20336581e-02 -2.31576748e-02 -8.38816073e-03
2.53848210e-02 7.01905461e-03 -3.05835716e-02 7.55576463e-03 3.66410650e-02 5.15481755e-02 1.84466168e-02 -3.50385830e-02 1.83668006e-02 -2.79256608e-03 -2.65437588e-02 -3.98763083e-02 -2.60098651e-02 -1.47329224e-02 2.22682059e-02 -1.63354799e-02 9.90319312e-01 -2.23639496e-02 3.07326373e-02 -1.38618816e-02 -3.36586796e-02 -2.37131454e-02 9.29026119e-03 2.75173672e-02 -1.90159436e-02 3.17660309e-02 4.14997824e-02 -1.38757257e-02 1.01884557e-02 1.11623947e-02 -6.79840334e-04 5.29662892e-03
-2.03133840e-02 4.78233323e-02 -1.65932942e-02 7.37414658e-02 2.70352215e-02 -4.63258848e-02 -1.76886488e-02 -3.38362642e-02 5.41592091e-02 -8.58694222e-03 -9.42077953e-03 -2.37301504e-03 -2.52144015e-03 -4.81695347e-02 4.76612244e-03 2.73950174e-02 2.37365756e-02 9.86291587e-01 6.20302279e-03 5.08858189e-02 1.15275253e-02 4.17012759e-02 -1.10849477e-02 -3.70136350e-02 -3.74254258e-03 -1.21549321e-02 -5.34397457e-03 2.25640666e-02 1.46989506e-02 2.53270753e-03 -2.45244186e-02 1.41559020e-02
3.79124284e-03 -1.26752025e-02 3.61721218e-02 -4.31958362e-02 3.31052318e-02 1.12279961e-02 1.92233920e-02 6.04943745e-02 -9.84102115e-03 -1.50381783e-02 4.62889858e-02 2.40723789e-02 3.54788266e-02 3.33856232e-02 -3.49347130e-03 3.57900262e-02 -2.36493591e-02 2.26438884e-03 9.86271799e-01 3.89307272e-03 2.17899662e-02 -2.37414744e-02 2.52587069e-02 -8.22961889e-03 1.56476293e-02 4.81845299e-03 -3.96645479e-02 -3.58270225e-03 -9.60337557e-03 6.20259270e-02 2.77828821e-03 6.18932880e-02
2.17439961e-02 3.56827192e-02 -2.47258786e-02 8.57604519e-02 -6.56832904e-02 2.74827704e-02 6.45514578e-02 -5.21977916e-02 6.14830256e-02 -2.79760081e-02 -1.13907820e-02 -2.62746718e-02 -6.50193589e-03 -2.64403485e-02 -2.74126213e-02 4.50064167e-02 7.80183496e-03 -6.59581050e-02 1.36253552e-03 9.77661073e-01 3.50213759e-02 1.62929222e-02 -3.72806676e-02 -1.47674866e-02 2.56091654e-02 3.29135172e-02 -1.50221083e-02 1.60268322e-02 2.47956589e-02 4.56193089e-02 -2.40854453e-02 2.43619625e-02
5.20888306e-02 2.72705499e-02 -5.22182845e-02 8.27848911e-02 -4.29766774e-02 6.90115662e-03 7.67248683e-03 -6.12205304e-02 2.13787612e-02 3.23749967e-02 -5.13496324e-02 -3.81830893e-02 -5.22489436e-02 -6.76796734e-02 2.23003402e-02 -5.31801581e-02 2.00209245e-02 -2.11674627e-02 3.22137424e-03 -5.37640266e-02 9.74843442e-01 4.75628786e-02 1.15040401e-02 6.06279857e-02 -1.85632356e-03 6.85759028e-03 -1.20712118e-03 1.99671630e-02 -1.92082524e-02 -4.97475080e-02 -3.42332199e-02 2.04765443e-02
3.99753861e-02 4.39903773e-02 4.72476408e-02 6.83739036e-02 2.52873893e-03 3.74876782e-02 2.28172820e-02 -2.51507927e-02 4.30354625e-02 -2.24525966e-02 -2.78709643e-02 -3.41738760e-02 9.05746780e-03 1.67734902e-02 -2.67257597e-02 -1.56575833e-02 1.02660712e-02 -4.35411297e-02 2.98004653e-02 -3.18343081e-02 -5.96640483e-02 9.83537912e-01 -1.88611227e-03 -4.68770508e-03 -2.73620076e-02 4.20940816e-02 1.31253162e-02 -5.90496995e-02 -1.61314216e-02 7.31595606e-03 3.55491717e-03 -5.45247504e-03
3.57961515e-03 8.32237769e-03 1.14783030e-02 -3.61252427e-02 5.67223765e-02 1.90856624e-02 -8.90906062e-03 -2.14626845e-02 4.15407633e-03 9.76915564e-03 -2.78479997e-02 -2.05831155e-02 -1.82946473e-02 -5.41083189e-03 3.82996351e-02 -6.16021408e-03 -1.37284286e-02 1.06487991e-02 -1.73099190e-02 4.87129204e-02 -1.00069130e-02 5.98725397e-03 9.88462865e-01 2.20446885e-02 -1.38872983e-02 -9.61103383e-03 -1.77573017e-03 3.52838598e-02 9.31338966e-03 -2.13249810e-02 1.92242488e-02 -8.98865685e-02
1.12954974e-02 1.37233306e-02 1.49328299e-02 -8.26489925e-02 3.48058864e-02 2.66020130e-02 -1.08848009e-02 2.33261380e-02 -2.48054285e-02 -6.84554980e-04 9.22119059e-03 1.00022051e-02 1.29922051e-02 4.77775894e-02 6.91090431e-03 4.45820168e-02 -2.73524038e-02 4.80036400e-02 -4.77832416e-03 2.93415245e-02 -3.63331661e-02 5.82408439e-03 -2.94930656e-02 9.84217942e-01 -3.34341377e-02 5.45686223e-02 -7.27013918e-03 -2.22322252e-02 -1.96585879e-02 4.91988286e-02 4.67241853e-02 -1.68325808e-02
2.66886316e-02 2.59525068e-02 -1.72533989e-02 5.95854782e-02 -3.96354087e-02 -1.16940495e-02 -9.40736942e-03 -1.72353629e-03 2.20200792e-03 3.76294926e-03 6.60791015e-03 -2.20581107e-02 -1.24406433e-02 -3.46316397e-02 1.31123457e-02 -3.13330479e-02 1.66329890e-02 -1.98875161e-04 -5.84202074e-03 -3.20606865e-02 -2.24529449e-02 2.13248972e-02 1.75712034e-02 4.62091528e-02 9.91490304e-01 -7.85426702e-03 -1.89473983e-02 6.36501238e-03 -2.86446903e-02 -2.13191584e-02 -1.87188387e-02 5.31164976e-03
-6.91671669e-02 -7.63744488e-02 -8.46509531e-04 -2.76888274e-02 -3.73034887e-02 -2.27542836e-02 -1.12302480e-02 4.22297902e-02 -2.22084131e-02 7.29299895e-03 5.12171723e-02 2.55900864e-02 6.24099039e-02 3.94761153e-02 -4.09380198e-02 6.78703561e-02 -1.50132217e-02 1.89536642e-02 -2.10970901e-02 -2.64712870e-02 1.94387212e-02 -2.49059312e-02 2.22964492e-02 -5.71466535e-02 1.86488908e-02 9.79877293e-01 2.97764689e-03 3.08452062e-02 5.74238179e-03 5.69709856e-03 -2.45238710e-02 2.47178208e-02
8.25436879e-03 -1.33814504e-02 2.25275103e-02 -5.20998351e-02 1.70312617e-02 2.28378717e-02 2.54512168e-02 4.69405651e-02 -2.54303180e-02 -2.56259600e-03 2.53940001e-02 2.52500996e-02 3.46772000e-02 3.65239009e-02 -1.79386809e-02 2.64754128e-02 -3.62765230e-02 1.56283695e-02 2.17671338e-02 2.15963945e-02 2.67380960e-02 -6.77741552e-03 3.83879477e-03 -5.54878684e-03 3.21708322e-02 -1.48998043e-02 9.88129020e-01 -4.11121994e-02 5.16379662e-02 4.46612015e-02 7.68396212e-03 6.45258056e-04
6.46007247e-03 4.92315926e-03 -3.83619852e-02 5.53975627e-02 -6.13503233e-02 -2.19266606e-03 -1.21467169e-02 -6.69789091e-02 -9.03081056e-03 3.09839286e-02 -5.15518822e-02 -1.61413457e-02 -3.43584754e-02 -3.98059674e-02 3.66660114e-03 -5.17160147e-02 2.68929312e-03 -2.72879917e-02 2.94586122e-02 -2.51414571e-02 -5.33653758e-02 4.74700071e-02 -3.43102776e-02 3.59192826e-02 -2.07630545e-02 -1.15283709e-02 6.01067021e-02 9.80973780e-01 -1.87574457e-02 -2.75874361e-02 1.24477455e-02 1.93404767e-03
1.17232734e-02 -5.64517677e-02 -7.16743320e-02 1.60451997e-02 -2.35630330e-02 -7.76286982e-03 -1.42040690e-02 -2.09276397e-02 -2.43461169e-02 9.41495877e-03 -4.13220786e-02 1.84691173e-03 -1.46495318e-02 -3.66881937e-02 9.54374764e-03 -2.18801349e-02 -1.25043551e-02 -1.35366274e-02 1.96001288e-02 -2.80531477e-02 1.56832743e-03 2.14223824e-02 -9.47936904e-03 2.88484860e-02 2.10715793e-02 -1.36749621e-03 -4.47695404e-02 5.38966898e-03 9.89780366e-01 -1.22656757e-02 -3.36973905e-03 -1.73931234e-02
-4.91411425e-02 -5.55525832e-02 -3.32294181e-02 3.93506289e-02 -7.38168135e-02 -4.59750853e-02 -2.50752885e-02 -4.03984115e-02 -2.65564192e-02 1.55140469e-02 -1.01920683e-02 -1.52520509e-02 -9.43522342e-03 -1.63302235e-02 -4.20527393e-03 -3.23233828e-02 -2.79989978e-03 -5.47781540e-03 -5.39980307e-02 -5.18785678e-02 3.53401043e-02 2.85455817e-03 3.08003780e-02 -2.88624056e-02 1.26190167e-02 -1.94313861e-02 -3.35366875e-02 1.96298528e-02 -8.43100308e-04 9.82091844e-01 -6.29854128e-02 1.09528368e-02
-2.48256996e-02 -1.22045828e-02 3.04816607e-02 -9.72850621e-03 -7.71236792e-02 -5.45923272e-03 -3.85177322e-03 3.05358302e-02 -3.76180629e-03 -1.42180186e-03 5.05656525e-02 -2.31959834e-03 1.99921224e-02 7.08482042e-02 -3.25182974e-02 2.11438518e-02 1.63648985e-02 2.83066388e-02 -1.30311586e-02 1.99212190e-02 5.64265400e-02 3.90198221e-03 -1.28756771e-02 -5.30035533e-02 2.65651662e-02 3.85821657e-03 -2.00300645e-02 3.86359775e-03 1.09208543e-02 5.68098575e-02 9.83766019e-01 -4.11578007e-02
-5.99757116e-03 -1.47218248e-02 9.80630331e-03 -6.42471481e-03 1.09910676e-02 2.89064460e-02 1.06949955e-02 1.25223736e-03 -3.38708074e-03 -1.84931909e-03 1.44501217e-02 1.35459029e-03 7.72230187e-03 1.78459287e-02 -8.62703286e-03 7.50711793e-03 -4.52525029e-03 -7.40287872e-03 -6.64877817e-02 -1.77393910e-02 -1.74043700e-02 7.12532457e-03 8.72382969e-02 1.68896820e-02 -5.27015328e-03 -2.98215561e-02 -3.20572965e-03 3.82711738e-03 2.04480980e-02 -1.26382429e-02 4.25965041e-02 9.90660489e-01
