32
9.54822838e-01 7.24223182e-02 1.90373026e-02 -3.50868367e-02 3.32521684e-02 6.40938729e-02 4.88335155e-02 3.27318092e-03 -4.94767874e-02 -3.85070294e-02 4.45422046e-02 3.44376564e-02 -1.18436992e-01 6.48454353e-02 1.27459224e-02 -1.29626304e-01 -1.36151211e-02 3.53838168e-02 2.77748592e-02 -6.71694204e-02 -3.17843482e-02 2.94868872e-02 1.55325923e-02 4.12189476e-02 -3.87168974e-02 1.60100474e-03 -3.89718935e-02 -2.55492106e-02 -5.50033897e-02 -9.72289518e-02 5.00479527e-02 -4.86811362e-02
-2.55710278e-02 9.68514681e-01 -7.25576580e-02 -2.54489761e-02 -8.89397562e-02 -8.33048299e-03 -1.93350930e-02 -1.68806454e-03 2.01072861e-02 3.62590514e-02 -1.91029683e-02 7.27353385e-03 4.23395708e-02 -3.92899662e-02 -5.45228794e-02 1.24553673e-01 -3.94259170e-02 -3.40700708e-02 -1.87071003e-02 -3.34520787e-02 7.54440725e-02 -4.91500944e-02 -2.55819857e-02 -3.70179377e-02 6.08365312e-02 4.61784890e-03 2.68097799e-02 -2.53724158e-02 -1.00611486e-02 3.86434644e-02 -1.16747720e-02 4.43302169e-02
-5.72556034e-02 1.03094898e-01 9.61016834e-01 4.04558778e-02 2.51170807e-02 -2.78108753e-02 2.58943569e-02 -3.09159737e-02 2.69776266e-02 -4.89147305e-02 -3.08476947e-02 -2.36844495e-02 -1.10613510e-01 2.37905402e-02 1.89681575e-02 -9.13154706e-02 6.56446218e-02 6.14239741e-03 -8.81796936e-04 -2.67117769e-02 3.55023332e-02 2.31248625e-02 2.71731783e-02 2.38918476e-02 -5.86622255e-03 -9.09224451e-02 3.11855623e-03 3.54245938e-02 8.56807530e-02 -5.25147505e-02 1.05422558e-02 -6.16302900e-02
6.13423027e-02 1.54736778e-02 -3.56083252e-02 9.68126118e-01 -5.49756251e-02 -6.33105859e-02 2.09606122e-02 7.09239766e-02 -1.85512248e-02 -2.55057067e-02 -2.01743022e-02 -4.20329422e-02 4.70529236e-02 -6.04500389e-03 6.80494588e-03 5.73416427e-02 4.34821099e-02 -5.98775316e-03 1.89930073e-03 -6.85407817e-02 -1.07026003e-01 7.72899599e-04 1.36978105e-02 2.38156207e-02 4.99470904e-02 -1.56991407e-02 3.40188369e-02 7.42751062e-02 5.83764724e-02 6.49271235e-02 7.61701120e-03 1.65318772e-02
-1.90273579e-02 7.23257065e-02 -5.60281798e-02 4.74912338e-02 9.70385015e-01 -1.03760548e-02 -5.58814500e-03 -6.80367649e-02 1.86170284e-02 -1.80784464e-02 -6.16789013e-02 -5.27706333e-02 -3.89687195e-02 -9.40149929e-03 -1.75104830e-02 3.72106060e-02 -3.22307646e-02 -2.67373398e-02 -4.64852229e-02 -6.94327243e-03 7.33457208e-02 4.49629687e-02 -6.00434188e-03 1.43840667e-02 8.75671580e-02 -2.82127690e-02 9.35542304e-03 8.57492536e-02 3.56427096e-02 2.41722297e-02 2.01455972e-04 -5.16791865e-02
-3.31673771e-02 -1.06837982e-02 1.65712484e-03 3.65063772e-02 -3.26350890e-02 9.65003788e-01 -2.72461977e-02 2.74985746e-06 7.72631615e-02 -5.31269088e-02 -7.47038946e-02 -8.77418444e-02 -3.47564705e-02 -2.95403274e-03 -3.90373245e-02 6.64321333e-02 -8.42500106e-03 -4.03095745e-02 -4.23436575e-02 -5.96076958e-02 2.79033985e-02 1.17254183e-02 1.99364759e-02 1.68197434e-02 3.25893164e-02 -4.57989946e-02 6.62696958e-02 8.26612040e-02 1.01621382e-01 3.10826004e-02 -1.80657934e-02 -2.33060252e-02
-5.81409708e-02 7.99237844e-03 -4.05768193e-02 -6.88681705e-03 -2.10398436e-03 2.17150189e-02 9.87285614e-01 -3.68524119e-02 1.48407305e-02 4.70747910e-02 -1.21187617e-03 -1.11176269e-02 -3.97805274e-02 1.16217798e-02 -4.87020332e-03 -2.91250292e-02 -3.36163938e-02 -2.44542751e-02 2.09142342e-02 -4.75299768e-02 3.89593504e-02 -4.46305349e-02 5.96337393e-03 -3.35345119e-02 1.26762316e-02 -3.89712900e-02 2.86991918e-03 -1.38874250e-02 1.80862173e-02 -3.44256274e-02 -1.21366503e-02 2.25699358e-02
-7.07737431e-02 3.66651230e-02 -3.79022444e-03 -2.27369852e-02 7.96051770e-02 3.28893512e-02 2.08475683e-02 9.61336613e-01 -2.28944700e-02 2.95658450e-04 1.91095937e-02 5.67498580e-02 -1.20073117e-01 6.64038435e-02 -5.55871404e-04 -1.15507625e-01 -8.36078718e-04 6.13081409e-03 2.20596809e-02 2.48946305e-02 2.67200861e-02 2.25133775e-03 -1.23484898e-02 -1.43229142e-02 -5.47953285e-02 -3.45012844e-02 -2.21736766e-02 -4.18592431e-02 -7.91710913e-02 -8.16581696e-02 3.88146676e-02 -4.14017737e-02
5.57784997e-02 -5.75971324e-03 -3.26656699e-02 -3.88228074e-02 -2.71417592e-02 -9.56970751e-02 1.26233641e-02 5.88481575e-02 9.40672874e-01 -8.01948458e-02 -9.08336544e-04 -6.35171607e-02 6.59269169e-02 4.76081036e-02 7.18905479e-02 6.23458326e-02 3.68497111e-02 1.05780974e-01 -8.21544752e-02 -5.65042309e-02 -9.49077532e-02 4.63026017e-02 1.00989431e-01 2.59769596e-02 1.76111180e-02 -1.81352459e-02 -5.33494502e-02 7.40401894e-02 3.90366577e-02 6.14919253e-02 5.46247028e-02 -8.94062072e-02
7.77801126e-02 -4.14547548e-02 7.73939043e-02 2.26837397e-02 1.85543392e-02 4.13068831e-02 -2.67993584e-02 3.78472731e-02 6.50077984e-02 9.63993728e-01 1.51151363e-02 -8.15160275e-02 7.05507770e-02 -5.18992692e-02 3.41516361e-02 5.04865535e-02 -1.85333658e-03 -3.28230783e-02 -9.60629135e-02 6.02829903e-02 3.17034535e-02 1.80905275e-02 2.00117435e-02 -2.37823743e-02 6.06958615e-03 7.79960006e-02 -1.21161481e-02 -3.75053324e-02 4.12745140e-02 5.82657978e-02 2.14630272e-02 -1.68060623e-02
-6.57383278e-02 2.28705704e-02 -1.70400441e-02 6.75819814e-02 3.15828398e-02 6.15004376e-02 -2.68891584e-02 -6.64908886e-02 6.23305365e-02 7.33157853e-03 9.54999864e-01 3.57428156e-02 -1.11650027e-01 -2.55672215e-03 -3.17189582e-02 -8.32045227e-02 -8.89107678e-03 -4.18046378e-02 1.73688252e-02 3.48587893e-02 1.31039515e-01 1.61233973e-02 -3.81849743e-02 -5.22248596e-02 2.11003106e-02 -1.10570349e-01 4.66635311e-03 8.53736419e-03 3.22451140e-03 -6.28757700e-02 8.96795129e-04 -3.22652794e-02
3.63405347e-02 -4.81867008e-02 6.03228100e-02 4.41548638e-02 3.54153849e-02 5.49950711e-02 1.10000279e-02 -6.04467094e-03 1.06301837e-01 2.35765148e-02 -4.08882089e-02 9.39807236e-01 6.50939569e-02 -9.18045267e-02 9.76089202e-03 1.16158657e-01 -7.84160718e-02 -9.55403447e-02 -2.65281019e-03 5.56608140e-02 8.09226036e-02 -1.57128181e-02 -5.76473027e-02 -6.41121566e-02 6.35423660e-02 6.59519210e-02 9.77008119e-02 -1.99597254e-02 7.79608116e-02 5.05444705e-02 -4.71298434e-02 3.89574766e-02
6.87075453e-03 4.18359637e-02 7.38524795e-02 -1.82686374e-04 7.47112483e-02 9.49902982e-02 4.45760712e-02 3.10277175e-02 -6.75498471e-02 -4.68744636e-02 8.98227319e-02 2.64850128e-02 9.09312069e-01 9.76676717e-02 4.90566939e-02 -2.01571018e-01 -3.30412964e-04 6.40078336e-02 1.48059241e-03 3.07646692e-02 -4.63832282e-02 7.73426741e-02 5.29363081e-02 5.15235588e-02 -7.71246105e-02 -1.46710677e-02 -8.05342644e-02 -4.29659598e-02 -9.96407047e-02 -1.58432052e-01 8.19369406e-02 -7.32475296e-02
-4.78935875e-02 1.15451552e-02 -3.87029611e-02 1.89673342e-02 4.29593725e-03 -5.56480838e-03 -4.57133800e-02 -7.49590173e-02 2.60648485e-02 8.69512036e-02 -4.54431251e-02 6.88651949e-02 -4.44350652e-02 9.46736753e-01 -6.59846142e-02 -5.08177467e-02 6.99443743e-02 -6.86554462e-02 7.10929856e-02 -4.87286896e-02 4.43136729e-02 -9.38385949e-02 -5.49677350e-02 -8.51871222e-02 5.37871420e-02 -5.03081977e-02 6.96003437e-02 -2.57340893e-02 4.90502790e-02 -3.14607173e-02 -7.99784362e-02 9.42516923e-02
-5.79069145e-02 6.65068701e-02 -7.25576654e-02 1.20540615e-02 -7.34955305e-03 3.58805172e-02 -1.96692273e-02 -4.55554835e-02 -4.91849296e-02 2.05114949e-02 -2.49609891e-02 4.07460704e-02 -9.09371302e-02 3.38438004e-02 9.59647954e-01 -8.35712701e-02 3.23918462e-02 -6.20294129e-03 5.32199405e-02 -3.67968567e-02 7.79713690e-02 4.58119903e-03 8.27575289e-03 4.63881753e-02 1.26144122e-02 -9.83724520e-02 -1.80143975e-02 7.65259787e-02 -4.85150656e-03 -9.85084772e-02 2.68392805e-02 -2.24416256e-02
3.89798097e-02 -4.73281257e-02 9.92474854e-02 -3.54613476e-02 2.59482414e-02 1.11135161e-02 5.75517118e-02 5.79767078e-02 -1.28835365e-01 -4.77653146e-02 1.30440056e-01 -4.23657289e-03 3.06957047e-02 1.58505589e-01 8.90003964e-02 8.75849485e-01 2.24378221e-02 1.31512344e-01 -3.39990631e-02 -4.40861535e-04 -8.85349289e-02 7.26394206e-02 1.00142621e-01 6.38189986e-02 -1.26232624e-01 3.36587429e-02 -1.52412012e-01 -7.50793591e-02 -1.58681676e-01 -7.03980029e-02 1.05762340e-01 -8.49916860e-02
3.68251204e-02 1.13009308e-02 -5.17978892e-02 -4.89103980e-02 1.87229011e-02 7.98240770e-03 3.55554149e-02 1.75953694e-02 -2.00458597e-02 -6.78338530e-03 7.03701377e-03 4.54829596e-02 4.05077524e-02 -8.00671428e-02 -3.30360718e-02 2.96551343e-02 9.70921278e-01 -4.99565750e-02 1.86325870e-02 3.15443203e-02 1.08234823e-01 -1.99547224e-02 -6.10542484e-02 5.52551411e-02 6.85748458e-02 1.17676547e-02 1.84387509e-02 1.07551357e-02 3.25424261e-02 5.36978245e-02 5.74615747e-02 3.00710425e-02
-5.48303947e-02 2.82672849e-02 -2.73117814e-02 5.08401990e-02 2.54037213e-02 5.99088296e-02 -4.91788378e-03 -5.31343631e-02 -2.16915235e-02 7.41074383e-02 -2.72938460e-02 9.77600440e-02 -7.64953569e-02 -6.83215866e-03 -4.63609472e-02 -8.66100341e-02 3.97532620e-02 9.53743815e-01 7.67237246e-02 1.45113496e-02 1.11693174e-01 -3.55760045e-02 -7.17113316e-02 -6.29421324e-02 4.05269722e-03 -6.25165403e-02 2.04195231e-02 -2.66958792e-02 -3.81909013e-02 -5.37943244e-02 -2.67528649e-02 6.08024597e-02
4.72178832e-02 -1.70395076e-02 4.26226743e-02 -1.67103540e-02 3.93746383e-02 1.39822438e-02 -1.07783200e-02 4.12316956e-02 8.99176970e-02 2.68039182e-02 1.10771246e-02 -1.00942664e-01 9.11737159e-02 -7.04347342e-02 1.71198994e-02 1.17567003e-01 -4.58347835e-02 -4.31305133e-02 9.40594614e-01 5.86108901e-02 5.07705770e-02 -8.95961840e-03 -3.67050432e-02 -4.42845263e-02 2.95339487e-02 9.24869552e-02 7.43249059e-02 -3.88759412e-02 1.06810331e-01 1.09383434e-01 -7.47454688e-02 4.26081866e-02
5.08963242e-02 4.16793525e-02 8.23642069e-04 6.81311414e-02 -2.94667967e-02 3.68632451e-02 4.87620421e-02 -3.09716072e-02 3.81581075e-02 -6.99967593e-02 -5.63519150e-02 -5.67859001e-02 -5.16098589e-02 7.37787783e-02 2.20864415e-02 -8.16319697e-03 -2.65413318e-02 -5.97092649e-03 -4.64136936e-02 9.70484078e-01 4.41421643e-02 4.47379202e-02 1.50354416e-03 -1.60854086e-02 6.34371340e-02 1.06601184e-02 -1.94997881e-02 5.11247404e-02 -1.86355505e-02 -1.58084519e-02 6.38846830e-02 -5.73885143e-02
9.00552794e-02 -1.01222143e-01 -6.02543028e-03 3.44360583e-02 -1.06326066e-01 -9.13521349e-02 -1.05929244e-02 5.81769720e-02 2.44294084e-03 -7.28341863e-02 -6.75541982e-02 -1.11445792e-01 1.20123945e-01 2.03348696e-02 -2.86964029e-02 1.07171148e-01 -1.13725737e-01 -1.54398242e-02 -9.59181637e-02 -7.25498423e-02 9.10213590e-01 8.10367092e-02 4.76578213e-02 7.16644824e-02 5.81980832e-02 9.27667320e-03 5.38038649e-02 1.09492570e-01 5.61947525e-02 1.10777207e-01 3.86713110e-02 -4.94795777e-02
-5.64273223e-02 4.62137163e-02 -4.77200225e-02 1.92367041e-03 -4.97065336e-02 -8.06463324e-03 2.42747702e-02 -3.22644487e-02 -1.90213341e-02 3.29569206e-02 -4.57293130e-02 4.80194464e-02 -8.60493034e-02 4.85774986e-02 -4.42925096e-02 -5.22816479e-02 2.93295812e-02 -8.92217644e-03 5.67110404e-02 -4.71833758e-02 -4.21588086e-02 9.73197699e-01 -5.62792011e-02 -3.96492630e-02 3.07787284e-02 -6.04601875e-02 1.79404691e-02 -9.87241324e-03 -2.92732827e-02 -3.65538262e-02 1.10294262e-03 2.64426023e-02
-6.07244074e-02 4.04118933e-02 -6.38530254e-02 1.03774806e-02 4.85769147e-03 7.07695493e-04 -2.35329587e-02 -4.13586795e-02 -5.75125106e-02 4.52818424e-02 -1.05432672e-02 1.13706857e-01 -9.67439935e-02 1.05746994e-02 -7.94762149e-02 -9.98147354e-02 5.53910919e-02 6.06797589e-03 1.13303520e-01 8.43243767e-03 2.35419590e-02 7.06720212e-03 9.54080105e-01 6.16781376e-02 -6.61854632e-03 -7.10745305e-02 2.14394531e-03 2.08812188e-02 -3.45092565e-02 -7.22995996e-02 3.75133269e-02 2.03871448e-03
-6.86648935e-02 3.30671854e-02 -2.62972657e-02 4.33466397e-03 -6.51706010e-03 6.86191488e-03 1.61287878e-02 -2.51954403e-02 2.87863854e-02 6.14643991e-02 2.03213412e-02 7.59201273e-02 -7.16209784e-02 5.10784946e-02 -6.87817559e-02 -5.37559502e-02 -5.76696768e-02 1.48545178e-02 7.18786493e-02 2.24198978e-02 -1.67319681e-02 -1.11552724e-03 -1.08400352e-01 9.67468441e-01 1.62554774e-02 -2.03927490e-03 1.82794034e-02 -6.20614961e-02 -4.33940999e-02 -2.26040632e-02 3.27381007e-02 3.45220417e-02
5.09634875e-02 -6.23642579e-02 5.78138903e-02 -9.15012956e-02 -5.36087006e-02 -2.34315097e-02 1.12248650e-02 9.42533165e-02 -7.68490434e-02 -2.43748613e-02 6.06041290e-02 -5.42497076e-02 8.22148025e-02 1.13846280e-03 3.99462804e-02 6.57918379e-02 -5.38994856e-02 6.36234656e-02 -4.99746725e-02 -4.29130234e-02 -1.28159195e-01 -1.51423935e-03 5.93493320e-02 1.71993561e-02 9.47488368e-01 4.32092659e-02 4.21702564e-02 4.04835306e-02 -5.89629710e-02 4.10850570e-02 -2.49676816e-02 5.67547157e-02
-7.60155171e-02 3.84249650e-02 4.14731614e-02 5.88230230e-02 2.70785373e-02 6.26370758e-02 2.60851737e-02 -3.07212658e-02 2.34292205e-02 -6.09915331e-02 6.33568466e-02 -1.10379197e-02 -9.31309760e-02 6.87765479e-02 5.44823445e-02 -1.21671647e-01 2.16856208e-02 3.93201485e-02 -2.64543705e-02 -4.59496193e-02 4.91885990e-02 4.51994017e-02 4.27951999e-02 -1.27337864e-02 -7.86606409e-03 9.48207021e-01 -7.88671002e-02 -3.55092697e-02 -7.06861690e-02 -1.04420938e-01 6.21665902e-02 -6.33624569e-02
4.97264862e-02 -1.10159013e-02 2.72237360e-02 -5.44632785e-02 2.17398331e-02 -5.10182753e-02 2.62669176e-02 4.97447960e-02 -1.12030758e-02 -3.65772098e-02 6.96690679e-02 -9.35790539e-02 6.79509863e-02 4.14060475e-03 8.47263411e-02 7.14559555e-02 -3.38530022e-04 5.75330779e-02 -1.14293888e-01 3.18768956e-02 -9.70525369e-02 3.13701257e-02 6.66487888e-02 2.21476499e-02 -1.12017550e-01 9.19718221e-02 9.43851173e-01 -8.30806345e-02 2.27801874e-02 5.26188053e-02 1.80026125e-02 1.90805811e-02
1.88366361e-02 2.24553365e-02 7.88538717e-03 -9.16454569e-02 -4.21781875e-02 -4.52991910e-02 2.74596065e-02 4.69060093e-02 -7.81100541e-02 5.75763918e-02 4.97646332e-02 4.74179126e-02 3.99115942e-02 3.76989543e-02 -5.08476309e-02 3.15315500e-02 -6.90191938e-03 4.11044247e-02 4.38211150e-02 -1.12952720e-02 -1.09954752e-01 2.84622586e-03 -2.55397782e-02 4.36817631e-02 -1.00102521e-01 7.30383173e-02 4.66468930e-02 9.54899907e-01 -7.68154934e-02 3.77240330e-02 -2.63469312e-02 8.56312364e-02
3.60400043e-02 2.66786758e-02 -6.03520200e-02 -9.25860405e-02 -1.94059797e-02 -7.02713206e-02 1.52557725e-02 9.04214233e-02 -1.34714395e-01 -4.69421409e-02 7.43114725e-02 -1.25894528e-02 5.82023226e-02 4.34653945e-02 3.09434477e-02 4.21818271e-02 -2.66442169e-02 1.13902263e-01 -8.51532742e-02 2.04670765e-02 -1.12553768e-01 5.65779917e-02 6.01529703e-02 6.99840859e-02 -1.67671777e-02 7.47153088e-02 -1.03772677e-01 2.70096902e-02 9.30622697e-01 4.90823127e-02 6.19085319e-02 -5.10271713e-02
1.55015886e-02 1.98536236e-02 5.38081676e-02 -4.17710207e-02 1.99480131e-02 3.62146199e-02 5.05512655e-02 2.51494050e-02 -1.02113150e-01 -4.94922101e-02 8.88081864e-02 3.63048464e-02 1.78494230e-02 1.07807480e-01 9.47194844e-02 -1.13803938e-01 -1.89297982e-02 7.74998218e-02 -3.69286947e-02 3.28996778e-03 -8.07077661e-02 4.25250381e-02 6.54106811e-02 1.87451337e-02 -7.74164647e-02 2.85507943e-02 -1.04562186e-01 -6.69188797e-02 -1.34949297e-01 9.24693584e-01 1.14443116e-01 -6.78559616e-02
-6.00911975e-02 -4.90325736e-03 -2.35250816e-02 3.76230152e-03 -1.02917263e-02 8.94571934e-03 -1.87300593e-02 -5.99397384e-02 -2.87253060e-04 2.62282882e-02 -4.51450422e-02 4.21551242e-02 -6.39736280e-02 1.19324690e-02 -6.54377714e-02 -3.91463935e-02 -5.78403324e-02 -2.97227781e-02 1.00611873e-01 -6.08424805e-02 -3.85809713e-03 -4.98387963e-02 -8.21883380e-02 -7.67693967e-02 5.91641925e-02 -6.23663738e-02 5.60062714e-02 3.37319598e-02 9.75368719e-04 -7.36519098e-02 9.61387694e-01 5.05740121e-02
5.93127310e-02 -2.80357320e-02 8.00661519e-02 -4.39628726e-03 6.79812357e-02 2.98244692e-02 -2.42844224e-03 5.48411682e-02 6.56072721e-02 -4.82261777e-02 5.57530709e-02 -6.71301037e-02 5.20505309e-02 -3.62427756e-02 7.18916357e-02 3.27132717e-02 -2.62187775e-02 -1.41552575e-02 -9.06685665e-02 5.37638962e-02 3.25675383e-02 3.08460463e-02 5.89685813e-02 4.19038162e-03 -7.88356587e-02 5.25355972e-02 -8.99292678e-02 -7.16267973e-02 2.35053692e-02 3.50459851e-02 1.27443392e-02 9.56343889e-01
9.89350259e-01 2.44348552e-02 -8.04954674e-03 -1.76640693e-02 -8.78927857e-03 1.54894218e-02 -3.15383337e-02 1.50911068e-03 7.18866335e-03 -1.06931962e-02 1.21218786e-02 -1.26491049e-02 1.99410915e-02 -7.86036626e-03 -4.44717035e-02 3.11910659e-02 -2.35811491e-02 2.08413936e-02 -6.36691414e-03 3.05929519e-02 -1.44302789e-02 -3.44748423e-02 -2.92993374e-02 -6.66900128e-02 -1.44827673e-02 3.91198955e-02 -2.76310351e-02 -2.89208628e-03 -2.18202341e-02 5.39983995e-02 9.04462941e-04 2.09916290e-02
-3.67486365e-02 9.88220870e-01 3.49017628e-03 3.13104742e-04 -2.65711080e-02 4.64061163e-02 1.28698326e-03 7.36277876e-03 2.03597099e-02 6.80650398e-03 -3.55226756e-03 4.68672439e-03 1.97149720e-03 -1.70796607e-02 -5.57754450e-02 -1.99748743e-02 -7.21473625e-05 -4.22592238e-02 2.02497933e-02 -1.03657357e-02 -1.73978359e-02 -4.38667871e-02 -1.08546475e-02 -5.22047579e-02 -1.03300111e-02 5.67565970e-02 -5.92612021e-04 -1.85120851e-02 2.51509622e-02 4.81603332e-02 -6.33863686e-03 2.83485297e-02
6.05612155e-03 5.41821867e-03 9.81411934e-01 -1.58045795e-02 2.03117486e-02 -4.31861579e-02 -3.59964818e-02 -1.89345255e-02 9.23594460e-04 -1.39118200e-02 -7.62423547e-03 1.03327613e-04 -1.48003055e-02 -1.30299944e-03 1.63504630e-02 3.98442708e-02 -1.67474411e-02 -1.16698665e-03 -9.56365094e-02 2.31554490e-02 9.10387188e-02 1.86315663e-02 -2.87817065e-02 -2.90053710e-02 2.05046702e-02 -1.41199706e-02 -1.88657157e-02 6.34651631e-02 3.93428281e-02 1.04864314e-02 -4.63879369e-02 -3.42369974e-02
2.01212075e-02 -7.27374386e-03 4.39147055e-02 9.75265503e-01 -2.72785127e-02 1.89851858e-02 2.02632491e-02 6.07514866e-02 1.87206585e-02 -1.22715877e-02 6.23327792e-02 4.60993722e-02 -2.17893464e-03 1.76843628e-02 -1.27283726e-02 5.09012816e-03 1.82363633e-02 2.95227058e-02 5.34095541e-02 -5.81684932e-02 -6.75766841e-02 -7.03873858e-02 2.44040545e-02 3.84344161e-02 -5.60633428e-02 3.64069231e-02 5.91355003e-02 -7.06788376e-02 3.78380134e-03 -4.41680960e-02 -1.12198404e-05 1.69664379e-02
2.29733298e-03 2.26899292e-02 -3.87402140e-02 6.11999333e-02 9.73531306e-01 4.65126671e-02 -1.88080687e-03 -6.29513860e-02 3.05318646e-02 4.18420602e-03 -6.07196800e-02 -3.63153256e-02 -2.66673919e-02 -3.13190259e-02 -4.78475839e-02 4.21171971e-02 -3.91298123e-02 -5.51489256e-02 -4.13294919e-02 2.44983379e-02 5.10509275e-02 1.32274325e-03 -6.45948946e-02 -3.60234119e-02 4.81074750e-02 -3.87564488e-02 -1.45576196e-02 6.04495443e-02 7.06297718e-03 2.81404555e-02 5.49349189e-02 -4.61401492e-02
-2.74555441e-02 -5.00372946e-02 3.57526541e-02 -2.26413943e-02 -4.57640141e-02 9.84541655e-01 -3.88198509e-03 3.12280711e-02 3.95483756e-03 -3.44433859e-02 5.31460717e-02 -4.82742935e-02 3.50220054e-02 1.63977332e-02 -1.58276130e-02 4.63338085e-02 -4.54792045e-02 5.64212613e-02 -2.10222602e-02 -1.29072452e-02 -4.14485019e-03 -2.76153833e-02 -4.58118767e-02 -3.68319936e-02 -2.35306192e-03 9.40233283e-03 -1.43364053e-02 2.73705609e-02 9.58709419e-03 2.06929576e-02 -1.97739489e-02 -1.54923610e-02
2.45182198e-02 -1.81797228e-03 2.77632624e-02 -1.71018895e-02 -1.75129005e-03 -8.04128870e-03 9.95075405e-01 -2.35611526e-03 5.90508664e-03 -2.74882484e-02 -2.64686387e-05 -2.97335964e-02 9.09459591e-03 7.24634761e-03 -5.35945641e-03 1.27287256e-02 -2.88196746e-02 2.43108459e-02 -2.27692202e-02 -6.18467946e-03 6.89661223e-03 3.03886685e-04 -2.78269872e-02 -4.84374128e-02 -1.53222810e-02 1.10242171e-02 -6.49942551e-03 1.55622419e-02 6.91216625e-03 4.68491297e-03 -1.05411652e-02 -1.07424455e-02
7.08774605e-04 7.41253328e-03 -1.40952608e-02 -2.74149943e-02 4.67869416e-02 -3.18319090e-02 -3.75677552e-03 9.79067743e-01 -1.13845417e-04 5.99238742e-03 -2.47201212e-02 -1.06194476e-02 -5.17701916e-03 -2.65247189e-02 4.66392450e-02 3.82896550e-02 2.05557910e-03 -2.66910368e-03 -8.60135928e-02 3.66090499e-02 7.29700625e-02 6.06800467e-02 -1.41576817e-03 -4.41296957e-02 -2.98245950e-03 -6.50010854e-02 -3.08307726e-02 7.25888312e-02 7.09617184e-03 -9.35516495e-04 -3.67778204e-02 -2.25702114e-02
-9.38464329e-03 -2.70787291e-02 2.99814669e-03 -2.97433231e-02 -2.25013793e-02 -7.80418003e-03 -4.77039255e-03 7.72234146e-03 9.95193422e-01 1.59609430e-02 2.27250401e-02 4.24022414e-02 3.82250408e-03 -2.83260830e-03 -3.22995358e-03 1.97658483e-02 1.25985872e-02 -1.53050181e-02 1.32480422e-02 -3.21362540e-02 -2.11397465e-02 -2.02120952e-02 -7.84256309e-03 -1.07004389e-03 -5.23406966e-03 3.20789851e-02 9.95210372e-03 5.68157714e-03 8.31543468e-03 1.64478570e-02 -5.23357512e-03 1.25847608e-02
1.52238961e-02 -3.26912128e-03 2.11109892e-02 8.11817031e-03 -4.72231419e-04 3.47510912e-02 2.88650468e-02 -5.40596491e-04 -1.33084096e-02 9.95957196e-01 5.82802529e-03 -1.94361191e-02 1.15352739e-02 2.42555290e-02 4.62535117e-03 -1.06771514e-02 -1.17355585e-03 1.64618175e-02 5.67936990e-03 7.34174531e-03 -2.43115313e-02 8.62027146e-03 5.40260784e-03 4.31696586e-02 8.66165943e-03 -1.65419988e-02 -1.47207286e-02 -1.30670127e-02 9.74654127e-03 -5.41423168e-03 4.40899609e-03 -5.61183039e-03
-4.43589315e-03 1.93670727e-02 -2.04289611e-02 -3.85724232e-02 5.57348356e-02 -4.85978648e-02 -2.64556287e-03 -1.17115173e-02 -1.84295438e-02 2.92098557e-04 9.80796695e-01 1.20677631e-02 -1.34657975e-02 -3.66350710e-02 5.61870039e-02 2.49757692e-02 2.10112259e-02 -2.23802915e-03 -7.79443458e-02 -1.38082672e-02 6.46488443e-02 5.79999164e-02 2.97015514e-02 -2.31800172e-02 -7.25545269e-03 -5.02717085e-02 -9.75660328e-03 6.33682683e-02 1.15168653e-02 -7.01144617e-03 -3.51958424e-02 -2.34396514e-02
1.34343635e-02 1.10038195e-03 -1.81473270e-02 -2.09019110e-02 1.88479703e-02 4.92647141e-02 2.60542259e-02 -1.27156479e-02 -3.53481621e-02 1.88312866e-02 -2.97942273e-02 9.86971378e-01 1.80612912e-03 1.43254967e-02 -2.49042828e-03 -6.37284899e-03 -1.10883331e-02 3.61922104e-03 -5.48343211e-02 2.10560802e-02 6.93862587e-02 3.91191319e-02 1.12281076e-03 -4.14789096e-02 3.18040773e-02 -4.01992053e-02 -3.42567824e-02 5.34627177e-02 2.16545930e-04 -5.99294389e-03 -8.17974564e-03 -1.24375978e-02
-1.62542276e-02 3.66491009e-03 3.86440573e-04 1.33363269e-02 2.41639316e-02 -3.34908068e-02 -1.15614859e-02 -1.30954273e-02 -5.97265374e-04 -6.70939777e-03 -4.92385775e-03 -8.75240751e-03 9.92644668e-01 -9.34223086e-03 3.56852710e-02 2.73850351e-03 3.57637405e-02 -5.41617814e-03 -3.85949798e-02 8.92556331e-04 4.28672247e-02 1.66855063e-02 1.22780418e-02 -4.69755530e-02 -2.56217252e-02 -2.77967453e-02 1.08279474e-02 2.46972106e-02 2.21940763e-02 -2.05966216e-02 -1.79234482e-02 -3.08009470e-03
8.96245241e-03 2.88527161e-02 -2.98046954e-02 6.99246489e-03 1.73214506e-02 -2.19824463e-02 -1.40089914e-02 -5.76739153e-03 1.02899838e-02 -1.91700403e-02 8.36603437e-03 -3.24182957e-02 -7.40502076e-03 9.81855869e-01 3.95142846e-02 2.15165913e-02 1.54101476e-02 2.99332403e-02 -6.72336221e-02 1.56701840e-02 8.78938362e-02 1.88975651e-02 -1.31097976e-02 -4.12123278e-02 2.39789076e-02 -5.09461910e-02 3.11440998e-03 6.72320127e-02 2.30592787e-02 -3.71955195e-03 -6.95930049e-02 -2.19421703e-02
3.69528159e-02 5.04150875e-02 -8.04677419e-03 1.52362185e-02 3.86394486e-02 2.51951329e-02 4.62819124e-03 -3.88053730e-02 5.48787415e-03 -4.64155385e-03 -4.58584204e-02 6.72066072e-03 -2.79006530e-02 -2.95913108e-02 9.86681700e-01 -1.42408675e-02 -3.51627506e-02 -1.08626671e-02 4.08579558e-02 2.82514635e-02 -5.40506653e-02 4.01030993e-03 -6.20366782e-02 -3.00321099e-03 -7.84107111e-03 4.42928337e-02 8.79285566e-04 -1.17041320e-02 -3.48028690e-02 1.94800459e-02 7.69587699e-03 1.07468506e-02
-2.59782914e-02 2.29180362e-02 -5.00901565e-02 1.32919569e-02 -5.61561622e-02 -3.91407944e-02 -1.07700760e-02 -5.13403341e-02 -1.87503733e-02 1.65383238e-02 -4.04101424e-02 -1.26515655e-03 -1.13038477e-02 -3.19643170e-02 1.81116611e-02 9.86988902e-01 1.59743242e-02 -3.71369459e-02 -3.52257751e-02 -5.45421094e-02 2.28108913e-02 4.26346026e-02 1.12077566e-02 -2.59626787e-02 1.48326531e-02 -2.31022704e-02 -1.27789620e-02 2.61359960e-02 -6.82317186e-03 -1.14939818e-02 -2.80053914e-03 -4.29305620e-03
2.88030449e-02 -6.80752099e-04 2.13694125e-02 -2.31656227e-02 4.40221094e-02 5.35824634e-02 3.20227221e-02 1.26876181e-03 -1.25352051e-02 -3.58610461e-03 -1.87505540e-02 1.03505701e-02 -3.18406895e-02 -1.23412507e-02 2.82527804e-02 -6.24033390e-03 9.90529299e-01 -8.88671726e-03 3.31204236e-02 2.80003287e-02 -8.62094574e-03 -1.61947701e-02 7.27801770e-03 4.13064919e-02 2.34161504e-02 4.35290067e-03 2.68958155e-02 1.85484311e-03 3.82235758e-02 1.02849873e-02 -2.61893049e-02 3.09375562e-02
-2.47302987e-02 4.74989340e-02 -1.90436170e-02 -3.62061057e-03 3.92137691e-02 -5.41129895e-02 -2.64980979e-02 -2.13098750e-02 2.04854440e-02 -9.57951136e-03 -1.78325381e-02 -1.23381317e-02 -5.40100457e-03 -4.96030636e-02 8.98918416e-03 2.79098786e-02 1.15313977e-02 9.87482607e-01 -1.68093201e-02 4.99629416e-02 3.57232355e-02 3.48654091e-02 -1.39876008e-02 -3.02727688e-02 2.23944690e-02 -2.68005989e-02 -1.93830319e-02 5.21921925e-02 1.65182315e-02 2.29657348e-02 -6.70819962e-03 -7.17875489e-04
-4.22887690e-03 -2.19847765e-02 9.34362561e-02 -6.66702613e-02 6.13440275e-02 5.30117145e-03 1.78860631e-02 8.73649567e-02 -1.85499210e-02 -8.11258703e-03 8.10676292e-02 5.24862446e-02 4.38255295e-02 7.37293884e-02 -2.91446857e-02 6.00677058e-02 -3.56418639e-02 2.28201114e-02 9.68685627e-01 3.95334326e-02 4.74377871e-02 -2.53727324e-02 3.36097032e-02 -8.96837842e-03 1.03851575e-02 3.05496380e-02 -3.96765806e-02 -2.88314857e-02 -1.06579559e-02 3.78894992e-02 3.03879138e-02 3.60434502e-02
-3.52028124e-02 2.41224514e-03 -3.64575461e-02 7.67700002e-02 -5.34280948e-02 7.17997923e-03 4.95084468e-03 -4.38807718e-02 3.19451168e-02 -2.96555832e-03 1.21597555e-02 -2.53261272e-02 -3.46143451e-03 -2.64276061e-02 -2.91120410e-02 4.15414162e-02 -2.17136797e-02 -5.97973354e-02 -2.41607036e-02 9.83181596e-01 4.16530855e-02 1.55795766e-02 -5.15497029e-02 9.33146221e-04 1.12822307e-02 1.13112731e-02 -1.49017153e-02 5.20954356e-02 2.28241738e-02 3.65877450e-02 -2.25861166e-02 9.98141337e-03
2.54019387e-02 1.95067134e-02 -8.73654857e-02 8.25973377e-02 -7.11593181e-02 2.04954613e-02 -6.89337961e-04 -7.43925199e-02 2.64395345e-02 2.46647857e-02 -6.77053630e-02 -6.94618523e-02 -4.41268012e-02 -9.31387916e-02 4.19123732e-02 -4.87912223e-02 9.38922912e-03 -3.89817804e-02 1.06878467e-02 -6.28177747e-02 9.65765655e-01 3.92810144e-02 -8.41617677e-03 4.84450869e-02 5.42885427e-05 -2.94132065e-03 -2.95860344e-03 4.47203740e-02 -3.21649909e-02 -2.81224027e-02 -4.23181206e-02 7.69218011e-03
3.33725587e-02 3.52782868e-02 -2.89166113e-04 6.56660274e-02 -7.56808650e-03 3.94678786e-02 2.97466689e-03 -4.21052091e-02 2.33998019e-02 -1.28555167e-02 -4.00591120e-02 -3.00436113e-02 -8.92516226e-03 -3.28945578e-03 -1.96336973e-02 -4.26598489e-02 1.38802296e-02 -2.76429839e-02 4.36689891e-02 -1.76467132e-02 -5.93167953e-02 9.86712635e-01 1.21034076e-02 9.88514815e-03 -6.15628622e-03 2.78064776e-02 -1.26991821e-02 -4.05265875e-02 -1.22307222e-02 2.24874038e-02 2.42993217e-02 -4.03802516e-03
3.40895355e-02 1.74981393e-02 1.63646415e-02 -1.47502962e-02 5.51163182e-02 4.92458977e-02 2.41706241e-02 -1.27428249e-02 1.49777215e-02 -9.36890207e-03 -4.00386043e-02 -1.17151914e-02 -1.67343859e-02 3.68156499e-04 5.72911762e-02 -5.11261402e-03 -1.95348393e-02 8.20832234e-03 -3.04556526e-02 5.54769151e-02 9.97266360e-03 -1.08864550e-02 9.85706151e-01 6.44383114e-03 7.05006719e-03 -1.58399958e-02 1.84991062e-02 1.76040586e-02 5.63077517e-02 -2.26811244e-04 -2.47630812e-02 -7.16162547e-02
5.55851534e-02 5.37119396e-02 2.79299133e-02 -4.62399907e-02 4.31013852e-02 2.72907950e-02 4.03462350e-02 4.46581542e-02 5.32883801e-04 -4.69863862e-02 2.54175253e-02 3.86400707e-02 5.41905388e-02 4.37018685e-02 -2.95891729e-03 4.16449942e-02 -4.32947241e-02 3.37097384e-02 -2.12380812e-02 9.60305240e-03 -2.09040698e-02 -7.09434971e-03 -1.33992713e-02 9.82039869e-01 -4.90497798e-04 3.70512493e-02 -4.27064635e-02 -7.35313585e-03 -2.29385737e-02 2.87820715e-02 6.18303940e-03 -2.60524973e-02
1.49136297e-02 8.50825943e-03 -1.56023456e-02 5.56902178e-02 -5.31325117e-02 4.35678412e-05 1.51785687e-02 8.48004315e-03 6.49479078e-03 -1.00182155e-02 1.34096630e-02 -2.88566779e-02 2.76812557e-02 -2.24552527e-02 7.19832210e-03 -1.99223589e-02 -1.85943358e-02 -1.91990044e-02 8.40754888e-04 -2.02017482e-02 -1.63058154e-02 -1.10161072e-03 -2.13313149e-03 3.22891539e-03 9.94213164e-01 4.66053234e-03 -1.30145475e-02 1.12577425e-02 -9.65934619e-03 -8.18513241e-03 4.11388371e-03 3.33227828e-04
-4.19233702e-02 -5.42702265e-02 1.41368364e-03 -3.41644175e-02 4.77094948e-02 -2.10038889e-02 -1.41680278e-02 5.24555556e-02 -3.56342718e-02 2.00451240e-02 3.77858169e-02 3.05708535e-02 2.12177634e-02 4.20014262e-02 -2.79807448e-02 2.62198709e-02 1.55456620e-03 2.50788201e-02 -5.58392145e-02 -5.90372318e-03 2.96766050e-02 -6.87942514e-03 1.99197046e-02 -4.29188684e-02 2.96878302e-03 9.85530436e-01 -1.68597177e-02 3.81787047e-02 -1.14367111e-03 -2.02444103e-02 -1.76058430e-02 6.81033358e-03
2.62870695e-02 1.99648272e-03 1.80654693e-02 -6.32750243e-02 1.94996558e-02 1.26034813e-02 5.88234095e-03 3.22684646e-02 -1.24454563e-02 1.24124428e-02 1.14678331e-02 3.29642817e-02 -4.34255227e-03 1.45525124e-03 -3.00194649e-03 2.30013914e-02 -3.47475410e-02 2.04000045e-02 2.11987402e-02 2.23897696e-02 2.11969092e-02 1.97475981e-02 -2.30442211e-02 3.10505107e-02 1.97032355e-02 1.47236753e-02 9.91435468e-01 -2.26749331e-02 3.48308347e-02 2.04040371e-02 2.55508441e-02 4.43312386e-03
1.15731051e-02 1.55517235e-02 -4.33027931e-02 6.45690858e-02 -6.58003911e-02 -1.40595408e-02 -8.90075229e-03 -5.47733456e-02 -5.36734099e-03 1.18742874e-02 -5.01233302e-02 -3.89231145e-02 -1.98181123e-02 -5.26037030e-02 -1.20197504e-03 -4.07007188e-02 -1.12607333e-04 -4.56096418e-02 7.34845549e-02 -5.93726337e-02 -8.81856680e-02 1.77411009e-02 -9.12815519e-03 2.94002146e-02 -2.38333233e-02 -1.28278881e-02 3.53734903e-02 9.76544559e-01 -4.56899125e-03 -3.50586548e-02 3.95148387e-03 -5.01564983e-03
2.53576636e-02 -2.06541996e-02 -4.29772884e-02 1.95795274e-03 -1.62625127e-02 -9.50990897e-03 -7.41993729e-03 -8.27685837e-03 -7.95967784e-03 -9.17642936e-03 -1.22501170e-02 -9.58258985e-04 -1.95857398e-02 -2.34757531e-02 2.97008138e-02 9.24634456e-04 -3.61844413e-02 -1.64564736e-02 2.30607204e-02 -2.85850018e-02 1.81189124e-02 1.09982649e-02 -5.79796620e-02 2.47159656e-02 5.69990324e-03 7.85457995e-03 -3.71943973e-02 -4.85932687e-03 9.91442263e-01 -2.07055733e-02 1.48058496e-02 -4.50204238e-02
-5.28195761e-02 -5.34906387e-02 -1.58399679e-02 4.85548452e-02 -3.09490133e-02 -2.67816279e-02 -3.92624130e-03 -7.64838711e-04 -2.06834376e-02 9.41793993e-03 4.06118995e-03 4.71869158e-03 1.56085566e-02 5.84510679e-04 -8.19693599e-03 1.28162990e-03 -3.14791873e-03 -2.22889408e-02 -3.56114060e-02 -4.95838076e-02 2.23924611e-02 -1.72017161e-02 1.14348801e-02 -1.69858262e-02 3.42522864e-03 1.04068583e-02 -1.22921951e-02 3.37161161e-02 2.13494077e-02 9.89919603e-01 -9.99575015e-03 4.27361764e-02
-2.70607113e-03 7.43922079e-03 3.80139425e-02 -2.17392240e-04 -5.37257120e-02 1.07948668e-02 7.27072684e-03 3.19850408e-02 5.60222333e-03 -5.51400753e-03 3.29176933e-02 1.85731670e-03 1.47152832e-02 6.16547726e-02 6.00997126e-03 4.83088475e-03 3.25498916e-02 9.31439549e-03 -4.64073010e-02 2.19480544e-02 5.71373329e-02 -1.71081834e-02 2.33590808e-02 -1.36985499e-02 -4.46275575e-03 9.00724065e-03 -2.45596766e-02 1.40034733e-02 -9.97574814e-03 8.01192317e-03 9.89211977e-01 -3.88620868e-02
-1.31947920e-02 -2.14843862e-02 2.93852799e-02 -1.73514578e-02 4.98407334e-02 1.54909184e-02 1.08994646e-02 1.54038435e-02 -1.02349119e-02 1.72065466e-03 1.46666840e-02 5.42835845e-03 -3.98910561e-05 2.05822084e-02 -1.51268090e-04 8.25826731e-03 -3.41926478e-02 2.15017144e-03 -5.13468832e-02 -2.81406171e-03 6.40080404e-03 1.23063931e-02 6.46411255e-02 2.21214015e-02 3.82671133e-03 -1.86583512e-02 -8.91651958e-03 1.76364314e-02 4.91827577e-02 -4.51404043e-02 3.60319354e-02 9.89489198e-01
