4 4 8 32 16
-2.007077e-01 -1.320397e-02 -1.806644e-01 -5.685728e-02 -1.024495e-01 -2.230628e-01 3.037478e-01 -1.037785e-01
-4.757849e-02 2.533351e-01 -2.408816e-01 3.228410e-01 -1.215497e-01 -1.485692e-02 -1.478254e-01 -1.104988e-01
-8.547442e-02 1.502890e-01 1.708220e-03 1.213987e-01 -8.548182e-02 6.359103e-02 -1.299079e-01 -9.058600e-02
4.911460e-02 3.376104e-01 -2.092271e-01 -1.336078e-01 1.055667e-01 1.008609e-01 1.431915e-01 -8.997121e-02
-1.680708e-01 3.260520e-01 -1.407007e-01 9.520199e-02 -1.697521e-01 4.888809e-01 2.472786e-01 -2.082206e-01
1.743724e-02 1.520088e-01 -2.383668e-01 2.121819e-01 -2.805052e-02 4.423703e-02 -3.239909e-01 8.718868e-03
5.086910e-03 1.495361e-02 -1.454028e-01 2.907985e-01 -3.114020e-02 -7.919858e-03 -2.306383e-01 -1.967621e-01
-8.155154e-02 3.684956e-01 -1.967305e-01 -8.872714e-02 -2.706377e-02 3.892095e-02 4.304664e-01 -7.810488e-02
-7.068400e-02 5.944259e-02 -1.862521e-01 -8.524441e-02 2.274432e-01 -2.294262e-02 3.742302e-01 -6.689584e-02
-1.002864e-01 -4.010900e-02 6.983213e-03 2.489574e-01 8.030639e-02 -1.499594e-01 -2.530548e-01 -1.964170e-01
8.067530e-02 3.581705e-02 1.674137e-01 2.269232e-01 3.780653e-01 -1.298837e-02 3.846405e-01 -1.945138e-01
-1.018395e-01 -9.381279e-02 -1.515168e-01 1.246967e-01 -2.660813e-02 2.000086e-01 1.173756e-01 -1.258027e-01
-1.696784e-01 2.250757e-01 -8.166247e-02 2.933358e-01 -5.703232e-02 -2.803763e-02 -5.127131e-02 -2.283082e-01
5.855469e-02 2.091452e-01 -9.906091e-02 -5.275632e-02 -4.218734e-02 2.772447e-01 9.054685e-02 -8.661789e-02
-2.082106e-01 -9.331398e-02 8.532625e-02 -3.461869e-03 -1.016887e-02 7.183289e-03 -7.196666e-02 -2.102100e-01
-4.583007e-02 -2.867306e-03 -1.439324e-01 -5.571875e-02 -3.813341e-02 7.697689e-02 -1.082629e-01 -1.252402e-01
-2.858844e-02 -1.158021e-02 -4.254093e-01 1.933510e-01 -4.972047e-02 -2.965773e-01 3.350798e-01 -1.248143e-01
4.001523e-01 6.064355e-02 -2.549949e-01 -1.403961e-01 -1.961309e-01 -1.184156e-01 -1.578716e-01 -1.758112e-01
1.107460e-01 -1.873142e-01 -2.843511e-01 -2.331129e-01 9.275339e-02 1.558369e-01 -3.013221e-01 1.305736e-01
4.250505e-01 -1.807620e-02 -1.817997e-01 9.139143e-02 -1.080274e-01 -2.365270e-01 -6.829943e-02 1.805675e-01
-1.923843e-01 8.656184e-03 -1.427310e-01 -1.265977e-01 -7.511083e-02 -2.093943e-01 7.283052e-01 -1.308071e-01
3.766206e-01 -6.255486e-02 -2.005844e-01 -1.517778e-01 -9.006998e-02 -1.174408e-01 -1.650051e-01 1.938229e-01
-7.891406e-02 8.775295e-02 -2.329818e-01 -2.354948e-03 6.720703e-02 -2.171338e-01 7.667280e-02 -2.276813e-01
1.227793e-01 -9.191621e-02 -3.856841e-01 4.816011e-02 -2.318816e-01 -5.749560e-02 1.722425e-01 2.760031e-03
-3.100130e-02 3.237303e-01 -1.324052e-01 2.120105e-01 -1.724683e-02 -2.337508e-01 -7.021523e-02 5.040842e-02
-8.765165e-03 -1.807959e-01 -1.490138e-01 -2.067689e-01 1.689294e-01 3.892978e-02 -2.446410e-01 1.058020e-01
-5.651166e-03 -3.435640e-02 -4.303757e-01 -6.971333e-02 -3.903490e-01 -1.574372e-01 1.039045e-01 -2.442490e-01
1.604491e-01 8.996608e-02 -2.169028e-01 1.167632e-02 -1.818094e-01 -1.726980e-01 9.887183e-02 -1.003355e-01
5.186708e-02 -8.838645e-02 -2.501020e-01 4.913412e-02 -4.007330e-02 -1.853894e-01 6.940017e-01 4.787471e-02
1.149815e-01 6.541969e-02 -2.588157e-01 1.704565e-02 4.444985e-02 1.778687e-01 -1.554774e-01 -1.172687e-02
9.274475e-02 1.464753e-01 -9.031640e-02 5.000046e-02 -3.748764e-02 -3.096955e-01 5.476440e-02 -1.468653e-01
4.953133e-01 -2.431961e-02 -1.576816e-01 -4.657828e-02 -1.315727e-01 -2.044349e-01 -2.855776e-02 -1.245755e-02
-1.422001e-01 -2.413225e-01 -1.335604e-01 -7.126310e-04 2.623646e-01 -5.315894e-02 -1.976096e-01 -2.348080e-01
6.410019e-01 -3.075570e-01 2.376850e-01 -3.759722e-02 1.515647e-01 -1.531043e-01 6.633728e-02 -8.447469e-02
-1.920340e-01 -3.471619e-01 2.433803e-01 -4.706502e-02 -5.514694e-02 -1.824964e-01 -6.353201e-02 -1.473538e-02
-1.460518e-01 -1.745474e-01 -1.872870e-02 2.039832e-01 2.759359e-01 3.030998e-01 -1.907606e-01 -1.655775e-02
1.988761e-01 -4.423520e-01 3.173657e-02 -8.265326e-02 1.403053e-01 -1.369160e-02 1.157575e-01 1.152533e-01
-1.310966e-01 -2.304092e-01 4.603487e-01 9.555542e-02 -2.309087e-01 -1.241236e-01 -3.061320e-01 3.063895e-02
-1.813234e-01 -1.021132e-01 -1.573355e-01 2.678044e-01 3.624013e-01 1.109358e-01 -3.635037e-01 -1.243518e-01
-1.959143e-01 -2.440845e-01 -2.108371e-01 1.343315e-01 2.867838e-01 -2.182026e-01 -2.353496e-01 -1.250797e-01
-1.764867e-02 -1.526815e-01 2.287387e-01 -6.167393e-02 1.375782e-01 -2.838084e-01 -2.208163e-01 -7.316466e-02
-3.016578e-01 -3.918152e-01 -3.158969e-01 6.369299e-02 1.225345e-01 3.594180e-01 -1.143200e-01 -1.270607e-01
-1.326197e-01 -1.835902e-01 -6.201445e-02 6.212491e-02 4.228243e-01 1.302744e-01 -1.560199e-01 -1.812680e-03
-2.386289e-01 -4.261126e-01 7.924566e-02 -2.183997e-01 2.228621e-02 2.572313e-02 -1.031032e-01 -1.099679e-01
-1.342300e-01 -5.535603e-02 -1.063329e-01 -1.798648e-01 4.368737e-01 1.942647e-01 -2.962357e-02 2.737558e-01
8.372157e-02 -1.967689e-01 3.781092e-01 -1.056812e-01 1.048061e-01 -6.497677e-02 -4.262925e-02 -1.236676e-02
-2.598234e-01 -1.902991e-01 -6.621768e-02 -2.952203e-01 2.141591e-01 4.815658e-02 -2.032675e-01 8.188482e-02
-9.777045e-02 -2.108087e-01 -3.182500e-02 -4.398878e-03 1.886690e-01 1.724051e-02 -1.482412e-01 -8.355079e-02
2.305220e-02 1.245517e-02 4.179558e-01 -1.605665e-02 3.389474e-01 -2.121264e-02 2.343453e-02 6.081747e-03
3.952502e-01 -1.427494e-01 -2.553694e-02 3.378721e-01 2.519500e-01 6.547838e-02 1.190461e-02 -2.502996e-01
9.999731e-02 -1.928149e-01 3.532831e-01 3.093449e-01 -6.200480e-02 1.384981e-02 -1.065959e-01 -1.115707e-01
7.314887e-02 -2.702327e-01 4.506219e-01 -1.467833e-01 -1.175811e-01 -1.235771e-01 -1.121107e-01 1.932238e-03
7.177720e-02 -7.315142e-02 2.114627e-01 5.859267e-02 4.056578e-01 -3.151340e-02 -4.250956e-02 -1.131681e-01
1.364102e-01 5.749935e-02 -5.761277e-03 1.538450e-01 2.861854e-01 1.827408e-01 -3.360112e-01 2.586709e-01
6.077706e-01 -1.427487e-01 -4.544304e-02 3.061582e-02 -6.991855e-02 1.454291e-01 8.948262e-02 -4.079330e-02
9.807453e-03 -1.930821e-01 4.860462e-01 1.552254e-02 3.269280e-01 -2.722781e-02 -3.964470e-02 3.353878e-02
3.860927e-01 -2.111051e-01 6.461594e-02 -3.212832e-02 -4.815374e-02 -1.951745e-03 -7.562886e-02 -2.566420e-02
2.532571e-01 -1.194218e-01 6.953347e-02 3.400111e-01 4.999448e-01 6.489395e-02 -7.018840e-02 -1.537536e-01
4.112145e-01 -2.006560e-01 1.205078e-02 3.939023e-01 7.389281e-02 4.809269e-02 -5.207317e-02 -2.101687e-01
7.959774e-02 -2.744913e-02 1.113174e-01 -1.988164e-01 7.101959e-02 -8.139865e-02 -3.177697e-01 6.275261e-01
5.480551e-01 -1.855226e-01 1.131192e-01 -2.662183e-03 -7.402612e-02 3.574120e-02 1.658977e-01 -2.776065e-03
1.018244e-02 -1.390153e-01 5.226817e-01 1.426551e-01 -7.366644e-02 5.599350e-02 -5.719240e-02 1.294869e-02
3.151780e-02 -2.090363e-01 2.428397e-01 -1.313798e-02 4.416296e-01 -1.453305e-01 -1.981409e-01 -9.491882e-02
2.481378e-01 -1.802220e-01 1.377121e-01 3.654199e-01 2.321828e-01 -1.421922e-03 -1.151614e-01 -4.109320e-02
-9.392233e-02 -3.314799e-02 -9.156508e-02 -1.051935e-01 1.928838e-02 -1.012354e-01 -1.103571e-01 -4.079680e-02
-9.922761e-02 3.894980e-03 6.169368e-02 2.166422e-01 -8.129789e-02 4.997799e-03 -1.424163e-01 -1.292412e-01
-2.566453e-02 6.149645e-02 -1.497391e-01 -1.894336e-03 1.455436e-01 -1.310060e-01 4.407963e-01 -1.299883e-01
-1.485189e-01 2.093191e-01 -1.259201e-01 1.612742e-01 -1.328733e-01 3.204871e-01 1.450843e-01 -5.987267e-02
-1.140168e-01 3.377748e-01 -1.180879e-01 3.300666e-01 -3.132218e-02 -4.061776e-02 -1.743692e-01 -1.268682e-01
4.096406e-02 7.316748e-02 -7.870919e-02 2.057510e-02 1.612947e-01 8.334883e-02 5.042366e-01 -4.204230e-02
-9.006100e-02 -5.036264e-02 4.983774e-02 7.826781e-03 -9.400954e-02 -1.923800e-02 -1.584471e-01 -3.116893e-02
-5.713209e-02 -9.743809e-02 -1.106596e-01 2.057027e-03 -1.478441e-01 3.604665e-01 2.898814e-01 -6.822219e-02
-6.444407e-02 4.604927e-02 -5.832541e-02 3.478387e-01 -7.508329e-02 -4.739979e-02 -1.526090e-01 -8.110300e-02
-9.665945e-02 -1.301304e-01 1.456763e-02 -4.146187e-02 -7.103722e-02 2.276715e-01 3.725025e-01 -8.942112e-02
1.332007e-01 1.337513e-01 -1.382081e-01 6.927095e-02 -1.158462e-02 4.002332e-01 3.000799e-01 -1.307238e-01
-1.264680e-01 -1.243827e-01 1.711984e-01 1.150483e-01 -5.228812e-02 4.000151e-03 -1.331718e-01 -6.297957e-02
-1.013125e-01 -7.364195e-02 1.514269e-02 -4.333295e-02 1.972451e-01 -6.376259e-02 5.003427e-01 -4.487041e-02
1.308125e-02 -2.295649e-02 -2.646144e-02 2.071985e-01 1.179158e-02 3.610877e-02 -2.089474e-01 -9.975260e-02
2.983503e-02 4.215136e-01 -1.290513e-01 -1.775267e-01 1.085078e-01 4.130269e-02 2.119244e-01 -1.654650e-02
1.424990e-01 -1.112079e-01 1.438036e-01 -1.085975e-01 1.211874e-01 2.891457e-01 2.842393e-01 -1.284712e-02
-1.316715e-01 1.774925e-01 -3.045836e-02 4.269660e-01 -3.945122e-03 -1.103892e-01 -1.222198e-01 -3.621432e-02
2.713407e-01 -8.183280e-02 -7.982685e-02 -8.960201e-02 -1.358235e-01 -3.005892e-01 4.039296e-02 3.134954e-02
1.953378e-01 -4.615251e-02 -2.048285e-01 -8.281700e-02 -1.717743e-01 -6.529251e-02 -4.311363e-03 -1.075656e-01
-1.924227e-01 -2.167134e-02 -1.741123e-01 -1.363520e-01 -1.441790e-01 -1.451210e-01 1.887036e-01 -1.291956e-01
1.448603e-02 -1.019375e-01 -1.616161e-01 1.988183e-01 -1.392956e-01 -1.323295e-01 2.037393e-01 -1.929939e-01
2.944330e-01 -1.240154e-01 -4.413325e-02 -3.170010e-02 2.715316e-02 -1.730384e-01 -7.602482e-02 1.641631e-01
6.047299e-02 -1.220892e-01 -8.304454e-02 -7.074577e-02 -4.572009e-02 2.110129e-01 -1.341113e-01 6.309637e-02
2.788134e-02 -1.443827e-01 -2.235454e-01 7.807026e-03 -1.622875e-01 -4.899865e-02 3.539348e-01 7.202296e-02
-4.643692e-02 -7.432646e-02 -7.110813e-02 1.374265e-01 -9.804372e-02 -1.343289e-01 4.995958e-01 2.780453e-02
-5.573931e-02 -6.550424e-02 -3.593096e-03 -6.920360e-02 7.605325e-02 1.323967e-01 -6.942536e-02 -7.192448e-02
2.741321e-01 -4.055660e-03 -1.636616e-01 -7.477087e-02 -8.519625e-02 -1.920430e-02 3.442007e-02 1.705576e-01
3.688306e-01 -2.279759e-02 -9.647112e-02 -1.606683e-01 -1.645978e-01 -8.144105e-02 -7.480057e-02 -1.467521e-01
3.993112e-01 -8.198453e-02 -7.837016e-02 -3.906247e-02 -1.189502e-01 -3.485892e-02 -9.991445e-02 7.962391e-02
-6.493251e-02 4.577071e-01 -4.793925e-04 1.140020e-01 -4.646195e-02 -1.257661e-01 -3.609203e-02 3.226226e-02
-7.034018e-02 1.297007e-01 -4.153109e-02 -1.727365e-01 -1.055719e-01 -1.505710e-01 3.828907e-02 -2.670299e-01
4.030916e-02 -1.211516e-01 -1.063860e-01 -6.260866e-02 6.265280e-02 -1.371918e-01 -1.039872e-01 -5.971276e-03
3.558278e-01 -2.309432e-01 3.118988e-01 1.474620e-01 2.103188e-02 -8.560902e-02 7.034723e-02 -3.261813e-02
-1.835902e-01 -1.557209e-01 -1.084796e-01 1.797683e-01 2.815675e-01 9.674418e-02 -1.624706e-01 -5.906010e-02
-1.722231e-01 -1.059548e-01 2.873787e-01 -5.038892e-03 -1.054418e-01 -2.207630e-01 -1.446007e-01 -2.926448e-03
-4.895017e-02 2.971854e-02 -1.579271e-01 -1.149572e-01 2.693585e-01 3.125718e-01 9.585850e-02 -3.993689e-02
5.634766e-01 -1.959663e-02 1.605287e-01 -1.238014e-01 -4.168346e-02 -2.058951e-02 1.476783e-01 -1.420742e-02
-2.159568e-01 -3.873655e-01 1.364967e-01 2.657960e-02 -8.367993e-02 -8.779381e-02 -3.185358e-01 -6.341801e-02
2.865833e-01 -3.661474e-01 1.296145e-01 4.641043e-03 2.112752e-02 -8.046918e-02 3.952501e-02 1.345239e-01
-2.013319e-01 3.176092e-02 -6.547667e-02 1.951622e-03 2.654325e-01 -1.134057e-01 -1.161678e-01 -8.223432e-02
-1.223944e-01 1.934429e-02 -1.438283e-01 3.730870e-02 3.692332e-01 1.603051e-01 2.857640e-03 -1.115218e-01
-2.226157e-01 -4.167774e-02 -1.101400e-01 -1.282492e-01 1.481891e-01 -3.879403e-02 1.858416e-02 1.586211e-01
-1.305963e-01 -1.764489e-02 -1.556404e-01 -1.833321e-01 1.668299e-01 1.765226e-01 1.322734e-01 1.027809e-01
-1.027357e-01 1.176044e-01 3.321483e-01 1.249764e-01 -1.008330e-01 -3.894410e-03 -3.164252e-01 -1.028697e-01
-8.906672e-02 -1.272433e-01 -2.976079e-02 2.916691e-01 1.601727e-01 2.603269e-01 -1.054039e-01 -1.150533e-02
-2.327333e-01 -1.621421e-01 -1.203159e-01 1.799766e-01 2.186877e-01 -7.735738e-02 -2.182267e-01 -7.161005e-02
-1.081137e-01 5.330302e-02 2.901919e-01 -1.446412e-02 -1.214572e-01 6.899039e-02 6.556610e-02 2.120959e-01
-2.939326e-01 -1.586259e-01 1.403100e-01 -9.270270e-02 -1.246647e-01 -7.132411e-02 -5.482606e-02 3.837981e-02
-2.898245e-02 1.002360e-01 3.259253e-02 -1.310338e-01 -1.622898e-01 -6.775135e-02 -1.266041e-01 3.664955e-01
1.979119e-01 3.468457e-03 -1.022877e-01 3.024736e-01 7.156304e-02 -2.188090e-01 2.805256e-03 8.648746e-02
2.601998e-03 8.043511e-02 1.058503e-01 2.230904e-02 3.924130e-01 1.831111e-01 1.501169e-01 -1.541399e-03
1.164271e-01 -3.842146e-02 -1.714708e-01 -5.393055e-02 -1.867246e-01 -1.424660e-01 -2.289551e-02 -2.313233e-02
-5.025381e-02 2.023326e-02 3.591096e-01 1.106281e-02 1.738596e-01 -2.230282e-02 4.557858e-02 -2.755762e-03
1.716264e-01 -1.030012e-01 3.602961e-02 3.154435e-01 3.891521e-01 3.466951e-02 9.717875e-04 -1.339675e-01
2.801140e-02 -1.969619e-01 2.182029e-01 1.509154e-01 3.076184e-01 -5.363020e-02 1.478466e-01 -5.306223e-02
5.042230e-01 -2.040870e-02 -4.870981e-02 6.783602e-02 -3.451863e-02 1.639884e-01 1.146648e-01 -1.186522e-01
3.490368e-01 -1.039879e-01 -1.463017e-01 2.891896e-01 5.608266e-02 1.928767e-01 -4.699234e-02 -1.321939e-01
-1.328128e-01 -8.923292e-02 4.496136e-01 4.733221e-02 -4.839764e-02 -9.192492e-02 -8.523032e-02 1.123088e-01
-9.260226e-02 -3.548368e-02 1.505467e-01 2.762315e-02 4.974507e-01 -1.522731e-03 -4.037641e-03 -4.370271e-02
3.470283e-01 -1.105404e-01 -1.462461e-01 3.845948e-01 3.644857e-01 1.047725e-01 -4.961354e-02 -1.303854e-01
-4.343420e-02 -5.671930e-02 -1.176967e-01 1.460824e-01 -1.638961e-01 -2.294242e-01 -1.367904e-02 1.084155e-01
-6.690045e-02 -1.282310e-01 1.255558e-01 -1.208519e-02 -4.400715e-02 3.884278e-02 4.761847e-02 -1.432677e-01
2.425027e-01 1.714227e-03 -3.381013e-02 3.546182e-01 3.733623e-01 1.125843e-01 -6.428991e-02 -1.230684e-02
4.554220e-01 -1.149549e-01 -1.971288e-02 3.918433e-01 1.510475e-01 1.124942e-01 -1.900288e-02 -1.937022e-01
