1 5 16 16 32
-4.236321e-01 -6.888414e-02 -2.108969e-01 3.695892e-01 5.382040e-01 3.811289e-01 5.908526e-01 -3.218403e-02 1.233700e-01 3.674076e-01 -3.068386e-01 2.938654e-01 3.557297e-01 8.860787e-03 3.476342e-01 -2.139607e-01
-7.166200e-02 3.544973e-01 1.568982e-01 4.030479e-01 -1.562938e-01 -2.776595e-01 1.023922e-02 1.939148e-01 -4.024742e-01 -1.445894e-01 3.095166e-01 4.825155e-01 4.100108e-01 -2.845718e-01 -6.082610e-01 3.915843e-02
-2.135213e-01 -3.898413e-01 4.179045e-01 1.314447e-01 -2.143769e-01 3.386765e-01 -1.679583e-02 2.327608e-01 6.179312e-02 3.397371e-02 -1.578265e-01 1.505554e-01 5.963684e-01 -4.192454e-01 -8.319771e-02 -1.460209e-02
2.594124e-01 -3.684306e-01 -2.526018e-01 -2.492595e-01 6.621832e-02 4.191222e-01 -6.281788e-02 -2.049789e-01 2.835757e-01 2.480433e-01 -6.067339e-02 -3.270914e-01 -2.375330e-01 5.619591e-02 7.380945e-01 2.609417e-02
4.212698e-01 3.387013e-01 2.132328e-01 4.936578e-02 -4.884664e-01 -3.101186e-01 -3.803503e-01 1.685660e-01 4.500801e-02 -3.118202e-02 7.200317e-01 -1.840969e-01 -1.824353e-01 -9.970956e-02 -4.688625e-01 5.669367e-01
-1.579246e-01 4.238248e-01 -1.267426e-01 -2.825918e-01 1.204243e-01 2.808580e-01 5.439957e-01 -4.377535e-01 2.711888e-01 -3.182940e-01 -4.251211e-01 -3.681096e-02 3.113579e-01 3.769462e-01 -2.251664e-01 -1.529777e-01
-1.119413e-01 2.129469e-01 -2.253496e-01 1.502518e-02 3.767605e-01 1.606310e-01 -5.167573e-01 -2.996145e-01 1.303026e-01 -3.508819e-01 7.704534e-02 5.106739e-01 -1.255584e-01 1.751247e-01 5.218653e-01 -9.640824e-02
-6.829281e-02 3.487649e-01 5.756995e-02 -3.053663e-01 2.308820e-01 -1.567320e-01 -1.834735e-01 3.315284e-01 2.131942e-01 4.243778e-03 -1.937074e-01 -2.751193e-01 -5.130209e-01 6.462380e-01 7.021393e-01 -5.750987e-01
7.056045e-02 8.079100e-02 -2.514454e-01 2.583876e-01 -2.526479e-01 6.227552e-02 3.740723e-01 2.018527e-01 4.513220e-02 2.977442e-01 3.294085e-01 -6.020548e-02 4.253234e-01 4.729601e-02 -7.858337e-02 4.362780e-01
-8.471201e-02 -3.669485e-01 2.018459e-01 -2.440297e-01 2.312804e-01 -2.079831e-01 -3.646027e-01 1.414245e-01 3.056413e-02 -5.001832e-01 -2.131033e-01 4.583668e-01 3.839816e-02 2.251079e-01 6.872787e-01 -1.776706e-01
4.481103e-01 -1.833346e-01 8.971644e-02 3.329185e-01 -2.086305e-01 -3.330715e-01 -3.834487e-01 4.703935e-01 -2.589516e-01 4.128100e-01 5.360870e-01 -3.017384e-01 -3.246564e-01 -2.179308e-01 -2.772834e-02 1.941250e-01
1.149686e-02 -3.120091e-01 2.674211e-01 2.542012e-02 -5.015541e-01 -2.942598e-01 5.540356e-01 5.416327e-01 -6.428222e-02 3.752424e-01 -8.596893e-02 -3.136052e-01 2.152577e-01 -3.157439e-01 -3.397021e-01 2.737356e-01
-1.820283e-01 8.119899e-01 -5.615067e-02 -4.019307e-02 7.597958e-02 -2.319259e-01 -1.356549e-01 1.029061e-01 -2.213908e-01 1.591000e-01 -3.939985e-03 1.240356e-01 -3.295491e-01 -7.538776e-02 -5.766551e-01 -2.245714e-01
-2.189209e-01 -2.353192e-01 -1.907563e-01 8.478101e-02 2.184667e-01 1.222609e-01 -4.546036e-01 -9.255425e-02 1.983986e-01 -3.570125e-01 4.086542e-02 7.034717e-01 1.632652e-01 7.313180e-02 5.849161e-01 1.927313e-01
5.626155e-01 3.968529e-01 -2.708076e-01 -2.201782e-02 -7.702205e-02 -4.252079e-01 -2.635989e-01 -6.456476e-02 -9.136505e-02 -1.587228e-01 5.126363e-01 -3.362493e-01 -5.149971e-01 1.850144e-01 -1.272543e-01 1.274943e-01
6.779165e-02 -2.888484e-01 1.708222e-01 -4.309013e-01 3.162317e-01 4.484560e-01 2.970656e-02 -4.093998e-02 4.154054e-01 -6.825768e-02 -2.135711e-01 -4.210134e-01 -2.698902e-01 3.303554e-01 8.159129e-01 -1.453880e-01
-2.004914e-01 -1.399775e-01 -2.019196e-01 1.800022e-03 4.654866e-01 2.066710e-01 1.237437e-01 -8.859342e-02 -1.556568e-02 -5.096817e-02 -1.646579e-01 -7.720454e-02 -6.491855e-05 1.719486e-01 6.797141e-01 -4.265862e-01
7.674757e-02 4.803389e-01 2.040582e-02 1.439514e-01 1.122211e-01 -3.567496e-01 -1.891160e-01 3.652136e-01 -2.753316e-01 9.655134e-02 7.171819e-02 3.397143e-01 1.564510e-02 -2.216709e-01 -3.660911e-01 -9.287859e-02
-3.344049e-01 -2.127970e-01 2.918353e-01 1.792567e-01 1.169425e-01 -1.497557e-01 9.921552e-02 1.395869e-01 3.037901e-01 -7.387923e-02 -3.831315e-01 5.564380e-01 2.686346e-01 -2.894059e-01 -2.375412e-01 3.341968e-02
9.085708e-02 -6.010160e-01 -3.090450e-02 -1.977333e-02 3.107773e-01 2.110722e-01 -2.505262e-01 -3.464936e-01 2.964201e-01 9.583639e-03 -3.472767e-02 2.295460e-01 1.532530e-01 1.758270e-01 9.436128e-01 1.904069e-01
-2.186067e-01 1.667917e-01 5.502481e-01 2.550741e-02 -6.100387e-02 -3.677567e-02 6.801374e-03 3.419348e-01 -1.692812e-01 3.774090e-01 3.151471e-01 5.551104e-02 1.349412e-01 3.777065e-02 -1.799423e-01 5.431495e-01
-2.258650e-01 2.651956e-01 4.189406e-02 -2.256430e-01 6.633351e-01 -4.700104e-02 -1.424378e-01 -6.960043e-02 3.900144e-01 -3.102158e-01 -4.821260e-01 2.061359e-01 -1.518756e-01 2.647838e-01 8.399364e-02 -3.515680e-01
2.622444e-01 2.169551e-01 -2.340405e-01 4.634943e-01 -2.269237e-01 1.982036e-01 3.626520e-02 1.600866e-01 -1.717605e-02 4.980682e-01 5.399544e-01 -1.640865e-01 -1.377563e-01 -2.320116e-01 -2.370889e-01 1.487672e-01
-1.273564e-01 5.010956e-01 2.286758e-01 -2.187972e-01 4.258827e-01 3.359897e-01 -1.278180e-01 -3.813270e-01 -6.086082e-03 2.029964e-01 -2.153121e-01 -9.923966e-02 -7.327706e-01 -2.815438e-01 -2.929465e-01 -2.639145e-01
7.611198e-01 1.302303e-01 -4.911352e-01 -7.520516e-02 -3.710568e-02 3.133276e-01 -1.042635e-01 -1.710643e-01 -3.985645e-02 -2.766082e-01 -1.042177e-02 -1.941569e-01 -4.951426e-02 1.236721e-01 -1.764090e-02 -6.112010e-01
-1.050544e-01 7.682412e-01 1.841330e-01 -4.861016e-02 1.876971e-01 9.854922e-02 8.959557e-02 2.185623e-01 -7.331955e-02 1.263748e-02 -3.614061e-02 2.518426e-01 -3.201847e-01 -2.231230e-01 -5.673217e-01 -1.089917e-01
-6.300749e-01 3.159676e-03 -2.228712e-01 -3.111275e-01 2.888478e-01 2.785870e-01 4.507228e-01 -1.312846e-01 3.230618e-01 -2.325056e-01 -6.726969e-01 6.617754e-01 4.456084e-01 7.192717e-02 1.320279e-01 -3.534622e-02
4.134771e-01 -1.689880e-01 -2.281761e-01 -1.175888e-01 -6.633656e-02 8.399583e-01 -4.024149e-02 -2.174319e-01 -3.425124e-02 -1.780716e-01 -6.716892e-02 -2.241960e-01 2.994996e-01 -2.034675e-01 -1.152993e-01 -3.768103e-01
-2.952085e-01 -1.542558e-01 1.333158e-01 4.804918e-01 -2.369785e-01 -3.646132e-01 7.890411e-02 6.699975e-02 -1.144539e-01 1.595598e-01 1.329315e-01 4.928305e-01 1.288813e-01 -4.328478e-01 -5.447068e-01 5.445985e-01
-1.592109e-01 5.989851e-02 2.504964e-01 1.474726e-01 -2.312502e-01 2.132347e-01 -1.141311e-01 4.421128e-01 -2.299588e-01 3.124385e-01 6.605089e-02 2.796580e-01 3.940999e-01 8.780543e-02 -2.110596e-01 5.292861e-01
-1.653792e-02 4.429695e-01 5.334150e-02 -7.469890e-02 3.689714e-01 -1.023998e-01 3.475806e-02 1.516291e-01 -1.171256e-01 -4.589613e-02 1.594073e-01 5.769798e-01 -3.016686e-02 -1.280865e-01 -2.818033e-01 -3.214673e-01
6.834896e-01 -2.012815e-01 8.453333e-02 -3.436343e-01 -3.449216e-01 -3.408974e-01 -4.901415e-01 -5.807554e-02 5.328398e-02 -5.899472e-01 1.414907e-01 -3.538295e-01 -2.784167e-01 -1.496820e-01 -3.523188e-01 5.266473e-02
2.394468e-03 -4.345201e-02 -1.019420e-01 -2.409256e-02 1.763835e-01 7.538801e-02 6.409252e-02 -7.436594e-01 -5.714798e-02 3.004004e-01 3.614616e-01 1.711546e-01 2.488986e-01 1.310126e-01 -3.124534e-01 6.665605e-02
1.445575e-02 1.176900e-01 4.553394e-01 -5.713984e-02 -3.762383e-01 9.356416e-02 -1.995715e-01 -1.945704e-01 1.523384e-02 -2.223127e-01 4.440464e-01 -7.766509e-02 7.732323e-02 -2.133539e-01 3.558714e-01 2.025361e-01
-2.396352e-01 -4.413550e-01 -1.162744e-01 3.113001e-01 4.118181e-01 -2.313604e-01 -4.196771e-01 5.217779e-01 -4.170294e-02 -2.633463e-01 -2.898393e-01 1.555400e-01 -3.872694e-01 9.564517e-02 1.435113e-01 1.670023e-01
9.377785e-02 1.385664e-02 2.581572e-01 1.631874e-01 -9.937358e-02 4.151900e-01 -3.806645e-01 2.197043e-01 5.598500e-02 -2.715033e-01 -8.407148e-02 -1.815712e-01 -5.970598e-01 3.185146e-01 5.550436e-02 -4.532278e-02
-3.062663e-01 -1.635464e-01 -2.357536e-01 3.602971e-01 2.121571e-01 -2.097781e-01 1.466091e-02 -4.587032e-01 -5.096772e-01 2.572050e-01 8.104112e-02 3.878228e-01 4.444497e-01 -1.643399e-01 -7.628908e-02 2.282836e-01
2.711115e-02 5.883370e-01 -3.381972e-01 -1.033955e-02 -1.955020e-01 -2.744709e-01 4.367967e-02 3.530887e-01 7.018350e-01 -5.911002e-02 7.350471e-02 -3.617837e-02 -5.434654e-03 3.828822e-02 1.286072e-01 1.579258e-01
-1.176772e-01 -6.115641e-02 6.521747e-02 -3.093241e-01 -1.313265e-01 -2.191198e-01 -1.215014e-01 -5.574726e-01 -4.403861e-01 1.045976e-01 5.897570e-02 2.944520e-01 5.343733e-01 -1.321927e-02 1.568687e-01 3.420236e-01
-2.877745e-01 2.620076e-01 -2.840476e-01 2.257925e-02 2.878952e-01 -5.457957e-01 -9.245504e-03 -2.750680e-01 1.715415e-01 7.589876e-02 7.084321e-02 -2.935388e-02 -1.297242e-01 2.901082e-02 3.275502e-01 3.258338e-02
-2.977454e-01 -7.995384e-02 -3.889690e-01 8.839393e-02 2.105682e-01 1.321745e-02 -1.358288e-01 -1.078140e-01 -2.200544e-01 2.160604e-01 2.757661e-02 3.778589e-01 4.055581e-02 3.364147e-01 5.103543e-01 1.760271e-01
1.225401e-01 -9.547912e-02 -2.639440e-01 -4.038843e-01 7.311089e-02 4.980443e-02 -1.348919e-01 -2.954896e-02 -2.120636e-01 1.825984e-01 2.752129e-01 -4.967607e-02 2.992104e-01 3.469214e-01 5.859794e-01 6.358957e-02
4.657809e-01 -2.418587e-01 -1.171214e-01 -2.280197e-01 -3.084345e-02 -1.381146e-01 4.998230e-03 2.902317e-01 3.093606e-01 -1.035840e-02 -1.775246e-01 -1.950428e-01 2.294821e-01 3.162098e-02 1.762778e-01 -1.037986e-01
-1.022820e-01 -4.906620e-01 4.493463e-01 -3.318724e-02 2.519614e-01 1.476801e-01 -5.328916e-01 -3.172356e-01 -5.565608e-01 1.666433e-01 -1.992663e-01 1.368495e-02 2.175044e-01 -2.621358e-02 2.306764e-01 -7.016000e-02
-1.702458e-02 2.393261e-01 4.647594e-01 -3.946071e-01 -2.736481e-01 8.443348e-02 4.430664e-02 4.514478e-01 -5.192091e-03 -4.281309e-01 1.668806e-01 -3.278391e-01 1.547112e-01 -5.471225e-01 -2.569218e-01 4.276123e-01
-1.254422e-01 1.034058e-01 -1.928018e-02 3.313740e-01 -1.032389e-01 -3.529912e-01 -4.544724e-02 -3.017169e-02 6.438896e-01 -9.745749e-02 2.162246e-01 2.323642e-01 4.521193e-02 -3.407727e-01 -1.246271e-02 3.895864e-01
3.235174e-01 -1.404096e-01 -8.786634e-02 3.688137e-01 2.878477e-01 1.635982e-01 -2.123421e-01 3.624288e-01 3.124165e-01 -1.839297e-01 1.338404e-01 -2.584345e-02 4.119815e-02 -8.319306e-02 -1.405288e-01 -1.071362e-01
-1.050422e-01 -1.071299e-01 -6.686187e-03 2.212120e-01 2.351677e-01 -1.423969e-02 -1.126439e-02 -2.167261e-02 9.092639e-02 -8.394181e-02 -3.842504e-01 2.060533e-01 5.455784e-03 9.180789e-02 -2.144387e-01 9.314643e-02
-6.524219e-02 -9.507330e-02 -2.444797e-02 1.734025e-01 4.111346e-01 3.987810e-02 -2.760112e-01 -5.457516e-01 -5.324467e-01 2.816904e-01 5.505799e-01 2.893640e-01 -1.427579e-01 -3.087586e-01 -3.221726e-01 2.440678e-01
3.782036e-02 1.896578e-01 -1.604909e-01 -1.059098e-01 -4.220381e-02 -1.539712e-01 -1.094738e-01 -6.094077e-01 -1.027491e-01 9.590284e-02 1.713912e-01 2.262998e-01 3.172991e-01 3.033368e-01 3.482616e-01 -1.366359e-01
1.233419e-01 -1.711854e-01 -4.754141e-03 1.547801e-01 4.924817e-04 1.250573e-03 -3.661573e-02 6.739107e-01 1.991639e-01 3.452236e-02 -2.288926e-01 -4.487722e-01 1.225180e-01 2.242440e-01 -6.381104e-02 -2.085392e-01
1.001083e-01 2.298549e-01 3.125315e-01 -9.628165e-02 -2.072508e-01 2.365970e-01 4.170022e-02 -4.282316e-01 -8.119455e-03 4.065911e-02 3.616454e-01 -3.138212e-02 1.904859e-01 2.622578e-02 -4.401032e-01 1.929059e-02
-2.552560e-02 7.452460e-02 -6.806874e-02 1.907233e-01 3.828944e-01 2.115897e-01 1.892890e-01 -1.053276e-01 -2.117806e-01 4.798898e-02 1.573768e-01 1.962013e-01 -3.052069e-02 2.275311e-01 1.872314e-01 5.294566e-01
2.261618e-01 4.955912e-01 1.055179e-01 -4.514195e-01 -4.398498e-01 2.118321e-01 2.199085e-01 -2.976719e-01 1.347938e-01 1.355539e-01 1.461077e-01 -7.230183e-02 5.706785e-01 -2.146747e-01 -9.897628e-02 -1.279513e-01
-1.846949e-01 -2.492438e-01 -6.310269e-01 1.350976e-01 4.545391e-01 -1.701408e-01 7.321007e-02 -3.566715e-01 -8.569977e-02 4.718692e-01 -2.960380e-01 1.777292e-01 -6.055686e-02 6.357460e-01 6.785175e-02 -2.932418e-01
-3.112846e-02 -1.162442e-01 -4.651831e-02 -1.231334e-01 2.605530e-01 2.840365e-01 -1.324417e-01 -2.101578e-01 -6.539313e-01 2.576577e-01 -1.720932e-01 1.172673e-01 4.794578e-01 2.191217e-01 2.652929e-01 -5.868365e-02
1.935849e-01 -5.841994e-02 -2.747420e-01 -1.153020e-01 4.073032e-02 -1.234392e-01 1.438031e-01 1.204053e-01 -2.087961e-01 4.218557e-01 1.126130e-01 1.532404e-01 5.113229e-01 -2.173573e-01 -5.795863e-01 -2.263101e-03
-7.236799e-02 1.251926e-02 -1.183892e-01 6.556817e-03 9.875809e-02 -6.536879e-03 2.919493e-02 -4.583421e-01 -1.632827e-01 5.406601e-01 2.468427e-01 2.153687e-01 4.867721e-01 -1.004476e-01 -6.566523e-01 5.643187e-02
-8.104001e-03 -1.638532e-02 3.684010e-01 -4.963372e-03 -1.265943e-01 4.775726e-01 -9.783863e-02 3.333227e-01 -1.531826e-03 -4.878635e-01 1.646830e-01 -5.151693e-02 1.987464e-01 -1.556530e-01 2.177823e-01 1.971175e-01
-3.192285e-01 6.563590e-02 4.493187e-01 3.687601e-01 -1.044767e-02 4.169018e-01 -4.797944e-01 -2.216484e-01 5.922142e-03 -6.035680e-01 6.453698e-02 -6.131933e-02 -3.076568e-01 2.323278e-01 6.143848e-01 1.897389e-02
-4.478722e-02 3.745267e-02 2.494304e-01 1.915546e-01 4.489543e-02 1.994745e-02 -1.265260e-01 8.215543e-02 3.016341e-01 -5.237980e-01 -1.893102e-01 -9.716513e-02 7.405471e-02 4.191390e-02 7.942878e-01 5.264055e-02
-1.112644e-01 -1.462134e-02 8.117997e-02 5.593534e-01 2.453596e-01 1.274966e-01 -2.486029e-01 -2.757550e-01 1.583590e-01 -2.946871e-01 -9.397732e-03 1.762431e-01 -4.413890e-01 1.485786e-01 7.312530e-02 1.246013e-02
3.677869e-01 -1.453029e-01 -1.832375e-02 1.718624e-01 -1.881266e-01 6.594111e-01 -1.969485e-01 -3.155763e-03 4.564429e-02 -2.142820e-01 -1.194121e-01 -2.013342e-02 9.742986e-02 6.994531e-02 7.690023e-03 -5.701659e-02
7.402269e-03 1.050009e-01 -1.985892e-01 -5.325835e-01 1.660529e-02 4.244496e-02 3.223999e-01 -1.264047e-01 2.510775e-02 1.588795e-01 1.324260e-01 -1.837528e-02 8.776302e-01 -2.623527e-01 1.077271e-01 -4.699684e-02
-5.524070e-02 1.796704e-01 1.016322e-01 -1.312803e-01 -5.029441e-02 -8.232851e-02 -1.087621e-01 1.373037e-01 -4.515189e-02 4.097518e-01 -1.672076e-01 -1.972364e-01 -1.641652e-01 -1.205170e-02 -4.013709e-02 4.877957e-02
-3.280528e-02 1.581002e-01 -3.401453e-02 -2.080808e-01 2.787893e-01 3.072624e-02 1.109071e-01 1.108417e-02 1.687007e-01 2.588023e-01 2.585414e-01 4.213484e-01 -1.116368e-01 2.722427e-02 7.927154e-02 -1.327831e-01
4.815813e-01 -1.962906e-01 -1.436616e-01 1.050033e-01 -6.283629e-02 9.582405e-02 1.580900e-02 -1.217238e-01 3.357710e-02 -1.925507e-01 1.135709e-02 3.049347e-01 2.133743e-01 -8.110679e-02 -1.212893e-01 -1.493189e-01
-2.490812e-01 -1.977378e-02 1.403923e-01 9.335467e-02 4.511408e-01 1.080164e-01 4.023980e-01 1.743760e-01 6.889048e-02 8.621328e-02 3.755230e-02 -2.334707e-01 5.093199e-02 1.542466e-01 2.994292e-01 3.374130e-03
-3.558360e-01 1.956411e-01 3.294178e-01 1.500742e-01 1.438855e-01 2.072500e-01 1.257335e-01 1.395077e-01 5.450404e-02 5.201452e-01 1.506491e-01 2.873831e-01 1.288970e-01 4.645268e-02 1.170798e-01 1.501087e-01
7.542878e-02 -1.254993e-01 2.948242e-01 -1.029798e-01 -1.281645e-01 -1.340706e-01 3.311713e-01 -6.317940e-02 -7.803832e-02 -1.563293e-01 -2.505315e-01 -2.240418e-01 1.951632e-01 8.658252e-02 -2.324712e-01 -2.132648e-02
-6.123707e-02 3.653114e-02 -2.720497e-01 1.172272e-01 1.934604e-02 1.407560e-01 -2.449071e-01 8.893093e-02 2.633355e-02 -2.114768e-02 2.333493e-01 3.327088e-01 -1.937436e-01 -5.672577e-02 4.548624e-01 -1.582353e-02
-1.080831e-02 1.240929e-01 -1.059219e-01 7.791230e-02 2.086284e-01 -1.095567e-01 -2.647274e-02 8.419391e-02 -2.144895e-01 6.687778e-02 4.819653e-01 -8.378646e-02 9.813009e-02 -1.705880e-01 -3.628566e-02 8.670741e-02
3.214487e-01 -2.898576e-02 -1.135281e-01 -1.276823e-01 -4.426517e-03 5.364276e-01 -1.181596e-01 2.742951e-02 -1.039653e-01 -7.895759e-02 -4.105467e-02 -3.353225e-01 1.107061e-01 -1.292791e-02 -1.048419e-02 -2.209462e-01
-1.559410e-01 1.141281e-02 -4.501205e-02 -1.695398e-01 5.539170e-02 7.111008e-02 4.366517e-01 -4.923733e-02 2.328688e-01 -1.039076e-01 -3.389591e-01 1.189092e-01 4.374737e-01 1.346469e-01 -2.475880e-01 9.250532e-02
-2.257290e-01 1.255862e-01 4.262167e-01 3.014620e-02 1.813352e-01 1.706124e-01 5.056437e-02 3.585258e-01 -2.088978e-01 2.075077e-01 2.081314e-01 -6.313248e-02 1.558469e-01 6.035326e-02 1.226947e-01 2.826886e-01
1.212914e-01 -9.659506e-03 6.486156e-02 -3.503434e-02 2.682396e-01 9.453311e-02 1.965609e-01 2.740899e-02 -1.936132e-02 -1.735145e-02 3.177094e-01 6.421275e-01 2.893829e-01 -6.757913e-02 6.961040e-02 -1.234710e-01
1.234026e-01 -3.024622e-01 -1.431568e-01 1.419474e-01 -4.826266e-02 1.336202e-01 1.943924e-01 -8.196778e-02 3.634012e-02 -2.407787e-02 3.525761e-01 3.538705e-01 1.432882e-01 -1.913536e-01 3.155566e-01 -1.086328e-01
-1.040618e-01 2.243280e-01 -1.199018e-01 -8.968263e-02 7.226489e-03 -3.256063e-01 2.201914e-02 -5.317505e-02 -3.014623e-01 2.283966e-01 2.140878e-01 1.046856e-01 -2.669457e-01 5.558185e-02 -2.490343e-01 4.383951e-01
-1.983911e-02 -7.747547e-02 7.458885e-02 -1.508046e-01 -6.489891e-02 2.161305e-01 6.735098e-02 -9.182750e-02 4.179843e-01 -6.114326e-02 -2.099854e-01 2.828778e-01 -2.589884e-02 1.781229e-01 6.162941e-03 -7.923220e-02
-1.224163e-01 1.852568e-01 1.292177e-01 -2.008146e-01 6.124858e-01 1.435465e-02 -2.728834e-01 8.690774e-02 8.374365e-02 -1.306064e-01 -2.531398e-01 4.410991e-02 -6.688157e-02 1.201647e-02 6.052398e-02 -2.567174e-01
2.037893e-01 -2.467173e-01 4.895810e-02 1.362248e-01 -1.155041e-01 4.792363e-01 -6.082515e-02 4.400907e-03 1.689149e-01 -2.068002e-01 -1.037559e-01 -2.083983e-01 2.754466e-01 -1.456470e-01 1.675560e-01 -2.752376e-01
-2.799006e-01 -2.260629e-02 1.128113e-02 1.959857e-02 3.545777e-01 -1.300157e-01 -7.189380e-02 -5.733446e-02 2.577459e-01 -1.471221e-01 -2.554671e-01 4.071585e-01 3.437384e-02 -1.112543e-02 5.938527e-02 1.905228e-02
5.289823e-01 1.638181e-01 -4.554577e-02 4.686032e-02 -7.245047e-02 -6.784432e-03 -5.637430e-03 -6.931364e-02 -1.136598e-01 1.099048e-01 4.325045e-02 -2.086193e-01 -8.108908e-02 -4.606672e-02 -3.771343e-02 -4.343660e-02
-3.480750e-02 -9.373039e-02 1.318715e-01 1.758225e-01 8.091533e-02 -3.521487e-03 1.537910e-01 2.703120e-02 -1.201846e-01 -2.647191e-01 2.296711e-01 3.634011e-01 5.124345e-01 4.275867e-03 -1.367158e-02 -1.395491e-02
9.299771e-02 -1.188978e-01 -5.570063e-02 2.567518e-01 -1.294136e-01 -1.699398e-02 -2.748905e-01 1.759261e-01 -1.240654e-01 1.832269e-01 3.761213e-01 -5.411759e-03 -2.642697e-01 -1.465140e-01 2.956377e-01 -6.170167e-03
1.207616e-01 -1.745019e-02 2.624255e-01 -2.984919e-01 -6.523609e-02 -8.242291e-02 -1.766017e-01 1.185636e-02 -1.817866e-01 -9.944087e-02 4.119132e-01 -1.714172e-01 -1.172933e-01 -1.953273e-01 -1.837710e-01 9.096184e-02
2.814277e-02 2.950993e-01 3.583736e-02 -1.519338e-01 1.022370e-01 1.385252e-01 4.432267e-01 -1.945675e-01 1.699458e-02 -2.449972e-01 -2.479814e-01 5.190713e-02 2.900233e-01 2.798757e-01 -1.791131e-01 2.232275e-03
5.357529e-02 2.080159e-01 2.391703e-01 -9.000288e-02 5.173470e-02 1.290603e-01 -2.069964e-02 1.741643e-01 -1.863547e-02 7.687455e-02 -1.023174e-01 4.835697e-01 2.810916e-02 -1.232254e-01 -1.909553e-01 -1.165424e-01
7.739628e-03 -4.704642e-02 -1.279996e-01 1.796887e-01 -2.938035e-01 -2.024971e-01 9.565749e-02 -1.443704e-01 -2.524462e-01 1.328300e-01 2.170205e-01 1.156478e-01 -4.275872e-02 -1.352034e-01 -2.793468e-01 5.097010e-01
-2.214409e-02 -1.052858e-01 -2.400091e-02 5.314810e-01 -5.096945e-02 -3.161950e-02 2.625852e-02 1.334394e-02 -1.272964e-01 -1.702628e-01 -3.799023e-02 -1.266886e-01 3.261385e-02 -9.405535e-02 6.226250e-02 7.249596e-02
1.572120e-01 -1.214225e-01 -1.095366e-01 7.169407e-03 2.664067e-01 1.333221e-01 1.897151e-01 -1.894656e-01 2.426176e-01 -1.682212e-01 3.510976e-01 4.774247e-01 2.294960e-01 6.308614e-02 1.404016e-02 -1.655265e-01
-2.583186e-01 3.222827e-01 7.145808e-02 -2.613672e-01 1.939854e-01 -1.914823e-01 6.708339e-02 -5.465485e-02 -5.735591e-02 1.384030e-01 -4.518094e-02 -1.340593e-01 1.140563e-01 3.598027e-01 -2.024245e-01 3.982475e-01
-1.739614e-01 -1.211350e-02 -1.511148e-01 1.726603e-01 -1.283114e-01 1.093158e-01 2.628650e-01 1.499334e-01 8.572352e-02 2.405987e-01 2.149424e-02 2.147599e-01 3.802277e-01 7.769507e-02 -9.359930e-02 1.987821e-01
-5.930069e-02 5.319359e-01 -2.250889e-01 -1.028800e-02 1.779101e-01 7.457357e-02 5.339053e-02 4.109105e-02 1.628928e-01 1.634453e-01 -2.343602e-02 1.583196e-02 1.911423e-01 1.606333e-01 -1.471884e-01 2.174900e-01
-3.492985e-01 1.322051e-01 2.552927e-02 2.972429e-01 3.063486e-01 2.370836e-01 2.326657e-01 9.728011e-02 7.725374e-02 4.042502e-01 -1.472643e-01 2.734991e-01 1.334078e-01 1.122908e-01 3.079383e-01 -1.247793e-01
-1.087441e-01 1.104991e-01 -6.800761e-02 -7.853001e-02 1.567467e-01 -1.176011e-01 -7.836796e-03 -1.226970e-01 2.132340e-01 -9.230996e-02 -5.411281e-02 -5.112068e-02 -1.365823e-01 2.313300e-01 4.322740e-01 -7.923115e-02
1.514560e-01 -1.100200e-02 1.033796e-01 -1.250189e-01 2.651515e-01 -8.402478e-03 -1.326557e-01 5.815990e-03 -1.786148e-01 3.019585e-01 4.936573e-01 4.128672e-03 -1.423708e-01 -2.626983e-01 -2.145915e-01 -3.476920e-02
-9.264056e-02 -1.028371e-01 -1.974349e-01 1.633617e-01 3.458260e-01 -1.313745e-01 -2.580984e-01 -5.304710e-02 -2.314620e-01 6.231236e-02 4.092270e-01 3.683480e-01 -5.502264e-02 -3.116464e-01 -1.551350e-01 -5.842194e-02
-4.019921e-02 -6.264445e-02 -3.929756e-01 -4.528113e-03 -2.546779e-01 2.445196e-01 5.426005e-03 1.995493e-01 1.641289e-01 -2.552415e-01 -3.322573e-01 2.580335e-02 -7.382300e-02 2.256466e-02 -2.088868e-01 -2.824381e-02
-1.294233e-02 5.063692e-02 4.112236e-02 -1.515489e-01 -8.097720e-02 -1.772283e-02 1.330267e-01 9.762017e-02 1.521506e-01 7.657640e-02 -1.758581e-01 -2.901485e-01 -5.943317e-02 2.130730e-01 2.618617e-01 7.328899e-03
1.693095e-01 2.672817e-01 5.661124e-02 -4.565183e-01 7.290460e-03 -1.848434e-01 4.106652e-02 -2.365699e-01 -2.220166e-01 9.473799e-02 -4.441806e-02 -2.290262e-01 -3.416844e-02 1.928899e-02 -2.241345e-02 2.970779e-02
-2.049049e-01 2.926460e-01 -2.780391e-01 -1.775054e-01 2.443432e-01 8.318348e-03 -1.398673e-02 -9.895265e-04 3.913355e-02 4.339406e-02 -1.615147e-01 1.342497e-01 3.884822e-01 -1.232111e-01 3.979972e-01 -1.509508e-01
4.800883e-02 1.396450e-01 1.700349e-01 -6.885777e-02 -6.829455e-03 -6.296241e-01 6.541003e-02 -1.378927e-02 -2.621701e-01 1.597427e-01 1.007316e-01 -6.443724e-02 -6.723931e-02 -2.258093e-01 -8.752240e-03 1.109629e-01
-1.425095e-01 1.945429e-01 -1.457624e-02 2.264282e-01 -4.473945e-02 2.322960e-01 -4.172440e-02 -3.505826e-01 -5.820597e-02 1.015823e-01 2.207735e-01 1.357678e-01 -4.473026e-01 -1.227675e-01 -2.562942e-02 -7.035782e-02
-1.152878e-01 -1.091212e-01 -1.382132e-01 4.696375e-01 3.689367e-02 3.107592e-02 -3.361880e-02 1.427194e-01 9.658594e-02 -1.738634e-02 7.155892e-02 2.815330e-01 6.534142e-02 -3.528282e-02 1.371281e-01 7.744609e-02
-1.081747e-01 -1.818605e-03 2.340095e-02 -2.145193e-01 8.337919e-02 -1.907779e-02 6.082471e-02 4.139324e-01 -3.231944e-02 -6.704305e-02 -4.655179e-02 -2.930961e-02 4.142828e-01 -6.246565e-02 -5.333225e-02 8.435923e-02
2.273397e-01 -1.151794e-01 -1.626694e-02 1.982165e-01 -1.085407e-01 4.817990e-02 -4.729043e-02 4.774645e-02 -7.384792e-02 -3.881099e-01 1.256687e-01 4.262177e-01 -6.207299e-02 -3.160916e-01 -2.557809e-01 2.078679e-01
4.942193e-02 1.177482e-01 2.314912e-02 -2.346876e-02 3.581861e-01 1.769951e-01 2.831059e-01 4.224391e-02 -3.150770e-01 -2.569750e-02 -3.727251e-02 -3.303492e-02 -2.820151e-01 1.753333e-01 -1.948692e-01 2.402209e-01
-2.176149e-01 8.219904e-02 1.202128e-01 -8.287475e-02 1.040436e-01 1.457903e-01 -1.438567e-01 -6.160508e-01 6.086642e-02 -4.592507e-02 -2.169357e-02 -9.564377e-02 -2.746110e-01 2.533033e-01 7.026548e-02 1.303482e-01
-3.922873e-02 -1.978418e-02 -2.600414e-01 1.933576e-01 1.443693e-01 9.029811e-02 -2.150213e-02 -4.529773e-01 1.418317e-01 1.521500e-01 -1.037747e-01 1.527688e-01 1.117938e-01 4.665565e-02 1.312438e-01 -3.172510e-01
2.682431e-01 -2.290239e-02 -5.120736e-03 -2.128642e-02 -3.556120e-02 -1.407416e-01 4.398891e-02 -5.961580e-01 3.957465e-02 8.484970e-02 1.418477e-01 -1.169554e-01 -3.614943e-01 1.835816e-01 2.566495e-01 4.896981e-02
-1.616854e-02 1.161894e-01 -3.878623e-01 1.801716e-01 3.750019e-01 -3.265112e-01 7.854026e-02 -1.532257e-01 -1.572321e-01 2.002626e-01 -2.039694e-02 -7.351954e-02 -3.072416e-02 5.546461e-02 1.056154e-01 -8.685265e-02
-7.080537e-02 -4.352245e-02 -1.035331e-01 6.021409e-02 -2.733675e-01 -6.557302e-02 -2.381571e-01 -1.685080e-02 3.345817e-01 4.330462e-02 1.757241e-02 1.209369e-01 3.065270e-01 -8.447723e-02 3.225935e-01 -1.030913e-01
1.010393e-01 -3.160133e-01 -3.283837e-02 2.502793e-01 1.271041e-01 -4.652192e-03 -1.617670e-01 -2.224067e-02 -8.014748e-02 1.469809e-01 1.120574e-01 -1.794107e-01 -1.801940e-01 2.165889e-01 -3.918820e-01 1.574199e-02
2.723139e-03 -7.813567e-02 4.221454e-01 1.238322e-01 3.560979e-01 -1.557688e-02 3.266427e-02 -2.302637e-01 3.141353e-02 2.560874e-02 1.718186e-01 -1.194927e-01 1.911324e-01 -1.930833e-01 1.867871e-01 1.892218e-01
2.295015e-01 -9.096266e-02 1.360356e-02 6.972259e-02 2.408001e-02 -8.000185e-02 7.391394e-02 -2.428552e-02 4.497921e-01 -4.179522e-02 -3.149453e-01 3.212487e-02 -3.976884e-02 -1.549754e-01 -1.762500e-01 -3.056981e-02
3.552561e-01 -7.892545e-02 7.944396e-02 1.439011e-01 3.595332e-01 -1.929563e-01 1.717688e-02 2.854630e-03 1.444763e-01 3.022839e-01 2.823031e-01 -1.870841e-05 -1.553399e-01 2.114845e-02 2.190307e-01 -6.984413e-02
4.811331e-02 1.970740e-01 1.308258e-01 -1.192492e-01 -1.831447e-01 8.736384e-02 -1.005315e-01 -2.081372e-01 2.329997e-02 3.316118e-02 4.396381e-01 -3.339536e-03 8.659197e-02 9.287514e-03 2.216319e-01 -4.962662e-02
-4.388967e-02 -1.416163e-01 -6.244788e-02 1.677851e-02 -3.752524e-02 5.693231e-01 -1.709776e-01 2.556939e-02 2.108581e-01 -6.802297e-02 -1.577526e-03 3.584600e-02 -6.333704e-02 -3.285015e-02 4.126676e-02 -9.211392e-02
1.326885e-02 -2.115280e-01 -6.003206e-02 8.836709e-02 4.727654e-01 1.496061e-01 -2.784625e-01 -7.740132e-02 -1.244750e-01 -7.453887e-03 4.218097e-01 1.462650e-01 -2.892928e-01 -1.213651e-01 -2.399724e-01 5.331679e-02
-2.949869e-02 3.313602e-02 2.150856e-01 9.160614e-02 3.815871e-01 1.639677e-01 1.135445e-01 -7.404777e-02 3.802551e-02 -1.325931e-01 -1.446548e-01 6.699386e-02 5.758548e-01 1.609115e-01 7.876164e-02 7.448300e-03
-5.884310e-02 1.384902e-01 -4.810304e-01 1.173681e-01 3.840729e-01 4.679884e-02 -3.324816e-01 -1.476236e-01 1.261183e-01 6.507246e-02 -6.773271e-02 -4.380367e-02 -4.245358e-02 -5.160768e-02 2.005371e-01 -7.425158e-02
3.563418e-01 -3.291071e-01 -5.179292e-02 -2.060892e-01 4.815405e-02 -2.501355e-01 -4.650652e-04 1.691732e-01 1.651757e-01 -1.334454e-01 -2.946444e-01 -8.975068e-02 3.675203e-01 1.148638e-01 -4.261467e-02 6.634022e-02
5.871101e-02 -3.442467e-02 1.533330e-01 -1.780444e-01 -2.660031e-01 8.047212e-03 3.225057e-02 -2.201255e-02 1.086855e-02 -9.464627e-02 8.469488e-02 -7.032031e-02 -1.879632e-01 6.431517e-02 -4.370773e-01 9.984539e-03
-4.071067e-02 2.316178e-03 2.100999e-01 -2.481526e-02 -3.054183e-02 -3.197888e-03 3.765355e-02 5.209728e-01 -1.201592e-01 -2.698603e-01 -1.049132e-01 -5.324899e-02 -7.269948e-02 -1.460793e-01 -1.438622e-01 2.533673e-01
-2.666784e-01 1.418461e-01 4.567306e-02 1.952750e-02 6.405690e-02 2.496589e-01 -2.048868e-01 -3.275049e-01 -4.993991e-03 1.082811e-01 -2.522246e-02 1.315232e-01 1.475198e-01 4.493045e-02 -5.350245e-01 1.295163e-02
-1.575364e-01 9.142815e-02 -3.673732e-03 -4.615169e-02 2.200856e-02 -1.165667e-02 -4.105202e-02 1.724003e-02 -5.684291e-01 -7.491080e-03 1.354836e-01 -5.697442e-02 9.918098e-02 1.576580e-01 6.731785e-02 -7.616190e-02
2.924366e-01 -9.038464e-02 -6.136651e-02 4.241800e-02 -1.093894e-01 -1.682427e-01 9.188191e-02 5.914171e-01 -9.949554e-03 -5.134524e-02 -7.466573e-02 3.458634e-02 8.019100e-02 -6.421109e-02 8.025958e-02 7.233443e-03
