1 5 16 16 32
-3.792108e-01 7.335915e-02 -3.982558e-02 3.177246e-01 3.369782e-01 2.677399e-01 2.903733e-01 1.362921e-01 -1.792232e-02 4.058705e-01 -1.400959e-01 2.702772e-01 2.368093e-01 7.640392e-02 2.867276e-01 -1.273254e-01
-9.006548e-02 3.863723e-01 1.998035e-01 1.506470e-01 8.671566e-02 -1.919961e-01 -3.169589e-02 2.230237e-01 -2.622157e-01 -1.515068e-01 1.168006e-01 3.802484e-01 2.341204e-01 -1.194444e-01 -4.066527e-01 -8.777996e-02
4.988618e-02 -3.320847e-01 2.036329e-01 1.269668e-01 -5.358136e-02 4.313633e-01 -7.107001e-02 3.196452e-02 2.477081e-01 -1.647225e-01 -1.397165e-01 -3.221002e-02 4.525043e-01 -3.096042e-01 4.087922e-02 -2.728651e-01
2.234844e-01 -3.282054e-01 -2.000479e-01 -1.748341e-01 -1.074583e-01 2.869558e-01 4.272189e-02 -1.430467e-01 2.598890e-01 2.960856e-01 -9.446903e-03 -2.580003e-01 -1.887330e-01 2.099225e-02 4.997060e-01 1.256177e-01
7.746467e-02 1.101712e-01 3.512374e-01 -1.184648e-01 -3.643846e-01 -2.901325e-02 -1.204089e-01 1.620542e-01 -4.316638e-02 1.476707e-01 3.358251e-01 6.042200e-02 9.423972e-02 -4.509572e-02 -3.731314e-01 5.171540e-01
-9.454233e-02 2.563980e-01 -8.295112e-02 -1.731337e-01 1.800761e-01 1.580122e-01 3.213917e-01 -2.007318e-01 1.446365e-01 -2.570894e-01 -2.944945e-01 7.998385e-02 3.406977e-01 2.289976e-01 -1.370596e-01 1.783376e-02
-1.031780e-01 2.219225e-01 -1.994833e-01 -3.116621e-03 2.716467e-01 1.310122e-01 -3.457108e-01 -1.154301e-01 2.644702e-02 -2.431606e-01 7.196473e-02 3.989271e-01 -1.146805e-01 6.407788e-02 4.502590e-01 -1.032726e-01
-3.432530e-02 2.618043e-01 5.558566e-02 -1.904783e-01 8.054192e-02 -2.349341e-01 4.597801e-02 1.745242e-01 1.300902e-01 4.775240e-02 6.298675e-02 -1.378707e-01 -3.088746e-01 4.737378e-01 4.027016e-01 -3.272535e-01
5.223920e-02 2.113013e-01 -1.838362e-01 1.796469e-01 -8.988930e-02 9.384410e-02 3.063953e-01 2.035594e-01 5.885816e-02 3.295861e-01 1.885925e-01 -6.807303e-02 2.199975e-01 9.849738e-02 -1.962471e-01 2.924774e-01
-1.099680e-01 -5.154004e-02 4.370659e-02 -1.674411e-01 1.990831e-01 -9.647769e-02 -2.676409e-01 -1.892498e-02 1.485113e-02 -4.126823e-01 -1.301362e-01 3.919251e-01 3.186629e-02 6.814108e-02 4.734803e-01 -2.183015e-01
5.682904e-02 -1.798935e-01 8.750515e-02 2.104724e-01 -1.530421e-01 -1.253046e-01 -2.328357e-01 2.464097e-01 -1.666466e-01 3.838096e-01 3.423618e-01 -1.906657e-01 -2.561787e-01 -9.812363e-02 1.891583e-02 1.514555e-01
5.708690e-04 -2.666252e-01 2.073820e-01 -4.878282e-03 -1.965608e-01 -1.746559e-01 3.626924e-01 1.790823e-01 -3.040222e-02 2.392540e-01 -4.359465e-02 -1.966307e-01 1.127778e-01 -7.742890e-02 -2.955146e-01 1.413809e-01
-1.962103e-01 5.510214e-01 1.521959e-02 -3.038372e-02 9.209259e-02 -3.313558e-01 -1.792591e-01 1.991125e-01 -1.871985e-01 1.250822e-01 -5.016442e-02 2.043872e-01 -1.931898e-01 -8.128399e-02 -4.453941e-01 -1.701054e-01
-3.168848e-01 -1.923173e-02 -3.134036e-01 8.481483e-02 2.192394e-01 1.191580e-01 -1.700079e-01 4.256917e-02 1.693632e-01 -2.040710e-01 3.234832e-02 5.645975e-01 -1.378272e-02 -2.886898e-03 3.930393e-01 5.416251e-02
4.159407e-02 2.860428e-01 -1.828309e-01 -8.811509e-02 -4.438461e-02 -2.641245e-01 -1.373813e-02 1.135104e-02 -2.586724e-01 1.654574e-01 3.356454e-01 -8.219969e-02 -2.231169e-01 2.147162e-01 -7.866020e-02 1.747102e-01
8.474445e-02 -3.713186e-01 2.633209e-02 -1.911988e-01 -8.162012e-03 4.007964e-01 2.071081e-01 -2.418705e-01 3.093010e-01 -2.534665e-02 5.472549e-02 -2.143016e-01 -3.603684e-02 1.312685e-01 4.216312e-01 1.575500e-01
-2.086814e-01 -7.871483e-04 -5.306433e-02 9.200796e-02 5.651764e-01 1.144489e-01 7.714689e-02 -3.885110e-03 -8.093163e-02 -1.380861e-02 -1.569044e-01 -7.553362e-02 -1.007242e-01 4.842902e-02 4.982190e-01 -4.305701e-01
-9.813184e-02 4.653460e-01 4.907440e-02 1.363184e-01 1.383795e-01 -2.505834e-01 -1.452374e-01 3.189460e-01 -2.707322e-01 1.167662e-01 5.553754e-02 3.666853e-01 3.372987e-02 -2.244164e-01 -3.414609e-01 -9.088580e-02
-2.039085e-01 -2.623356e-01 2.041343e-01 2.246683e-01 1.655366e-01 -2.786409e-02 -5.937615e-02 1.054934e-02 3.827682e-01 -2.330089e-01 -3.190281e-01 3.854748e-01 2.237261e-01 -1.773525e-01 -1.288192e-02 -1.243639e-01
9.231941e-02 -4.732262e-01 -5.001120e-02 -2.063101e-02 -1.545656e-01 1.743759e-01 1.157926e-01 -1.311053e-01 1.870016e-01 1.656285e-01 7.469999e-02 -1.338614e-01 2.068701e-01 1.263566e-01 5.579093e-01 1.577201e-01
-1.797561e-01 1.406091e-01 4.935838e-01 -3.325375e-02 -5.543033e-02 9.712169e-02 -4.269898e-02 2.456458e-01 -1.191472e-01 2.922046e-01 3.228416e-01 5.531089e-02 2.070495e-01 5.770809e-02 -1.423595e-01 4.721621e-01
-2.357177e-01 1.173116e-01 1.718566e-02 -8.719514e-02 5.980027e-01 -9.910963e-02 -2.427713e-01 -2.932560e-02 3.313252e-01 -2.138928e-01 -3.229198e-01 2.949433e-01 -8.826434e-02 1.084207e-01 1.163683e-01 -1.453996e-01
2.173673e-01 1.525040e-01 -1.712464e-01 3.773485e-01 -1.580709e-01 1.857702e-01 -5.593764e-02 1.949673e-01 8.138283e-02 4.393807e-01 3.777506e-01 -1.079322e-01 -1.022839e-01 -1.078644e-01 -1.372792e-01 1.248779e-01
-4.601265e-02 1.889835e-01 2.175380e-01 -1.791476e-01 3.310764e-01 2.064275e-01 -1.810804e-01 -1.921680e-01 1.682131e-02 -3.493366e-02 -2.829927e-01 -6.860529e-03 -2.248857e-01 -1.937364e-01 -2.456108e-02 -1.174875e-01
4.341097e-01 2.412781e-01 -3.559373e-01 4.107519e-02 2.424178e-02 2.175243e-01 -8.671738e-02 -1.941816e-01 -5.418618e-02 -1.507266e-01 -4.700575e-02 -5.388129e-02 -1.228357e-01 3.827597e-02 1.134674e-01 -9.503493e-02
-5.496056e-02 4.979092e-01 2.443229e-01 -5.896958e-02 2.373583e-01 2.513080e-02 1.165268e-02 2.519584e-01 -7.027328e-02 -5.181243e-02 -8.873761e-02 3.326285e-01 -2.036017e-01 -2.326891e-01 -3.995471e-01 -1.517065e-01
-3.280321e-01 5.677155e-02 -2.080972e-01 -1.880390e-01 2.032476e-01 1.046495e-01 2.365261e-01 -6.514181e-02 2.798238e-01 -2.763054e-01 -3.066752e-01 4.480414e-01 3.318843e-01 9.333060e-02 9.942491e-02 1.999772e-02
2.478843e-01 -1.472038e-01 -7.629226e-02 -7.643244e-02 -1.088080e-01 5.976118e-01 2.000905e-02 -1.247773e-01 -5.814819e-02 -5.324254e-02 -3.764875e-02 -1.464101e-01 3.271553e-01 -2.525676e-01 -1.461572e-01 -1.247923e-01
-2.207903e-01 -1.337468e-01 8.415566e-02 2.179037e-01 2.205567e-02 -2.188729e-01 2.976156e-03 -4.669163e-02 -2.229584e-02 1.155596e-03 -3.116133e-02 3.487253e-01 9.312482e-02 -2.686970e-01 -2.776567e-01 3.139420e-01
-9.989861e-02 1.063014e-01 2.406102e-01 6.533442e-02 -2.137294e-01 1.130857e-01 -3.084181e-02 3.750629e-01 -1.817658e-01 2.190555e-01 1.313680e-01 1.484806e-01 3.969624e-01 7.174219e-02 -2.386552e-01 4.974672e-01
-4.479403e-02 3.881103e-01 6.878678e-02 -3.992777e-02 3.113557e-01 -1.032209e-01 3.390119e-02 1.478516e-01 -1.222351e-01 -4.600706e-02 1.650886e-01 5.752174e-01 -1.419695e-02 -1.357085e-01 -3.278757e-01 -2.220407e-01
4.522224e-01 -6.940603e-02 7.217424e-02 -2.602719e-01 -3.217591e-01 -2.154937e-01 -2.981909e-01 -9.892553e-02 9.472643e-02 -4.193814e-01 9.639435e-02 -2.196981e-01 -1.984206e-01 -6.625549e-02 -2.665377e-01 8.532524e-02
3.509727e-02 -6.430749e-02 -7.045706e-02 -6.599192e-03 5.677008e-02 -6.008996e-02 1.611541e-01 -6.384897e-01 -2.638029e-02 3.443953e-01 3.168932e-01 9.197140e-02 1.465697e-02 5.306425e-02 -4.379013e-01 -1.093784e-02
7.720777e-02 1.557895e-01 4.301576e-01 -1.016642e-01 -4.469224e-01 6.220144e-02 -1.652677e-01 -8.740596e-02 -9.980021e-02 -1.617686e-02 4.250519e-01 -9.717736e-02 -1.750245e-01 -5.975306e-02 3.161092e-01 1.306321e-01
-2.220153e-01 -3.291877e-01 -9.068215e-02 1.412663e-01 3.432637e-01 -1.778612e-01 -3.198701e-01 4.823017e-01 -7.060488e-02 -2.590885e-02 -2.249502e-01 1.610047e-01 -3.094179e-01 9.968674e-03 1.671170e-01 9.227691e-02
1.245540e-01 -8.953889e-03 1.407105e-01 -8.278336e-02 -3.392469e-03 4.910943e-01 -4.982207e-01 -4.265967e-03 1.050687e-01 2.748508e-02 1.507426e-02 -2.281812e-01 -5.042959e-01 1.835435e-01 -4.500885e-02 1.365990e-01
-3.011700e-01 -2.116409e-01 -1.926700e-01 3.073410e-01 2.036276e-01 -2.635233e-01 1.299466e-01 2.619744e-02 -3.249327e-01 1.145356e-01 1.043774e-01 3.744515e-01 2.019688e-01 -1.723058e-01 -1.261639e-01 -1.043626e-01
-8.728151e-02 2.901706e-01 -1.004065e-01 -6.151541e-02 -3.595411e-01 -2.633244e-01 -4.183642e-02 2.178045e-03 4.595186e-01 -1.308387e-01 1.438658e-01 -3.575557e-02 7.535949e-02 -1.272291e-01 -1.132464e-01 -7.327146e-02
-1.858221e-01 -4.312789e-02 4.791953e-02 -2.544692e-01 -2.647622e-01 -2.998652e-01 6.789438e-02 -4.362343e-01 -3.181690e-01 -5.525289e-02 -6.001119e-02 2.578078e-01 -1.981062e-02 1.278808e-02 3.203245e-02 3.225046e-01
-1.919677e-01 2.028306e-01 -2.409895e-01 8.517545e-02 1.996300e-01 -5.300614e-01 1.941041e-02 -1.749428e-01 1.505292e-01 5.353137e-02 1.408391e-01 -5.455910e-02 -1.532118e-01 -1.160068e-01 9.665459e-02 -1.987522e-01
-1.808816e-01 -4.931956e-02 -2.186444e-01 1.714503e-01 2.136550e-01 9.876040e-02 -3.764182e-02 7.502222e-02 1.289748e-01 6.849628e-02 1.002007e-01 2.402990e-01 1.509584e-01 7.698974e-02 4.835997e-01 1.467440e-01
1.103759e-01 -5.817234e-03 -1.314929e-01 -3.487023e-01 -6.131689e-02 3.386852e-02 -1.082392e-01 -1.601387e-01 2.499937e-02 2.682289e-01 2.745872e-01 -1.902662e-01 9.762294e-02 4.964291e-02 3.393123e-01 5.836029e-02
4.521732e-01 -2.796445e-01 -1.246634e-01 -3.319779e-01 1.597220e-02 -2.149733e-01 -2.655099e-02 3.472577e-03 2.371661e-01 6.784536e-03 -1.567520e-01 -1.768294e-01 2.835646e-01 8.152705e-02 1.326547e-01 8.949313e-02
7.954029e-02 -3.886820e-01 2.541312e-01 -3.938710e-02 2.548929e-01 2.367486e-01 -2.363422e-01 -1.147270e-01 -4.043904e-01 7.584959e-02 -2.037741e-01 3.055488e-02 -4.583237e-02 5.266924e-02 2.103267e-01 -5.958814e-03
-2.249142e-02 1.042313e-01 3.677624e-01 -2.310757e-01 -1.109091e-01 9.566356e-02 -4.392920e-02 3.135084e-01 -8.007856e-02 -2.814126e-01 5.019622e-02 -2.099154e-01 -1.941403e-02 -3.283495e-01 -2.404253e-02 3.834028e-01
-1.286893e-01 -5.640314e-02 7.614451e-02 2.893085e-01 -1.560297e-01 -3.431108e-01 -2.475387e-02 -2.105015e-02 4.556207e-01 3.203678e-02 2.560510e-01 1.647877e-01 -1.605590e-02 -4.095905e-01 -8.335359e-02 1.933888e-01
3.016926e-01 -6.744803e-02 -4.860540e-02 3.686466e-01 1.674760e-01 2.581893e-01 -1.463682e-01 4.664493e-01 3.115799e-01 -1.898037e-01 1.152454e-01 -1.004426e-02 7.273433e-03 -1.772800e-01 -1.854325e-01 -1.897393e-01
-1.650986e-02 -5.052065e-02 5.030729e-02 2.012708e-01 2.447687e-02 -1.184414e-01 9.602668e-02 1.264288e-01 2.471821e-01 -2.547843e-01 -4.650864e-01 7.083517e-02 -2.373297e-01 1.588747e-02 -4.225736e-01 -1.156256e-02
2.449313e-02 -1.178214e-01 -4.047712e-02 8.568209e-02 3.295136e-01 -4.028734e-02 -2.479252e-01 -3.469836e-02 -3.151818e-01 1.871789e-01 4.462796e-01 1.867973e-01 -1.032801e-01 -3.497449e-01 -3.376772e-01 -5.655777e-02
1.007919e-01 1.726367e-01 -2.623539e-02 -9.250363e-02 -7.339344e-02 -2.321849e-01 -6.424075e-02 -5.832559e-01 -6.270674e-03 1.952383e-01 3.339950e-01 7.314001e-02 1.283356e-01 2.859914e-01 3.125006e-01 -2.260893e-01
9.200558e-02 -7.268379e-02 -1.962471e-02 9.740432e-02 1.312850e-01 2.961025e-02 -6.156082e-02 7.323105e-01 2.519602e-01 -1.213335e-02 -6.439624e-02 -2.897879e-01 1.207104e-02 1.848979e-01 3.599526e-02 -2.824709e-01
1.873925e-01 1.880563e-01 2.657302e-01 -3.721468e-02 -3.143041e-01 2.020615e-01 1.760988e-01 -3.840929e-01 6.617652e-03 -2.683754e-02 2.760201e-01 -1.590949e-01 -1.267663e-01 9.979127e-02 -4.641485e-01 -3.813137e-03
-2.088481e-02 5.265877e-02 -7.752748e-02 1.956635e-01 3.756633e-01 2.283534e-01 2.405476e-01 1.414527e-01 -1.538106e-01 2.171484e-02 1.622611e-01 1.951085e-01 -2.564983e-01 1.499466e-01 9.475490e-02 4.112643e-01
1.627353e-01 3.797410e-01 3.566666e-02 -2.961108e-01 -3.032392e-01 1.449652e-01 2.281801e-01 -3.222819e-01 7.934664e-02 -2.440052e-04 1.868724e-01 -1.444936e-01 4.121972e-01 -4.379648e-02 -8.024849e-02 -8.920438e-02
1.699725e-02 -8.988854e-02 -4.188917e-01 1.870480e-01 2.263529e-01 -1.632656e-01 9.175251e-02 -3.224145e-01 2.584885e-02 3.332201e-01 -1.683213e-01 1.468846e-01 5.934097e-02 3.840823e-01 -1.402970e-02 -3.554622e-01
7.976194e-02 -2.369282e-04 -1.109487e-01 -1.036756e-01 2.284560e-01 3.763399e-01 1.159095e-02 1.376089e-02 -4.529284e-01 -7.336277e-03 -1.498619e-01 -2.981109e-02 6.869512e-02 3.491204e-01 2.089653e-01 -1.445503e-02
2.536925e-01 -1.035161e-01 -9.080127e-02 3.357263e-02 -4.514889e-02 -1.729305e-01 1.999510e-01 3.175538e-01 -1.157102e-02 7.230256e-02 -4.207272e-03 1.066054e-01 4.090837e-01 -9.664674e-02 -4.887658e-01 2.131745e-02
-8.325439e-02 -5.483546e-02 -8.278558e-02 1.954229e-02 4.387185e-02 3.065661e-03 1.140438e-01 -3.609678e-01 -2.377506e-02 3.017240e-01 1.923502e-01 1.613609e-01 2.962440e-01 -2.858454e-02 -6.644810e-01 2.318989e-02
-1.293401e-02 2.769494e-02 4.835807e-01 -6.168963e-02 -1.598634e-01 4.121185e-01 -9.119131e-02 2.630846e-01 9.222758e-03 -3.252209e-01 2.435504e-01 -1.013006e-01 4.596765e-02 -3.083785e-01 1.730998e-01 2.992424e-01
-3.289122e-01 1.685952e-01 1.750225e-01 -1.776367e-02 3.891983e-02 2.904616e-01 -3.521592e-01 -3.659141e-01 1.570821e-02 -9.669683e-02 1.115141e-03 -8.675724e-02 -3.378231e-01 1.008558e-01 3.993458e-01 -7.412261e-03
4.343724e-02 1.439156e-01 7.056098e-02 -2.721343e-02 -9.447512e-02 5.855609e-02 -1.144131e-01 3.068279e-01 1.264859e-01 -2.505819e-01 -3.145441e-01 -1.124905e-01 -1.470881e-01 8.820818e-02 5.385568e-01 -2.253000e-02
-8.089431e-02 5.645462e-02 -4.607439e-03 2.747779e-01 5.426459e-02 1.338781e-01 -7.377449e-02 -2.420423e-01 1.305163e-01 2.791800e-02 -1.620985e-03 1.228857e-01 -5.532585e-01 -9.451611e-02 -2.063119e-01 -8.149413e-02
3.244327e-01 -1.003587e-01 -6.337808e-02 -1.894713e-02 -1.379153e-01 6.951710e-01 -1.519325e-01 1.141929e-02 2.245627e-02 5.391954e-03 -7.634795e-02 -1.912754e-02 5.891495e-02 8.688777e-02 1.730820e-03 2.004151e-02
-2.392246e-02 1.629447e-01 -6.577525e-02 -3.240193e-01 -1.205646e-02 -3.254942e-03 3.283064e-01 3.367929e-02 5.685573e-02 1.621497e-02 5.996394e-02 -9.430549e-02 6.749347e-01 -1.223573e-01 1.750002e-01 -7.606647e-03
-5.524070e-02 1.796704e-01 1.016322e-01 -1.312803e-01 -5.029441e-02 -8.232851e-02 -1.087621e-01 1.373037e-01 -4.515189e-02 4.097518e-01 -1.672076e-01 -1.972364e-01 -1.641652e-01 -1.205170e-02 -4.013709e-02 4.877957e-02
-3.280528e-02 1.581002e-01 -3.401453e-02 -2.080808e-01 2.787893e-01 3.072624e-02 1.109071e-01 1.108417e-02 1.687007e-01 2.588023e-01 2.585414e-01 4.213484e-01 -1.116368e-01 2.722427e-02 7.927154e-02 -1.327831e-01
4.815813e-01 -1.962906e-01 -1.436616e-01 1.050033e-01 -6.283629e-02 9.582405e-02 1.580900e-02 -1.217238e-01 3.357710e-02 -1.925507e-01 1.135709e-02 3.049347e-01 2.133743e-01 -8.110679e-02 -1.212893e-01 -1.493189e-01
-2.490812e-01 -1.977378e-02 1.403923e-01 9.335467e-02 4.511408e-01 1.080164e-01 4.023980e-01 1.743760e-01 6.889048e-02 8.621328e-02 3.755230e-02 -2.334707e-01 5.093199e-02 1.542466e-01 2.994292e-01 3.374130e-03
-3.558360e-01 1.956411e-01 3.294178e-01 1.500742e-01 1.438855e-01 2.072500e-01 1.257335e-01 1.395077e-01 5.450404e-02 5.201452e-01 1.506491e-01 2.873831e-01 1.288970e-01 4.645268e-02 1.170798e-01 1.501087e-01
7.542878e-02 -1.254993e-01 2.948242e-01 -1.029798e-01 -1.281645e-01 -1.340706e-01 3.311713e-01 -6.317940e-02 -7.803832e-02 -1.563293e-01 -2.505315e-01 -2.240418e-01 1.951632e-01 8.658252e-02 -2.324712e-01 -2.132648e-02
-6.123707e-02 3.653114e-02 -2.720497e-01 1.172272e-01 1.934604e-02 1.407560e-01 -2.449071e-01 8.893093e-02 2.633355e-02 -2.114768e-02 2.333493e-01 3.327088e-01 -1.937436e-01 -5.672577e-02 4.548624e-01 -1.582353e-02
-1.080831e-02 1.240929e-01 -1.059219e-01 7.791230e-02 2.086284e-01 -1.095567e-01 -2.647274e-02 8.419391e-02 -2.144895e-01 6.687778e-02 4.819653e-01 -8.378646e-02 9.813009e-02 -1.705880e-01 -3.628566e-02 8.670741e-02
3.214487e-01 -2.898576e-02 -1.135281e-01 -1.276823e-01 -4.426517e-03 5.364276e-01 -1.181596e-01 2.742951e-02 -1.039653e-01 -7.895759e-02 -4.105467e-02 -3.353225e-01 1.107061e-01 -1.292791e-02 -1.048419e-02 -2.209462e-01
-1.559410e-01 1.141281e-02 -4.501205e-02 -1.695398e-01 5.539170e-02 7.111008e-02 4.366517e-01 -4.923733e-02 2.328688e-01 -1.039076e-01 -3.389591e-01 1.189092e-01 4.374737e-01 1.346469e-01 -2.475880e-01 9.250532e-02
-2.257290e-01 1.255862e-01 4.262167e-01 3.014620e-02 1.813352e-01 1.706124e-01 5.056437e-02 3.585258e-01 -2.088978e-01 2.075077e-01 2.081314e-01 -6.313248e-02 1.558469e-01 6.035326e-02 1.226947e-01 2.826886e-01
1.212914e-01 -9.659506e-03 6.486156e-02 -3.503434e-02 2.682396e-01 9.453311e-02 1.965609e-01 2.740899e-02 -1.936132e-02 -1.735145e-02 3.177094e-01 6.421275e-01 2.893829e-01 -6.757913e-02 6.961040e-02 -1.234710e-01
1.234026e-01 -3.024622e-01 -1.431568e-01 1.419474e-01 -4.826266e-02 1.336202e-01 1.943924e-01 -8.196778e-02 3.634012e-02 -2.407787e-02 3.525761e-01 3.538705e-01 1.432882e-01 -1.913536e-01 3.155566e-01 -1.086328e-01
-1.040618e-01 2.243280e-01 -1.199018e-01 -8.968263e-02 7.226489e-03 -3.256063e-01 2.201914e-02 -5.317505e-02 -3.014623e-01 2.283966e-01 2.140878e-01 1.046856e-01 -2.669457e-01 5.558185e-02 -2.490343e-01 4.383951e-01
-1.983911e-02 -7.747547e-02 7.458885e-02 -1.508046e-01 -6.489891e-02 2.161305e-01 6.735098e-02 -9.182750e-02 4.179843e-01 -6.114326e-02 -2.099854e-01 2.828778e-01 -2.589884e-02 1.781229e-01 6.162941e-03 -7.923220e-02
-1.224163e-01 1.852568e-01 1.292177e-01 -2.008146e-01 6.124858e-01 1.435465e-02 -2.728834e-01 8.690774e-02 8.374365e-02 -1.306064e-01 -2.531398e-01 4.410991e-02 -6.688157e-02 1.201647e-02 6.052398e-02 -2.567174e-01
2.037893e-01 -2.467173e-01 4.895810e-02 1.362248e-01 -1.155041e-01 4.792363e-01 -6.082515e-02 4.400907e-03 1.689149e-01 -2.068002e-01 -1.037559e-01 -2.083983e-01 2.754466e-01 -1.456470e-01 1.675560e-01 -2.752376e-01
-2.799006e-01 -2.260629e-02 1.128113e-02 1.959857e-02 3.545777e-01 -1.300157e-01 -7.189380e-02 -5.733446e-02 2.577459e-01 -1.471221e-01 -2.554671e-01 4.071585e-01 3.437384e-02 -1.112543e-02 5.938527e-02 1.905228e-02
5.289823e-01 1.638181e-01 -4.554577e-02 4.686032e-02 -7.245047e-02 -6.784432e-03 -5.637430e-03 -6.931364e-02 -1.136598e-01 1.099048e-01 4.325045e-02 -2.086193e-01 -8.108908e-02 -4.606672e-02 -3.771343e-02 -4.343660e-02
-3.480750e-02 -9.373039e-02 1.318715e-01 1.758225e-01 8.091533e-02 -3.521487e-03 1.537910e-01 2.703120e-02 -1.201846e-01 -2.647191e-01 2.296711e-01 3.634011e-01 5.124345e-01 4.275867e-03 -1.367158e-02 -1.395491e-02
9.299771e-02 -1.188978e-01 -5.570063e-02 2.567518e-01 -1.294136e-01 -1.699398e-02 -2.748905e-01 1.759261e-01 -1.240654e-01 1.832269e-01 3.761213e-01 -5.411759e-03 -2.642697e-01 -1.465140e-01 2.956377e-01 -6.170167e-03
1.207616e-01 -1.745019e-02 2.624255e-01 -2.984919e-01 -6.523609e-02 -8.242291e-02 -1.766017e-01 1.185636e-02 -1.817866e-01 -9.944087e-02 4.119132e-01 -1.714172e-01 -1.172933e-01 -1.953273e-01 -1.837710e-01 9.096184e-02
2.814277e-02 2.950993e-01 3.583736e-02 -1.519338e-01 1.022370e-01 1.385252e-01 4.432267e-01 -1.945675e-01 1.699458e-02 -2.449972e-01 -2.479814e-01 5.190713e-02 2.900233e-01 2.798757e-01 -1.791131e-01 2.232275e-03
5.357529e-02 2.080159e-01 2.391703e-01 -9.000288e-02 5.173470e-02 1.290603e-01 -2.069964e-02 1.741643e-01 -1.863547e-02 7.687455e-02 -1.023174e-01 4.835697e-01 2.810916e-02 -1.232254e-01 -1.909553e-01 -1.165424e-01
7.739628e-03 -4.704642e-02 -1.279996e-01 1.796887e-01 -2.938035e-01 -2.024971e-01 9.565749e-02 -1.443704e-01 -2.524462e-01 1.328300e-01 2.170205e-01 1.156478e-01 -4.275872e-02 -1.352034e-01 -2.793468e-01 5.097010e-01
-2.214409e-02 -1.052858e-01 -2.400091e-02 5.314810e-01 -5.096945e-02 -3.161950e-02 2.625852e-02 1.334394e-02 -1.272964e-01 -1.702628e-01 -3.799023e-02 -1.266886e-01 3.261385e-02 -9.405535e-02 6.226250e-02 7.249596e-02
1.572120e-01 -1.214225e-01 -1.095366e-01 7.169407e-03 2.664067e-01 1.333221e-01 1.897151e-01 -1.894656e-01 2.426176e-01 -1.682212e-01 3.510976e-01 4.774247e-01 2.294960e-01 6.308614e-02 1.404016e-02 -1.655265e-01
-2.583186e-01 3.222827e-01 7.145808e-02 -2.613672e-01 1.939854e-01 -1.914823e-01 6.708339e-02 -5.465485e-02 -5.735591e-02 1.384030e-01 -4.518094e-02 -1.340593e-01 1.140563e-01 3.598027e-01 -2.024245e-01 3.982475e-01
-1.739614e-01 -1.211350e-02 -1.511148e-01 1.726603e-01 -1.283114e-01 1.093158e-01 2.628650e-01 1.499334e-01 8.572352e-02 2.405987e-01 2.149424e-02 2.147599e-01 3.802277e-01 7.769507e-02 -9.359930e-02 1.987821e-01
-5.930069e-02 5.319359e-01 -2.250889e-01 -1.028800e-02 1.779101e-01 7.457357e-02 5.339053e-02 4.109105e-02 1.628928e-01 1.634453e-01 -2.343602e-02 1.583196e-02 1.911423e-01 1.606333e-01 -1.471884e-01 2.174900e-01
-3.492985e-01 1.322051e-01 2.552927e-02 2.972429e-01 3.063486e-01 2.370836e-01 2.326657e-01 9.728011e-02 7.725374e-02 4.042502e-01 -1.472643e-01 2.734991e-01 1.334078e-01 1.122908e-01 3.079383e-01 -1.247793e-01
-1.087441e-01 1.104991e-01 -6.800761e-02 -7.853001e-02 1.567467e-01 -1.176011e-01 -7.836796e-03 -1.226970e-01 2.132340e-01 -9.230996e-02 -5.411281e-02 -5.112068e-02 -1.365823e-01 2.313300e-01 4.322740e-01 -7.923115e-02
1.514560e-01 -1.100200e-02 1.033796e-01 -1.250189e-01 2.651515e-01 -8.402478e-03 -1.326557e-01 5.815990e-03 -1.786148e-01 3.019585e-01 4.936573e-01 4.128672e-03 -1.423708e-01 -2.626983e-01 -2.145915e-01 -3.476920e-02
-9.264056e-02 -1.028371e-01 -1.974349e-01 1.633617e-01 3.458260e-01 -1.313745e-01 -2.580984e-01 -5.304710e-02 -2.314620e-01 6.231236e-02 4.092270e-01 3.683480e-01 -5.502264e-02 -3.116464e-01 -1.551350e-01 -5.842194e-02
-4.019921e-02 -6.264445e-02 -3.929756e-01 -4.528113e-03 -2.546779e-01 2.445196e-01 5.426005e-03 1.995493e-01 1.641289e-01 -2.552415e-01 -3.322573e-01 2.580335e-02 -7.382300e-02 2.256466e-02 -2.088868e-01 -2.824381e-02
-1.294233e-02 5.063692e-02 4.112236e-02 -1.515489e-01 -8.097720e-02 -1.772283e-02 1.330267e-01 9.762017e-02 1.521506e-01 7.657640e-02 -1.758581e-01 -2.901485e-01 -5.943317e-02 2.130730e-01 2.618617e-01 7.328899e-03
1.693095e-01 2.672817e-01 5.661124e-02 -4.565183e-01 7.290460e-03 -1.848434e-01 4.106652e-02 -2.365699e-01 -2.220166e-01 9.473799e-02 -4.441806e-02 -2.290262e-01 -3.416844e-02 1.928899e-02 -2.241345e-02 2.970779e-02
-2.049049e-01 2.926460e-01 -2.780391e-01 -1.775054e-01 2.443432e-01 8.318348e-03 -1.398673e-02 -9.895265e-04 3.913355e-02 4.339406e-02 -1.615147e-01 1.342497e-01 3.884822e-01 -1.232111e-01 3.979972e-01 -1.509508e-01
4.800883e-02 1.396450e-01 1.700349e-01 -6.885777e-02 -6.829455e-03 -6.296241e-01 6.541003e-02 -1.378927e-02 -2.621701e-01 1.597427e-01 1.007316e-01 -6.443724e-02 -6.723931e-02 -2.258093e-01 -8.752240e-03 1.109629e-01
-1.425095e-01 1.945429e-01 -1.457624e-02 2.264282e-01 -4.473945e-02 2.322960e-01 -4.172440e-02 -3.505826e-01 -5.820597e-02 1.015823e-01 2.207735e-01 1.357678e-01 -4.473026e-01 -1.227675e-01 -2.562942e-02 -7.035782e-02
-1.152878e-01 -1.091212e-01 -1.382132e-01 4.696375e-01 3.689367e-02 3.107592e-02 -3.361880e-02 1.427194e-01 9.658594e-02 -1.738634e-02 7.155892e-02 2.815330e-01 6.534142e-02 -3.528282e-02 1.371281e-01 7.744609e-02
-1.081747e-01 -1.818605e-03 2.340095e-02 -2.145193e-01 8.337919e-02 -1.907779e-02 6.082471e-02 4.139324e-01 -3.231944e-02 -6.704305e-02 -4.655179e-02 -2.930961e-02 4.142828e-01 -6.246565e-02 -5.333225e-02 8.435923e-02
2.273397e-01 -1.151794e-01 -1.626694e-02 1.982165e-01 -1.085407e-01 4.817990e-02 -4.729043e-02 4.774645e-02 -7.384792e-02 -3.881099e-01 1.256687e-01 4.262177e-01 -6.207299e-02 -3.160916e-01 -2.557809e-01 2.078679e-01
4.942193e-02 1.177482e-01 2.314912e-02 -2.346876e-02 3.581861e-01 1.769951e-01 2.831059e-01 4.224391e-02 -3.150770e-01 -2.569750e-02 -3.727251e-02 -3.303492e-02 -2.820151e-01 1.753333e-01 -1.948692e-01 2.402209e-01
-2.176149e-01 8.219904e-02 1.202128e-01 -8.287475e-02 1.040436e-01 1.457903e-01 -1.438567e-01 -6.160508e-01 6.086642e-02 -4.592507e-02 -2.169357e-02 -9.564377e-02 -2.746110e-01 2.533033e-01 7.026548e-02 1.303482e-01
-3.922873e-02 -1.978418e-02 -2.600414e-01 1.933576e-01 1.443693e-01 9.029811e-02 -2.150213e-02 -4.529773e-01 1.418317e-01 1.521500e-01 -1.037747e-01 1.527688e-01 1.117938e-01 4.665565e-02 1.312438e-01 -3.172510e-01
2.682431e-01 -2.290239e-02 -5.120736e-03 -2.128642e-02 -3.556120e-02 -1.407416e-01 4.398891e-02 -5.961580e-01 3.957465e-02 8.484970e-02 1.418477e-01 -1.169554e-01 -3.614943e-01 1.835816e-01 2.566495e-01 4.896981e-02
-1.616854e-02 1.161894e-01 -3.878623e-01 1.801716e-01 3.750019e-01 -3.265112e-01 7.854026e-02 -1.532257e-01 -1.572321e-01 2.002626e-01 -2.039694e-02 -7.351954e-02 -3.072416e-02 5.546461e-02 1.056154e-01 -8.685265e-02
-7.080537e-02 -4.352245e-02 -1.035331e-01 6.021409e-02 -2.733675e-01 -6.557302e-02 -2.381571e-01 -1.685080e-02 3.345817e-01 4.330462e-02 1.757241e-02 1.209369e-01 3.065270e-01 -8.447723e-02 3.225935e-01 -1.030913e-01
1.010393e-01 -3.160133e-01 -3.283837e-02 2.502793e-01 1.271041e-01 -4.652192e-03 -1.617670e-01 -2.224067e-02 -8.014748e-02 1.469809e-01 1.120574e-01 -1.794107e-01 -1.801940e-01 2.165889e-01 -3.918820e-01 1.574199e-02
2.723139e-03 -7.813567e-02 4.221454e-01 1.238322e-01 3.560979e-01 -1.557688e-02 3.266427e-02 -2.302637e-01 3.141353e-02 2.560874e-02 1.718186e-01 -1.194927e-01 1.911324e-01 -1.930833e-01 1.867871e-01 1.892218e-01
2.295015e-01 -9.096266e-02 1.360356e-02 6.972259e-02 2.408001e-02 -8.000185e-02 7.391394e-02 -2.428552e-02 4.497921e-01 -4.179522e-02 -3.149453e-01 3.212487e-02 -3.976884e-02 -1.549754e-01 -1.762500e-01 -3.056981e-02
3.552561e-01 -7.892545e-02 7.944396e-02 1.439011e-01 3.595332e-01 -1.929563e-01 1.717688e-02 2.854630e-03 1.444763e-01 3.022839e-01 2.823031e-01 -1.870841e-05 -1.553399e-01 2.114845e-02 2.190307e-01 -6.984413e-02
4.811331e-02 1.970740e-01 1.308258e-01 -1.192492e-01 -1.831447e-01 8.736384e-02 -1.005315e-01 -2.081372e-01 2.329997e-02 3.316118e-02 4.396381e-01 -3.339536e-03 8.659197e-02 9.287514e-03 2.216319e-01 -4.962662e-02
-4.388967e-02 -1.416163e-01 -6.244788e-02 1.677851e-02 -3.752524e-02 5.693231e-01 -1.709776e-01 2.556939e-02 2.108581e-01 -6.802297e-02 -1.577526e-03 3.584600e-02 -6.333704e-02 -3.285015e-02 4.126676e-02 -9.211392e-02
1.326885e-02 -2.115280e-01 -6.003206e-02 8.836709e-02 4.727654e-01 1.496061e-01 -2.784625e-01 -7.740132e-02 -1.244750e-01 -7.453887e-03 4.218097e-01 1.462650e-01 -2.892928e-01 -1.213651e-01 -2.399724e-01 5.331679e-02
-2.949869e-02 3.313602e-02 2.150856e-01 9.160614e-02 3.815871e-01 1.639677e-01 1.135445e-01 -7.404777e-02 3.802551e-02 -1.325931e-01 -1.446548e-01 6.699386e-02 5.758548e-01 1.609115e-01 7.876164e-02 7.448300e-03
-5.884310e-02 1.384902e-01 -4.810304e-01 1.173681e-01 3.840729e-01 4.679884e-02 -3.324816e-01 -1.476236e-01 1.261183e-01 6.507246e-02 -6.773271e-02 -4.380367e-02 -4.245358e-02 -5.160768e-02 2.005371e-01 -7.425158e-02
3.563418e-01 -3.291071e-01 -5.179292e-02 -2.060892e-01 4.815405e-02 -2.501355e-01 -4.650652e-04 1.691732e-01 1.651757e-01 -1.334454e-01 -2.946444e-01 -8.975068e-02 3.675203e-01 1.148638e-01 -4.261467e-02 6.634022e-02
5.871101e-02 -3.442467e-02 1.533330e-01 -1.780444e-01 -2.660031e-01 8.047212e-03 3.225057e-02 -2.201255e-02 1.086855e-02 -9.464627e-02 8.469488e-02 -7.032031e-02 -1.879632e-01 6.431517e-02 -4.370773e-01 9.984539e-03
-4.071067e-02 2.316178e-03 2.100999e-01 -2.481526e-02 -3.054183e-02 -3.197888e-03 3.765355e-02 5.209728e-01 -1.201592e-01 -2.698603e-01 -1.049132e-01 -5.324899e-02 -7.269948e-02 -1.460793e-01 -1.438622e-01 2.533673e-01
-2.666784e-01 1.418461e-01 4.567306e-02 1.952750e-02 6.405690e-02 2.496589e-01 -2.048868e-01 -3.275049e-01 -4.993991e-03 1.082811e-01 -2.522246e-02 1.315232e-01 1.475198e-01 4.493045e-02 -5.350245e-01 1.295163e-02
-1.575364e-01 9.142815e-02 -3.673732e-03 -4.615169e-02 2.200856e-02 -1.165667e-02 -4.105202e-02 1.724003e-02 -5.684291e-01 -7.491080e-03 1.354836e-01 -5.697442e-02 9.918098e-02 1.576580e-01 6.731785e-02 -7.616190e-02
2.924366e-01 -9.038464e-02 -6.136651e-02 4.241800e-02 -1.093894e-01 -1.682427e-01 9.188191e-02 5.914171e-01 -9.949554e-03 -5.134524e-02 -7.466573e-02 3.458634e-02 8.019100e-02 -6.421109e-02 8.025958e-02 7.233443e-03
