4 5 8 32 32
-1.429073e-01 -9.374067e-02 -7.326575e-02 1.951417e-01 2.151320e-03 -6.219506e-02 -1.843579e-01 -1.664539e-01
-1.246355e-01 -1.244167e-01 9.266517e-02 -4.375850e-02 -8.780914e-02 2.444897e-01 2.713203e-01 -1.153155e-01
-1.042856e-01 3.293611e-02 -1.200862e-01 3.186338e-01 -1.247803e-01 -1.017831e-01 -1.150718e-01 -1.038400e-01
5.090211e-03 4.477800e-01 -1.444899e-01 -6.425628e-02 1.128956e-02 7.279069e-02 3.290339e-01 -7.136610e-02
1.558270e-01 -1.257411e-02 1.330412e-02 5.779821e-03 3.738190e-01 1.496720e-01 3.289874e-01 1.843736e-03
-1.702485e-01 -1.181634e-01 8.790773e-02 9.039896e-02 -7.146433e-02 -8.434177e-02 -1.252350e-01 -1.129005e-01
-7.519019e-02 -3.204410e-03 -1.348619e-01 3.338210e-01 -2.072820e-03 -6.339859e-02 -2.166689e-01 -2.122534e-01
-3.275525e-02 -6.643548e-02 -1.098450e-01 5.452161e-02 -1.753871e-02 3.984914e-01 1.339051e-01 -1.049304e-01
-5.071918e-02 1.828521e-01 -1.219639e-01 -8.368877e-02 -3.487521e-02 -1.142364e-02 3.720613e-01 -3.247983e-02
-3.979472e-02 3.373948e-01 -1.376634e-01 1.069388e-01 -1.075632e-01 3.850815e-01 1.621416e-01 -1.350399e-01
-7.545889e-02 -6.399520e-02 -4.887381e-02 -1.022824e-01 2.294008e-01 3.569925e-03 5.195191e-01 -9.755056e-02
-9.350330e-02 -4.445397e-02 1.486797e-01 1.566274e-01 -1.083443e-01 -7.096272e-02 -1.085298e-01 -1.078971e-01
-8.700723e-02 2.014651e-01 2.909956e-02 1.879238e-01 -1.030918e-01 -7.384191e-02 -1.098951e-01 -8.042747e-02
-5.820638e-02 1.781624e-02 -6.620272e-02 2.554169e-01 1.104822e-02 4.904319e-02 -2.479552e-01 -1.450192e-01
-1.019135e-01 2.328771e-01 -1.449592e-01 3.603968e-01 -1.162654e-01 -9.245861e-02 -1.525461e-01 -7.690436e-02
-1.354555e-01 -3.062468e-02 -9.294434e-02 -1.156485e-01 -1.386109e-02 -4.886108e-02 -9.625057e-02 -2.547139e-02
2.366861e-01 1.118920e-01 -1.404696e-01 -3.579368e-02 2.977708e-01 1.719155e-01 1.813999e-01 -8.703766e-02
-8.209358e-02 2.127983e-02 -1.376542e-01 3.339725e-01 -8.104144e-02 -4.959346e-02 -1.946870e-01 -9.316004e-04
-1.055424e-01 -2.460448e-03 -1.995919e-01 7.849415e-02 -1.315529e-01 2.919441e-01 2.138651e-01 -6.261531e-02
1.162900e-01 1.135777e-01 -8.354095e-02 -4.556035e-02 3.442163e-01 8.966988e-02 2.865042e-01 2.862527e-02
-6.606992e-03 1.469043e-01 -1.495380e-01 -9.451721e-02 1.797880e-01 6.575070e-02 4.718869e-01 -9.497999e-02
-1.013965e-01 -1.212222e-01 -1.110794e-01 1.968165e-02 -1.257368e-01 2.810621e-01 2.671354e-01 -1.316708e-01
-1.134199e-01 -1.012170e-01 -5.979003e-02 2.190390e-01 -1.159040e-01 -8.298504e-02 -1.155796e-01 -8.526543e-02
-4.967719e-02 1.968085e-01 -7.169494e-02 3.586870e-01 -3.165671e-02 -1.170049e-02 -2.092728e-01 -2.062368e-01
-1.227872e-01 -3.646220e-02 -8.587628e-02 -8.495621e-02 1.616239e-01 -8.199424e-03 -1.010756e-01 -7.812953e-02
-6.322432e-02 2.518325e-02 1.011247e-01 2.156492e-01 -4.016637e-02 2.819159e-02 -1.721037e-01 -1.859663e-01
-9.263124e-02 4.866902e-01 -8.546189e-02 2.812048e-01 -1.017233e-01 -5.686376e-02 -1.500944e-01 -9.176479e-02
-1.170899e-01 -5.794913e-02 3.207481e-01 2.670797e-02 -7.340310e-02 -2.909938e-02 -1.314828e-01 -1.019700e-01
-8.075298e-02 -4.934029e-02 -1.820425e-02 -9.918504e-02 -1.552748e-02 -3.626000e-02 3.794267e-01 -5.968986e-02
1.570786e-01 3.516964e-01 -1.002015e-01 -4.060201e-02 2.029944e-01 1.668292e-01 1.530205e-01 -7.085495e-02
1.333294e-01 1.432310e-01 -9.297619e-02 -5.927775e-02 1.289704e-01 1.518002e-01 2.163824e-01 -9.468322e-02
9.312430e-02 -1.271951e-01 9.375931e-02 1.415834e-01 -1.062389e-02 4.265907e-02 -9.481869e-02 -7.320855e-02
3.693058e-01 -1.301270e-01 -1.230389e-01 -3.385692e-02 -5.753765e-02 -2.124869e-01 -1.176559e-01 3.040764e-01
-7.788849e-02 -9.811846e-02 -1.119749e-01 -9.924266e-02 9.697969e-02 1.511306e-01 -1.197842e-01 -4.573129e-02
4.489381e-01 -2.358509e-02 -1.734802e-01 -1.512350e-01 -2.069901e-01 -1.670670e-01 -8.520627e-02 -9.709123e-02
4.844190e-02 -9.067981e-02 -1.186692e-01 1.333593e-01 -8.744261e-02 -8.770216e-02 5.750296e-01 1.904305e-02
-7.993905e-02 5.274143e-01 -7.958177e-02 -2.751277e-02 -6.508470e-02 -1.429088e-01 -5.585223e-02 3.774399e-02
5.958083e-02 -6.838192e-02 -1.018147e-01 -1.260675e-01 5.387885e-02 -7.888236e-02 -1.067578e-01 -8.134714e-03
9.998136e-03 -1.242297e-01 -3.126658e-01 1.503307e-02 -2.337718e-01 -8.793929e-02 3.016810e-01 5.573670e-02
-1.892010e-02 -9.844366e-02 -1.284862e-01 2.493363e-01 -1.197006e-01 -1.052334e-01 2.942493e-01 -1.021394e-01
2.250137e-01 -6.152226e-02 -1.229769e-01 -1.302749e-01 -2.572186e-02 -1.053016e-01 -1.029547e-01 8.721387e-02
-1.073675e-01 -7.845077e-02 -1.320590e-01 -1.193094e-01 4.392374e-02 -6.758028e-02 3.587883e-01 -8.341676e-02
1.019868e-01 5.237922e-02 -1.638305e-01 -2.118802e-01 -3.709233e-02 2.272920e-02 -8.454578e-02 -1.508787e-01
5.391055e-02 -3.222973e-02 -2.455704e-01 -8.802234e-02 -4.128346e-02 -1.359890e-01 6.516316e-03 -7.345919e-02
-1.256185e-01 1.751714e-01 -2.128805e-02 4.550000e-01 -5.462421e-02 -1.830297e-01 -1.328511e-01 -1.107695e-01
-1.127268e-01 -2.759232e-02 -6.286123e-02 -7.300747e-02 6.995551e-02 4.882348e-02 -3.836033e-02 -1.766739e-01
1.413690e-02 -9.108351e-02 -1.529700e-01 -3.197474e-02 9.403899e-02 -1.719106e-01 -4.902126e-02 5.343164e-02
1.160107e-01 -8.004057e-02 -8.801693e-02 -1.161728e-01 -5.862002e-02 3.063912e-01 -1.473571e-01 3.668551e-02
3.960145e-01 -8.126364e-02 -1.275345e-01 -1.466368e-01 -8.707284e-02 -1.176071e-01 -8.754986e-02 1.816089e-01
-2.975634e-02 -2.160352e-02 -2.981239e-01 -1.448226e-01 -2.571754e-01 -8.856521e-03 2.187194e-01 -1.438350e-01
3.261866e-02 -6.048567e-02 -3.841221e-01 6.521934e-02 -3.030211e-01 -9.007547e-02 1.114205e-01 -2.301526e-01
1.874636e-01 -9.313984e-02 -1.112894e-01 -9.623674e-02 -3.990620e-02 9.419598e-02 -1.528286e-01 1.733840e-01
2.631308e-01 -7.578042e-02 -8.300515e-02 -2.312914e-02 -9.780639e-02 -5.306099e-02 -1.433098e-01 -8.546546e-02
-8.673488e-02 -2.840902e-02 -1.830083e-01 -7.762048e-02 5.919886e-02 -1.180741e-01 -6.571825e-03 -1.645569e-01
3.254739e-01 5.593128e-02 -1.330442e-01 -1.753290e-01 -1.895579e-01 -6.347506e-02 -1.743516e-01 -2.382094e-01
-9.512524e-02 -5.020384e-02 -9.582207e-02 -8.788404e-02 1.620559e-01 -7.823107e-02 -9.839074e-02 -8.799099e-02
2.101878e-01 -1.414666e-01 -2.654110e-02 -6.655026e-03 9.122591e-02 -1.340777e-01 -1.375001e-01 2.820874e-01
2.469963e-01 -2.945669e-02 -2.299641e-01 -1.696750e-01 -1.392498e-01 -1.180936e-01 -8.237352e-03 5.314052e-02
5.061600e-01 -6.650598e-02 -8.769317e-02 -1.044629e-01 -9.290314e-02 -7.570539e-02 -8.696780e-02 -1.891923e-02
4.053297e-01 -1.077358e-01 -3.945306e-02 1.503989e-02 -1.900602e-01 -2.322155e-01 -6.481747e-02 6.192051e-02
-8.740163e-02 -6.360438e-02 1.225730e-01 -8.645126e-02 3.962886e-02 2.579811e-01 -1.174138e-01 -1.195623e-01
-1.241548e-01 3.866166e-01 2.955254e-03 2.765067e-01 -1.770847e-03 -1.751053e-01 -8.177613e-02 1.125045e-01
-1.031385e-01 -4.645523e-02 -1.026723e-01 -1.061627e-01 -9.188476e-02 -8.838846e-02 5.856631e-01 2.734441e-02
3.592278e-02 -3.765819e-02 -1.990194e-01 -1.635541e-02 -3.030706e-01 -4.889750e-02 2.431634e-01 -7.901932e-02
-1.135691e-01 4.568821e-04 1.506581e-01 1.905718e-01 -1.474010e-02 8.576198e-02 -3.008481e-01 -1.421861e-01
-9.701376e-02 -2.599991e-02 -1.594871e-01 3.357720e-02 3.067455e-01 2.093006e-01 1.032020e-02 -1.105485e-03
4.092918e-01 -2.328625e-01 9.095330e-02 -7.494105e-02 9.250543e-02 -1.546106e-02 9.440576e-02 8.684943e-02
-6.701304e-02 -8.798292e-02 2.747145e-01 -7.598398e-02 -6.205874e-02 -8.930597e-02 -1.424701e-01 3.366620e-03
-2.235661e-01 -5.593390e-02 -1.369494e-01 1.127550e-02 2.422478e-01 -4.883862e-02 -6.260619e-02 4.824571e-02
-1.180664e-01 -1.272169e-01 -1.179370e-01 2.615109e-01 2.767811e-01 3.315645e-01 -1.413991e-01 -9.854351e-02
6.010982e-01 -1.256116e-01 2.034378e-01 -8.397611e-02 -4.744741e-02 -1.190211e-01 1.455646e-01 3.641932e-02
-3.009766e-01 -3.410826e-01 -1.033389e-01 -1.472272e-01 1.493667e-02 -3.529795e-02 -9.856801e-02 2.024443e-02
-2.950853e-01 -1.234731e-01 -7.644805e-02 9.147084e-02 2.405058e-01 -1.492509e-01 -2.109300e-01 -2.810004e-02
-1.313207e-01 -1.271125e-01 -7.260343e-02 -7.959750e-02 2.296391e-01 -9.171984e-02 -1.324198e-01 -9.023117e-02
-1.780473e-01 -1.014745e-01 -1.270550e-01 -4.717065e-02 2.368140e-01 2.882547e-01 1.374579e-03 2.850377e-02
-2.717433e-01 -1.469063e-01 1.372091e-01 -7.411659e-02 -5.030791e-02 -2.552262e-02 -1.010959e-01 1.099759e-01
-1.636913e-01 1.163014e-02 3.826131e-01 7.966314e-02 -1.969714e-01 4.560829e-02 -1.350794e-01 8.527022e-02
-2.057199e-02 -4.136864e-02 -1.676928e-01 -1.479222e-01 2.053974e-01 1.960478e-01 1.027614e-01 6.402915e-02
-9.426992e-02 6.375304e-02 -8.232825e-02 3.819404e-01 2.747530e-01 8.786941e-04 -1.945572e-01 -5.960470e-02
-1.259909e-01 -1.357233e-01 -1.277968e-01 -1.511101e-02 3.183658e-01 5.867261e-03 -1.179583e-01 -9.401139e-02
-1.782054e-01 -1.064775e-01 -1.475554e-01 -1.533719e-01 2.222847e-01 6.857775e-02 4.600379e-02 8.943738e-02
-1.399354e-01 -1.064706e-01 -1.279517e-01 1.656080e-01 3.465794e-01 1.388565e-01 -1.339812e-01 -1.052991e-01
-2.694640e-01 -3.342559e-01 -1.775947e-01 1.388419e-01 2.209978e-01 5.182269e-02 -1.645855e-01 -6.478065e-02
3.345195e-01 -4.152753e-01 4.410716e-02 -1.351277e-01 8.005033e-02 4.640969e-02 1.214500e-01 9.690395e-02
3.294687e-01 -1.413955e-01 3.156841e-01 6.034750e-02 5.362368e-02 -6.967866e-02 2.240155e-02 -1.092056e-01
-2.884976e-01 -1.258275e-01 -1.089596e-01 4.370908e-02 3.333823e-01 1.224929e-01 -8.552229e-02 2.344569e-03
-1.313949e-01 -1.221334e-01 1.503596e-01 -1.020940e-01 9.226391e-03 -9.990708e-02 -1.472146e-01 -1.648426e-02
-2.036800e-01 -2.376965e-01 1.960665e-01 7.504631e-03 -2.882920e-02 -2.457995e-01 -1.227317e-01 3.765443e-02
-1.428592e-01 -2.736105e-01 -2.162655e-01 -8.518894e-03 1.553540e-01 2.744946e-01 6.930877e-03 -2.059067e-02
-1.392846e-01 -1.100308e-01 3.322647e-01 1.203898e-01 -1.692721e-01 -5.043478e-02 -2.830959e-01 -6.846591e-02
-1.165539e-01 -1.194765e-01 -1.410196e-01 3.012717e-02 2.317105e-01 2.111320e-01 -1.272329e-01 -6.872098e-02
-1.731606e-01 -1.708668e-01 9.874878e-02 -1.412378e-01 -9.193061e-02 3.912069e-02 -2.229497e-02 1.441390e-01
-2.380436e-01 -4.565331e-01 8.547278e-02 -8.504473e-02 -3.570845e-02 2.763011e-03 -1.701893e-01 1.435031e-02
-1.608512e-01 2.606978e-01 2.324634e-01 6.815929e-03 -6.115304e-02 -8.739351e-02 -1.725601e-01 -9.565433e-02
-1.429816e-01 -3.372129e-01 3.214853e-01 -3.770364e-02 -3.404991e-02 -5.017610e-02 -2.028161e-01 1.173804e-01
-2.074445e-01 -8.925196e-02 -1.281888e-01 1.942288e-01 3.339594e-01 -5.834069e-02 -2.331864e-01 -1.271973e-01
-7.329061e-02 -8.749799e-02 1.555057e-01 -7.119270e-02 -8.583397e-02 -1.067820e-01 -3.266352e-02 -8.912165e-02
1.716196e-01 -7.845256e-02 9.015818e-02 3.500834e-01 3.208568e-01 -4.312938e-02 6.655173e-02 -7.076125e-02
4.441222e-01 -9.152249e-02 -7.870176e-02 3.880814e-01 1.620831e-01 7.499751e-02 -2.512408e-02 -1.576349e-01
-3.248466e-02 -3.807865e-02 3.532185e-01 8.876466e-02 3.593665e-01 8.440816e-05 6.614985e-02 4.826031e-02
4.301468e-01 -8.561142e-02 2.289637e-03 -2.335891e-02 -1.089945e-01 -8.738420e-03 2.746830e-01 -1.066260e-01
-4.026727e-02 -9.799854e-02 1.992801e-01 2.509875e-02 5.795374e-01 -4.717530e-02 -8.323795e-02 -1.023399e-01
2.493244e-01 -1.838067e-01 1.509593e-02 4.368462e-01 2.312209e-01 1.066390e-01 7.071250e-02 -8.053219e-02
3.680836e-01 -9.770615e-02 -7.994927e-02 4.022891e-01 4.137965e-01 1.834211e-01 -8.338442e-02 -1.498991e-01
1.744880e-01 -1.795897e-01 5.457218e-02 2.502148e-01 -9.915828e-03 -1.258462e-02 3.262344e-03 -1.849551e-02
-2.368439e-02 2.689480e-02 8.224071e-02 -7.324272e-02 -7.173195e-02 -6.211104e-03 -8.836361e-02 4.059102e-01
2.364759e-01 -1.193001e-01 -8.798452e-02 1.054669e-02 -8.827764e-02 -2.646556e-02 -5.670738e-02 -9.183480e-02
4.377066e-01 -9.985244e-02 -1.067686e-01 3.788933e-01 2.525899e-01 2.391795e-01 -8.607758e-02 -1.416386e-01
-8.067665e-02 1.352652e-01 2.381708e-01 -5.592291e-02 3.766630e-01 2.017629e-02 3.570364e-02 1.466775e-01
5.402059e-01 -1.435197e-01 -1.304727e-01 9.289856e-02 -6.463628e-02 2.731286e-02 6.710060e-02 -1.335934e-01
-8.180394e-02 -8.606992e-02 1.202898e-01 -7.505087e-02 3.124168e-01 -9.120639e-02 -6.834265e-02 -1.371896e-01
3.235468e-01 2.577191e-02 -3.460093e-02 3.744150e-01 2.407303e-01 1.445037e-01 -6.388558e-02 -1.041645e-02
3.563086e-01 -1.362882e-01 -9.460739e-03 4.205818e-01 1.987091e-01 -8.752917e-02 5.507915e-02 -1.490055e-01
1.347882e-01 -1.094936e-01 1.821338e-01 3.034309e-01 5.364093e-01 1.196144e-02 -9.590502e-02 -1.288106e-01
3.675082e-01 3.905669e-02 -4.144416e-02 -8.995777e-03 -6.977045e-02 1.334237e-01 5.154380e-02 5.021057e-02
-4.318767e-02 -9.110175e-02 3.165755e-01 5.529732e-02 4.998651e-01 -7.191110e-02 -8.140380e-02 -1.140783e-01
2.480388e-02 -1.152655e-01 4.217301e-01 3.233157e-02 1.524772e-01 -1.210176e-01 3.817605e-02 -2.005032e-02
2.123467e-01 -9.524969e-02 3.165500e-02 3.411483e-01 5.301279e-01 1.484543e-01 -7.092020e-02 -1.515095e-01
5.759434e-01 -1.116777e-01 -1.055918e-01 2.909121e-02 -1.244958e-01 1.506034e-01 1.703141e-01 -1.443233e-01
1.988713e-01 1.311117e-01 2.023627e-02 2.408195e-01 2.841466e-01 1.655946e-01 -9.228355e-02 7.692812e-02
3.261978e-02 -4.531264e-02 3.312702e-01 1.360660e-01 2.373489e-01 -3.238586e-02 -5.055596e-02 -8.831453e-02
3.484153e-01 -8.457521e-02 -2.380068e-02 4.179364e-01 4.262744e-01 -2.745175e-02 -7.824071e-02 -1.306378e-01
-2.169000e-02 -1.527561e-01 2.538518e-01 1.868212e-01 -9.144257e-03 -1.051794e-02 3.871150e-03 8.492956e-03
7.448678e-03 -7.585418e-02 1.542348e-01 -8.236969e-02 -1.304591e-01 -9.713195e-02 2.051082e-01 -8.311295e-02
-7.627761e-02 1.100102e-01 2.774560e-01 1.492020e-03 2.780268e-01 5.379958e-02 -9.830093e-02 4.293668e-02
4.188411e-01 -2.066542e-01 3.613600e-03 4.150492e-01 7.872292e-02 9.249219e-02 3.402025e-02 -2.060948e-01
6.386403e-03 -1.781464e-01 3.515444e-01 1.855567e-01 3.352198e-01 -1.034390e-02 8.552585e-02 1.557128e-02
-8.428317e-02 -1.928892e-04 1.822207e-01 1.460011e-01 4.939551e-02 9.673658e-03 -1.880001e-02 1.061421e-01
-7.287595e-02 1.492862e-01 8.793677e-03 3.282486e-01 -6.971850e-02 -4.899515e-02 -1.855408e-01 -2.019970e-01
3.368869e-02 9.495385e-02 -1.368123e-01 -3.027259e-02 2.721313e-01 6.275226e-02 4.928442e-01 -1.077615e-01
-9.659323e-02 -6.652107e-02 -9.377891e-02 3.433048e-01 -6.326889e-02 -7.239392e-02 -1.467416e-01 -1.051718e-01
-1.871832e-01 -1.281603e-01 1.016283e-01 1.028265e-01 -1.085632e-01 -9.431868e-02 -1.598909e-01 -1.260558e-01
-1.144869e-01 -1.356324e-01 -1.154308e-01 8.078630e-03 -1.744592e-01 2.754033e-01 3.105499e-01 -6.787279e-02
-6.936337e-02 -1.161123e-01 2.214462e-02 -8.061941e-02 2.523309e-01 -1.277760e-02 5.325046e-01 -7.601994e-02
-4.611892e-02 -4.241715e-02 -3.461029e-02 -1.134605e-01 9.852140e-03 -1.831674e-02 3.862032e-01 -5.789252e-02
-1.004394e-01 -1.823686e-02 -1.810616e-01 5.940019e-02 -1.192656e-01 3.437016e-01 2.207453e-01 -6.238126e-02
-1.668511e-01 -7.690767e-02 -3.678984e-02 1.860975e-01 -1.331402e-02 -5.600823e-02 -1.995773e-01 -1.738890e-01
-1.043146e-01 -1.069707e-01 3.413155e-01 4.975665e-02 -8.381970e-02 -4.767239e-02 -1.225708e-01 -6.186828e-02
1.076128e-01 4.403254e-01 -1.294096e-01 -1.246458e-02 1.280746e-01 1.445263e-01 2.438037e-01 -8.504619e-02
-9.660812e-02 -2.013646e-02 -1.031639e-01 3.245809e-01 2.021141e-02 -3.469786e-02 -2.392334e-01 -2.304747e-01
3.707336e-03 2.025687e-01 -1.611360e-01 -8.440302e-02 1.447746e-02 1.782692e-02 3.486869e-01 -7.040130e-02
-8.464095e-02 1.829435e-02 -1.515387e-02 2.272734e-01 3.741189e-02 6.497397e-02 -2.970584e-01 -1.726248e-01
-1.056364e-01 5.158904e-01 -7.897753e-02 3.302073e-01 -7.820950e-02 -2.937338e-02 -1.587009e-01 -9.173746e-02
-8.494532e-02 -5.808061e-03 2.003020e-01 2.207129e-01 -7.389124e-02 -1.062369e-02 -1.670341e-01 -1.547946e-01
-9.938814e-02 2.418099e-01 5.357286e-02 8.053242e-02 -1.034819e-01 -7.207701e-02 -1.460335e-01 -2.608291e-02
-2.706313e-02 7.794697e-03 -1.383549e-01 3.288800e-01 1.727931e-02 2.464224e-02 -2.567059e-01 -7.691400e-02
2.301737e-01 1.323536e-01 -1.385789e-01 -2.851280e-02 3.208438e-01 1.895940e-01 2.093346e-01 -9.723736e-02
-9.650033e-02 -1.150680e-01 6.191872e-02 2.797657e-01 -1.023492e-01 -8.148433e-02 -1.582834e-01 -1.166081e-01
-7.014692e-02 2.067663e-01 -9.194569e-02 4.092137e-01 -3.324948e-02 -2.807314e-03 -2.984859e-01 -1.912795e-01
1.664999e-01 1.563535e-01 -9.767017e-02 -4.456828e-02 1.425609e-01 1.557155e-01 2.418506e-01 -1.131506e-01
-1.143989e-01 -8.300778e-02 -7.583449e-02 1.904324e-01 -1.050565e-01 -1.044876e-01 -1.405348e-01 -6.414163e-02
1.557007e-01 -4.944650e-03 3.945297e-03 5.945550e-03 3.586764e-01 1.243314e-01 3.461532e-01 1.685656e-02
-1.487925e-01 -4.116143e-02 -8.695333e-02 -1.283909e-01 -3.939100e-02 -4.848110e-02 -7.984160e-02 -2.993778e-02
-1.366635e-01 -3.037512e-02 -8.526044e-02 -1.013006e-01 1.470276e-01 -2.101361e-02 -1.186798e-01 -7.113308e-02
-7.027010e-02 1.017588e-01 -1.724061e-01 4.138640e-01 -6.893667e-02 -8.762645e-02 -1.622594e-01 -1.278012e-01
-1.305542e-01 -1.440321e-01 1.067514e-01 -6.040277e-02 -1.250858e-01 2.463537e-01 3.115007e-01 -5.656532e-02
-8.418810e-02 2.944355e-01 -1.599811e-01 4.224032e-01 -7.776589e-02 -7.749151e-02 -1.718377e-01 -1.204836e-01
-1.009045e-01 3.569276e-02 -1.459706e-01 3.534809e-01 -1.080779e-01 -7.727222e-02 -1.972927e-01 3.553580e-02
-4.770787e-02 3.284931e-01 -1.382115e-01 8.404881e-02 -1.536812e-01 3.894806e-01 1.973671e-01 -9.591077e-02
5.013033e-02 -8.696876e-02 1.158414e-01 1.292928e-01 -1.069346e-01 3.719416e-02 -1.089977e-01 -1.351833e-01
-1.577008e-01 3.673283e-01 3.719063e-02 3.378304e-01 8.613840e-03 -1.460927e-01 -8.508053e-02 1.157720e-01
2.423131e-01 -2.610223e-02 -1.792975e-01 -1.681389e-01 -1.700286e-01 -9.615380e-02 -1.970284e-02 -1.572258e-02
-1.470038e-02 -9.712876e-02 -1.701910e-01 2.422962e-01 -1.644552e-01 -8.721381e-02 2.526631e-01 -1.595286e-01
5.032796e-01 -1.003172e-01 -6.491327e-02 -1.129236e-01 -1.434556e-01 -9.551419e-02 -7.220083e-02 -3.610222e-03
2.156657e-01 -1.524971e-01 -1.501782e-02 -2.613030e-02 6.250888e-02 -1.277553e-01 -1.298858e-01 2.578705e-01
-1.359815e-01 -9.021864e-02 -7.445305e-02 -9.447488e-02 8.597922e-02 1.109779e-01 -2.432190e-02 -1.405101e-01
1.034373e-02 -9.910318e-02 -2.842142e-01 5.269997e-02 -2.766936e-01 -1.222147e-01 2.948901e-01 3.089517e-02
-1.264130e-01 -8.627689e-02 -1.104662e-01 -7.018517e-02 1.886076e-01 -9.082793e-02 -5.865390e-02 -1.043539e-01
1.812688e-01 -7.953516e-02 -1.496398e-01 -8.716638e-02 -3.365915e-02 -1.564749e-01 -5.600007e-02 7.962409e-02
-1.128438e-01 5.200728e-01 -4.175872e-02 8.145382e-04 -7.118563e-02 -1.389947e-01 -2.034065e-02 4.476060e-02
-6.241260e-02 -1.160607e-01 -1.244147e-01 -6.894577e-02 -1.513052e-01 -1.051698e-01 5.528461e-01 2.216841e-02
7.097334e-02 7.888362e-02 -1.298105e-01 -2.356692e-01 -5.472371e-02 2.491045e-02 -6.762364e-02 -1.991492e-01
3.020641e-02 -5.058846e-02 -3.880045e-01 6.345719e-02 -3.197677e-01 -9.574511e-02 1.220925e-01 -2.539407e-01
4.124480e-02 -1.454966e-01 -5.039514e-02 1.817856e-01 -9.090106e-02 -9.684245e-02 5.023693e-01 5.143700e-02
-1.328406e-01 -1.019803e-01 8.972281e-02 -6.341916e-02 6.527546e-02 3.305815e-01 -9.945563e-02 -1.194628e-01
-4.303732e-03 -1.194900e-01 -6.580336e-02 -4.695055e-02 1.306094e-01 -8.524057e-02 -1.268290e-01 6.950536e-02
3.554615e-01 8.109853e-02 -1.266502e-01 -1.528999e-01 -1.769082e-01 -7.243932e-02 -1.872027e-01 -3.158709e-01
2.893561e-01 -8.631604e-02 -1.329808e-01 7.823667e-03 -1.255465e-01 -6.005127e-02 -1.262836e-01 -1.220148e-01
-2.114355e-02 -2.678162e-02 -2.558804e-01 -1.227301e-01 -3.062987e-01 -2.897518e-02 2.393646e-01 -1.662535e-01
-1.105453e-01 -5.905437e-02 -1.967332e-01 -1.662159e-01 -1.058650e-01 -8.306874e-02 4.369709e-01 -1.467340e-01
-2.416450e-02 -7.376723e-02 -1.569711e-01 -4.921143e-02 4.083841e-02 -1.643278e-01 -2.513670e-02 -5.706508e-02
-1.552385e-01 1.773597e-01 7.415494e-03 5.072263e-01 -3.803306e-02 -1.645551e-01 -1.376843e-01 -1.019764e-01
1.295364e-01 -1.377752e-01 -6.162436e-02 -8.483285e-02 -1.722078e-02 2.035785e-01 -1.158475e-01 1.250225e-01
3.698344e-01 -7.121710e-02 -1.373110e-01 -1.211261e-01 -1.506303e-01 -1.323852e-01 -5.393276e-02 1.513840e-01
-9.340119e-02 -3.984424e-02 -1.322743e-01 -9.159020e-02 5.455223e-02 -8.240869e-02 2.956040e-02 -1.836482e-01
3.858978e-01 -1.558362e-01 -9.502898e-02 -2.916098e-02 -6.600931e-02 -2.411027e-01 -8.031875e-02 3.135781e-01
3.739385e-01 1.379921e-02 -6.029363e-02 -2.224130e-01 -1.873340e-01 -6.192049e-02 -8.855710e-02 -1.579875e-01
4.604948e-01 -7.401491e-03 -1.554877e-01 -1.321660e-01 -1.992509e-01 -1.674901e-01 -6.813616e-02 -8.550641e-02
3.025622e-02 -4.928096e-02 1.545198e-01 -1.066571e-01 -7.363910e-02 8.560348e-02 -9.658545e-02 -6.425120e-02
4.216806e-01 -1.056813e-01 -2.131464e-02 4.121024e-02 -1.724468e-01 -2.584977e-01 -9.044942e-02 3.863695e-02
7.679111e-02 -4.627899e-02 -1.965198e-01 -1.152862e-01 -5.818310e-02 -1.156369e-01 8.812219e-03 -8.810407e-02
4.339964e-01 -1.253571e-01 -7.814899e-03 -6.211988e-02 -4.831593e-02 -8.354570e-02 -1.262709e-01 1.544184e-01
-2.080749e-01 -1.050033e-01 1.615543e-01 -4.620636e-02 -3.294635e-03 -1.376553e-01 -1.230242e-01 1.898818e-02
-1.272775e-01 -7.166485e-02 -1.507638e-01 -3.176286e-02 2.138236e-01 3.133976e-01 3.927006e-02 2.113229e-02
3.252438e-01 -4.848690e-02 2.848660e-01 -3.035264e-03 1.569274e-02 -1.233168e-01 1.808728e-01 -1.512292e-01
-1.759374e-01 -1.036237e-01 -7.280758e-02 -7.116587e-02 2.313911e-01 -7.538211e-02 -7.829215e-02 -1.492128e-02
-1.549585e-01 -7.921918e-02 2.733542e-01 -5.720203e-02 -1.065944e-01 -1.393401e-01 -7.393930e-02 5.036515e-02
-1.422507e-01 -7.083563e-02 -1.001631e-01 -1.496654e-01 1.257639e-01 1.246826e-02 1.351151e-02 6.421029e-02
-1.124058e-01 -9.153851e-02 -1.041638e-01 2.628964e-01 2.827908e-01 3.376123e-01 -7.266448e-02 -6.910522e-02
-9.857439e-02 -3.866081e-02 -1.208143e-01 4.572356e-03 3.262197e-01 1.766197e-01 2.614708e-02 -6.422033e-03
3.992584e-01 -1.784254e-01 1.084051e-01 -7.237729e-02 6.582697e-02 -2.485675e-02 1.080893e-01 8.199421e-02
-1.651853e-01 -9.408743e-02 -1.009106e-01 2.540731e-01 3.107154e-01 1.261547e-01 -1.943655e-01 -1.008698e-01
-3.039199e-01 -3.147986e-01 -8.289578e-02 -1.370038e-01 2.030070e-02 -4.616062e-02 -9.739646e-02 1.628105e-02
5.961177e-01 -9.561501e-02 2.447396e-01 -1.313172e-01 -1.131086e-01 -7.306720e-02 1.584321e-01 5.208867e-02
-2.594031e-01 -1.456119e-03 -1.048375e-01 5.498374e-02 2.167054e-01 -8.425013e-02 -6.907444e-02 7.878254e-02
-1.686769e-01 3.499550e-02 3.968281e-01 8.828773e-02 -1.953508e-01 1.941422e-02 -1.471171e-01 6.421541e-02
-3.007541e-02 -1.978591e-02 -1.679905e-01 -1.617113e-01 2.231941e-01 2.012375e-01 1.303637e-01 7.602234e-02
-2.386802e-01 -1.150907e-01 -1.155727e-02 -1.730036e-02 2.278109e-01 -1.578618e-01 -2.179033e-01 -1.155718e-01
-2.295950e-01 -1.470373e-01 1.376058e-01 -9.846473e-02 -7.949996e-02 1.774751e-03 -4.570195e-02 1.246801e-01
-1.873624e-01 -6.350313e-02 -1.376807e-01 -1.068536e-01 2.734078e-01 5.467951e-02 6.703099e-02 9.317921e-02
-2.852084e-01 -1.141795e-01 -1.061597e-01 3.380724e-02 3.479851e-01 1.231849e-01 -5.662026e-02 2.570112e-03
-3.044102e-01 -2.996283e-01 -1.799793e-01 1.331995e-01 2.359487e-01 3.320672e-02 -1.849231e-01 -7.462548e-02
-1.470680e-01 -6.983509e-02 -1.148105e-01 1.002933e-01 3.009689e-01 2.329228e-01 -8.561306e-02 -4.586676e-02
-1.240590e-01 -9.172395e-02 -1.347779e-01 -6.964163e-02 2.344568e-01 1.232142e-01 -7.110258e-02 -2.308046e-02
-1.975841e-01 -2.032397e-01 2.164752e-01 4.463553e-02 -3.074566e-02 -2.693307e-01 -1.296493e-01 2.694033e-02
-2.308674e-01 -9.116288e-02 -7.912629e-02 1.662653e-01 2.996517e-01 -1.089592e-01 -2.660699e-01 -1.273539e-01
3.522626e-01 -3.615598e-01 4.080831e-02 -1.327508e-01 7.182316e-02 4.430459e-02 1.332081e-01 9.186627e-02
-1.063051e-01 5.456502e-02 -6.939573e-02 3.931410e-01 2.451426e-01 -5.536235e-04 -2.029924e-01 -9.144358e-02
-1.423038e-01 -1.384666e-01 2.983362e-01 4.020086e-02 -1.090146e-01 -1.745288e-01 -2.013161e-01 -6.298893e-02
-1.690728e-01 -2.486577e-01 -2.477813e-01 -1.284930e-02 1.908758e-01 2.810004e-01 3.098845e-02 -2.817730e-02
-2.344285e-01 -4.096201e-01 1.089480e-01 -7.382271e-02 -4.206097e-02 -8.097300e-03 -1.867213e-01 1.462400e-02
-1.718071e-01 -8.225709e-02 -1.282461e-01 1.014375e-01 3.456561e-01 1.584038e-03 -1.173844e-01 -3.857307e-02
4.099650e-01 -2.097328e-01 3.202495e-01 9.736376e-02 7.463150e-02 -2.552014e-02 -9.575892e-02 2.989980e-02
-1.475323e-01 3.182088e-02 2.463271e-01 1.395339e-01 -9.946776e-02 -4.113426e-03 -2.697613e-01 -1.185581e-01
5.578233e-02 -1.027646e-01 2.899192e-01 2.140717e-01 2.998170e-01 -3.037949e-02 5.662436e-02 -7.786699e-02
3.981019e-01 -1.070708e-01 -1.292382e-01 3.877962e-01 2.397832e-01 2.047851e-01 -8.356893e-02 -1.140510e-01
1.417465e-01 -1.316584e-02 2.157699e-02 1.795453e-01 5.842526e-02 -1.053589e-02 -4.648507e-02 6.759363e-02
4.202591e-01 -1.837969e-01 -2.520991e-02 3.834527e-01 6.787805e-02 7.735276e-02 3.477010e-02 -2.026202e-01
3.570921e-01 -2.070494e-02 -2.936046e-02 -4.209992e-02 -1.162763e-01 -1.964168e-02 2.838243e-01 -6.897453e-02
-9.218942e-02 -6.196579e-02 2.365526e-01 1.695589e-01 9.935491e-03 -2.303534e-02 3.369834e-02 5.010193e-02
4.293993e-01 -4.891511e-02 -8.455560e-02 3.437296e-01 1.502854e-01 6.382758e-02 -1.986646e-03 -1.404548e-01
1.947523e-01 -7.826124e-02 2.897747e-02 3.397924e-01 3.598678e-01 -1.018055e-01 6.147473e-02 -8.668403e-02
-7.445370e-02 -8.659705e-02 1.278838e-01 -7.703141e-02 2.537839e-01 -1.117717e-01 -5.969369e-02 -9.068988e-02
5.073858e-01 -1.370038e-01 -1.322435e-01 9.249791e-02 -8.262508e-02 1.882209e-02 7.865398e-02 -1.386412e-01
-7.623743e-02 6.377238e-02 1.576948e-01 -2.018362e-02 4.864193e-01 1.240099e-02 -2.741823e-02 1.292782e-02
-4.097066e-02 -1.478620e-01 1.301488e-01 -5.694754e-02 -1.264019e-01 -1.476055e-01 -2.796314e-03 -7.599682e-02
6.524236e-02 4.970255e-02 -7.859295e-02 -9.405893e-03 -6.599438e-02 3.353601e-02 -5.175545e-02 3.463697e-01
-7.638722e-02 -8.945555e-03 1.557528e-01 -9.553748e-02 -6.234774e-02 -7.631166e-02 1.464852e-02 -1.482027e-02
1.702315e-01 -2.278313e-01 4.511575e-02 2.539789e-01 -3.404921e-02 -2.147012e-02 4.105096e-02 -2.510458e-02
2.695632e-01 8.926916e-02 -6.133528e-02 2.537653e-01 2.652876e-01 1.859485e-01 -1.241562e-01 4.691670e-02
1.664926e-01 -1.241257e-01 1.107314e-02 3.356207e-01 4.387474e-01 6.706369e-02 8.985400e-03 -1.191799e-01
2.436313e-01 -1.906913e-01 -1.616512e-02 3.990900e-01 2.202671e-01 7.766235e-02 1.091101e-01 -1.018959e-01
-3.249887e-02 3.713983e-02 3.015777e-01 2.122171e-02 2.722609e-01 -6.757167e-03 -2.702009e-02 -3.001522e-02
1.940481e-01 -1.317918e-01 -1.083045e-01 1.557377e-02 -1.009638e-01 -6.067909e-02 -2.929166e-02 -7.808068e-02
1.168621e-02 -1.047736e-01 4.013020e-01 1.350634e-02 1.476805e-01 -1.334342e-01 4.531755e-02 -3.536788e-02
-1.223005e-02 -9.738439e-02 3.386311e-01 1.059273e-01 3.574770e-01 -1.875953e-02 1.008835e-01 1.417330e-02
5.713491e-01 -8.451103e-02 -1.469776e-01 2.621297e-02 -1.189611e-01 1.084562e-01 1.815638e-01 -1.432704e-01
3.529386e-01 -1.230145e-01 -2.650278e-02 4.007719e-01 1.919155e-01 -9.735057e-02 8.098802e-02 -1.556548e-01
-9.185792e-02 1.399944e-01 2.425140e-01 -8.259542e-02 3.276109e-01 1.849375e-02 3.854438e-02 1.065336e-01
-2.755854e-02 -6.159544e-02 1.684606e-01 5.488203e-02 4.922595e-01 -5.878906e-02 2.699702e-02 -6.287758e-02
-8.694585e-02 3.440110e-02 1.333546e-01 -9.838337e-02 -7.311763e-02 -1.429654e-02 -1.004604e-01 3.273827e-01
1.479158e-01 6.206617e-02 9.968389e-03 2.316737e-01 4.200114e-01 7.047115e-02 -7.072365e-02 1.794304e-02
2.868976e-01 -4.805453e-02 -9.491029e-02 3.430794e-01 3.865017e-01 1.382234e-01 -6.236764e-02 -6.393514e-02
3.367760e-01 -1.287576e-01 -1.088511e-01 4.151576e-01 3.447907e-01 4.003313e-02 -8.339033e-03 -1.280586e-01
3.809730e-01 8.193048e-02 -9.858916e-02 -7.459275e-02 -5.143166e-02 1.544233e-01 9.217577e-02 2.336559e-02
-1.519603e-02 -1.785412e-01 2.028553e-01 1.727944e-01 -4.206091e-02 -9.667465e-03 3.796010e-03 -1.962169e-02
