1 5 16 16 32
-3.758771e-01 7.460441e-02 -4.461643e-02 3.172967e-01 3.409052e-01 2.725773e-01 2.874434e-01 1.330560e-01 -2.123750e-02 4.055183e-01 -1.326569e-01 2.731077e-01 2.415890e-01 7.670837e-02 2.875887e-01 -1.297105e-01
-9.418932e-02 3.845934e-01 1.913289e-01 1.478540e-01 8.530196e-02 -1.959729e-01 -2.498109e-02 2.180318e-01 -2.576278e-01 -1.545237e-01 1.179004e-01 3.913748e-01 2.398853e-01 -1.182091e-01 -4.008848e-01 -9.453856e-02
4.949649e-02 -3.430615e-01 2.058043e-01 1.547987e-01 -5.810788e-02 4.308219e-01 -7.378800e-02 3.269730e-02 2.488617e-01 -1.720192e-01 -1.507265e-01 -3.269198e-02 4.430446e-01 -3.291415e-01 3.040466e-02 -2.719263e-01
2.157245e-01 -3.208193e-01 -1.871651e-01 -1.750107e-01 -1.094563e-01 2.720299e-01 2.932312e-02 -1.477976e-01 2.732713e-01 3.103067e-01 -2.240347e-02 -2.720504e-01 -2.066205e-01 3.471700e-02 4.854047e-01 1.331162e-01
7.274317e-02 1.105686e-01 3.462493e-01 -1.168784e-01 -3.616726e-01 -2.257903e-02 -1.189138e-01 1.583107e-01 -4.627114e-02 1.530626e-01 3.354944e-01 5.503904e-02 9.072601e-02 -3.647263e-02 -3.679371e-01 5.260215e-01
-9.928853e-02 2.699172e-01 -7.661629e-02 -1.708360e-01 1.685972e-01 1.587305e-01 3.229965e-01 -2.036850e-01 1.499632e-01 -2.527854e-01 -3.004641e-01 7.523990e-02 3.408738e-01 2.242438e-01 -1.355042e-01 5.166677e-03
-1.082478e-01 2.124550e-01 -1.995424e-01 -8.120895e-04 2.777888e-01 1.414196e-01 -3.469495e-01 -1.152375e-01 2.701385e-02 -2.442597e-01 7.025798e-02 4.050800e-01 -1.164462e-01 6.918677e-02 4.583346e-01 -1.047457e-01
-3.561379e-02 2.448259e-01 6.274768e-02 -1.709499e-01 7.804739e-02 -2.355852e-01 3.493267e-02 1.738137e-01 1.382854e-01 3.590698e-02 5.010263e-02 -1.457223e-01 -3.047585e-01 4.887104e-01 3.917070e-01 -3.138486e-01
4.357902e-02 2.008829e-01 -1.868125e-01 1.763174e-01 -9.607468e-02 8.588934e-02 3.125336e-01 2.068634e-01 5.991200e-02 3.411027e-01 1.865591e-01 -7.146416e-02 2.241231e-01 9.945624e-02 -1.912544e-01 2.972898e-01
-1.114361e-01 -5.388015e-02 6.606575e-02 -1.802358e-01 1.907640e-01 -1.133410e-01 -2.613654e-01 -2.497955e-02 -2.993125e-03 -3.942598e-01 -1.218247e-01 3.790163e-01 2.693318e-02 5.090106e-02 4.803685e-01 -2.025122e-01
5.523953e-02 -1.904721e-01 8.447041e-02 2.018769e-01 -1.521795e-01 -1.265908e-01 -2.317060e-01 2.400585e-01 -1.770670e-01 3.728012e-01 3.461020e-01 -1.892393e-01 -2.580469e-01 -1.009569e-01 2.841897e-02 1.486480e-01
-1.090429e-02 -2.615662e-01 2.078186e-01 -1.827276e-02 -1.947710e-01 -1.811845e-01 3.568437e-01 1.777505e-01 -1.870391e-02 2.424981e-01 -4.887053e-02 -1.936705e-01 1.106576e-01 -7.205014e-02 -2.953264e-01 1.453988e-01
-1.987637e-01 5.612195e-01 9.956992e-03 -2.955876e-02 9.950744e-02 -3.266848e-01 -1.819068e-01 2.074944e-01 -1.915389e-01 1.232931e-01 -3.829243e-02 2.035927e-01 -1.902171e-01 -8.883049e-02 -4.449135e-01 -1.561332e-01
-3.192274e-01 -2.647453e-02 -3.082214e-01 8.590853e-02 2.283202e-01 1.343048e-01 -1.785857e-01 5.270931e-02 1.777653e-01 -2.015981e-01 2.298654e-02 5.547785e-01 -2.429918e-02 -6.521777e-03 3.937585e-01 4.639536e-02
4.140900e-02 2.738721e-01 -1.759097e-01 -9.044430e-02 -4.667569e-02 -2.671302e-01 -3.206275e-02 8.649924e-03 -2.598328e-01 1.591337e-01 3.382913e-01 -8.706807e-02 -2.114676e-01 2.255478e-01 -8.519483e-02 1.932895e-01
8.612330e-02 -3.713950e-01 1.532970e-02 -1.916228e-01 -9.577680e-03 3.978736e-01 2.066367e-01 -2.474064e-01 3.038844e-01 -1.996832e-02 6.163705e-02 -2.181654e-01 -4.059980e-02 1.308884e-01 4.184287e-01 1.536022e-01
-2.056199e-01 -3.034045e-03 -5.805658e-02 8.909972e-02 5.663531e-01 1.253682e-01 8.461221e-02 -6.206967e-03 -8.217572e-02 -1.644626e-02 -1.605881e-01 -8.625223e-02 -9.779772e-02 4.918575e-02 4.979123e-01 -4.288460e-01
-1.051117e-01 4.676093e-01 4.561260e-02 1.387243e-01 1.329887e-01 -2.580963e-01 -1.480534e-01 3.235797e-01 -2.651199e-01 1.171830e-01 4.640330e-02 3.704108e-01 3.375189e-02 -2.195929e-01 -3.465984e-01 -9.327808e-02
-1.874098e-01 -2.655807e-01 1.935855e-01 2.438035e-01 1.737666e-01 -2.227719e-02 -6.233670e-02 6.090768e-03 3.873946e-01 -2.460303e-01 -3.219793e-01 3.800128e-01 2.372825e-01 -1.964334e-01 -1.879711e-02 -1.215215e-01
9.383510e-02 -4.698609e-01 -5.078433e-02 -1.795584e-02 -1.567116e-01 1.816158e-01 1.114165e-01 -1.311510e-01 1.829925e-01 1.631750e-01 7.205065e-02 -1.342686e-01 2.072427e-01 1.265838e-01 5.595062e-01 1.554038e-01
-1.820596e-01 1.446175e-01 4.815535e-01 -3.792557e-02 -5.999490e-02 1.027450e-01 -4.652704e-02 2.469587e-01 -1.183166e-01 2.952677e-01 3.215649e-01 5.933201e-02 2.133898e-01 5.861997e-02 -1.423964e-01 4.761511e-01
-2.350591e-01 1.282028e-01 2.464603e-02 -8.746568e-02 6.065321e-01 -1.098348e-01 -2.424393e-01 -1.954881e-02 3.258748e-01 -2.062348e-01 -3.148552e-01 2.977951e-01 -8.903116e-02 1.036502e-01 1.180061e-01 -1.385958e-01
2.206500e-01 1.533003e-01 -1.843472e-01 3.788929e-01 -1.635388e-01 1.982699e-01 -6.248540e-02 1.827405e-01 9.480614e-02 4.381108e-01 3.732254e-01 -1.080795e-01 -1.009139e-01 -1.039937e-01 -1.354495e-01 1.299993e-01
-5.264407e-02 1.773893e-01 2.347611e-01 -1.732659e-01 3.331850e-01 2.005343e-01 -1.799435e-01 -1.816607e-01 -4.859921e-04 -3.861446e-02 -2.829761e-01 -7.747417e-03 -2.207276e-01 -1.890375e-01 -1.754323e-02 -1.044695e-01
4.412636e-01 2.355055e-01 -3.501292e-01 3.907834e-02 2.390870e-02 2.205984e-01 -9.632255e-02 -1.980271e-01 -6.234845e-02 -1.607478e-01 -4.091220e-02 -5.618970e-02 -1.187833e-01 3.646981e-02 1.130021e-01 -9.324018e-02
-5.578987e-02 4.917191e-01 2.468964e-01 -6.082152e-02 2.358302e-01 3.443015e-02 1.899611e-02 2.534874e-01 -7.252774e-02 -4.322553e-02 -8.364227e-02 3.300929e-01 -2.054743e-01 -2.443728e-01 -3.945653e-01 -1.481676e-01
-3.337192e-01 5.323859e-02 -2.318466e-01 -1.885636e-01 1.897596e-01 1.239217e-01 2.355924e-01 -5.935747e-02 2.928633e-01 -2.600760e-01 -2.807539e-01 4.547356e-01 3.226912e-01 8.172122e-02 1.162683e-01 9.426816e-03
2.379251e-01 -1.396467e-01 -7.797551e-02 -8.753466e-02 -1.147359e-01 5.768274e-01 4.056023e-02 -1.141863e-01 -6.313962e-02 -3.211959e-02 -3.071307e-02 -1.396901e-01 3.208608e-01 -2.596276e-01 -1.521948e-01 -1.395342e-01
-2.124386e-01 -1.444867e-01 8.034940e-02 2.194070e-01 1.501295e-03 -2.149123e-01 -6.236596e-05 -5.806478e-02 -2.118383e-02 -1.866460e-03 -4.078747e-02 3.502866e-01 9.184615e-02 -2.671474e-01 -2.679052e-01 3.320088e-01
-9.828010e-02 1.041251e-01 2.270952e-01 6.192829e-02 -2.169635e-01 1.101122e-01 -2.687638e-02 3.776919e-01 -1.713062e-01 2.146873e-01 1.302736e-01 1.445420e-01 4.037218e-01 7.658700e-02 -2.434122e-01 5.023518e-01
-3.652370e-02 3.889811e-01 7.113853e-02 -3.904789e-02 3.023019e-01 -9.902158e-02 3.989746e-02 1.495598e-01 -1.247166e-01 -3.994031e-02 1.664514e-01 5.669209e-01 -1.437201e-02 -1.350857e-01 -3.251294e-01 -2.133175e-01
4.503201e-01 -7.258781e-02 6.652182e-02 -2.542337e-01 -3.158222e-01 -2.147287e-01 -3.001287e-01 -9.527612e-02 8.547240e-02 -4.213069e-01 1.029629e-01 -2.140394e-01 -2.014641e-01 -6.565926e-02 -2.579810e-01 8.769991e-02
4.181265e-02 -5.079162e-02 -6.996400e-02 -1.069744e-02 3.586971e-02 -6.320189e-02 1.712990e-01 -6.351392e-01 -1.232097e-02 3.435254e-01 3.152125e-01 9.422561e-02 2.360821e-02 5.788846e-02 -4.472165e-01 -8.144787e-03
7.165731e-02 1.530057e-01 4.358208e-01 -9.994845e-02 -4.486975e-01 5.805796e-02 -1.653383e-01 -7.912196e-02 -1.044813e-01 -1.917811e-02 4.092140e-01 -1.052937e-01 -1.645541e-01 -5.925125e-02 3.061237e-01 1.281410e-01
-2.280730e-01 -3.199205e-01 -8.218062e-02 1.359011e-01 3.346407e-01 -1.743598e-01 -3.115357e-01 4.909574e-01 -6.608899e-02 -2.583731e-02 -2.131324e-01 1.514807e-01 -3.030692e-01 1.712061e-02 1.752219e-01 9.155703e-02
1.279567e-01 -1.519403e-02 1.332295e-01 -8.467481e-02 2.709033e-03 4.912801e-01 -4.827307e-01 -1.596136e-02 9.925447e-02 2.736273e-02 2.250717e-02 -2.253568e-01 -5.043424e-01 1.911584e-01 -4.526577e-02 1.422377e-01
-3.022794e-01 -2.123787e-01 -1.783911e-01 3.073394e-01 2.013745e-01 -2.600278e-01 1.373715e-01 1.369263e-02 -3.286725e-01 1.166909e-01 9.951334e-02 3.758883e-01 2.045697e-01 -1.762720e-01 -1.305273e-01 -1.025601e-01
-9.840920e-02 3.184482e-01 -1.124268e-01 -5.254837e-02 -3.560021e-01 -2.614442e-01 -4.832019e-02 -1.008948e-02 4.720560e-01 -1.335696e-01 1.475247e-01 -2.875818e-02 7.114071e-02 -1.190016e-01 -1.086606e-01 -8.756050e-02
-1.806234e-01 -3.478136e-02 4.520767e-02 -2.561203e-01 -2.673427e-01 -2.984051e-01 5.721341e-02 -4.481506e-01 -3.151659e-01 -6.086658e-02 -4.715723e-02 2.627151e-01 -2.042464e-02 1.273693e-02 3.803646e-02 3.226985e-01
-1.920684e-01 2.120416e-01 -2.520475e-01 8.358155e-02 1.979685e-01 -5.285773e-01 2.830924e-02 -1.869446e-01 1.472082e-01 5.513540e-02 1.345378e-01 -5.649946e-02 -1.367042e-01 -1.208171e-01 1.148665e-01 -1.882767e-01
-1.678803e-01 -4.641929e-02 -2.152740e-01 1.666294e-01 2.038165e-01 9.197523e-02 -4.068200e-02 7.443600e-02 1.426372e-01 7.708327e-02 1.002258e-01 2.295959e-01 1.498569e-01 8.764484e-02 4.951367e-01 1.354901e-01
1.125391e-01 -5.218343e-03 -1.321685e-01 -3.455344e-01 -4.522211e-02 2.255527e-02 -1.066910e-01 -1.648905e-01 2.695244e-02 2.685182e-01 2.712465e-01 -1.982124e-01 9.503366e-02 4.475057e-02 3.434269e-01 6.267317e-02
4.502091e-01 -2.757468e-01 -1.114557e-01 -3.098821e-01 2.844285e-02 -2.222137e-01 -3.921353e-02 5.346780e-03 2.314025e-01 -9.289645e-04 -1.628630e-01 -1.612232e-01 2.758215e-01 6.298582e-02 1.272443e-01 7.964046e-02
7.878184e-02 -3.997468e-01 2.601921e-01 -4.554559e-02 2.482811e-01 2.261816e-01 -2.462882e-01 -9.734190e-02 -3.833508e-01 8.485758e-02 -2.078304e-01 2.155647e-02 -3.560778e-02 5.713798e-02 2.048870e-01 -1.218012e-03
-1.820050e-02 1.030919e-01 3.691447e-01 -2.326537e-01 -1.146382e-01 8.418531e-02 -3.352729e-02 3.126131e-01 -7.280041e-02 -2.625864e-01 5.063497e-02 -2.138205e-01 -1.816180e-02 -3.355164e-01 -2.450099e-02 3.814644e-01
-1.347464e-01 -6.631391e-02 8.416107e-02 2.943664e-01 -1.578141e-01 -3.497109e-01 -3.403773e-02 7.280998e-04 4.593703e-01 3.033826e-02 2.609796e-01 1.648254e-01 -1.682000e-02 -4.053890e-01 -7.217005e-02 1.905597e-01
3.052631e-01 -6.552335e-02 -4.879310e-02 3.728883e-01 1.695571e-01 2.456629e-01 -1.379042e-01 4.682798e-01 3.179121e-01 -1.863690e-01 1.069158e-01 -9.740299e-03 1.069481e-02 -1.769124e-01 -1.864047e-01 -1.879621e-01
-1.958120e-02 -5.913664e-02 5.370360e-02 2.002387e-01 1.814018e-02 -1.141732e-01 9.063311e-02 1.203599e-01 2.490433e-01 -2.587468e-01 -4.686104e-01 6.757049e-02 -2.439031e-01 1.420616e-02 -4.183741e-01 -8.980798e-03
1.653978e-02 -1.174359e-01 -4.139195e-02 8.308882e-02 3.110229e-01 -2.773802e-02 -2.443704e-01 -3.793863e-02 -3.050868e-01 2.035129e-01 4.471695e-01 1.993892e-01 -1.032155e-01 -3.418383e-01 -3.348274e-01 -5.674269e-02
9.052810e-02 1.666799e-01 -3.784974e-02 -8.246174e-02 -7.500079e-02 -2.316582e-01 -6.801231e-02 -5.779238e-01 1.490025e-04 1.911285e-01 3.273243e-01 8.251682e-02 1.325996e-01 2.876332e-01 3.074061e-01 -2.306877e-01
9.260187e-02 -7.136337e-02 -1.880609e-02 8.964904e-02 1.376469e-01 3.104789e-02 -5.177058e-02 7.311754e-01 2.451219e-01 -1.398007e-02 -6.127436e-02 -3.067057e-01 3.230342e-03 1.830661e-01 2.767294e-02 -2.814181e-01
1.952966e-01 1.714723e-01 2.665719e-01 -4.499650e-02 -3.268449e-01 1.933687e-01 1.773744e-01 -3.916103e-01 5.999757e-03 -1.652126e-02 2.656780e-01 -1.677527e-01 -1.369303e-01 9.983208e-02 -4.606510e-01 -4.575092e-04
-2.709059e-02 5.955146e-02 -9.831505e-02 1.976468e-01 3.737086e-01 2.407160e-01 2.408650e-01 1.356724e-01 -1.559587e-01 2.528409e-02 1.667168e-01 1.903173e-01 -2.457709e-01 1.503668e-01 1.010285e-01 4.206509e-01
1.668707e-01 3.829476e-01 3.474956e-02 -2.897484e-01 -3.077199e-01 1.456271e-01 2.320236e-01 -3.281012e-01 7.697227e-02 -6.942003e-04 1.836940e-01 -1.415319e-01 4.091688e-01 -4.433743e-02 -8.008280e-02 -9.030352e-02
7.549504e-03 -8.934446e-02 -4.004084e-01 1.989042e-01 2.408018e-01 -1.647083e-01 1.022558e-01 -3.209276e-01 2.622070e-02 3.293899e-01 -1.709012e-01 1.425159e-01 6.194138e-02 3.983671e-01 -1.229238e-03 -3.464554e-01
8.368850e-02 5.613622e-03 -1.053392e-01 -1.054084e-01 2.225024e-01 3.720723e-01 2.028285e-02 7.079930e-03 -4.557582e-01 -3.006011e-03 -1.534499e-01 -2.193773e-02 5.163099e-02 3.603592e-01 2.137093e-01 -3.155225e-03
2.570172e-01 -9.580208e-02 -9.028567e-02 3.154680e-02 -4.922030e-02 -1.704120e-01 2.027008e-01 3.223083e-01 -1.182346e-02 7.303633e-02 7.424213e-04 1.044860e-01 4.101729e-01 -7.973762e-02 -4.836267e-01 2.824131e-02
-9.259381e-02 -4.724534e-02 -8.556147e-02 2.409054e-02 4.958647e-02 1.445509e-02 1.120487e-01 -3.674470e-01 -2.124490e-02 3.010129e-01 2.016970e-01 1.610094e-01 2.924830e-01 -2.105088e-02 -6.543097e-01 3.534911e-02
-2.470347e-02 1.932922e-02 4.790447e-01 -6.825913e-02 -1.727651e-01 4.142035e-01 -1.002093e-01 2.527715e-01 2.256785e-03 -3.307559e-01 2.468266e-01 -1.131665e-01 5.580549e-02 -2.942286e-01 1.755984e-01 3.051271e-01
-3.206740e-01 1.680758e-01 1.773408e-01 -1.818812e-02 4.596924e-02 2.812725e-01 -3.669215e-01 -3.746526e-01 4.207771e-03 -1.171865e-01 -1.384354e-02 -8.243524e-02 -3.496420e-01 1.008334e-01 3.901262e-01 -1.755107e-02
4.652594e-02 1.427179e-01 5.564534e-02 -2.722988e-02 -1.030613e-01 4.130024e-02 -1.244303e-01 3.120940e-01 1.346571e-01 -2.619561e-01 -3.226051e-01 -1.132814e-01 -1.497971e-01 8.519206e-02 5.343972e-01 -2.153960e-02
-7.787479e-02 5.524635e-02 -6.300820e-03 2.763963e-01 4.772530e-02 1.299794e-01 -6.707980e-02 -2.388634e-01 1.373116e-01 4.442385e-02 6.841287e-03 1.290210e-01 -5.569562e-01 -9.359761e-02 -2.069178e-01 -7.458075e-02
3.340582e-01 -1.049186e-01 -7.610914e-02 -2.988243e-02 -1.551340e-01 6.901084e-01 -1.459536e-01 3.410011e-03 2.813258e-02 8.627148e-04 -8.693796e-02 -1.414031e-02 4.847728e-02 8.818248e-02 -2.293268e-02 1.798154e-02
-2.507377e-02 1.707205e-01 -7.188462e-02 -3.383769e-01 -1.218494e-02 5.895837e-03 3.239385e-01 2.835833e-02 4.490039e-02 3.225937e-03 5.815369e-02 -9.523872e-02 6.655495e-01 -1.181146e-01 1.616383e-01 -2.104171e-03
-5.524070e-02 1.796704e-01 1.016322e-01 -1.312803e-01 -5.029441e-02 -8.232851e-02 -1.087621e-01 1.373037e-01 -4.515189e-02 4.097518e-01 -1.672076e-01 -1.972364e-01 -1.641652e-01 -1.205170e-02 -4.013709e-02 4.877957e-02
-3.280528e-02 1.581002e-01 -3.401453e-02 -2.080808e-01 2.787893e-01 3.072624e-02 1.109071e-01 1.108417e-02 1.687007e-01 2.588023e-01 2.585414e-01 4.213484e-01 -1.116368e-01 2.722427e-02 7.927154e-02 -1.327831e-01
4.815813e-01 -1.962906e-01 -1.436616e-01 1.050033e-01 -6.283629e-02 9.582405e-02 1.580900e-02 -1.217238e-01 3.357710e-02 -1.925507e-01 1.135709e-02 3.049347e-01 2.133743e-01 -8.110679e-02 -1.212893e-01 -1.493189e-01
-2.490812e-01 -1.977378e-02 1.403923e-01 9.335467e-02 4.511408e-01 1.080164e-01 4.023980e-01 1.743760e-01 6.889048e-02 8.621328e-02 3.755230e-02 -2.334707e-01 5.093199e-02 1.542466e-01 2.994292e-01 3.374130e-03
-3.558360e-01 1.956411e-01 3.294178e-01 1.500742e-01 1.438855e-01 2.072500e-01 1.257335e-01 1.395077e-01 5.450404e-02 5.201452e-01 1.506491e-01 2.873831e-01 1.288970e-01 4.645268e-02 1.170798e-01 1.501087e-01
7.542878e-02 -1.254993e-01 2.948242e-01 -1.029798e-01 -1.281645e-01 -1.340706e-01 3.311713e-01 -6.317940e-02 -7.803832e-02 -1.563293e-01 -2.505315e-01 -2.240418e-01 1.951632e-01 8.658252e-02 -2.324712e-01 -2.132648e-02
-6.123707e-02 3.653114e-02 -2.720497e-01 1.172272e-01 1.934604e-02 1.407560e-01 -2.449071e-01 8.893093e-02 2.633355e-02 -2.114768e-02 2.333493e-01 3.327088e-01 -1.937436e-01 -5.672577e-02 4.548624e-01 -1.582353e-02
-1.080831e-02 1.240929e-01 -1.059219e-01 7.791230e-02 2.086284e-01 -1.095567e-01 -2.647274e-02 8.419391e-02 -2.144895e-01 6.687778e-02 4.819653e-01 -8.378646e-02 9.813009e-02 -1.705880e-01 -3.628566e-02 8.670741e-02
3.214487e-01 -2.898576e-02 -1.135281e-01 -1.276823e-01 -4.426517e-03 5.364276e-01 -1.181596e-01 2.742951e-02 -1.039653e-01 -7.895759e-02 -4.105467e-02 -3.353225e-01 1.107061e-01 -1.292791e-02 -1.048419e-02 -2.209462e-01
-1.559410e-01 1.141281e-02 -4.501205e-02 -1.695398e-01 5.539170e-02 7.111008e-02 4.366517e-01 -4.923733e-02 2.328688e-01 -1.039076e-01 -3.389591e-01 1.189092e-01 4.374737e-01 1.346469e-01 -2.475880e-01 9.250532e-02
-2.257290e-01 1.255862e-01 4.262167e-01 3.014620e-02 1.813352e-01 1.706124e-01 5.056437e-02 3.585258e-01 -2.088978e-01 2.075077e-01 2.081314e-01 -6.313248e-02 1.558469e-01 6.035326e-02 1.226947e-01 2.826886e-01
1.212914e-01 -9.659506e-03 6.486156e-02 -3.503434e-02 2.682396e-01 9.453311e-02 1.965609e-01 2.740899e-02 -1.936132e-02 -1.735145e-02 3.177094e-01 6.421275e-01 2.893829e-01 -6.757913e-02 6.961040e-02 -1.234710e-01
1.234026e-01 -3.024622e-01 -1.431568e-01 1.419474e-01 -4.826266e-02 1.336202e-01 1.943924e-01 -8.196778e-02 3.634012e-02 -2.407787e-02 3.525761e-01 3.538705e-01 1.432882e-01 -1.913536e-01 3.155566e-01 -1.086328e-01
-1.040618e-01 2.243280e-01 -1.199018e-01 -8.968263e-02 7.226489e-03 -3.256063e-01 2.201914e-02 -5.317505e-02 -3.014623e-01 2.283966e-01 2.140878e-01 1.046856e-01 -2.669457e-01 5.558185e-02 -2.490343e-01 4.383951e-01
-1.983911e-02 -7.747547e-02 7.458885e-02 -1.508046e-01 -6.489891e-02 2.161305e-01 6.735098e-02 -9.182750e-02 4.179843e-01 -6.114326e-02 -2.099854e-01 2.828778e-01 -2.589884e-02 1.781229e-01 6.162941e-03 -7.923220e-02
-1.224163e-01 1.852568e-01 1.292177e-01 -2.008146e-01 6.124858e-01 1.435465e-02 -2.728834e-01 8.690774e-02 8.374365e-02 -1.306064e-01 -2.531398e-01 4.410991e-02 -6.688157e-02 1.201647e-02 6.052398e-02 -2.567174e-01
2.037893e-01 -2.467173e-01 4.895810e-02 1.362248e-01 -1.155041e-01 4.792363e-01 -6.082515e-02 4.400907e-03 1.689149e-01 -2.068002e-01 -1.037559e-01 -2.083983e-01 2.754466e-01 -1.456470e-01 1.675560e-01 -2.752376e-01
-2.799006e-01 -2.260629e-02 1.128113e-02 1.959857e-02 3.545777e-01 -1.300157e-01 -7.189380e-02 -5.733446e-02 2.577459e-01 -1.471221e-01 -2.554671e-01 4.071585e-01 3.437384e-02 -1.112543e-02 5.938527e-02 1.905228e-02
5.289823e-01 1.638181e-01 -4.554577e-02 4.686032e-02 -7.245047e-02 -6.784432e-03 -5.637430e-03 -6.931364e-02 -1.136598e-01 1.099048e-01 4.325045e-02 -2.086193e-01 -8.108908e-02 -4.606672e-02 -3.771343e-02 -4.343660e-02
-3.480750e-02 -9.373039e-02 1.318715e-01 1.758225e-01 8.091533e-02 -3.521487e-03 1.537910e-01 2.703120e-02 -1.201846e-01 -2.647191e-01 2.296711e-01 3.634011e-01 5.124345e-01 4.275867e-03 -1.367158e-02 -1.395491e-02
9.299771e-02 -1.188978e-01 -5.570063e-02 2.567518e-01 -1.294136e-01 -1.699398e-02 -2.748905e-01 1.759261e-01 -1.240654e-01 1.832269e-01 3.761213e-01 -5.411759e-03 -2.642697e-01 -1.465140e-01 2.956377e-01 -6.170167e-03
1.207616e-01 -1.745019e-02 2.624255e-01 -2.984919e-01 -6.523609e-02 -8.242291e-02 -1.766017e-01 1.185636e-02 -1.817866e-01 -9.944087e-02 4.119132e-01 -1.714172e-01 -1.172933e-01 -1.953273e-01 -1.837710e-01 9.096184e-02
2.814277e-02 2.950993e-01 3.583736e-02 -1.519338e-01 1.022370e-01 1.385252e-01 4.432267e-01 -1.945675e-01 1.699458e-02 -2.449972e-01 -2.479814e-01 5.190713e-02 2.900233e-01 2.798757e-01 -1.791131e-01 2.232275e-03
5.357529e-02 2.080159e-01 2.391703e-01 -9.000288e-02 5.173470e-02 1.290603e-01 -2.069964e-02 1.741643e-01 -1.863547e-02 7.687455e-02 -1.023174e-01 4.835697e-01 2.810916e-02 -1.232254e-01 -1.909553e-01 -1.165424e-01
7.739628e-03 -4.704642e-02 -1.279996e-01 1.796887e-01 -2.938035e-01 -2.024971e-01 9.565749e-02 -1.443704e-01 -2.524462e-01 1.328300e-01 2.170205e-01 1.156478e-01 -4.275872e-02 -1.352034e-01 -2.793468e-01 5.097010e-01
-2.214409e-02 -1.052858e-01 -2.400091e-02 5.314810e-01 -5.096945e-02 -3.161950e-02 2.625852e-02 1.334394e-02 -1.272964e-01 -1.702628e-01 -3.799023e-02 -1.266886e-01 3.261385e-02 -9.405535e-02 6.226250e-02 7.249596e-02
1.572120e-01 -1.214225e-01 -1.095366e-01 7.169407e-03 2.664067e-01 1.333221e-01 1.897151e-01 -1.894656e-01 2.426176e-01 -1.682212e-01 3.510976e-01 4.774247e-01 2.294960e-01 6.308614e-02 1.404016e-02 -1.655265e-01
-2.583186e-01 3.222827e-01 7.145808e-02 -2.613672e-01 1.939854e-01 -1.914823e-01 6.708339e-02 -5.465485e-02 -5.735591e-02 1.384030e-01 -4.518094e-02 -1.340593e-01 1.140563e-01 3.598027e-01 -2.024245e-01 3.982475e-01
-1.739614e-01 -1.211350e-02 -1.511148e-01 1.726603e-01 -1.283114e-01 1.093158e-01 2.628650e-01 1.499334e-01 8.572352e-02 2.405987e-01 2.149424e-02 2.147599e-01 3.802277e-01 7.769507e-02 -9.359930e-02 1.987821e-01
-5.930069e-02 5.319359e-01 -2.250889e-01 -1.028800e-02 1.779101e-01 7.457357e-02 5.339053e-02 4.109105e-02 1.628928e-01 1.634453e-01 -2.343602e-02 1.583196e-02 1.911423e-01 1.606333e-01 -1.471884e-01 2.174900e-01
-3.492985e-01 1.322051e-01 2.552927e-02 2.972429e-01 3.063486e-01 2.370836e-01 2.326657e-01 9.728011e-02 7.725374e-02 4.042502e-01 -1.472643e-01 2.734991e-01 1.334078e-01 1.122908e-01 3.079383e-01 -1.247793e-01
-1.087441e-01 1.104991e-01 -6.800761e-02 -7.853001e-02 1.567467e-01 -1.176011e-01 -7.836796e-03 -1.226970e-01 2.132340e-01 -9.230996e-02 -5.411281e-02 -5.112068e-02 -1.365823e-01 2.313300e-01 4.322740e-01 -7.923115e-02
1.514560e-01 -1.100200e-02 1.033796e-01 -1.250189e-01 2.651515e-01 -8.402478e-03 -1.326557e-01 5.815990e-03 -1.786148e-01 3.019585e-01 4.936573e-01 4.128672e-03 -1.423708e-01 -2.626983e-01 -2.145915e-01 -3.476920e-02
-9.264056e-02 -1.028371e-01 -1.974349e-01 1.633617e-01 3.458260e-01 -1.313745e-01 -2.580984e-01 -5.304710e-02 -2.314620e-01 6.231236e-02 4.092270e-01 3.683480e-01 -5.502264e-02 -3.116464e-01 -1.551350e-01 -5.842194e-02
-4.019921e-02 -6.264445e-02 -3.929756e-01 -4.528113e-03 -2.546779e-01 2.445196e-01 5.426005e-03 1.995493e-01 1.641289e-01 -2.552415e-01 -3.322573e-01 2.580335e-02 -7.382300e-02 2.256466e-02 -2.088868e-01 -2.824381e-02
-1.294233e-02 5.063692e-02 4.112236e-02 -1.515489e-01 -8.097720e-02 -1.772283e-02 1.330267e-01 9.762017e-02 1.521506e-01 7.657640e-02 -1.758581e-01 -2.901485e-01 -5.943317e-02 2.130730e-01 2.618617e-01 7.328899e-03
1.693095e-01 2.672817e-01 5.661124e-02 -4.565183e-01 7.290460e-03 -1.848434e-01 4.106652e-02 -2.365699e-01 -2.220166e-01 9.473799e-02 -4.441806e-02 -2.290262e-01 -3.416844e-02 1.928899e-02 -2.241345e-02 2.970779e-02
-2.049049e-01 2.926460e-01 -2.780391e-01 -1.775054e-01 2.443432e-01 8.318348e-03 -1.398673e-02 -9.895265e-04 3.913355e-02 4.339406e-02 -1.615147e-01 1.342497e-01 3.884822e-01 -1.232111e-01 3.979972e-01 -1.509508e-01
4.800883e-02 1.396450e-01 1.700349e-01 -6.885777e-02 -6.829455e-03 -6.296241e-01 6.541003e-02 -1.378927e-02 -2.621701e-01 1.597427e-01 1.007316e-01 -6.443724e-02 -6.723931e-02 -2.258093e-01 -8.752240e-03 1.109629e-01
-1.425095e-01 1.945429e-01 -1.457624e-02 2.264282e-01 -4.473945e-02 2.322960e-01 -4.172440e-02 -3.505826e-01 -5.820597e-02 1.015823e-01 2.207735e-01 1.357678e-01 -4.473026e-01 -1.227675e-01 -2.562942e-02 -7.035782e-02
-1.152878e-01 -1.091212e-01 -1.382132e-01 4.696375e-01 3.689367e-02 3.107592e-02 -3.361880e-02 1.427194e-01 9.658594e-02 -1.738634e-02 7.155892e-02 2.815330e-01 6.534142e-02 -3.528282e-02 1.371281e-01 7.744609e-02
-1.081747e-01 -1.818605e-03 2.340095e-02 -2.145193e-01 8.337919e-02 -1.907779e-02 6.082471e-02 4.139324e-01 -3.231944e-02 -6.704305e-02 -4.655179e-02 -2.930961e-02 4.142828e-01 -6.246565e-02 -5.333225e-02 8.435923e-02
2.273397e-01 -1.151794e-01 -1.626694e-02 1.982165e-01 -1.085407e-01 4.817990e-02 -4.729043e-02 4.774645e-02 -7.384792e-02 -3.881099e-01 1.256687e-01 4.262177e-01 -6.207299e-02 -3.160916e-01 -2.557809e-01 2.078679e-01
4.942193e-02 1.177482e-01 2.314912e-02 -2.346876e-02 3.581861e-01 1.769951e-01 2.831059e-01 4.224391e-02 -3.150770e-01 -2.569750e-02 -3.727251e-02 -3.303492e-02 -2.820151e-01 1.753333e-01 -1.948692e-01 2.402209e-01
-2.176149e-01 8.219904e-02 1.202128e-01 -8.287475e-02 1.040436e-01 1.457903e-01 -1.438567e-01 -6.160508e-01 6.086642e-02 -4.592507e-02 -2.169357e-02 -9.564377e-02 -2.746110e-01 2.533033e-01 7.026548e-02 1.303482e-01
-3.922873e-02 -1.978418e-02 -2.600414e-01 1.933576e-01 1.443693e-01 9.029811e-02 -2.150213e-02 -4.529773e-01 1.418317e-01 1.521500e-01 -1.037747e-01 1.527688e-01 1.117938e-01 4.665565e-02 1.312438e-01 -3.172510e-01
2.682431e-01 -2.290239e-02 -5.120736e-03 -2.128642e-02 -3.556120e-02 -1.407416e-01 4.398891e-02 -5.961580e-01 3.957465e-02 8.484970e-02 1.418477e-01 -1.169554e-01 -3.614943e-01 1.835816e-01 2.566495e-01 4.896981e-02
-1.616854e-02 1.161894e-01 -3.878623e-01 1.801716e-01 3.750019e-01 -3.265112e-01 7.854026e-02 -1.532257e-01 -1.572321e-01 2.002626e-01 -2.039694e-02 -7.351954e-02 -3.072416e-02 5.546461e-02 1.056154e-01 -8.685265e-02
-7.080537e-02 -4.352245e-02 -1.035331e-01 6.021409e-02 -2.733675e-01 -6.557302e-02 -2.381571e-01 -1.685080e-02 3.345817e-01 4.330462e-02 1.757241e-02 1.209369e-01 3.065270e-01 -8.447723e-02 3.225935e-01 -1.030913e-01
1.010393e-01 -3.160133e-01 -3.283837e-02 2.502793e-01 1.271041e-01 -4.652192e-03 -1.617670e-01 -2.224067e-02 -8.014748e-02 1.469809e-01 1.120574e-01 -1.794107e-01 -1.801940e-01 2.165889e-01 -3.918820e-01 1.574199e-02
2.723139e-03 -7.813567e-02 4.221454e-01 1.238322e-01 3.560979e-01 -1.557688e-02 3.266427e-02 -2.302637e-01 3.141353e-02 2.560874e-02 1.718186e-01 -1.194927e-01 1.911324e-01 -1.930833e-01 1.867871e-01 1.892218e-01
2.295015e-01 -9.096266e-02 1.360356e-02 6.972259e-02 2.408001e-02 -8.000185e-02 7.391394e-02 -2.428552e-02 4.497921e-01 -4.179522e-02 -3.149453e-01 3.212487e-02 -3.976884e-02 -1.549754e-01 -1.762500e-01 -3.056981e-02
3.552561e-01 -7.892545e-02 7.944396e-02 1.439011e-01 3.595332e-01 -1.929563e-01 1.717688e-02 2.854630e-03 1.444763e-01 3.022839e-01 2.823031e-01 -1.870841e-05 -1.553399e-01 2.114845e-02 2.190307e-01 -6.984413e-02
4.811331e-02 1.970740e-01 1.308258e-01 -1.192492e-01 -1.831447e-01 8.736384e-02 -1.005315e-01 -2.081372e-01 2.329997e-02 3.316118e-02 4.396381e-01 -3.339536e-03 8.659197e-02 9.287514e-03 2.216319e-01 -4.962662e-02
-4.388967e-02 -1.416163e-01 -6.244788e-02 1.677851e-02 -3.752524e-02 5.693231e-01 -1.709776e-01 2.556939e-02 2.108581e-01 -6.802297e-02 -1.577526e-03 3.584600e-02 -6.333704e-02 -3.285015e-02 4.126676e-02 -9.211392e-02
1.326885e-02 -2.115280e-01 -6.003206e-02 8.836709e-02 4.727654e-01 1.496061e-01 -2.784625e-01 -7.740132e-02 -1.244750e-01 -7.453887e-03 4.218097e-01 1.462650e-01 -2.892928e-01 -1.213651e-01 -2.399724e-01 5.331679e-02
-2.949869e-02 3.313602e-02 2.150856e-01 9.160614e-02 3.815871e-01 1.639677e-01 1.135445e-01 -7.404777e-02 3.802551e-02 -1.325931e-01 -1.446548e-01 6.699386e-02 5.758548e-01 1.609115e-01 7.876164e-02 7.448300e-03
-5.884310e-02 1.384902e-01 -4.810304e-01 1.173681e-01 3.840729e-01 4.679884e-02 -3.324816e-01 -1.476236e-01 1.261183e-01 6.507246e-02 -6.773271e-02 -4.380367e-02 -4.245358e-02 -5.160768e-02 2.005371e-01 -7.425158e-02
3.563418e-01 -3.291071e-01 -5.179292e-02 -2.060892e-01 4.815405e-02 -2.501355e-01 -4.650652e-04 1.691732e-01 1.651757e-01 -1.334454e-01 -2.946444e-01 -8.975068e-02 3.675203e-01 1.148638e-01 -4.261467e-02 6.634022e-02
5.871101e-02 -3.442467e-02 1.533330e-01 -1.780444e-01 -2.660031e-01 8.047212e-03 3.225057e-02 -2.201255e-02 1.086855e-02 -9.464627e-02 8.469488e-02 -7.032031e-02 -1.879632e-01 6.431517e-02 -4.370773e-01 9.984539e-03
-4.071067e-02 2.316178e-03 2.100999e-01 -2.481526e-02 -3.054183e-02 -3.197888e-03 3.765355e-02 5.209728e-01 -1.201592e-01 -2.698603e-01 -1.049132e-01 -5.324899e-02 -7.269948e-02 -1.460793e-01 -1.438622e-01 2.533673e-01
-2.666784e-01 1.418461e-01 4.567306e-02 1.952750e-02 6.405690e-02 2.496589e-01 -2.048868e-01 -3.275049e-01 -4.993991e-03 1.082811e-01 -2.522246e-02 1.315232e-01 1.475198e-01 4.493045e-02 -5.350245e-01 1.295163e-02
-1.575364e-01 9.142815e-02 -3.673732e-03 -4.615169e-02 2.200856e-02 -1.165667e-02 -4.105202e-02 1.724003e-02 -5.684291e-01 -7.491080e-03 1.354836e-01 -5.697442e-02 9.918098e-02 1.576580e-01 6.731785e-02 -7.616190e-02
2.924366e-01 -9.038464e-02 -6.136651e-02 4.241800e-02 -1.093894e-01 -1.682427e-01 9.188191e-02 5.914171e-01 -9.949554e-03 -5.134524e-02 -7.466573e-02 3.458634e-02 8.019100e-02 -6.421109e-02 8.025958e-02 7.233443e-03
