4 4 8 32 16
-9.527160e-02 -6.261945e-02 9.392696e-03 -1.067718e-01 -1.915179e-02 7.302816e-03 3.526126e-01 -6.969224e-02
-8.015952e-02 1.836562e-01 -1.260161e-01 3.521778e-01 -8.985443e-02 -6.893482e-02 -1.733958e-01 -1.092124e-01
-5.271061e-02 5.936723e-02 6.653889e-02 2.010175e-01 -6.322178e-02 -6.547161e-03 -1.454694e-01 -1.422208e-01
6.826811e-02 4.765878e-01 -1.131772e-01 -5.066324e-02 9.798586e-02 1.295386e-01 1.983682e-01 -6.253939e-02
-5.206572e-02 2.953151e-01 -1.400523e-01 9.773294e-02 -1.071349e-01 3.868118e-01 1.618485e-01 -1.217738e-01
-9.933749e-02 -3.237197e-02 -1.137198e-01 2.952386e-01 -1.107358e-01 -8.603124e-02 -1.305254e-01 -5.825807e-02
-7.594120e-02 -4.860774e-03 -9.088114e-02 2.847275e-01 -4.909061e-04 -3.838175e-03 -2.315841e-01 -1.744048e-01
-2.081523e-02 2.317801e-01 -1.380334e-01 -8.519357e-02 1.419008e-02 2.188548e-02 3.842945e-01 -5.059786e-02
-6.898116e-02 -4.040083e-02 -7.327982e-02 -1.017968e-01 2.222578e-01 1.811546e-02 5.162400e-01 -1.011288e-01
-1.306092e-01 -1.032104e-01 -4.762285e-03 1.586003e-01 -8.350434e-02 -8.486067e-02 -1.299613e-01 -1.107909e-01
1.497129e-01 3.115609e-02 -2.837839e-02 -1.562835e-02 3.622237e-01 1.287442e-01 3.105771e-01 2.226888e-03
-9.150992e-02 -7.947394e-02 -1.167812e-01 3.390967e-02 -1.030926e-01 3.036888e-01 2.243846e-01 -1.047157e-01
-9.817002e-02 4.097908e-01 -7.945395e-02 2.809524e-01 -1.106884e-01 -5.605007e-02 -1.364435e-01 -9.328734e-02
1.729772e-01 1.673201e-01 -1.059238e-01 -4.815533e-02 1.870877e-01 1.544147e-01 1.892221e-01 -8.489344e-02
-1.080423e-01 -5.691994e-02 2.459308e-01 6.018961e-02 -7.752178e-02 -4.448589e-02 -1.191848e-01 -9.919655e-02
-1.307812e-01 -3.540139e-02 -8.889782e-02 -1.049602e-01 4.684368e-02 -2.809207e-02 -9.330135e-02 -4.832772e-02
-1.610635e-02 -9.655531e-02 -1.292685e-01 2.418827e-01 -1.164133e-01 -1.053988e-01 2.840210e-01 -8.961355e-02
3.540899e-01 2.493550e-02 -1.604488e-01 -1.735411e-01 -1.773895e-01 -1.034907e-01 -1.369664e-01 -1.820648e-01
1.405722e-01 -8.066363e-02 -1.049729e-01 -9.829497e-02 -3.003441e-02 1.927269e-01 -1.597012e-01 9.543829e-02
3.106190e-01 -1.396302e-01 -7.469172e-02 -1.202470e-02 3.876622e-03 -1.847328e-01 -1.164090e-01 2.968637e-01
-1.172030e-01 -4.899032e-02 -1.055812e-01 -1.280738e-01 -5.194642e-02 -7.916726e-02 5.340608e-01 -1.270895e-02
3.558381e-01 -6.964961e-02 -1.562570e-01 -1.472600e-01 -9.708544e-02 -1.408696e-01 -7.016926e-02 1.763763e-01
-8.257083e-02 -2.349901e-02 -1.722045e-01 -8.718328e-02 5.911129e-02 -1.038015e-01 -9.192885e-04 -1.644227e-01
1.228115e-02 -6.855386e-02 -2.800410e-01 -5.000474e-02 -2.627967e-01 -5.080067e-02 2.631572e-01 -3.227517e-02
-1.043775e-01 3.803246e-01 -3.085368e-02 2.206462e-01 -4.119188e-02 -1.740152e-01 -8.444538e-02 2.162505e-02
-5.140589e-02 -5.315645e-02 -1.044892e-01 -8.791019e-02 1.297531e-01 -9.258632e-02 -8.691999e-02 -3.560388e-02
2.446748e-02 -5.925239e-02 -3.805472e-01 5.770257e-02 -2.986861e-01 -8.355214e-02 1.146766e-01 -2.265087e-01
1.131790e-01 -1.159427e-02 -2.373975e-01 -1.369971e-01 -7.039922e-02 -9.392384e-02 -5.472630e-03 -5.965143e-02
4.271056e-02 -1.030806e-01 -1.252081e-01 1.080992e-01 -8.522942e-02 -9.584025e-02 5.833437e-01 2.927393e-02
-8.911846e-02 -5.197784e-02 1.206481e-02 -9.922905e-02 7.546359e-02 1.842954e-01 -9.654791e-02 -1.136986e-01
1.744634e-01 -6.874309e-02 -1.039734e-01 -1.103160e-01 -1.525499e-02 -9.271459e-02 -1.156182e-01 3.992347e-02
4.668844e-01 -6.900799e-02 -9.654232e-02 -1.010195e-01 -1.259877e-01 -1.358128e-01 -7.855359e-02 -8.601037e-03
-1.348526e-01 -1.303971e-01 -8.919036e-02 -5.458727e-02 2.559483e-01 -7.000707e-02 -1.236225e-01 -9.208483e-02
6.033756e-01 -1.333859e-01 2.035519e-01 -8.378208e-02 -4.306282e-02 -1.187387e-01 1.419572e-01 3.653721e-02
-2.325939e-01 -1.910188e-01 1.456148e-01 -6.689469e-02 -6.192775e-02 -6.141222e-02 -8.642294e-02 9.706788e-02
-1.180300e-01 -1.194829e-01 -1.218199e-01 2.371559e-01 2.833097e-01 2.978460e-01 -1.433433e-01 -9.484810e-02
3.554738e-01 -3.509032e-01 5.864947e-02 -1.086080e-01 9.114609e-02 2.666523e-02 1.112096e-01 9.290710e-02
-1.537800e-01 -9.866752e-03 3.291102e-01 1.195849e-01 -1.493158e-01 -7.906896e-04 -2.293463e-01 -2.460777e-02
-1.409320e-01 -4.440834e-02 -1.135691e-01 2.726145e-01 3.177997e-01 -1.172808e-02 -2.130339e-01 -9.702557e-02
-2.767273e-01 -1.520403e-01 -1.030806e-01 1.075094e-01 2.503168e-01 -9.945700e-02 -2.072103e-01 -5.728251e-02
-1.020995e-01 -1.168050e-01 2.247930e-01 -8.030095e-02 -2.948709e-02 -1.086848e-01 -1.478147e-01 -1.484781e-02
-1.935801e-01 -2.364093e-01 -1.833383e-01 -6.321490e-03 1.840599e-01 2.739775e-01 -2.973857e-02 -1.734182e-02
-2.480336e-01 -1.075951e-01 -1.278130e-01 -1.180557e-02 2.853823e-01 3.612891e-02 -4.345512e-02 3.502458e-02
-2.754755e-01 -3.947995e-01 -2.756879e-02 -1.174460e-01 -3.244256e-03 -2.510203e-02 -1.273107e-01 1.937610e-02
-6.029091e-02 -4.658581e-02 -1.575199e-01 -7.092197e-02 2.443403e-01 2.454091e-01 5.355121e-02 2.789017e-02
3.207501e-01 -1.552217e-01 3.042433e-01 4.104967e-02 4.300578e-02 -8.248958e-02 2.294935e-02 -8.758248e-02
-1.341689e-01 -1.012788e-01 -1.536331e-01 -1.695703e-01 2.006314e-01 9.355984e-02 5.909796e-02 8.601669e-02
-1.495301e-01 -1.167208e-01 -1.369179e-01 5.861180e-02 3.200236e-01 1.378495e-01 -1.113751e-01 -8.738505e-02
-6.761678e-02 1.085156e-01 2.644842e-01 -1.240870e-02 3.331748e-01 3.755446e-02 -3.109483e-02 9.504183e-02
4.059727e-01 -7.950430e-02 -8.329326e-02 3.997924e-01 3.059992e-01 1.944480e-01 -7.530138e-02 -1.447501e-01
1.684371e-01 -1.743680e-01 7.012926e-02 2.571463e-01 2.626676e-03 2.185702e-03 6.963128e-03 -2.584367e-02
-6.255661e-02 -8.966781e-02 1.351446e-01 -6.516321e-02 -9.521405e-02 -1.046037e-01 -2.164426e-02 -7.883304e-02
-3.068591e-02 -9.306819e-02 2.469544e-01 5.279375e-02 5.532827e-01 -5.016077e-02 -8.376317e-02 -1.067672e-01
2.388552e-01 8.978373e-02 1.433979e-03 2.985308e-01 2.623645e-01 1.541205e-01 -6.901900e-02 3.152261e-02
5.761715e-01 -1.089763e-01 -1.171371e-01 5.647691e-02 -9.901855e-02 1.189250e-01 1.303693e-01 -1.377333e-01
1.396814e-02 -9.095675e-02 3.780562e-01 1.143237e-01 2.785420e-01 -4.318205e-02 4.149653e-02 -1.379566e-02
2.658464e-01 -8.639085e-02 -7.365909e-02 1.046376e-02 -8.230734e-02 9.724267e-03 -3.925958e-02 -6.720537e-02
2.218300e-01 -1.012512e-01 5.362128e-02 3.548719e-01 5.151443e-01 9.248602e-02 -7.599443e-02 -1.461576e-01
4.117903e-01 -1.633760e-01 -2.496224e-02 4.071015e-01 1.075735e-01 8.096587e-02 2.545426e-02 -1.847399e-01
-1.948646e-02 2.596913e-02 8.214241e-02 -7.121075e-02 -6.870538e-02 -3.969128e-04 -9.595602e-02 3.993389e-01
4.118797e-01 -7.082909e-02 5.424771e-03 -2.005913e-02 -9.956748e-02 -6.650398e-03 2.494030e-01 -8.432518e-02
-4.634896e-02 -1.117250e-01 2.348119e-01 1.741638e-01 1.080339e-02 -5.435829e-03 -4.857676e-03 2.760165e-02
-7.751535e-02 -8.516316e-02 1.299702e-01 -7.611011e-02 3.212073e-01 -9.091377e-02 -6.965839e-02 -1.366548e-01
2.785437e-01 -1.176139e-01 2.873606e-02 4.094606e-01 2.648735e-01 -3.142275e-02 4.640317e-02 -1.092370e-01
-1.440463e-01 -3.224231e-02 -8.748343e-02 -1.167165e-01 3.442788e-02 -3.271485e-02 -9.819620e-02 -4.839025e-02
-5.433282e-02 8.327365e-02 7.116435e-02 2.593203e-01 -7.066880e-02 -1.222794e-02 -1.852674e-01 -1.741817e-01
-3.010404e-02 2.030469e-02 -6.904542e-02 -1.002906e-01 1.987362e-02 -2.105547e-02 3.671165e-01 -6.687938e-02
-5.304625e-02 3.181355e-01 -1.424356e-01 8.501101e-02 -1.585239e-01 3.925557e-01 2.022685e-01 -9.069598e-02
-8.912420e-02 3.027903e-01 -1.073309e-01 3.759218e-01 -5.550874e-02 -4.853965e-02 -1.811452e-01 -1.164611e-01
3.479788e-02 1.054593e-01 -1.390549e-01 -2.923844e-02 2.613056e-01 6.474701e-02 4.852796e-01 -1.134095e-01
-1.316619e-01 -1.048548e-01 -1.260592e-03 2.020138e-01 -7.814262e-02 -8.535433e-02 -1.546758e-01 -1.082832e-01
-1.082224e-01 -6.109819e-02 -1.728460e-01 4.508113e-02 -1.479764e-01 3.265272e-01 2.625752e-01 -6.199515e-02
-8.416799e-02 8.236137e-03 -1.294392e-01 3.579340e-01 -7.490130e-02 -7.836460e-02 -1.676963e-01 -6.684769e-02
-1.280356e-01 -1.562126e-01 5.153095e-02 -4.745137e-02 -1.425692e-01 2.559568e-01 3.139758e-01 -6.267629e-02
1.937439e-01 1.601638e-01 -1.033235e-01 -5.137213e-02 2.010265e-01 1.937155e-01 2.256637e-01 -1.152921e-01
-1.058315e-01 -9.539376e-02 2.578710e-01 8.492612e-02 -8.415209e-02 -3.550046e-02 -1.310004e-01 -8.037462e-02
-6.524670e-02 -1.077643e-01 1.814757e-02 -7.804447e-02 2.546205e-01 -1.696882e-02 5.309839e-01 -7.979099e-02
-7.166626e-02 1.367698e-02 -8.230837e-02 2.930579e-01 2.407629e-02 1.599686e-02 -2.709193e-01 -1.802941e-01
5.919456e-02 3.765633e-01 -1.467085e-01 -5.102059e-02 6.478321e-02 8.389874e-02 2.645504e-01 -6.979171e-02
1.600386e-01 1.027073e-02 -2.216377e-03 -7.526732e-03 3.645361e-01 1.293147e-01 3.356261e-01 2.546038e-03
-1.570279e-01 2.420748e-01 1.511153e-02 4.719429e-01 -2.216543e-02 -1.615697e-01 -1.082892e-01 -1.863700e-02
1.446881e-01 -6.821310e-02 -1.761010e-01 -1.027972e-01 -7.337403e-02 -1.275670e-01 -2.832601e-03 -3.663916e-02
3.173576e-02 -5.083368e-02 -3.838557e-01 6.406383e-02 -3.171327e-01 -9.212207e-02 1.240501e-01 -2.488472e-01
-9.108490e-02 -6.604981e-02 -1.354459e-01 -7.465119e-02 8.719877e-02 -9.641528e-02 7.411565e-03 -1.401974e-01
-5.724092e-03 -1.026260e-01 -1.854520e-01 2.283149e-01 -1.779369e-01 -9.645244e-02 2.593721e-01 -1.436679e-01
3.292694e-01 -1.358462e-01 -6.675745e-02 -3.103899e-02 -3.461134e-02 -1.876608e-01 -1.106726e-01 2.386060e-01
1.369775e-01 -1.284781e-01 -4.431746e-02 -6.573194e-02 -2.069290e-02 1.756557e-01 -1.296467e-01 1.022731e-01
-2.816614e-02 -7.021890e-02 -2.479227e-01 -8.453220e-02 -2.651417e-01 -8.293007e-02 3.317719e-01 -8.754469e-02
1.134150e-03 -1.335303e-01 -8.839748e-02 1.094642e-01 -1.234469e-01 -1.108359e-01 5.139224e-01 3.432794e-02
-1.405238e-01 -7.638197e-02 8.980609e-03 -7.850081e-02 8.333433e-02 1.881761e-01 -6.525952e-02 -1.250331e-01
3.216507e-01 -5.179736e-02 -1.556453e-01 -1.311301e-01 -1.557916e-01 -1.267629e-01 -4.806413e-02 1.017827e-01
3.843374e-01 4.404231e-03 -1.259638e-01 -1.653120e-01 -1.898095e-01 -9.742792e-02 -8.923600e-02 -1.825180e-01
4.621796e-01 -1.020810e-01 -5.456161e-02 -6.415714e-02 -1.408627e-01 -1.296025e-01 -8.656795e-02 2.024863e-02
-1.248088e-01 4.840440e-01 -1.940846e-02 6.742655e-02 -4.716946e-02 -1.374967e-01 -4.916887e-02 6.665970e-02
5.904457e-02 4.270138e-02 -1.348426e-01 -2.008063e-01 -6.272398e-02 1.259391e-04 -4.296723e-02 -1.744641e-01
1.943245e-03 -1.004745e-01 -8.904414e-02 -4.481632e-02 1.104711e-01 -1.201962e-01 -1.105745e-01 4.489216e-02
3.391970e-01 -1.164490e-01 3.375411e-01 6.756158e-02 2.622575e-02 -1.049274e-01 4.534850e-02 -6.612984e-02
-1.965461e-01 -1.069846e-01 -1.217909e-01 1.204318e-01 3.316321e-01 1.049010e-01 -1.340989e-01 -5.279735e-02
-1.823060e-01 -1.281419e-01 2.623180e-01 -1.455622e-02 -7.874274e-02 -1.761820e-01 -1.205270e-01 1.839975e-02
-1.446710e-01 -1.091875e-01 -1.668814e-01 -3.759430e-03 2.521163e-01 2.757559e-01 5.191489e-03 -1.878720e-02
5.760974e-01 -8.187006e-02 2.233916e-01 -1.193742e-01 -8.638249e-02 -7.819869e-02 1.626449e-01 4.493765e-02
-2.859977e-01 -3.548573e-01 -1.999436e-02 -1.197809e-01 -2.426389e-03 -3.691161e-02 -1.374337e-01 1.772230e-02
3.671820e-01 -3.029441e-01 6.479533e-02 -1.193640e-01 7.049096e-02 2.646721e-02 1.249784e-01 8.501585e-02
-2.503524e-01 -1.022368e-01 -4.521880e-02 -3.312097e-03 2.356800e-01 -1.350790e-01 -1.825092e-01 -6.642961e-02
-1.901303e-01 -6.476745e-02 -1.262785e-01 4.133957e-04 3.254837e-01 4.696766e-02 -5.471539e-03 4.246347e-02
-1.648066e-01 -7.908456e-02 -9.988099e-02 -1.244359e-01 1.828733e-01 1.130759e-04 -2.084068e-02 2.668901e-02
-6.037936e-02 -2.525851e-02 -1.653488e-01 -1.344245e-01 2.359060e-01 1.943353e-01 1.156920e-01 6.245281e-02
-1.477246e-01 1.413221e-02 2.886994e-01 1.396863e-01 -1.247920e-01 -3.224988e-02 -2.858314e-01 -1.072205e-01
-1.254710e-01 -9.711198e-02 -1.006332e-01 2.399676e-01 2.719104e-01 2.853622e-01 -8.950134e-02 -6.414046e-02
-1.736396e-01 -6.990042e-02 -1.199929e-01 2.375409e-01 3.019238e-01 -3.668522e-02 -2.442984e-01 -1.077788e-01
-1.658546e-01 3.980156e-02 4.042281e-01 5.726614e-02 -1.887899e-01 -3.464130e-03 -1.223060e-01 7.098645e-02
-2.072842e-01 -1.093773e-01 1.464272e-01 -8.628746e-02 -7.083444e-02 -3.105135e-02 -4.626064e-02 1.084085e-01
-3.491951e-02 4.303294e-02 7.361494e-02 -7.088735e-02 -5.660690e-02 -7.108746e-03 -8.113530e-02 3.271210e-01
2.822816e-01 -1.156871e-01 -1.387724e-02 3.738402e-01 2.433446e-01 -7.846866e-02 1.042900e-01 -1.177079e-01
-8.211105e-02 1.269094e-01 2.282362e-01 -5.839567e-02 3.395597e-01 3.621477e-02 9.380173e-03 8.628225e-02
2.500964e-01 -6.382929e-02 -8.481055e-02 -1.062186e-02 -9.405087e-02 -9.554995e-03 4.795084e-02 -4.478184e-02
7.955721e-03 -7.827613e-02 3.742513e-01 3.789868e-02 1.668073e-01 -1.076732e-01 2.105330e-02 -5.409219e-02
1.590355e-01 -9.818026e-02 4.795651e-02 3.190985e-01 4.021298e-01 -1.075502e-02 1.226755e-02 -9.994084e-02
-9.301990e-03 -8.164982e-02 3.203484e-01 1.095432e-01 3.465546e-01 -1.980692e-02 9.739081e-02 9.345175e-03
5.286533e-01 -7.965428e-02 -1.305955e-01 3.253488e-02 -1.028432e-01 8.583373e-02 1.568267e-01 -1.179583e-01
4.013185e-01 -6.849509e-02 -1.162991e-01 3.675572e-01 2.012541e-01 1.655826e-01 -5.258430e-02 -1.146785e-01
-5.151695e-02 -1.185116e-01 2.166083e-01 1.680600e-01 -1.087358e-02 -1.258790e-02 1.810500e-02 1.404479e-02
-5.480894e-02 -3.328259e-02 1.399356e-01 7.922081e-03 4.407246e-01 -6.022213e-02 -1.569039e-02 -5.079230e-02
3.126600e-01 -1.194650e-01 -9.403852e-02 3.899398e-01 3.475733e-01 6.128114e-02 -1.080053e-02 -1.112130e-01
1.595949e-01 -1.658673e-01 4.590066e-02 2.402484e-01 1.234086e-02 -1.712022e-02 3.115251e-02 -3.327228e-03
-5.722109e-02 -8.326621e-02 1.363220e-01 -7.887768e-02 -1.011605e-01 -1.054722e-01 3.854929e-03 -4.646734e-02
2.482587e-01 6.949417e-02 -6.114405e-02 2.714507e-01 3.097109e-01 1.482514e-01 -1.120503e-01 1.666559e-02
4.035910e-01 -1.532962e-01 -2.571606e-02 3.672858e-01 8.489387e-02 6.617172e-02 5.670584e-02 -1.864920e-01
