4 5 8 32 32
-1.148701e-01 -7.154868e-02 -5.551394e-02 1.262506e-01 6.984106e-02 -1.855518e-02 -1.796663e-01 -6.505932e-02
-1.576507e-01 -1.828073e-01 3.354787e-03 -1.349518e-01 1.093148e-01 2.276457e-01 1.765925e-01 -1.452853e-02
2.435594e-02 2.651537e-01 -3.171666e-01 3.552147e-01 -1.531860e-01 -6.208358e-02 -1.486637e-01 -8.439673e-02
4.642330e-02 4.772157e-01 -3.308184e-01 2.740559e-02 -6.009226e-02 -1.800467e-03 4.195211e-01 -1.728435e-01
-8.077459e-02 -1.531601e-01 -4.195988e-02 2.375251e-03 3.610922e-01 1.450541e-01 3.224170e-01 6.701975e-03
-2.348719e-01 -1.197169e-01 7.478553e-02 9.828067e-02 -2.133739e-02 4.160102e-02 -1.193903e-01 -6.827244e-02
-6.408664e-02 1.795036e-01 -1.999448e-01 2.945681e-01 7.448658e-02 1.186552e-02 -2.987578e-01 -1.296583e-01
-1.302078e-01 -6.800717e-02 -1.202353e-01 1.125458e-01 -6.789453e-02 4.328716e-01 1.163837e-01 -1.752575e-02
-1.578819e-01 1.926764e-01 -3.678282e-01 1.712648e-02 -7.312823e-02 1.089236e-04 3.616016e-01 -2.120823e-01
-1.702447e-01 1.841912e-01 -1.159868e-01 8.283895e-02 -1.632214e-01 4.331805e-01 9.361109e-02 -2.001922e-01
-8.973761e-02 -3.529851e-02 -3.586880e-02 -1.954361e-02 1.586898e-01 -6.478953e-02 5.630028e-01 -1.902447e-01
-8.487145e-02 -2.904504e-02 6.169311e-02 2.293996e-01 -5.617812e-02 -1.508847e-01 -3.470994e-02 -1.477571e-01
-1.825772e-01 9.742071e-02 2.331056e-03 1.334398e-01 -2.256503e-02 -5.945431e-02 -6.146755e-02 -9.104227e-02
-2.760584e-02 1.554535e-02 -1.654305e-01 3.204257e-01 -5.764303e-02 1.122739e-01 -2.075826e-01 -6.140137e-02
-6.354263e-02 4.000484e-01 -2.819296e-01 4.785092e-01 -1.962661e-01 -7.432454e-02 -9.944414e-02 -9.582639e-02
-1.090560e-01 -9.583092e-02 -1.044606e-01 -3.213732e-02 -1.052368e-01 2.039788e-02 -9.611709e-02 -1.394685e-01
-3.251673e-02 -8.408525e-02 -1.197183e-01 4.476104e-02 3.559162e-01 1.500735e-01 8.714259e-02 -4.723818e-02
-6.102821e-02 6.935520e-02 -2.845307e-01 4.132382e-01 -4.873487e-02 -4.082236e-02 -1.123947e-01 4.811658e-02
-2.009483e-01 1.303873e-03 -2.970800e-01 5.779874e-02 -9.439382e-02 3.914560e-01 1.886919e-01 -2.502710e-02
1.313385e-01 1.849532e-01 -1.341502e-01 6.025312e-02 2.633876e-01 1.679682e-01 3.326008e-01 -1.112145e-01
-3.014462e-02 1.900196e-01 -1.154899e-01 -6.783699e-02 9.528923e-02 -2.516662e-02 4.621345e-01 -1.780131e-01
-9.918431e-02 -1.603930e-01 -9.180543e-02 1.866579e-02 3.003529e-02 2.477634e-01 1.522375e-01 -1.718502e-01
-8.709010e-02 -1.330524e-01 -1.739860e-01 1.110790e-01 -1.505740e-01 1.403989e-02 -1.450485e-01 -3.931214e-02
-6.649100e-03 3.290029e-01 -2.204608e-01 3.296939e-01 -6.726667e-02 -1.333836e-03 -2.388511e-01 -1.667930e-01
-2.058243e-01 -1.384049e-01 -2.571018e-01 -5.998342e-02 9.316273e-02 -7.396705e-02 -7.255305e-02 -1.231048e-01
1.733801e-02 2.005932e-01 -1.012697e-01 3.427226e-01 -4.506316e-02 -1.244712e-01 -1.278661e-01 -1.562444e-01
-2.026737e-01 2.288552e-01 -5.942413e-02 1.755596e-01 5.242471e-02 -8.673452e-02 -2.006446e-01 -1.298937e-02
-1.989236e-01 -7.270671e-02 2.291708e-01 9.071286e-03 3.747257e-03 4.582104e-02 -5.647410e-02 -1.112988e-01
-1.577960e-01 -9.497477e-02 -1.903292e-01 -3.187874e-02 -3.328361e-02 -3.888302e-02 3.485682e-01 -1.738043e-01
9.774959e-02 3.480285e-01 -1.058280e-01 -2.229057e-01 4.128403e-01 7.222122e-02 1.285517e-01 3.791355e-02
-1.055856e-01 2.015760e-01 1.970993e-02 -4.194298e-02 -8.438332e-02 4.171706e-01 2.190556e-01 -2.352376e-01
-1.677490e-01 -1.872322e-01 -1.200540e-02 -6.335682e-02 2.000771e-01 1.005790e-01 -1.408311e-01 5.759567e-02
4.387412e-01 -5.300068e-02 -1.639843e-01 -5.423612e-02 -5.978028e-02 -2.544124e-01 -2.383758e-01 3.243302e-01
-1.240936e-01 -4.753080e-02 -1.880943e-01 1.867320e-02 1.366290e-01 -2.403788e-01 -6.595135e-02 -1.210857e-02
3.451072e-01 5.388030e-02 -2.733978e-01 -2.096896e-01 -1.948458e-01 -1.184472e-01 -8.197024e-03 -1.317029e-01
1.812266e-01 -7.352597e-03 -1.910079e-01 5.807705e-02 -2.451387e-01 -1.085390e-01 4.585334e-01 1.046653e-01
1.052750e-01 6.308510e-01 -2.478943e-01 -1.276045e-01 -1.362866e-01 -1.060228e-01 -8.088589e-02 1.574879e-01
-6.611014e-02 5.967169e-02 -7.480022e-02 5.684311e-02 5.168643e-02 -2.953315e-01 -1.488987e-01 6.777599e-02
1.753540e-02 -1.998649e-01 -4.305941e-01 -6.727453e-02 -3.633587e-01 -1.027294e-01 4.595543e-01 4.889186e-02
-1.248451e-03 7.939894e-02 -2.030403e-01 2.666898e-01 -1.524018e-01 -3.561538e-01 4.217820e-01 -1.661746e-02
1.941822e-01 -1.298262e-01 -8.481824e-02 -1.663648e-01 -1.193961e-01 -2.059012e-01 -7.203344e-02 -1.327685e-01
-2.789840e-01 4.798142e-02 -3.154758e-01 -2.257054e-02 -8.638658e-02 -1.721232e-01 4.868890e-01 -1.092809e-01
9.607002e-02 8.808128e-02 -2.208843e-01 -2.121052e-01 -1.437537e-01 3.768109e-02 -3.023449e-02 -2.209509e-01
2.538729e-02 4.171741e-02 -3.771142e-01 -1.510323e-01 -1.295573e-01 -9.033587e-02 7.362314e-02 -1.524465e-01
9.453852e-02 1.625728e-01 -2.752138e-01 2.855357e-01 6.347904e-03 -2.243989e-01 -4.005433e-01 -7.655963e-02
-4.947411e-02 -3.092374e-02 -1.978055e-01 -5.857288e-02 -5.520794e-02 -4.926159e-02 2.929907e-02 -1.628267e-01
5.923402e-02 -1.067317e-01 -2.127402e-01 -3.351619e-02 7.731374e-02 -2.655559e-01 9.177314e-02 9.336039e-02
1.556127e-01 -2.446708e-02 -1.697438e-01 -4.107718e-02 9.193066e-02 2.100889e-02 -2.923312e-01 1.660931e-01
3.462098e-01 -8.067305e-02 -2.253768e-01 -2.005108e-01 -6.020634e-02 -2.305918e-01 1.406326e-02 2.028366e-01
-1.578647e-01 3.583058e-02 -2.431079e-01 -2.257165e-01 -3.306760e-01 5.674308e-02 3.902373e-01 -1.949531e-01
8.656093e-02 2.068137e-02 -4.970155e-01 -3.086830e-02 -2.648530e-01 -1.618781e-02 3.375408e-02 -1.631192e-01
1.294963e-01 -1.005030e-01 -1.035177e-01 1.574336e-02 3.963149e-02 -2.682486e-01 -6.281628e-02 1.075540e-01
3.029974e-01 -4.976918e-02 -1.409193e-01 -6.912169e-02 -1.589051e-01 -2.827213e-01 -1.246266e-01 -2.278462e-01
-1.901114e-01 -7.067323e-02 -2.062133e-01 1.118871e-02 1.549491e-01 -3.407746e-01 -2.455670e-02 2.413756e-02
3.715791e-01 1.265619e-01 -1.822148e-01 -2.070585e-01 -2.517636e-01 -1.075909e-01 -2.189398e-01 -2.745429e-01
-7.801389e-02 1.908937e-02 -9.788954e-02 7.371486e-02 1.993711e-01 -2.717909e-01 -2.001324e-01 2.275194e-02
1.946440e-02 -5.111096e-02 1.675581e-01 9.545247e-02 2.467634e-01 -2.908599e-01 -5.704664e-02 1.871826e-01
-9.042424e-02 9.447869e-02 -3.144919e-01 -2.727014e-01 -1.513428e-01 5.177830e-02 2.725549e-01 -1.341368e-01
5.749881e-01 -5.403411e-02 -1.702998e-01 -1.533172e-01 -6.424172e-02 -1.824141e-01 -2.436571e-01 1.653364e-01
3.552402e-01 -2.097520e-01 -4.428158e-02 2.367923e-01 2.225918e-02 -2.917216e-01 -9.278876e-02 3.135288e-01
-8.340621e-02 -8.496476e-03 -1.744731e-02 -2.878793e-02 3.671269e-02 9.149232e-02 -1.368728e-01 -2.957435e-02
-1.613320e-01 3.602200e-01 -1.074125e-01 3.221589e-01 5.184707e-02 -3.845143e-01 1.129702e-02 1.522689e-02
-1.967492e-01 3.600609e-03 -2.540904e-01 -1.137404e-01 -1.564497e-01 -2.877510e-01 6.876369e-01 -6.107044e-03
2.551995e-03 1.634080e-01 -2.307056e-01 -2.132314e-01 -3.064805e-01 1.125779e-01 1.942137e-01 -7.179201e-02
-2.683014e-01 -1.013099e-01 2.664644e-01 2.715113e-01 -1.320052e-01 5.494753e-03 -3.436109e-01 -1.160843e-01
-8.581951e-02 -2.109046e-02 -2.107957e-01 1.202281e-01 5.162643e-01 2.984536e-01 -8.802825e-03 1.138139e-02
4.282406e-01 -2.227991e-01 -3.160662e-04 -2.913031e-02 2.614689e-01 2.601792e-02 1.278618e-01 2.813789e-01
-1.685384e-01 -4.522094e-02 3.528269e-01 -2.589177e-01 -2.562054e-01 -6.844129e-02 -8.502150e-02 -1.641031e-01
-3.980718e-01 1.966044e-01 8.383773e-02 -2.164313e-01 1.273052e-01 -1.230620e-02 -1.109283e-01 1.267355e-01
-1.417629e-01 -1.035337e-01 -6.711109e-02 2.056466e-01 2.656163e-01 3.655609e-01 -2.271138e-01 -4.737891e-02
5.369172e-01 -2.820748e-01 -3.121790e-02 7.479043e-02 1.764756e-01 2.691722e-01 4.901542e-01 1.967309e-01
-3.607811e-01 -3.155492e-01 -1.906998e-01 -2.142735e-01 5.941261e-02 1.112827e-01 -6.937648e-02 2.840197e-02
-4.352630e-01 -1.754625e-01 4.012176e-02 1.186530e-02 2.368404e-01 -2.076260e-01 -2.414431e-01 5.290427e-02
-2.141057e-01 -1.095281e-01 -5.018838e-02 -1.324185e-01 1.828540e-01 -3.773532e-02 -2.003818e-01 -7.765996e-02
-1.788397e-01 1.955915e-02 -2.245707e-01 -1.065457e-01 3.358520e-01 3.823553e-01 -2.924413e-02 -6.761536e-03
-3.238156e-01 -1.340879e-01 2.753432e-02 -1.171182e-01 -7.292746e-03 7.989592e-02 -3.777173e-02 2.480341e-01
-3.356135e-01 6.208410e-03 2.117577e-01 -7.009932e-02 -7.545746e-02 1.318986e-01 -1.190825e-01 1.979012e-01
-2.779903e-01 -8.864323e-03 -1.759403e-01 -4.637111e-01 -1.328079e-01 1.118472e-01 4.154077e-02 -7.820281e-02
-2.537498e-02 -1.566259e-01 -2.027898e-01 4.164438e-01 3.841643e-01 2.170704e-02 -2.708792e-01 1.103231e-01
-2.509061e-01 -1.167694e-01 -1.242677e-01 -8.280024e-02 3.586429e-01 1.921122e-01 -2.143546e-01 -8.302426e-02
-2.906400e-01 -3.155063e-02 -3.098197e-01 -3.821155e-01 1.096648e-01 1.308395e-01 -6.585575e-02 9.222740e-02
-1.386250e-01 -6.750666e-02 -1.468110e-01 2.168394e-01 4.820373e-01 1.582699e-01 -2.405165e-01 -8.659940e-02
-3.331350e-01 -2.619371e-01 -2.498995e-01 -5.761234e-02 2.576856e-01 1.677528e-01 -1.982258e-01 -7.669257e-02
1.888674e-01 -4.541652e-01 -6.648406e-02 -2.290723e-01 1.574252e-01 6.876565e-02 1.531894e-01 2.780939e-01
-1.991008e-02 -4.829485e-02 4.681275e-01 -1.313808e-01 8.375309e-02 -1.815464e-01 -1.208015e-01 -1.886586e-01
-2.122635e-01 -2.357255e-01 -1.075414e-01 1.847262e-02 3.639906e-01 1.358397e-01 -2.453352e-01 -1.308186e-02
-2.400820e-01 -8.778684e-02 1.875726e-01 -1.338472e-01 -1.932281e-02 -1.475681e-01 -1.325654e-01 -4.093282e-02
-3.375825e-01 -2.830617e-01 2.303560e-01 1.604527e-02 3.629367e-02 -1.580084e-01 -1.168426e-01 1.344819e-01
-3.275037e-01 -1.451610e-01 -3.766446e-01 -2.842751e-01 -1.469782e-02 3.421825e-01 -6.068541e-02 -7.518369e-03
-3.755012e-01 -1.036398e-01 3.723626e-01 1.077648e-01 -1.355968e-01 3.463515e-03 -2.188900e-01 1.331609e-01
-2.029849e-01 -2.913444e-03 -2.446405e-01 -2.426072e-01 1.559539e-01 3.199070e-01 -2.304184e-01 -2.158573e-02
-3.047720e-01 -2.202176e-01 2.082378e-01 -2.501902e-01 -1.533738e-01 -1.433234e-01 1.262443e-02 6.064775e-02
-3.756476e-01 -5.092857e-01 2.415400e-01 -1.194335e-01 -4.920829e-02 -9.302356e-02 -1.477026e-01 2.745825e-02
-3.183199e-01 3.005362e-01 2.864254e-01 1.510076e-01 -1.471295e-01 -1.929347e-01 -9.402663e-02 -1.380904e-01
-2.181747e-01 -3.598544e-01 4.130412e-01 -5.034669e-02 -9.812976e-02 -1.483985e-01 -1.860319e-01 1.574153e-01
-5.454684e-02 -1.666412e-01 -2.106960e-01 2.018512e-01 3.875619e-01 1.286409e-01 -1.532723e-01 7.531018e-02
5.296927e-03 -2.678636e-01 3.917987e-01 2.103818e-02 -1.455804e-01 -1.610145e-01 -1.278897e-01 -2.455725e-01
2.886208e-01 -5.423057e-02 1.497038e-01 4.931283e-01 3.134227e-01 1.409132e-01 -1.210948e-01 -2.325784e-01
4.271581e-01 -1.425996e-01 -6.646098e-02 1.983894e-01 5.180686e-02 -2.410268e-02 6.804445e-02 -1.388344e-01
1.067234e-01 -6.604591e-02 4.736721e-01 1.980843e-01 3.961422e-01 -1.255111e-03 -7.231516e-02 -1.155133e-01
4.314746e-01 -1.201434e-01 -5.278118e-02 -4.789409e-02 -1.045562e-01 -1.193261e-01 1.396442e-01 -3.462301e-02
6.788419e-02 -8.604853e-02 2.349836e-01 1.032860e-01 5.977394e-01 -6.811338e-02 -2.014061e-01 -7.718983e-02
2.008756e-01 -2.167216e-01 9.744955e-02 5.036602e-01 1.751901e-01 2.420650e-01 -7.293900e-02 -1.663405e-01
4.467317e-01 -1.014506e-01 -2.300978e-02 4.257472e-01 2.795863e-01 2.306554e-01 -1.740766e-01 -3.123451e-01
2.807123e-01 -4.306319e-02 1.797821e-01 4.324856e-01 1.631210e-01 2.370669e-01 -1.989354e-01 -2.198403e-01
-7.427132e-02 8.988199e-02 2.186229e-01 -8.386561e-02 -1.398284e-02 -1.162639e-01 -1.576053e-01 4.300717e-01
3.690266e-01 -1.765655e-01 -1.771988e-01 3.784379e-03 -1.656122e-01 -3.315571e-02 -5.149071e-02 -3.823030e-02
4.430840e-01 -1.229766e-01 -1.203934e-03 3.958950e-01 2.763748e-01 3.974551e-01 -4.433214e-02 -3.448701e-01
-9.362284e-04 -6.687516e-02 2.471017e-01 -4.779952e-02 4.299937e-01 -1.696921e-02 -7.677572e-02 1.346995e-01
5.898477e-01 -1.682163e-01 -1.242791e-01 2.367073e-02 -2.152591e-01 -3.927198e-02 7.165074e-02 -1.698029e-01
-7.180668e-02 -1.545189e-01 2.624063e-01 -3.904448e-03 4.904039e-01 -1.928206e-01 2.130772e-02 -1.369617e-01
3.976895e-01 9.763635e-03 -1.237891e-02 4.190907e-01 1.768982e-01 2.744066e-01 -1.552673e-01 -1.941235e-01
4.403819e-01 -1.349490e-01 -1.582525e-02 3.699180e-01 1.908682e-01 -1.590416e-02 -5.250806e-02 -1.659229e-01
1.896635e-01 -1.172110e-01 2.928934e-01 3.142465e-01 5.757676e-01 4.620772e-03 -1.256989e-01 -1.545731e-01
4.268636e-01 4.291860e-02 1.652036e-01 1.264496e-01 -1.525408e-02 2.249960e-01 1.662956e-02 -8.034812e-02
-1.347375e-02 -1.661126e-01 4.003077e-01 5.442156e-02 4.669449e-01 -1.572765e-01 -9.620948e-02 -3.000529e-02
7.917120e-02 -1.002840e-01 4.973692e-01 6.420829e-02 2.288051e-01 -5.992725e-02 -1.407851e-01 -9.888630e-02
2.928576e-01 -1.726838e-01 5.509032e-02 4.313791e-01 4.128387e-01 3.237136e-01 -1.986173e-01 -3.958757e-01
6.674854e-01 -2.232713e-01 -6.859194e-02 6.416400e-02 -1.555285e-01 2.242971e-02 1.294166e-01 -1.310020e-01
3.033999e-01 1.050087e-01 1.285047e-01 4.751908e-01 2.062093e-01 2.612917e-01 -1.728785e-01 -1.204374e-01
-4.530968e-02 -1.797999e-01 4.059393e-01 8.090716e-02 3.548840e-01 -6.202583e-02 1.033165e-02 -1.372658e-01
2.404977e-01 -5.077095e-02 1.438116e-01 2.122609e-01 3.327919e-01 -3.903852e-02 -6.814343e-02 -8.754054e-02
1.697571e-01 -2.237445e-01 2.440591e-01 1.672140e-01 -7.434110e-02 5.240588e-02 -2.305229e-01 2.867791e-02
1.029098e-01 -1.443048e-01 3.148947e-01 -2.010828e-01 -2.274204e-01 -1.569201e-01 1.615366e-01 -8.364400e-02
-1.908754e-01 6.282471e-02 3.200212e-01 -8.785337e-02 3.421487e-01 2.558919e-03 -2.490430e-01 1.397935e-01
3.645594e-01 -2.205115e-01 -4.925893e-02 3.618794e-01 1.115366e-01 1.654138e-01 6.454203e-02 -2.736667e-01
1.570533e-01 -1.774248e-01 4.175155e-01 2.886133e-01 3.527876e-01 1.859375e-02 1.332345e-02 -4.159852e-02
-1.222868e-01 -5.202651e-02 3.186432e-01 4.282746e-03 -1.468506e-01 -1.459027e-01 -1.444700e-01 2.675231e-01
-9.867615e-02 1.051589e-01 2.888007e-02 3.056606e-01 -4.147817e-02 -1.759754e-02 -1.690533e-01 -1.779817e-01
1.293578e-02 -1.939939e-02 -7.947697e-02 1.386551e-02 2.458535e-01 3.041840e-02 4.029244e-01 -6.919464e-02
-1.280462e-01 -2.237133e-02 -1.126901e-01 2.858791e-01 -6.069852e-02 -4.973293e-02 -1.565479e-01 -9.334294e-02
-1.551369e-01 -1.368613e-01 3.115344e-02 7.540328e-02 -9.537128e-02 -5.794810e-02 -1.212137e-01 -6.799992e-02
-1.361115e-01 -7.362928e-02 -1.605472e-01 2.262582e-02 -2.334985e-01 2.514586e-01 3.165684e-01 -2.728201e-02
-1.583333e-01 -9.159134e-02 1.382141e-01 -1.656656e-01 1.522740e-01 -3.187259e-02 4.027830e-01 -5.831501e-02
-7.478568e-03 3.923566e-02 -1.130825e-01 -7.580136e-02 3.644373e-02 -1.408795e-02 4.310780e-01 -8.719006e-02
-9.010565e-02 -1.032451e-01 -6.787487e-02 2.072113e-03 -1.226321e-01 3.748540e-01 2.224746e-01 -8.261852e-02
-1.197484e-01 1.925524e-02 2.050904e-02 3.635087e-02 -1.119704e-01 -8.854027e-02 -1.875532e-01 -1.140112e-01
-1.035892e-01 -1.255821e-01 2.344136e-01 1.578262e-01 -4.990433e-02 -3.507824e-02 -1.140677e-01 -6.735938e-02
3.434755e-03 4.006270e-01 -1.226725e-01 -9.681655e-02 -3.625312e-02 3.023874e-01 2.534820e-01 6.134391e-03
-3.160572e-02 1.168923e-01 -1.247688e-02 2.052184e-01 -5.485795e-02 -2.756589e-02 -2.306645e-01 -1.720791e-01
6.743199e-02 2.550791e-01 -2.034477e-01 -4.398909e-02 4.944154e-02 3.941029e-03 4.012915e-01 -8.981235e-02
-1.180769e-02 -1.801808e-02 8.998898e-02 2.288046e-01 -8.949137e-02 6.928577e-02 -1.947119e-01 -1.956338e-01
-1.141211e-01 4.409974e-01 -9.432100e-02 3.414570e-01 -3.648006e-02 1.454349e-02 -1.689086e-01 -6.965689e-02
-1.037509e-01 -8.985452e-02 1.344436e-01 2.092871e-01 -1.301748e-01 4.954670e-03 -1.300728e-01 -1.448015e-01
-1.963510e-01 1.981945e-01 8.359659e-02 -1.320551e-02 -9.231032e-02 -1.338184e-01 -1.112836e-01 4.356509e-02
5.149063e-02 4.922038e-02 -1.657142e-01 1.478559e-01 4.219482e-02 5.328372e-02 -2.420761e-01 -8.798999e-02
1.054227e-01 1.806138e-01 6.465354e-03 -2.198791e-01 3.250917e-01 2.287967e-01 1.450445e-01 -7.701483e-02
-8.730277e-02 -4.543950e-02 4.912005e-02 1.977815e-01 -1.008572e-01 -4.304983e-02 -1.214868e-01 -1.449077e-01
-7.771286e-02 1.205494e-01 -1.324585e-01 4.980231e-01 -5.168728e-02 -4.723949e-02 -1.575874e-01 -1.683891e-01
1.800226e-01 1.877931e-01 -1.354811e-01 4.400662e-02 2.231340e-01 1.116637e-01 3.706447e-01 -1.186523e-01
-1.298148e-01 -9.303891e-02 -9.249219e-02 1.478979e-01 -7.970924e-02 -9.620313e-02 -1.374404e-01 -1.380047e-02
-5.667732e-02 -4.895180e-02 1.181459e-01 -1.159474e-01 1.557465e-01 2.741425e-01 3.260065e-01 6.545831e-02
-1.164825e-01 -7.745398e-02 -2.565033e-02 -1.132235e-01 4.226624e-02 -1.373498e-01 -5.416993e-02 6.385542e-02
-1.071047e-01 6.241923e-03 -1.573628e-01 -5.818916e-02 8.168694e-02 9.115318e-02 -9.832235e-02 -1.749379e-01
-1.024491e-01 1.980982e-03 -8.384356e-02 3.883522e-01 -7.091749e-02 -6.172756e-02 -1.201510e-01 -9.161558e-02
-7.454185e-02 -1.101546e-01 9.175207e-02 -6.443064e-02 -9.777547e-02 2.438426e-01 3.141609e-01 -1.418212e-01
-1.243613e-01 3.225030e-01 -1.694577e-01 3.666220e-01 -2.034223e-02 -7.706358e-02 -1.869801e-01 -1.481838e-01
-7.276183e-02 1.540219e-01 -1.209319e-01 2.885461e-01 -9.664106e-02 -8.919857e-02 -1.744848e-01 3.534084e-02
-9.762243e-02 2.505269e-01 -1.081135e-01 1.320510e-01 -1.643514e-01 3.960027e-01 1.562385e-01 -2.387386e-02
-6.751341e-03 -6.720888e-02 1.470607e-01 6.523196e-02 -1.442625e-01 6.217832e-03 -1.591831e-01 -1.473186e-01
-1.802129e-01 4.006050e-01 5.931702e-02 3.501032e-01 1.707725e-02 -1.182062e-01 -1.004342e-01 1.472588e-01
2.722881e-01 -7.723487e-02 -1.452235e-01 -2.204463e-01 -1.297287e-01 -5.374503e-02 -6.498615e-02 3.168666e-02
9.124877e-02 -1.386400e-01 -2.001976e-01 1.397019e-01 -1.750379e-01 -1.213818e-01 3.218232e-01 -1.754954e-01
4.582839e-01 -8.055341e-02 9.595061e-04 -9.973175e-03 -1.749984e-01 -7.855107e-02 -1.338381e-02 9.878320e-02
2.204897e-01 -1.370597e-01 -1.962430e-02 -1.978472e-02 1.110584e-01 -1.133434e-01 -2.368621e-01 2.474865e-01
-1.133459e-01 -1.583537e-01 -1.095950e-01 -7.686942e-02 8.444134e-02 1.455998e-01 3.948386e-02 -1.517999e-01
-1.842964e-01 1.377695e-01 -1.405266e-01 2.520047e-01 -1.729160e-01 -1.855959e-02 2.949746e-01 7.702055e-02
-1.337584e-01 -9.710325e-02 -1.387156e-01 -7.824522e-02 1.748035e-01 -1.002405e-01 -8.765881e-02 -1.623574e-01
1.122791e-01 3.601361e-03 -2.250190e-01 -1.385205e-01 -1.001799e-02 -1.609934e-01 1.832781e-02 9.210403e-04
-6.152387e-02 4.797831e-01 5.170713e-03 2.539670e-02 -4.270038e-02 -9.024625e-02 -7.092033e-02 9.597715e-02
-3.406658e-02 -1.615183e-01 -1.467023e-01 -1.028140e-03 -2.061750e-01 -2.013682e-01 5.099573e-01 1.848650e-02
-4.959494e-02 2.478004e-01 1.211912e-03 -1.178494e-01 -2.630839e-03 1.373595e-01 -1.016357e-01 -2.370919e-01
1.521174e-01 -6.664248e-02 -2.722166e-01 3.564632e-02 -1.238150e-01 -3.150378e-02 7.608892e-03 -1.551198e-01
6.252246e-02 -2.465740e-01 -7.481037e-02 1.927627e-01 -6.978620e-02 -1.320205e-01 5.482455e-01 3.656671e-02
-6.604839e-02 -9.511563e-02 6.894929e-02 -1.856691e-02 -5.676929e-02 2.721074e-01 2.628029e-02 -9.591560e-03
-1.622818e-03 -1.149289e-01 -6.379697e-02 -7.673275e-02 1.678080e-01 -1.292889e-02 -1.862842e-01 3.479620e-02
3.304123e-01 1.792469e-02 -1.121306e-01 -1.179698e-01 -1.963764e-01 -4.691342e-02 -1.775981e-01 -2.896314e-01
2.729782e-01 -7.592186e-02 -1.866692e-01 -1.786385e-02 -1.412160e-01 -4.934646e-02 -1.048298e-01 -1.966173e-01
-4.338500e-02 -9.290302e-02 -2.709989e-01 -1.173479e-01 -3.006433e-01 -2.632242e-02 2.185740e-01 -1.483603e-01
-5.001316e-02 -1.099420e-01 -1.427403e-01 -1.694669e-01 -8.493929e-02 -1.204311e-01 5.065610e-01 -7.766623e-02
-3.632263e-02 -9.815423e-02 -1.174252e-01 -9.286363e-02 1.010218e-01 -1.548720e-01 -2.066374e-02 -2.447189e-02
-1.311710e-01 1.759327e-01 3.290835e-02 5.280102e-01 -7.845327e-02 -1.431226e-01 -1.154614e-01 -7.920510e-02
2.342307e-01 -2.059889e-01 -9.302609e-02 -1.407882e-01 -1.206045e-01 1.550876e-01 -7.543544e-02 1.610364e-01
3.546920e-01 -1.105390e-01 -1.237580e-01 -8.491536e-02 -1.336321e-01 -1.600937e-01 6.194812e-02 1.772664e-01
-1.066743e-01 -7.142026e-02 -1.361164e-01 -1.507310e-01 5.155630e-02 -4.556031e-02 2.205191e-02 -1.481804e-01
2.914762e-01 -1.551504e-01 -9.471674e-02 -4.190617e-02 -1.171521e-01 -2.169579e-01 1.128837e-02 2.847694e-01
2.974210e-01 -7.539494e-03 5.701138e-02 -6.464718e-02 -1.508377e-01 7.939515e-02 -1.011680e-01 -8.233147e-02
4.786311e-01 -4.874852e-02 -1.015535e-01 -6.669325e-02 -1.532722e-01 -1.254693e-01 -3.108172e-02 -2.031449e-02
5.240088e-02 -6.198599e-02 2.679945e-01 -8.496271e-02 3.629943e-02 1.875112e-01 -1.507639e-01 3.080937e-02
4.358211e-01 -5.964115e-02 8.330929e-02 1.100654e-01 -1.083297e-01 -2.245395e-01 -1.329245e-01 1.275860e-01
-2.587260e-02 1.100981e-01 -2.114796e-01 -1.184021e-01 -6.609987e-02 -1.962097e-02 1.424556e-01 -1.208361e-01
3.522002e-01 -5.643163e-02 -5.675902e-02 1.817080e-02 -1.042948e-01 -8.862702e-02 -1.383993e-01 8.714975e-02
-2.715672e-01 -2.075295e-01 1.335393e-01 -3.115136e-02 -5.719759e-02 -2.969763e-01 -5.191001e-02 -6.474952e-02
-8.359308e-02 -3.589961e-02 -8.691537e-02 -1.552222e-01 2.109052e-01 2.957028e-01 2.650652e-02 -3.495458e-02
3.844392e-01 -8.066532e-02 3.428485e-01 3.151506e-02 1.843850e-03 -1.352352e-01 2.427858e-01 -1.561441e-01
-2.519850e-01 5.328765e-02 2.485723e-02 -5.540960e-02 2.363141e-01 -1.828780e-02 -1.032561e-01 -2.601297e-02
-1.630047e-01 -1.971705e-01 3.099877e-01 -4.841798e-02 -1.881978e-02 -2.010946e-01 -2.032013e-01 1.577864e-01
-5.669625e-02 -7.235628e-02 -1.205169e-01 -2.927442e-01 6.607507e-02 2.094552e-01 1.171025e-01 8.764431e-02
-1.461319e-01 -4.997893e-02 -2.332966e-01 3.756732e-01 3.232775e-01 2.771291e-01 -4.857805e-02 -9.123702e-02
-9.441576e-02 -1.142538e-01 -1.162722e-01 -7.127548e-03 3.861960e-01 2.149906e-01 -4.755994e-02 -5.635820e-02
4.859712e-01 -1.657397e-01 1.367234e-01 -1.027003e-01 8.961551e-02 4.239147e-02 1.547700e-01 -5.333420e-02
-2.041386e-01 -1.048309e-01 -1.026399e-01 2.205510e-01 3.289882e-01 1.152226e-01 -1.649571e-01 -8.065197e-02
-3.304956e-01 -7.667789e-02 -9.767093e-02 -8.365242e-02 1.089242e-01 -1.146700e-01 -1.871392e-01 -2.279887e-02
5.377910e-01 -6.313989e-02 2.150803e-01 -1.446612e-01 -1.561568e-01 -1.188324e-01 1.172744e-01 6.733249e-02
-1.577692e-01 1.382930e-01 -1.529271e-01 2.215852e-01 1.483428e-01 1.334458e-03 2.267348e-02 2.051091e-01
-2.318877e-01 -1.342199e-01 2.500679e-01 -9.114274e-02 -6.284735e-02 -6.614563e-02 4.315895e-02 2.446741e-01
5.967808e-03 -5.569564e-02 -1.711363e-01 -2.088781e-01 2.025054e-01 2.678251e-01 1.526804e-01 7.505347e-02
-2.610742e-01 2.093515e-02 5.399183e-03 -3.926681e-03 3.088187e-01 -2.557826e-01 -3.505859e-01 -1.503942e-01
-1.672290e-01 -3.154641e-01 2.678502e-01 -3.904872e-02 -7.092408e-02 -1.499665e-01 -1.811564e-01 1.066606e-01
-9.675130e-02 -1.212950e-01 -1.416825e-01 -1.299969e-01 3.061567e-01 1.657627e-01 1.189455e-01 4.233179e-02
-1.722507e-01 -1.595000e-01 -1.020020e-01 1.306895e-02 3.670617e-01 1.818227e-01 -8.908641e-02 -2.651518e-02
-2.718157e-01 -1.825738e-01 -1.471722e-01 -1.244987e-02 1.076972e-01 6.691087e-02 -3.522829e-01 -7.679653e-02
-1.192205e-01 -1.013803e-01 -1.492879e-01 1.071511e-01 3.413244e-01 3.302302e-01 -3.098951e-02 -4.600608e-02
-1.923174e-01 -1.275631e-01 5.907752e-02 -1.554204e-01 1.331354e-01 1.037887e-01 -2.650236e-01 -1.753911e-01
-2.742822e-01 -2.944909e-01 6.895771e-02 6.030064e-02 -6.375445e-02 -3.012213e-01 -1.714583e-01 -4.268646e-03
-4.115100e-01 -1.723026e-01 -1.838039e-01 7.469141e-02 1.807196e-01 -1.151542e-01 -3.170625e-01 8.450168e-03
2.938619e-01 -2.856762e-01 1.174923e-01 1.035501e-01 7.672249e-02 -6.852496e-02 1.162103e-01 -5.770217e-02
-3.570389e-02 7.558393e-02 -1.086603e-01 4.636524e-01 1.774946e-01 1.449188e-02 -2.504167e-01 -9.875422e-02
-2.494740e-02 -2.665713e-01 3.305922e-01 8.631463e-02 -1.415091e-01 -2.575585e-01 -2.133729e-01 -9.390571e-02
-1.654900e-01 -1.456488e-01 -2.523457e-01 1.675137e-02 1.081882e-01 2.692430e-01 2.392358e-02 3.997665e-02
-2.143647e-01 -5.554022e-01 1.441351e-01 -3.393745e-02 -2.673902e-02 -1.783370e-02 -2.741207e-01 6.021580e-02
-2.096728e-01 -7.047442e-02 -6.382744e-02 8.962826e-02 3.227943e-01 3.730635e-02 -1.198163e-01 -1.705214e-01
3.140206e-01 -4.103270e-01 2.296460e-01 1.942524e-01 1.451785e-01 -2.224478e-01 -1.483185e-01 -1.016249e-01
-9.605518e-02 7.974990e-02 4.249403e-01 1.217771e-01 -1.123489e-01 5.053625e-03 -4.033738e-01 -2.171159e-01
1.533743e-01 -2.020769e-01 2.094098e-01 3.517166e-01 3.885091e-01 -4.963086e-02 1.045617e-02 -2.535298e-01
3.562060e-01 -4.802393e-02 -1.125929e-01 4.097460e-01 2.833576e-01 4.125185e-02 3.192348e-02 -1.062088e-01
2.458914e-01 1.229775e-01 2.796595e-02 3.397161e-01 -2.026308e-02 -8.771579e-02 4.349319e-02 -3.091016e-03
4.497885e-01 -1.907673e-01 2.032069e-02 3.238738e-01 6.725948e-02 8.131553e-02 5.486228e-02 -1.984568e-01
4.338973e-01 -5.161542e-02 -4.369610e-02 -6.930368e-03 -1.045923e-02 -8.796557e-02 9.288476e-02 -1.141668e-01
2.105493e-01 1.166439e-02 1.272173e-01 2.935793e-01 2.628227e-01 -8.838234e-02 1.520377e-01 -1.690042e-01
5.008094e-01 -5.065282e-02 -1.432925e-01 3.734811e-01 1.397241e-01 9.753758e-02 -7.680732e-02 -1.303904e-01
7.318813e-02 -8.542368e-02 1.433814e-01 3.938639e-01 4.147345e-01 -1.057322e-01 1.131738e-01 -1.427414e-02
-1.504108e-01 2.779348e-02 1.737902e-01 -4.079093e-02 2.585677e-01 -9.293903e-02 -1.347341e-01 -1.176590e-01
3.936598e-01 -7.870341e-02 -2.218949e-01 -3.694053e-02 -1.218156e-01 -6.114488e-02 -2.116632e-02 9.791151e-02
-1.011533e-01 7.493030e-02 2.198862e-01 7.559133e-02 5.232348e-01 -5.723802e-02 7.127751e-02 1.641002e-02
-1.068418e-01 -2.014260e-01 4.954443e-02 -1.492343e-01 -2.785133e-01 -1.650001e-01 6.506676e-02 9.852659e-03
-8.377513e-02 4.185413e-02 -8.781500e-02 -1.425868e-01 -7.490984e-02 -4.194525e-02 -2.453274e-01 4.874439e-01
-1.203785e-01 -4.856831e-02 2.634397e-01 -2.273203e-01 -1.382682e-01 -7.159639e-02 5.349604e-02 2.786650e-01
1.308024e-01 -3.220915e-01 -1.071092e-01 3.871387e-01 -6.453014e-02 4.781043e-02 2.459122e-02 -1.936773e-01
3.852217e-01 -6.260324e-02 -1.138448e-01 3.429170e-01 1.422043e-01 3.675012e-02 -9.774211e-02 -5.940076e-02
1.975928e-01 -1.526071e-01 -5.088123e-02 3.813562e-01 5.554430e-01 -5.355690e-02 4.665196e-02 -1.644051e-01
2.633263e-01 -2.325336e-01 1.359300e-03 3.664025e-01 3.354011e-01 -2.947513e-02 1.303437e-01 -1.563069e-01
-5.218377e-02 1.465094e-01 3.100941e-01 -8.154854e-02 5.722491e-02 -2.248025e-02 7.838983e-02 9.550836e-02
3.301679e-01 -1.017245e-01 -8.164596e-02 1.160429e-01 -9.410216e-02 -7.225124e-02 9.123594e-02 -1.201274e-01
-8.194763e-02 -1.787973e-01 4.193301e-01 -9.824770e-03 1.818763e-01 -5.986873e-02 -7.171004e-03 -6.197485e-02
4.099696e-02 -2.368136e-01 2.582911e-01 2.068948e-01 4.627593e-01 1.430919e-02 8.697034e-02 -1.352341e-01
5.641730e-01 -9.945777e-02 -1.085700e-01 3.652095e-02 1.960908e-02 9.093695e-03 1.725997e-01 -1.221687e-01
3.787839e-01 -1.563427e-01 -2.188279e-02 4.309939e-01 1.498596e-01 -7.062529e-02 5.081661e-02 -1.701549e-01
8.872857e-03 1.567884e-01 4.518946e-02 1.549043e-01 4.197927e-01 -1.347909e-01 1.679282e-01 -3.126488e-02
-5.202762e-02 -1.407333e-01 1.170849e-01 1.290421e-01 6.053456e-01 -1.202981e-01 9.014166e-02 -1.228396e-01
-1.307840e-01 2.244293e-01 2.721822e-01 -1.001640e-01 -1.692684e-01 -1.098366e-02 -1.932473e-02 4.358716e-01
1.876330e-01 -2.005048e-02 2.410184e-02 3.053569e-01 5.064357e-01 -1.153034e-01 8.392455e-02 -1.148810e-02
3.329235e-01 -6.553426e-02 -2.330049e-01 3.580557e-01 4.218355e-01 1.410755e-02 2.110428e-02 -1.142006e-01
2.317301e-01 -1.608700e-01 -1.464120e-01 3.448967e-01 2.065040e-01 -4.255383e-02 2.250372e-02 -7.135025e-02
4.822716e-01 5.673864e-03 1.317646e-01 -1.453623e-02 -2.907786e-02 3.008309e-01 5.591276e-02 -6.484453e-02
-4.059206e-02 -2.803024e-01 1.026522e-01 2.950003e-01 -7.046521e-02 1.288939e-02 -5.632055e-02 -1.647961e-01
