4 5 8 32 32
-1.500653e-01 -9.015022e-02 -6.324711e-02 2.044254e-01 7.776602e-03 -6.282034e-02 -1.899873e-01 -1.638886e-01
-1.313364e-01 -1.254267e-01 9.867796e-02 -4.904872e-02 -8.314183e-02 2.467462e-01 2.600067e-01 -1.127378e-01
-1.086660e-01 2.591295e-02 -1.394427e-01 3.074657e-01 -1.217956e-01 -8.164746e-02 -1.180118e-01 -1.084558e-01
1.441449e-02 4.367936e-01 -1.470444e-01 -7.097010e-02 1.103136e-02 8.224926e-02 3.257594e-01 -6.271280e-02
1.434465e-01 -2.183177e-02 1.618434e-02 1.460868e-02 3.748840e-01 1.392865e-01 3.258835e-01 -3.227287e-03
-1.649687e-01 -1.123924e-01 9.703181e-02 9.526935e-02 -6.558637e-02 -7.519276e-02 -1.216578e-01 -1.033673e-01
-7.961386e-02 -1.771902e-02 -1.390183e-01 3.438148e-01 -7.748275e-03 -6.092288e-02 -2.163429e-01 -2.107289e-01
-3.506535e-02 -7.013290e-02 -1.149293e-01 5.360042e-02 -1.387661e-02 3.980763e-01 1.443609e-01 -1.089310e-01
-5.662395e-02 1.783841e-01 -1.293678e-01 -8.446223e-02 -2.247132e-02 -1.558586e-02 3.621329e-01 -3.202498e-02
-4.390603e-02 3.321960e-01 -1.349441e-01 9.524236e-02 -1.033584e-01 3.927001e-01 1.610824e-01 -1.366666e-01
-8.169042e-02 -6.082831e-02 -4.765761e-02 -7.919215e-02 2.263992e-01 -1.503434e-03 5.234410e-01 -1.187241e-01
-8.972213e-02 -5.317497e-02 1.502111e-01 1.623113e-01 -1.081788e-01 -6.885900e-02 -1.075758e-01 -1.031024e-01
-8.913904e-02 2.019467e-01 3.407972e-02 1.903465e-01 -1.099093e-01 -6.577626e-02 -1.022937e-01 -7.894787e-02
-6.185614e-02 1.340041e-02 -7.565246e-02 2.611170e-01 1.066790e-02 4.082399e-02 -2.562844e-01 -1.429661e-01
-1.103959e-01 2.321739e-01 -1.518097e-01 3.555000e-01 -1.193554e-01 -7.002647e-02 -1.429864e-01 -7.847411e-02
-1.263910e-01 -3.523499e-02 -9.323860e-02 -8.914290e-02 -3.439150e-02 -5.202342e-02 -7.524110e-02 -3.933034e-02
2.320191e-01 1.079784e-01 -1.523912e-01 -2.395631e-02 2.954820e-01 1.719515e-01 1.768188e-01 -8.465088e-02
-7.807742e-02 1.589872e-02 -1.522725e-01 3.407247e-01 -7.685699e-02 -5.049676e-02 -1.979549e-01 -5.236004e-03
-1.163694e-01 -1.864586e-02 -2.002040e-01 7.380304e-02 -1.276452e-01 2.956178e-01 2.142804e-01 -6.403531e-02
1.216960e-01 1.132869e-01 -1.058513e-01 -3.797002e-02 3.492647e-01 9.367227e-02 2.979107e-01 3.222819e-02
-2.237710e-02 1.639099e-01 -1.491476e-01 -8.037736e-02 1.804101e-01 7.255424e-02 4.834177e-01 -9.846316e-02
-9.932645e-02 -1.246231e-01 -1.073475e-01 1.600118e-02 -1.219554e-01 2.851776e-01 2.630806e-01 -1.262332e-01
-1.087717e-01 -1.077930e-01 -7.584667e-02 2.141812e-01 -1.235429e-01 -7.386000e-02 -1.054222e-01 -8.735664e-02
-6.313167e-02 1.966653e-01 -8.036312e-02 3.540139e-01 -2.795435e-02 -8.796264e-03 -2.009266e-01 -2.182368e-01
-1.231373e-01 -4.111939e-02 -8.564607e-02 -1.050025e-01 1.666221e-01 -2.269657e-02 -1.165764e-01 -6.849436e-02
-7.066049e-02 1.681298e-02 1.055429e-01 2.223445e-01 -4.890003e-02 3.601392e-02 -1.678382e-01 -1.883726e-01
-1.039034e-01 4.956360e-01 -7.840414e-02 2.849480e-01 -8.983956e-02 -4.189041e-02 -1.553081e-01 -1.013303e-01
-1.121386e-01 -6.666401e-02 3.160082e-01 2.199013e-02 -6.686860e-02 -4.124464e-02 -1.396888e-01 -9.743196e-02
-9.170359e-02 -4.896791e-02 -2.501812e-02 -9.792483e-02 -1.509687e-02 -3.318430e-02 3.768600e-01 -6.426339e-02
1.597420e-01 3.540812e-01 -1.120287e-01 -4.352333e-02 2.163436e-01 1.634814e-01 1.479742e-01 -7.476502e-02
1.330862e-01 1.472012e-01 -1.019792e-01 -6.088332e-02 1.411318e-01 1.491651e-01 2.112036e-01 -9.258943e-02
8.485325e-02 -1.342623e-01 9.294330e-02 1.585122e-01 -2.476283e-02 3.717981e-02 -9.654747e-02 -7.299957e-02
3.777796e-01 -1.310361e-01 -1.275480e-01 -3.614204e-02 -5.287696e-02 -2.327946e-01 -8.994165e-02 3.120903e-01
-7.784446e-02 -9.779359e-02 -1.145361e-01 -1.003543e-01 9.184437e-02 1.383601e-01 -1.104867e-01 -3.072477e-02
4.308212e-01 -2.347722e-03 -1.899287e-01 -1.545407e-01 -2.192416e-01 -1.836774e-01 -6.798586e-02 -1.093049e-01
4.687109e-02 -8.361910e-02 -1.115034e-01 1.420202e-01 -1.090831e-01 -7.184929e-02 5.673401e-01 1.576122e-02
-8.419115e-02 5.099325e-01 -8.523648e-02 -4.173510e-02 -6.799410e-02 -1.055664e-01 -5.067723e-02 3.614084e-02
5.057537e-02 -7.122977e-02 -9.907831e-02 -1.224200e-01 5.413270e-02 -8.472455e-02 -1.006431e-01 -1.142764e-02
2.432380e-03 -1.140487e-01 -3.095364e-01 1.365127e-02 -2.468703e-01 -8.914480e-02 2.969610e-01 5.337228e-02
-1.719755e-02 -1.126181e-01 -1.268672e-01 2.409697e-01 -1.131348e-01 -1.131117e-01 2.990816e-01 -9.728038e-02
2.167604e-01 -7.054660e-02 -1.232172e-01 -1.311780e-01 -2.924765e-02 -1.115569e-01 -8.076052e-02 6.866422e-02
-1.101114e-01 -8.312408e-02 -1.306418e-01 -1.344302e-01 4.743452e-02 -6.561221e-02 3.778792e-01 -8.552460e-02
9.074934e-02 7.268285e-02 -1.628743e-01 -2.093509e-01 -5.209230e-02 9.810957e-03 -7.610719e-02 -1.579790e-01
5.625376e-02 -4.110834e-02 -2.487410e-01 -9.230112e-02 -3.942806e-02 -1.322492e-01 1.401710e-02 -7.484537e-02
-1.225271e-01 1.770643e-01 -1.639868e-02 4.485496e-01 -4.980138e-02 -1.896324e-01 -1.289409e-01 -1.045542e-01
-1.210722e-01 -2.539220e-02 -6.053909e-02 -7.043903e-02 6.110017e-02 5.098741e-02 -2.870681e-02 -1.817035e-01
1.307624e-02 -1.011706e-01 -1.723045e-01 -4.133902e-02 1.002588e-01 -2.029905e-01 -2.823982e-02 6.383400e-02
1.167849e-01 -7.492710e-02 -7.922927e-02 -1.297751e-01 -5.569429e-02 3.038311e-01 -1.387762e-01 4.799984e-02
3.919905e-01 -7.104056e-02 -1.168937e-01 -1.421721e-01 -8.947890e-02 -1.145259e-01 -7.160084e-02 1.777067e-01
-4.892393e-02 -1.869829e-02 -2.932986e-01 -1.563051e-01 -2.670298e-01 -1.433886e-02 2.273908e-01 -1.543082e-01
3.098166e-02 -6.406164e-02 -3.712940e-01 5.473221e-02 -3.036177e-01 -8.136470e-02 1.182781e-01 -2.255981e-01
1.775157e-01 -8.844960e-02 -9.248890e-02 -9.680081e-02 -3.945556e-02 9.253428e-02 -1.383273e-01 1.780723e-01
2.615478e-01 -7.400751e-02 -8.180220e-02 -2.318879e-02 -9.818614e-02 -5.528087e-02 -1.380671e-01 -8.102321e-02
-8.543143e-02 -3.351038e-02 -1.862380e-01 -8.645373e-02 6.944026e-02 -1.234373e-01 8.935331e-04 -1.569751e-01
3.324026e-01 8.022793e-02 -1.282269e-01 -1.814751e-01 -2.044687e-01 -7.499822e-02 -1.572308e-01 -2.499442e-01
-9.273069e-02 -5.134900e-02 -1.025118e-01 -9.264220e-02 1.656227e-01 -8.991225e-02 -9.415330e-02 -7.791544e-02
2.137462e-01 -1.234576e-01 -4.730538e-02 -5.098814e-03 8.197657e-02 -1.522708e-01 -1.215333e-01 2.749040e-01
2.510764e-01 -1.485357e-02 -2.254594e-01 -1.739650e-01 -1.488754e-01 -1.150365e-01 1.784179e-02 5.304202e-02
4.963658e-01 -6.382807e-02 -8.537149e-02 -1.105961e-01 -9.297348e-02 -7.914484e-02 -9.334811e-02 -1.543786e-02
4.045531e-01 -1.128609e-01 -3.209822e-02 5.746319e-03 -1.877252e-01 -2.243858e-01 -6.446528e-02 5.092854e-02
-9.282861e-02 -6.760154e-02 1.295522e-01 -8.044922e-02 3.489269e-02 2.618932e-01 -1.129067e-01 -1.217015e-01
-1.477712e-01 3.706599e-01 1.224548e-02 2.692887e-01 4.304375e-03 -1.800504e-01 -5.729788e-02 1.177256e-01
-9.813172e-02 -5.054316e-02 -1.104068e-01 -1.104389e-01 -9.039973e-02 -8.676249e-02 5.890188e-01 3.021958e-02
3.688095e-02 -4.302131e-02 -1.826950e-01 -1.843566e-02 -3.242924e-01 -4.416053e-02 2.380252e-01 -8.686901e-02
-1.183751e-01 3.720140e-03 1.514312e-01 1.837386e-01 -2.267175e-02 9.352985e-02 -3.095907e-01 -1.445934e-01
-9.864817e-02 -3.107129e-02 -1.534383e-01 1.412171e-02 3.139274e-01 2.113401e-01 8.519172e-03 -1.836076e-02
3.750364e-01 -2.128243e-01 8.217572e-02 -7.774737e-02 9.848344e-02 -1.105910e-02 7.097190e-02 7.467432e-02
-7.789636e-02 -8.909766e-02 2.769077e-01 -7.879692e-02 -7.184580e-02 -8.952989e-02 -1.547080e-01 -1.120664e-03
-2.224520e-01 -4.602370e-02 -1.361335e-01 6.082703e-03 2.381846e-01 -4.278073e-02 -4.731980e-02 5.405995e-02
-1.380100e-01 -1.286930e-01 -1.155958e-01 2.511814e-01 2.785864e-01 3.327757e-01 -1.356579e-01 -1.011836e-01
6.056939e-01 -1.147576e-01 1.997041e-01 -8.333133e-02 -6.945664e-02 -1.051171e-01 1.476563e-01 4.797760e-02
-2.937029e-01 -3.415607e-01 -9.647736e-02 -1.527709e-01 1.575744e-02 -3.030481e-02 -9.052245e-02 2.077202e-02
-2.971251e-01 -1.236721e-01 -7.049236e-02 9.575068e-02 2.338242e-01 -1.508218e-01 -2.132601e-01 -3.211072e-02
-1.388689e-01 -1.200860e-01 -7.205793e-02 -9.751479e-02 2.084162e-01 -7.605226e-02 -1.138472e-01 -6.609940e-02
-1.863147e-01 -1.022878e-01 -1.130401e-01 -3.850334e-02 2.474415e-01 2.809604e-01 1.122639e-02 3.531031e-02
-2.731109e-01 -1.518251e-01 1.403418e-01 -7.004911e-02 -5.365051e-02 -2.425841e-02 -9.527814e-02 1.098865e-01
-1.624306e-01 1.569709e-02 3.847228e-01 6.764578e-02 -1.983752e-01 5.367553e-02 -1.241912e-01 9.487310e-02
-2.268696e-02 -3.897167e-02 -1.514942e-01 -1.541631e-01 2.044521e-01 2.144777e-01 1.063096e-01 6.519260e-02
-8.836542e-02 7.316736e-02 -8.959330e-02 3.732419e-01 2.520421e-01 6.862470e-03 -1.845248e-01 -5.553144e-02
-1.397646e-01 -1.477851e-01 -1.325626e-01 -2.644019e-02 3.339321e-01 1.387885e-04 -1.043545e-01 -1.008406e-01
-1.823844e-01 -1.031738e-01 -1.431756e-01 -1.424228e-01 2.237734e-01 7.670271e-02 4.047779e-02 9.032401e-02
-1.560910e-01 -1.118837e-01 -1.338845e-01 1.522974e-01 3.613843e-01 1.302017e-01 -1.340728e-01 -1.111563e-01
-2.663572e-01 -3.395878e-01 -1.604469e-01 1.428669e-01 2.308260e-01 4.827053e-02 -1.599777e-01 -6.449089e-02
3.290052e-01 -4.064171e-01 4.373122e-02 -1.107488e-01 7.653937e-02 4.968634e-02 1.241418e-01 1.051827e-01
3.203915e-01 -1.440527e-01 3.163617e-01 5.514795e-02 4.964516e-02 -6.523868e-02 1.980142e-02 -1.137898e-01
-2.847168e-01 -1.319783e-01 -1.064743e-01 2.900149e-02 3.410305e-01 1.277708e-01 -7.475111e-02 3.480809e-03
-1.423479e-01 -1.232205e-01 1.611086e-01 -9.883343e-02 8.696141e-03 -1.035791e-01 -1.393344e-01 -1.278745e-02
-2.097626e-01 -2.483296e-01 1.867820e-01 3.107380e-03 -3.422154e-02 -2.460252e-01 -1.233345e-01 3.974054e-02
-1.393049e-01 -2.738377e-01 -2.164182e-01 -8.542603e-03 1.581938e-01 2.825184e-01 5.129707e-03 -2.583291e-02
-1.442918e-01 -1.000647e-01 3.269780e-01 1.171750e-01 -1.767213e-01 -4.882798e-02 -2.808268e-01 -5.413073e-02
-1.253500e-01 -1.308788e-01 -1.322093e-01 2.728945e-02 2.379435e-01 2.345899e-01 -1.226440e-01 -7.387137e-02
-1.729926e-01 -1.546586e-01 1.005456e-01 -1.396541e-01 -9.538651e-02 4.739368e-02 -3.080791e-02 1.381326e-01
-2.413377e-01 -4.621216e-01 8.741494e-02 -8.468816e-02 -3.325661e-02 1.170396e-02 -1.672266e-01 1.678360e-02
-1.714811e-01 2.753976e-01 2.262120e-01 1.895016e-03 -7.797761e-02 -8.996498e-02 -1.549574e-01 -7.968130e-02
-1.570337e-01 -3.362862e-01 3.244833e-01 -3.593279e-02 -3.283910e-02 -4.536966e-02 -2.060082e-01 1.229229e-01
-2.095963e-01 -8.797546e-02 -1.240420e-01 1.833981e-01 3.215843e-01 -4.838252e-02 -2.231621e-01 -1.081315e-01
-7.856201e-02 -9.159775e-02 1.314454e-01 -6.621854e-02 -8.229956e-02 -1.062399e-01 -2.137414e-02 -1.042937e-01
1.707737e-01 -7.132208e-02 6.392729e-02 3.421055e-01 3.155222e-01 -5.187595e-02 7.188683e-02 -6.927808e-02
4.623578e-01 -9.325678e-02 -5.623964e-02 3.945292e-01 1.720702e-01 7.050480e-02 -4.354234e-02 -1.498778e-01
-3.076879e-02 -3.186841e-02 3.221452e-01 8.576867e-02 3.375634e-01 -1.620401e-02 8.112244e-02 4.309422e-02
3.996831e-01 -8.662505e-02 -1.665473e-02 -3.268242e-02 -1.253631e-01 -8.318851e-03 2.832816e-01 -1.090370e-01
-5.977979e-02 -8.884203e-02 1.652136e-01 2.370637e-03 5.522764e-01 -5.779849e-02 -8.462193e-02 -8.857645e-02
2.452076e-01 -1.928881e-01 8.707769e-03 4.342969e-01 2.289910e-01 9.899299e-02 6.202959e-02 -8.207976e-02
3.803103e-01 -9.454217e-02 -8.426769e-02 4.136719e-01 4.142329e-01 1.815322e-01 -9.782539e-02 -1.492403e-01
1.727703e-01 -1.775484e-01 3.682869e-02 2.526715e-01 3.550812e-03 3.342332e-03 1.769690e-02 -2.735302e-02
-2.707817e-02 2.733183e-02 6.473886e-02 -7.330639e-02 -7.392688e-02 -2.630206e-03 -7.277617e-02 3.849533e-01
2.315329e-01 -1.084415e-01 -9.409396e-02 5.366664e-03 -8.316397e-02 -2.802429e-02 -5.740659e-02 -9.926718e-02
4.383534e-01 -8.634271e-02 -1.046067e-01 3.791110e-01 2.456273e-01 2.384221e-01 -7.583188e-02 -1.496913e-01
-8.899463e-02 1.313183e-01 2.018004e-01 -6.701429e-02 3.721866e-01 -1.922177e-02 3.500687e-02 1.454803e-01
5.544064e-01 -1.367078e-01 -1.291676e-01 1.053370e-01 -6.340652e-02 3.266560e-02 5.860430e-02 -1.310440e-01
-8.303817e-02 -7.937147e-02 1.141210e-01 -7.789006e-02 3.139443e-01 -9.531210e-02 -5.395180e-02 -1.500993e-01
3.143921e-01 2.091037e-02 -3.991134e-02 3.785549e-01 2.410919e-01 1.377989e-01 -5.272564e-02 -1.956709e-02
3.524812e-01 -1.355874e-01 -5.725974e-03 4.112865e-01 1.887884e-01 -9.101371e-02 5.378862e-02 -1.489612e-01
1.346151e-01 -9.334175e-02 1.574817e-01 2.991149e-01 5.358317e-01 4.695881e-03 -8.799518e-02 -1.433536e-01
3.711559e-01 3.113562e-02 -6.197383e-02 4.106452e-03 -8.945527e-02 1.140747e-01 4.231422e-02 4.416002e-02
-5.343099e-02 -8.775980e-02 3.045442e-01 4.354588e-02 5.008782e-01 -7.448953e-02 -7.578662e-02 -1.150506e-01
3.659992e-02 -1.030134e-01 4.011572e-01 3.478330e-02 1.513589e-01 -1.196091e-01 3.710325e-02 -1.851417e-02
2.224168e-01 -9.207409e-02 1.913799e-02 3.435693e-01 4.885852e-01 1.528780e-01 -8.994485e-02 -1.706453e-01
5.952935e-01 -1.007734e-01 -1.001562e-01 4.743278e-02 -1.224990e-01 1.639597e-01 1.613465e-01 -1.431822e-01
1.753371e-01 1.350886e-01 -9.708834e-03 2.334054e-01 2.700694e-01 1.506059e-01 -9.509093e-02 8.182067e-02
1.959692e-02 -4.722263e-02 3.302250e-01 1.356164e-01 2.334148e-01 -3.423372e-02 -3.997721e-02 -8.419560e-02
3.374833e-01 -8.789348e-02 -2.854878e-02 4.067097e-01 4.140212e-01 -2.706318e-02 -7.571866e-02 -1.356614e-01
-4.186736e-02 -1.554688e-01 2.244792e-01 1.906979e-01 -4.200207e-03 -1.003587e-02 8.310330e-03 1.295103e-02
-6.776948e-03 -8.475678e-02 1.368852e-01 -9.352691e-02 -1.429090e-01 -9.801641e-02 2.135068e-01 -7.825034e-02
-8.753526e-02 1.084488e-01 2.636167e-01 -3.652285e-03 2.656695e-01 3.776656e-02 -1.004480e-01 5.058472e-02
4.061205e-01 -2.026936e-01 -4.727795e-03 4.115750e-01 7.938442e-02 8.793805e-02 2.818857e-02 -2.062335e-01
6.267465e-03 -1.652112e-01 3.339154e-01 1.814382e-01 3.292112e-01 -2.101637e-02 8.517286e-02 6.291612e-03
-8.500539e-02 -7.064491e-03 1.491121e-01 1.509956e-01 3.306274e-02 -1.863988e-02 -5.517516e-03 9.120443e-02
-6.733488e-02 1.384855e-01 4.640361e-02 3.033719e-01 -5.080716e-02 -3.187576e-02 -1.721186e-01 -1.713806e-01
3.361018e-02 9.132334e-02 -1.365615e-01 -3.369216e-02 2.708811e-01 7.229362e-02 4.945543e-01 -1.063017e-01
-1.005500e-01 -6.028588e-02 -1.065055e-01 3.572372e-01 -7.400729e-02 -8.971811e-02 -1.596455e-01 -1.176702e-01
-2.038704e-01 -1.447300e-01 1.043910e-01 1.064109e-01 -1.056774e-01 -8.896377e-02 -1.616764e-01 -1.192965e-01
-1.192709e-01 -1.375381e-01 -1.196056e-01 1.235441e-02 -1.802056e-01 2.746206e-01 3.148965e-01 -6.830671e-02
-7.819597e-02 -1.195452e-01 2.998357e-02 -8.018193e-02 2.486273e-01 -2.290106e-02 5.267596e-01 -6.803115e-02
-4.444274e-02 -3.675378e-02 -3.476530e-02 -1.122322e-01 8.152761e-03 -2.184026e-02 3.865619e-01 -6.193030e-02
-9.012806e-02 -1.774094e-02 -1.825167e-01 6.472826e-02 -1.183062e-01 3.447215e-01 2.248797e-01 -6.919423e-02
-1.673758e-01 -7.397311e-02 -3.831994e-02 1.868504e-01 -1.099278e-02 -5.507008e-02 -1.939074e-01 -1.740510e-01
-1.035717e-01 -1.024566e-01 3.404651e-01 6.113509e-02 -8.451323e-02 -6.341073e-02 -1.370721e-01 -6.708437e-02
1.183250e-01 4.512286e-01 -1.365928e-01 -7.493269e-03 1.308241e-01 1.495487e-01 2.478161e-01 -9.288531e-02
-1.014967e-01 -5.592018e-03 -1.200483e-01 3.445089e-01 6.328628e-03 -5.521109e-02 -2.678002e-01 -2.504359e-01
8.022160e-03 2.126901e-01 -1.677454e-01 -8.038287e-02 1.136681e-02 1.841583e-02 3.491915e-01 -7.259484e-02
-7.884725e-02 2.393791e-02 -1.128747e-02 2.310970e-01 3.134863e-02 6.344891e-02 -3.051567e-01 -1.730935e-01
-1.097036e-01 5.133629e-01 -7.256857e-02 3.331002e-01 -7.366024e-02 -4.591067e-02 -1.673655e-01 -8.415546e-02
-8.782635e-02 -9.695503e-03 2.076482e-01 2.247865e-01 -7.263982e-02 -8.556053e-03 -1.691687e-01 -1.475868e-01
-1.132540e-01 2.277812e-01 5.867670e-02 8.459542e-02 -9.163859e-02 -6.966430e-02 -1.473335e-01 -2.550044e-02
-3.638971e-02 1.505920e-02 -1.385480e-01 3.445561e-01 -1.292760e-03 2.551160e-02 -2.692561e-01 -9.085973e-02
2.386331e-01 1.209071e-01 -1.328130e-01 -2.178071e-02 3.182120e-01 1.894378e-01 2.056805e-01 -9.395950e-02
-1.004107e-01 -1.092849e-01 5.582254e-02 2.892843e-01 -1.016874e-01 -9.186817e-02 -1.655769e-01 -1.232569e-01
-8.432512e-02 2.006844e-01 -8.472776e-02 3.943815e-01 -2.399565e-02 4.289087e-03 -2.878429e-01 -1.809528e-01
1.776267e-01 1.537265e-01 -9.666820e-02 -3.551858e-02 1.455996e-01 1.662528e-01 2.468539e-01 -1.229498e-01
-1.349236e-01 -8.306658e-02 -9.382944e-02 2.004583e-01 -1.256853e-01 -1.192510e-01 -1.472408e-01 -7.716463e-02
1.564270e-01 -2.434442e-02 1.513935e-02 1.391711e-02 3.548388e-01 1.216987e-01 3.310914e-01 2.055471e-02
-1.410371e-01 -3.619727e-02 -9.076285e-02 -1.280783e-01 -2.923300e-02 -4.655906e-02 -7.844638e-02 -3.520715e-02
-1.419819e-01 -3.423844e-02 -8.890094e-02 -1.015678e-01 1.468375e-01 -2.790186e-02 -1.268373e-01 -7.875452e-02
-7.328089e-02 1.225890e-01 -1.851993e-01 4.254780e-01 -7.694258e-02 -9.793547e-02 -1.814915e-01 -1.413618e-01
-1.438713e-01 -1.590778e-01 1.158770e-01 -6.768657e-02 -1.339884e-01 2.489848e-01 3.133620e-01 -5.285456e-02
-8.284122e-02 3.066787e-01 -1.603869e-01 4.270177e-01 -7.287310e-02 -7.894053e-02 -1.739144e-01 -1.230331e-01
-1.010430e-01 4.618213e-02 -1.411604e-01 3.488227e-01 -1.094529e-01 -7.480997e-02 -1.926962e-01 3.318696e-02
-4.800561e-02 3.320976e-01 -1.348892e-01 9.214081e-02 -1.523451e-01 3.900364e-01 1.953203e-01 -1.020302e-01
5.511897e-02 -8.688571e-02 1.106256e-01 1.189115e-01 -1.003614e-01 4.673456e-02 -9.374421e-02 -1.292163e-01
-1.648432e-01 3.778657e-01 2.793081e-02 3.408414e-01 4.746950e-03 -1.449885e-01 -8.665309e-02 1.239618e-01
2.321439e-01 -9.855026e-03 -1.902245e-01 -1.814745e-01 -1.817578e-01 -1.024952e-01 -7.797845e-03 -2.822281e-02
-2.746673e-02 -8.898199e-02 -1.754615e-01 2.519676e-01 -1.676294e-01 -8.733856e-02 2.534641e-01 -1.685176e-01
5.050288e-01 -1.188561e-01 -6.750398e-02 -1.165708e-01 -1.503240e-01 -1.060020e-01 -6.518427e-02 -5.666207e-03
2.419145e-01 -1.660120e-01 1.615237e-02 -2.771605e-02 1.003112e-01 -9.563600e-02 -1.329917e-01 2.807621e-01
-1.266453e-01 -9.147502e-02 -6.741314e-02 -8.728379e-02 8.424078e-02 1.097756e-01 -3.076186e-02 -1.361590e-01
9.556480e-03 -7.466497e-02 -2.599165e-01 5.770302e-02 -2.649520e-01 -9.909477e-02 2.835251e-01 4.346241e-02
-1.364656e-01 -7.914723e-02 -1.125652e-01 -6.769983e-02 1.913223e-01 -9.150209e-02 -6.319374e-02 -1.104853e-01
1.864177e-01 -8.913211e-02 -1.508643e-01 -8.805420e-02 -3.536960e-02 -1.592232e-01 -4.984173e-02 7.566112e-02
-1.005782e-01 5.152842e-01 -5.449039e-02 -1.332944e-02 -8.483908e-02 -1.566122e-01 -2.321085e-02 4.167051e-02
-6.064283e-02 -1.140323e-01 -1.255957e-01 -7.415251e-02 -1.529370e-01 -1.027647e-01 5.449877e-01 2.210202e-02
6.988344e-02 8.405057e-02 -1.248149e-01 -2.367778e-01 -5.505932e-02 2.970392e-02 -7.333703e-02 -2.062951e-01
2.665904e-02 -5.112001e-02 -3.890836e-01 5.452056e-02 -3.238402e-01 -9.584138e-02 1.231857e-01 -2.551198e-01
3.635428e-02 -1.448801e-01 -4.217440e-02 1.882170e-01 -7.868322e-02 -8.943901e-02 4.977289e-01 6.145314e-02
-1.308351e-01 -1.033384e-01 8.958105e-02 -6.559216e-02 6.715645e-02 3.378038e-01 -1.012785e-01 -1.143301e-01
3.896207e-03 -1.278702e-01 -6.123934e-02 -5.013052e-02 1.374292e-01 -8.030098e-02 -1.301148e-01 7.649116e-02
3.604183e-01 7.043874e-02 -1.234369e-01 -1.531741e-01 -1.759002e-01 -7.333243e-02 -1.954016e-01 -3.151579e-01
2.938649e-01 -8.606619e-02 -1.315483e-01 3.669850e-03 -1.265379e-01 -6.103576e-02 -1.279348e-01 -1.175766e-01
-1.558904e-02 -1.746576e-02 -2.479559e-01 -1.156134e-01 -2.986582e-01 -3.385623e-02 2.313330e-01 -1.608195e-01
-1.212426e-01 -5.680333e-02 -2.005617e-01 -1.739912e-01 -1.132728e-01 -8.644937e-02 4.285649e-01 -1.515586e-01
-2.653357e-02 -7.502007e-02 -1.576070e-01 -5.733169e-02 4.662420e-02 -1.636320e-01 -2.718005e-02 -5.798905e-02
-1.535523e-01 1.724580e-01 3.877095e-03 5.088518e-01 -4.860576e-02 -1.738640e-01 -1.352774e-01 -9.884819e-02
1.319553e-01 -1.393064e-01 -5.446134e-02 -8.625159e-02 -1.309085e-02 2.207473e-01 -1.172675e-01 1.275770e-01
3.604911e-01 -6.677438e-02 -1.702047e-01 -1.318915e-01 -1.822349e-01 -1.620715e-01 -3.309996e-02 1.192638e-01
-1.069408e-01 -2.463162e-02 -1.489876e-01 -9.969827e-02 3.764819e-02 -8.836648e-02 1.635806e-02 -1.988458e-01
3.831246e-01 -1.609476e-01 -9.683995e-02 -2.349965e-02 -5.756207e-02 -2.409862e-01 -7.279201e-02 3.110127e-01
3.828242e-01 -2.372597e-03 -7.291953e-02 -2.326988e-01 -1.984602e-01 -7.111059e-02 -7.397019e-02 -1.648160e-01
4.706090e-01 -1.952203e-02 -1.686788e-01 -1.348243e-01 -2.114017e-01 -1.808191e-01 -5.633898e-02 -8.881864e-02
3.719112e-02 -4.880596e-02 1.567251e-01 -1.070476e-01 -7.396799e-02 8.176882e-02 -9.600674e-02 -5.931294e-02
4.246868e-01 -1.204198e-01 -1.870762e-02 3.078156e-02 -1.823968e-01 -2.602764e-01 -8.292146e-02 3.917316e-02
6.470160e-02 -3.463299e-02 -1.967005e-01 -1.076799e-01 -6.074226e-02 -1.034645e-01 -4.118548e-03 -9.082407e-02
4.463724e-01 -1.351559e-01 2.984920e-03 -6.922287e-02 -4.556047e-02 -8.660820e-02 -1.272628e-01 1.693687e-01
-2.394038e-01 -1.186850e-01 1.803175e-01 -6.911530e-02 -1.317225e-02 -1.531413e-01 -1.263267e-01 -3.241977e-03
-1.191802e-01 -6.147613e-02 -1.470850e-01 -3.365733e-02 2.096445e-01 3.148537e-01 4.259224e-02 1.626613e-02
3.192209e-01 -5.549955e-02 3.015140e-01 -8.465111e-03 7.827465e-03 -1.243418e-01 1.561772e-01 -1.503429e-01
-1.771088e-01 -1.087380e-01 -5.384778e-02 -9.453737e-02 2.291593e-01 -7.994093e-02 -6.798631e-02 -3.374432e-02
-1.594836e-01 -8.550040e-02 2.819882e-01 -7.652270e-02 -1.039568e-01 -1.352971e-01 -9.461484e-02 3.531438e-02
-1.539211e-01 -7.312961e-02 -1.047479e-01 -1.566876e-01 1.036036e-01 2.171200e-02 2.055495e-02 6.920892e-02
-1.013388e-01 -9.606311e-02 -1.133904e-01 2.651491e-01 2.831291e-01 3.505153e-01 -6.889362e-02 -7.492393e-02
-9.274730e-02 -3.591584e-02 -1.416309e-01 7.230557e-03 3.146824e-01 1.793739e-01 4.954902e-02 1.483351e-02
4.121463e-01 -1.932929e-01 1.146066e-01 -7.977121e-02 6.484206e-02 -1.351800e-02 1.097133e-01 8.088358e-02
-1.666493e-01 -9.430808e-02 -1.051411e-01 2.470890e-01 3.282983e-01 1.236357e-01 -2.020579e-01 -1.182886e-01
-3.065899e-01 -3.187663e-01 -8.607341e-02 -1.334870e-01 1.902499e-02 -5.672743e-02 -1.165171e-01 9.182235e-03
5.895978e-01 -1.011467e-01 2.528463e-01 -1.390707e-01 -1.112906e-01 -7.495026e-02 1.664205e-01 5.673251e-02
-2.475476e-01 -1.844312e-02 -9.392159e-02 4.744321e-02 2.158057e-01 -7.258993e-02 -8.768988e-02 6.785601e-02
-1.765815e-01 4.867481e-02 3.858237e-01 9.920045e-02 -2.033422e-01 2.162337e-02 -1.341331e-01 8.214891e-02
-1.275495e-02 -1.156672e-02 -1.611660e-01 -1.443993e-01 2.227541e-01 1.971631e-01 1.140515e-01 6.265368e-02
-2.332070e-01 -1.126535e-01 -1.534483e-02 5.494500e-04 2.180148e-01 -1.715201e-01 -2.015386e-01 -9.999935e-02
-2.230256e-01 -1.537976e-01 1.320105e-01 -1.248409e-01 -9.131066e-02 1.593491e-02 -4.708198e-02 1.319335e-01
-1.936727e-01 -6.789437e-02 -1.420331e-01 -1.133556e-01 2.791030e-01 5.062214e-02 6.733229e-02 8.759530e-02
-2.882784e-01 -1.151744e-01 -1.111899e-01 3.172900e-02 3.581342e-01 1.301080e-01 -5.152655e-02 1.143251e-02
-2.727924e-01 -2.824896e-01 -1.650647e-01 1.538637e-01 2.409555e-01 1.528708e-02 -1.930787e-01 -9.109483e-02
-1.367305e-01 -8.647050e-02 -1.036842e-01 1.063825e-01 2.819795e-01 2.408672e-01 -9.901439e-02 -4.048777e-02
-1.283895e-01 -9.152447e-02 -1.167598e-01 -6.056463e-02 2.173252e-01 1.129378e-01 -7.241339e-02 -1.218572e-02
-2.002093e-01 -2.096455e-01 2.174553e-01 4.171709e-02 -1.430903e-02 -2.671145e-01 -1.441932e-01 3.814748e-02
-2.298625e-01 -9.522545e-02 -7.981054e-02 1.919591e-01 2.984972e-01 -1.058914e-01 -2.696742e-01 -1.168948e-01
3.477389e-01 -3.582575e-01 3.723114e-02 -1.338252e-01 7.319970e-02 4.678585e-02 1.352391e-01 9.990162e-02
-1.167013e-01 4.865527e-02 -6.545811e-02 3.863324e-01 2.301261e-01 2.173331e-03 -1.897462e-01 -9.164789e-02
-1.463166e-01 -1.427089e-01 2.995476e-01 4.120492e-02 -1.122647e-01 -1.776100e-01 -2.172628e-01 -7.401803e-02
-1.636598e-01 -2.364485e-01 -2.390076e-01 -5.021403e-03 1.522386e-01 2.757024e-01 2.105200e-02 -3.438237e-02
-2.363849e-01 -4.106722e-01 1.053636e-01 -6.607120e-02 -3.155088e-02 -7.785356e-03 -1.909342e-01 1.372456e-02
-1.746223e-01 -8.638813e-02 -1.201454e-01 9.568195e-02 3.476464e-01 2.807403e-03 -1.243762e-01 -4.827408e-02
4.166506e-01 -2.186191e-01 3.168854e-01 9.395417e-02 9.425430e-02 -2.477114e-02 -1.194806e-01 1.571986e-02
-1.500972e-01 3.492526e-02 2.544204e-01 1.473779e-01 -1.022178e-01 1.027199e-02 -2.909875e-01 -1.160540e-01
4.979691e-02 -1.045671e-01 2.824795e-01 2.316754e-01 2.969194e-01 -3.436960e-02 4.158030e-02 -8.527109e-02
3.890794e-01 -9.309532e-02 -1.393924e-01 3.914269e-01 2.401676e-01 1.985128e-01 -6.214804e-02 -1.182030e-01
1.567252e-01 -8.832869e-03 2.712364e-02 1.774035e-01 5.247638e-02 -3.811906e-03 -2.543077e-02 6.220681e-02
4.225043e-01 -1.910020e-01 -1.968525e-02 3.902037e-01 6.482635e-02 7.909930e-02 5.667442e-02 -2.159035e-01
3.651976e-01 -3.599099e-02 -3.639214e-02 -4.161714e-02 -1.191936e-01 -3.586430e-02 2.835494e-01 -9.180819e-02
-8.843204e-02 -5.675618e-02 2.400506e-01 1.537193e-01 2.130825e-02 -2.275728e-02 4.101858e-02 6.187168e-02
4.480232e-01 -6.115157e-02 -8.193962e-02 3.494629e-01 1.790567e-01 6.863469e-02 -1.847587e-02 -1.475113e-01
1.992243e-01 -8.299445e-02 1.495529e-02 3.511406e-01 3.666941e-01 -1.130375e-01 6.221275e-02 -9.402085e-02
-7.227664e-02 -8.566088e-02 1.475670e-01 -7.358818e-02 2.794031e-01 -1.132866e-01 -3.781751e-02 -1.007768e-01
5.066161e-01 -1.433723e-01 -1.242014e-01 8.580906e-02 -8.167023e-02 1.838343e-02 7.680678e-02 -1.296717e-01
-9.384087e-02 7.894891e-02 1.602123e-01 -2.331811e-02 4.590325e-01 2.940020e-03 -3.886147e-03 2.996054e-02
-2.556188e-02 -1.557382e-01 1.070321e-01 -5.061399e-02 -1.149263e-01 -1.572084e-01 4.504450e-03 -9.441844e-02
7.212503e-02 4.806611e-02 -7.704992e-02 -1.898959e-02 -4.990055e-02 3.271076e-02 -2.980373e-02 3.422303e-01
-7.902403e-02 -2.200200e-02 1.592569e-01 -1.000507e-01 -7.004175e-02 -7.429050e-02 4.743578e-02 -1.707066e-02
1.698605e-01 -2.329992e-01 4.808648e-02 2.649545e-01 -3.082722e-02 -1.706475e-02 4.943441e-02 -3.494238e-02
2.435630e-01 9.585740e-02 -5.584084e-02 2.283031e-01 2.672314e-01 1.860388e-01 -1.035547e-01 4.032276e-02
1.698215e-01 -1.306535e-01 7.260678e-03 3.410223e-01 4.593903e-01 6.407350e-02 1.521158e-02 -1.176290e-01
2.476717e-01 -1.759084e-01 -1.014366e-02 3.872778e-01 2.159630e-01 7.750648e-02 1.128991e-01 -9.174147e-02
-4.971638e-02 4.963080e-02 3.014653e-01 3.252294e-02 2.846900e-01 4.059678e-03 -2.332765e-02 -1.251282e-02
2.088418e-01 -1.393326e-01 -1.075175e-01 1.101387e-02 -1.064417e-01 -5.033356e-02 -1.378729e-02 -9.108134e-02
1.518754e-02 -1.126170e-01 4.069642e-01 1.619975e-02 1.539979e-01 -1.289811e-01 4.886641e-02 -3.728582e-02
-1.177966e-02 -1.049081e-01 3.440595e-01 1.061505e-01 3.593418e-01 -2.044357e-02 9.231580e-02 2.087934e-02
5.760813e-01 -9.899297e-02 -1.475752e-01 1.530367e-02 -1.152347e-01 1.022054e-01 1.772455e-01 -1.353356e-01
3.543409e-01 -1.180108e-01 -2.162412e-02 3.915504e-01 1.804644e-01 -9.965412e-02 8.327330e-02 -1.433908e-01
-9.931992e-02 1.522502e-01 2.173644e-01 -6.337836e-02 3.128861e-01 1.773084e-02 1.391214e-02 1.263599e-01
-3.160742e-02 -6.885177e-02 1.562382e-01 6.454559e-02 5.102895e-01 -9.339159e-02 3.999099e-02 -7.335074e-02
-8.928575e-02 4.309941e-02 1.427610e-01 -1.140804e-01 -1.053286e-01 -2.323191e-02 -1.067152e-01 3.549348e-01
1.248541e-01 8.435197e-02 3.006529e-02 2.192860e-01 4.160213e-01 7.021535e-02 -2.926142e-02 3.260628e-02
2.879000e-01 -3.299163e-02 -1.056597e-01 3.529301e-01 4.164604e-01 1.518993e-01 -4.582566e-02 -6.408408e-02
3.346153e-01 -1.194229e-01 -1.153655e-01 4.077822e-01 3.449182e-01 4.317778e-02 -1.405583e-02 -1.225586e-01
3.588789e-01 6.672060e-02 -9.308580e-02 -7.103594e-02 -6.968895e-02 1.378533e-01 1.066036e-01 8.256892e-03
-2.103291e-02 -1.792071e-01 1.986594e-01 1.798578e-01 -4.750734e-02 -1.620113e-02 6.370454e-03 -2.498925e-02
