4 5 8 32 32
-1.433163e-01 -1.065626e-01 -6.424551e-02 1.960041e-01 -8.000693e-03 -7.658686e-02 -1.878078e-01 -1.663654e-01
-1.231819e-01 -1.239831e-01 9.543748e-02 -4.461245e-02 -8.730727e-02 2.499049e-01 2.685331e-01 -1.149095e-01
-1.039010e-01 3.140312e-02 -1.140807e-01 3.209803e-01 -1.263483e-01 -1.032636e-01 -1.188539e-01 -9.363838e-02
1.158544e-02 4.246056e-01 -1.337734e-01 -7.438195e-02 2.070331e-02 7.893328e-02 3.268901e-01 -6.379374e-02
1.627456e-01 -2.104876e-02 1.467849e-02 3.652416e-03 3.533894e-01 1.530552e-01 3.263780e-01 7.377597e-03
-1.714457e-01 -1.356656e-01 7.654600e-02 7.739926e-02 -5.887542e-02 -8.100690e-02 -1.306833e-01 -1.113623e-01
-6.929254e-02 -1.466020e-02 -1.442485e-01 3.284967e-01 -9.591687e-03 -6.079172e-02 -2.141281e-01 -2.073673e-01
-2.016201e-02 -6.880546e-02 -1.200733e-01 6.532504e-02 -1.871083e-02 3.897228e-01 1.264965e-01 -1.115341e-01
-5.078017e-02 1.647854e-01 -1.242773e-01 -8.925925e-02 -2.783094e-02 -4.834043e-03 3.468875e-01 -3.579475e-02
-4.104930e-02 3.421986e-01 -1.352999e-01 1.047765e-01 -1.145214e-01 3.837324e-01 1.604925e-01 -1.389038e-01
-6.579172e-02 -7.329694e-02 -4.587976e-02 -1.015960e-01 2.367836e-01 -5.276795e-03 5.404809e-01 -1.046922e-01
-8.622179e-02 -6.056850e-02 1.352252e-01 1.562120e-01 -1.041271e-01 -7.422114e-02 -1.073421e-01 -9.864940e-02
-8.332822e-02 2.064269e-01 2.855607e-02 1.780382e-01 -1.117487e-01 -7.372120e-02 -1.173082e-01 -7.622342e-02
-5.880476e-02 4.963553e-03 -8.126896e-02 2.359773e-01 1.694922e-02 4.041048e-02 -2.512387e-01 -1.401580e-01
-9.771218e-02 2.321278e-01 -1.413159e-01 3.562676e-01 -1.178014e-01 -9.339353e-02 -1.473496e-01 -7.483368e-02
-1.293182e-01 -3.326138e-02 -8.845884e-02 -1.130437e-01 -3.074212e-02 -3.521192e-02 -8.540746e-02 -3.267673e-02
2.364473e-01 1.082053e-01 -1.413833e-01 -4.145342e-02 2.992882e-01 1.740582e-01 1.714813e-01 -8.219650e-02
-7.197228e-02 2.926254e-02 -1.483672e-01 3.014270e-01 -7.778682e-02 -5.553562e-02 -1.690109e-01 3.402493e-03
-1.013994e-01 -7.594322e-03 -1.998018e-01 8.549412e-02 -1.283553e-01 2.900761e-01 2.065605e-01 -6.882731e-02
1.138946e-01 1.065885e-01 -8.935364e-02 -4.715181e-02 3.329374e-01 8.954075e-02 2.743443e-01 2.909929e-02
-3.641611e-05 1.593897e-01 -1.405177e-01 -8.765027e-02 1.772269e-01 6.191938e-02 4.829291e-01 -9.163146e-02
-8.228182e-02 -1.265427e-01 -1.061532e-01 2.327964e-02 -1.260572e-01 2.832919e-01 2.704862e-01 -1.236218e-01
-1.098129e-01 -9.538617e-02 -5.702321e-02 2.210052e-01 -1.142481e-01 -9.151761e-02 -1.117859e-01 -7.922713e-02
-5.066436e-02 1.925999e-01 -7.529403e-02 3.509476e-01 -3.458641e-02 -2.372303e-02 -2.153693e-01 -1.955960e-01
-1.194689e-01 -3.937394e-02 -8.329910e-02 -8.625916e-02 1.557002e-01 -1.385634e-02 -1.026086e-01 -8.318946e-02
-4.895297e-02 1.895652e-02 9.037885e-02 2.163734e-01 -4.176284e-02 2.370692e-02 -1.733751e-01 -1.789752e-01
-9.757910e-02 4.915490e-01 -9.162968e-02 3.083736e-01 -1.172324e-01 -5.486216e-02 -1.465793e-01 -1.007966e-01
-1.122762e-01 -7.211560e-02 3.268737e-01 2.190038e-02 -7.459851e-02 -2.236705e-02 -1.264843e-01 -1.088950e-01
-8.136794e-02 -7.127826e-02 -2.360223e-02 -9.153484e-02 -1.124764e-02 -3.934256e-02 3.636550e-01 -6.831409e-02
1.622359e-01 3.543983e-01 -1.032061e-01 -4.348378e-02 2.052080e-01 1.676673e-01 1.549692e-01 -6.886066e-02
1.390047e-01 1.417168e-01 -8.986755e-02 -5.870367e-02 1.269993e-01 1.520730e-01 1.998827e-01 -9.151065e-02
6.363181e-02 -1.086844e-01 7.869449e-02 1.359501e-01 -9.782651e-03 3.784150e-02 -8.995857e-02 -6.836992e-02
3.625722e-01 -1.121031e-01 -1.244586e-01 -3.184286e-02 -7.067613e-02 -1.928885e-01 -1.070958e-01 2.954225e-01
-5.526083e-02 -9.036373e-02 -1.155382e-01 -1.130052e-01 1.042853e-01 1.384513e-01 -1.103219e-01 -1.925847e-02
4.627441e-01 -1.595469e-02 -1.938768e-01 -1.518072e-01 -2.049547e-01 -2.018371e-01 -7.106334e-02 -1.266517e-01
3.639847e-02 -9.823573e-02 -1.159397e-01 1.467275e-01 -8.484454e-02 -9.669461e-02 5.587546e-01 1.196285e-02
-8.603407e-02 5.301996e-01 -7.803342e-02 -2.910456e-02 -6.609757e-02 -1.391091e-01 -5.851503e-02 3.447085e-02
8.638973e-02 -6.951955e-02 -9.274015e-02 -1.241169e-01 5.986775e-02 -5.571341e-02 -1.046666e-01 1.290714e-02
4.432041e-04 -1.132950e-01 -3.043883e-01 2.593240e-02 -2.264466e-01 -9.678591e-02 3.031955e-01 5.559940e-02
-1.399552e-02 -1.103646e-01 -1.288233e-01 2.567880e-01 -1.178899e-01 -1.047600e-01 2.871890e-01 -1.059374e-01
2.486261e-01 -6.156593e-02 -1.114007e-01 -1.293717e-01 -2.077863e-02 -8.440819e-02 -1.008533e-01 9.335806e-02
-1.184569e-01 -7.495245e-02 -1.184358e-01 -1.194639e-01 3.316969e-02 -7.298426e-02 3.780856e-01 -7.911816e-02
7.298549e-02 7.573579e-02 -1.771405e-01 -2.171988e-01 -4.083584e-02 -4.098418e-03 -7.790244e-02 -1.544864e-01
4.087181e-02 -3.576330e-02 -2.423969e-01 -9.883510e-02 -3.441556e-02 -1.491234e-01 1.867944e-02 -6.651028e-02
-1.263556e-01 1.657659e-01 -1.653087e-02 4.615588e-01 -5.459239e-02 -1.853647e-01 -1.579089e-01 -1.137825e-01
-1.371611e-01 -2.464621e-02 -6.210508e-02 -8.548892e-02 7.820065e-02 3.087118e-02 -3.026123e-02 -1.753054e-01
2.954160e-02 -9.427500e-02 -1.245050e-01 -3.281021e-02 8.530758e-02 -1.579872e-01 -4.349114e-02 5.819204e-02
1.197659e-01 -7.441182e-02 -7.860963e-02 -1.330829e-01 -4.670968e-02 3.143437e-01 -1.515600e-01 4.113688e-02
3.985681e-01 -6.887703e-02 -1.203370e-01 -1.215323e-01 -9.897751e-02 -9.588473e-02 -8.910670e-02 1.770681e-01
-4.291381e-02 -2.035823e-02 -2.935786e-01 -1.604791e-01 -2.539074e-01 -8.172428e-03 2.211341e-01 -1.513017e-01
3.606950e-02 -6.387468e-02 -4.014854e-01 6.554247e-02 -3.230916e-01 -9.603296e-02 1.012715e-01 -2.394356e-01
1.909423e-01 -9.210152e-02 -9.790695e-02 -1.067803e-01 -3.048441e-02 1.014992e-01 -1.495171e-01 1.803065e-01
2.572002e-01 -7.715778e-02 -8.537982e-02 -2.820380e-02 -9.200276e-02 -5.894298e-02 -1.436370e-01 -9.803388e-02
-1.072301e-01 -1.840653e-02 -1.702052e-01 -8.068419e-02 6.473386e-02 -1.273336e-01 3.815744e-03 -1.670169e-01
3.376917e-01 8.428574e-02 -1.315943e-01 -1.841330e-01 -1.847090e-01 -7.638377e-02 -2.068554e-01 -2.947574e-01
-7.050159e-02 -5.736988e-02 -9.894175e-02 -1.033235e-01 1.520759e-01 -6.754829e-02 -9.459896e-02 -6.348989e-02
2.262748e-01 -1.180226e-01 -5.856506e-02 -8.753255e-03 4.903905e-02 -1.160387e-01 -1.400163e-01 2.664845e-01
2.544989e-01 -2.229033e-02 -2.390874e-01 -1.754750e-01 -1.392384e-01 -1.403300e-01 6.119117e-03 5.913248e-02
5.299608e-01 -7.812483e-02 -9.597962e-02 -1.249826e-01 -9.182244e-02 -8.094165e-02 -8.635567e-02 -1.645241e-02
4.107174e-01 -1.156086e-01 -4.176037e-02 -9.336365e-03 -1.795098e-01 -2.720332e-01 -6.645910e-02 5.756203e-02
-1.079201e-01 -4.768730e-02 1.057194e-01 -8.463669e-02 4.790111e-02 2.416596e-01 -1.376491e-01 -1.213275e-01
-1.285675e-01 3.889548e-01 -5.555325e-04 2.813106e-01 -2.784404e-03 -1.451122e-01 -7.152561e-02 1.123314e-01
-9.822677e-02 -5.529136e-02 -1.152603e-01 -9.340645e-02 -9.087770e-02 -8.875231e-02 5.815920e-01 3.267520e-02
3.567456e-02 -3.060382e-02 -1.945205e-01 -1.953890e-02 -3.297124e-01 -5.688237e-02 2.413116e-01 -1.002518e-01
-1.274966e-01 6.213431e-03 1.546101e-01 1.912310e-01 -3.515941e-02 7.462479e-02 -2.948946e-01 -1.292967e-01
-1.172977e-01 -2.975226e-02 -1.679417e-01 4.081506e-02 3.122846e-01 1.909834e-01 5.793275e-03 8.207775e-03
3.872916e-01 -2.213342e-01 9.318310e-02 -5.767512e-02 7.599929e-02 -2.563685e-02 1.014772e-01 6.426791e-02
-7.156947e-02 -1.181127e-01 2.723560e-01 -5.570450e-02 -6.477720e-02 -1.058869e-01 -1.543145e-01 1.176525e-02
-2.237587e-01 -4.453442e-02 -1.377768e-01 2.376795e-02 2.333147e-01 -5.334849e-02 -7.990705e-02 4.434318e-02
-1.235434e-01 -1.210238e-01 -1.199134e-01 2.692795e-01 2.729120e-01 3.316609e-01 -1.394424e-01 -8.592158e-02
6.201559e-01 -1.365917e-01 2.049628e-01 -8.127726e-02 -4.138285e-02 -1.227840e-01 1.198484e-01 4.304027e-02
-3.027396e-01 -3.362784e-01 -9.001092e-02 -1.300894e-01 2.954279e-02 -3.889809e-02 -1.090898e-01 2.114386e-03
-2.905549e-01 -1.331596e-01 -7.252815e-02 9.760109e-02 2.398074e-01 -1.475916e-01 -2.077779e-01 -3.526139e-02
-1.346713e-01 -1.439654e-01 -6.472220e-02 -7.216317e-02 2.135240e-01 -8.488590e-02 -1.280638e-01 -6.951287e-02
-1.856182e-01 -9.643065e-02 -1.338092e-01 -4.151558e-02 2.338720e-01 2.783684e-01 9.396597e-03 5.688431e-02
-2.772362e-01 -1.422853e-01 1.441364e-01 -6.718643e-02 -4.698117e-02 -3.292797e-02 -1.089812e-01 1.005149e-01
-1.718842e-01 -6.366409e-03 3.836291e-01 9.642896e-02 -1.976644e-01 2.796728e-02 -1.437294e-01 9.346130e-02
-5.465795e-02 -6.919221e-02 -1.718850e-01 -1.346416e-01 2.244573e-01 1.957701e-01 8.485399e-02 7.491166e-02
-1.004984e-01 8.819756e-02 -8.392360e-02 3.541645e-01 2.669137e-01 -9.716244e-03 -1.866105e-01 -5.897259e-02
-1.304112e-01 -1.302965e-01 -1.259173e-01 7.170056e-03 3.165828e-01 -1.079797e-02 -1.166739e-01 -9.016299e-02
-1.968731e-01 -1.114866e-01 -1.542677e-01 -1.317595e-01 2.220332e-01 6.006448e-02 4.165231e-02 9.078645e-02
-1.427457e-01 -9.503903e-02 -1.363462e-01 1.959519e-01 3.355126e-01 1.256012e-01 -1.362030e-01 -9.055137e-02
-2.772660e-01 -3.253879e-01 -1.760143e-01 1.471684e-01 2.304021e-01 3.353946e-02 -1.628645e-01 -7.314426e-02
3.304107e-01 -4.042092e-01 4.140251e-02 -1.176767e-01 8.166738e-02 4.258439e-02 1.341011e-01 9.861755e-02
3.419347e-01 -1.517411e-01 3.194666e-01 6.004093e-02 7.521768e-02 -7.878722e-02 1.902907e-02 -1.141997e-01
-2.845163e-01 -1.169814e-01 -1.118345e-01 5.013197e-02 3.541577e-01 1.060803e-01 -7.961100e-02 -4.832407e-03
-1.304812e-01 -1.298569e-01 1.627844e-01 -7.793647e-02 -3.089932e-03 -1.079722e-01 -1.527238e-01 5.816051e-03
-2.183460e-01 -2.357161e-01 2.033936e-01 8.183962e-03 -2.666534e-02 -2.384526e-01 -1.364175e-01 3.948138e-02
-1.521089e-01 -2.564245e-01 -2.278291e-01 5.703524e-03 1.517165e-01 2.453248e-01 7.115203e-04 -1.486509e-02
-1.495464e-01 -1.015542e-01 3.237128e-01 1.248240e-01 -1.674263e-01 -5.616926e-02 -2.720832e-01 -5.259867e-02
-1.430461e-01 -1.148104e-01 -1.438667e-01 6.388546e-02 2.367052e-01 2.066270e-01 -1.340967e-01 -5.756814e-02
-1.928602e-01 -1.672570e-01 1.078253e-01 -1.149155e-01 -9.191633e-02 2.658981e-02 -4.274379e-02 1.229701e-01
-2.529428e-01 -4.644111e-01 9.203437e-02 -8.055457e-02 -3.328848e-02 9.688629e-03 -1.749970e-01 5.134069e-03
-1.617756e-01 2.571296e-01 2.269580e-01 1.624012e-02 -6.138017e-02 -9.012106e-02 -1.865263e-01 -9.509329e-02
-1.523518e-01 -3.384863e-01 3.189856e-01 -3.545502e-02 -3.630676e-02 -6.256605e-02 -1.928063e-01 1.312478e-01
-1.998081e-01 -8.174957e-02 -1.308133e-01 1.897789e-01 3.112536e-01 -5.552645e-02 -2.215114e-01 -1.060830e-01
-7.597069e-02 -8.858655e-02 1.526937e-01 -6.982594e-02 -8.933711e-02 -9.964594e-02 -3.523221e-02 -1.059308e-01
1.889246e-01 -7.871554e-02 9.245385e-02 3.693157e-01 2.986028e-01 -3.953020e-02 7.732758e-02 -7.123861e-02
4.552671e-01 -7.686950e-02 -7.078223e-02 3.786467e-01 1.605379e-01 8.705095e-02 -3.037738e-02 -1.542886e-01
-3.300139e-02 -3.362618e-02 3.351942e-01 8.164541e-02 3.536393e-01 -2.262314e-03 7.347548e-02 4.292712e-02
4.236856e-01 -8.582310e-02 7.425846e-03 -2.121989e-02 -1.147508e-01 2.404951e-03 2.811972e-01 -1.030300e-01
-5.702457e-02 -8.741412e-02 2.051752e-01 -1.993713e-03 5.688903e-01 -3.819682e-02 -8.418465e-02 -1.037962e-01
2.423291e-01 -1.693413e-01 1.887257e-02 4.410357e-01 2.360399e-01 1.143846e-01 6.381357e-02 -7.871180e-02
3.408903e-01 -1.021408e-01 -6.708320e-02 4.004206e-01 4.256083e-01 1.740172e-01 -6.359192e-02 -1.548384e-01
1.973092e-01 -1.933953e-01 4.851363e-02 2.606719e-01 -1.254706e-02 -3.491098e-03 8.096335e-03 -6.181331e-03
-2.281550e-02 2.732057e-02 9.081834e-02 -7.124802e-02 -7.612609e-02 -4.300511e-03 -8.305231e-02 3.949944e-01
2.169623e-01 -1.088634e-01 -8.055165e-02 -6.652568e-03 -8.764908e-02 -2.348129e-02 -5.138524e-02 -1.003314e-01
4.167135e-01 -8.311060e-02 -9.673357e-02 3.744971e-01 2.475218e-01 2.362082e-01 -6.277338e-02 -1.437457e-01
-8.700269e-02 1.241213e-01 2.131460e-01 -6.411734e-02 3.540714e-01 1.111162e-02 3.515517e-02 1.267001e-01
5.396690e-01 -1.406558e-01 -1.332277e-01 9.324220e-02 -7.187031e-02 2.380532e-02 6.852774e-02 -1.310831e-01
-6.987233e-02 -8.838602e-02 1.392422e-01 -7.931577e-02 3.006717e-01 -8.513180e-02 -7.655259e-02 -1.397911e-01
3.026760e-01 2.069118e-02 -3.444634e-02 3.723520e-01 2.582481e-01 1.493442e-01 -4.983341e-02 -1.936938e-02
3.800782e-01 -1.319288e-01 6.680393e-03 4.355037e-01 1.769915e-01 -7.858322e-02 4.819224e-02 -1.540141e-01
1.270445e-01 -1.106350e-01 1.912964e-01 2.954023e-01 5.319551e-01 9.706602e-03 -7.728022e-02 -1.306930e-01
3.321093e-01 2.507940e-02 -6.085862e-02 -1.276395e-02 -7.932878e-02 1.219582e-01 5.769313e-02 6.956650e-02
-4.915334e-02 -9.254625e-02 3.414443e-01 4.861793e-02 4.957491e-01 -6.521516e-02 -8.481088e-02 -1.175058e-01
4.413645e-02 -1.132243e-01 4.349455e-01 3.252362e-02 1.351031e-01 -1.173085e-01 3.601884e-02 -2.143738e-02
1.861252e-01 -1.054178e-01 2.307339e-02 3.296542e-01 5.330231e-01 1.413003e-01 -6.290000e-02 -1.391263e-01
5.763370e-01 -9.368219e-02 -1.054961e-01 4.010969e-02 -1.173229e-01 1.585968e-01 1.804491e-01 -1.390762e-01
1.882544e-01 1.272029e-01 1.325012e-02 2.454305e-01 2.808502e-01 1.684133e-01 -9.717809e-02 7.255627e-02
3.542102e-02 -3.646589e-02 3.481640e-01 1.389760e-01 2.440218e-01 -2.178147e-02 -4.901401e-02 -8.634999e-02
3.522041e-01 -1.030171e-01 4.296127e-03 4.122761e-01 4.454565e-01 -2.484091e-02 -8.643534e-02 -1.489218e-01
-2.059546e-02 -1.643929e-01 2.631541e-01 2.039135e-01 1.410848e-03 -1.290202e-04 1.811739e-02 -8.640092e-03
3.527125e-03 -7.901930e-02 1.624935e-01 -7.979055e-02 -1.404641e-01 -8.493465e-02 2.180441e-01 -8.494110e-02
-8.215361e-02 1.027246e-01 2.602543e-01 -5.291090e-03 2.778702e-01 4.833566e-02 -7.604317e-02 4.126170e-02
4.212483e-01 -1.868110e-01 -7.234796e-03 4.037980e-01 7.331847e-02 9.842790e-02 2.146412e-02 -1.973802e-01
2.103586e-02 -1.696489e-01 3.513825e-01 1.887923e-01 3.201273e-01 -1.246535e-02 9.311406e-02 1.001976e-02
-7.666212e-02 -2.722217e-03 1.751247e-01 1.680672e-01 5.091290e-02 9.432463e-03 2.413935e-03 5.940019e-02
-4.403478e-02 1.311655e-01 4.203036e-02 2.976085e-01 -5.679980e-02 -2.249620e-02 -1.684343e-01 -1.757307e-01
3.590095e-02 9.939460e-02 -1.424265e-01 -2.762363e-02 2.712107e-01 6.983045e-02 4.916046e-01 -1.153199e-01
-1.008815e-01 -6.779458e-02 -1.043481e-01 3.487194e-01 -7.996183e-02 -9.077323e-02 -1.604762e-01 -1.254113e-01
-1.961574e-01 -1.513591e-01 1.033278e-01 9.571083e-02 -9.260537e-02 -7.877050e-02 -1.491431e-01 -1.166670e-01
-1.122827e-01 -1.254854e-01 -1.252058e-01 1.240655e-02 -1.690704e-01 2.929900e-01 3.167466e-01 -7.050800e-02
-7.300308e-02 -1.248714e-01 2.524793e-02 -8.884264e-02 2.533532e-01 -3.288756e-02 5.327600e-01 -6.975397e-02
-5.601578e-02 -5.650530e-02 -3.018014e-02 -1.238393e-01 1.904812e-02 -3.447040e-02 3.827311e-01 -5.007292e-02
-9.222443e-02 -2.243567e-02 -1.895538e-01 6.513143e-02 -1.103847e-01 3.435125e-01 2.140354e-01 -6.831805e-02
-1.728868e-01 -9.795753e-02 -4.270335e-02 1.789429e-01 -1.289080e-02 -6.325994e-02 -2.005002e-01 -1.759722e-01
-1.131321e-01 -1.204590e-01 3.638633e-01 2.090096e-02 -1.003223e-01 -3.597795e-02 -1.125591e-01 -4.627559e-02
1.170823e-01 4.415434e-01 -1.357993e-01 -1.257790e-02 1.408682e-01 1.297532e-01 2.565943e-01 -9.298231e-02
-1.039112e-01 1.118504e-02 -1.240566e-01 3.260415e-01 -1.998016e-03 -5.050542e-02 -2.597136e-01 -2.479410e-01
1.802931e-03 1.978045e-01 -1.578488e-01 -8.759963e-02 1.658354e-02 8.033195e-03 3.390358e-01 -5.707313e-02
-8.056852e-02 -8.285255e-04 -2.806201e-02 2.249746e-01 2.568186e-02 6.866457e-02 -2.976468e-01 -1.804873e-01
-9.404473e-02 5.169277e-01 -8.102245e-02 3.513151e-01 -7.646643e-02 -3.706869e-02 -1.628197e-01 -9.849487e-02
-8.142232e-02 -1.322681e-02 1.912789e-01 2.370692e-01 -6.549457e-02 1.094162e-02 -1.623943e-01 -1.548872e-01
-1.125364e-01 2.478304e-01 5.008928e-02 6.658989e-02 -1.025223e-01 -6.891767e-02 -1.432732e-01 -5.914366e-03
-3.731674e-02 9.609330e-03 -1.295907e-01 3.243564e-01 4.931559e-03 3.095504e-02 -2.697844e-01 -8.937981e-02
2.282861e-01 1.237028e-01 -1.437319e-01 -1.727687e-02 3.204405e-01 1.703963e-01 2.059263e-01 -9.693100e-02
-9.798396e-02 -1.342280e-01 4.985637e-02 2.800093e-01 -8.584805e-02 -8.029885e-02 -1.458848e-01 -1.129217e-01
-7.801558e-02 2.122346e-01 -1.069865e-01 4.013910e-01 -2.919846e-02 5.700797e-04 -2.895757e-01 -1.911546e-01
1.683052e-01 1.444140e-01 -1.098938e-01 -5.562544e-02 1.486046e-01 1.453914e-01 2.282260e-01 -1.130041e-01
-1.177685e-01 -9.870370e-02 -8.847883e-02 1.924035e-01 -1.082822e-01 -1.102031e-01 -1.383161e-01 -7.615978e-02
1.700425e-01 -2.379769e-03 -8.438144e-03 1.854066e-02 3.782434e-01 1.273922e-01 3.483665e-01 1.110973e-02
-1.570027e-01 -3.283500e-02 -7.319102e-02 -1.413925e-01 -3.575472e-02 -5.592702e-02 -9.119352e-02 -1.641474e-02
-1.406189e-01 -2.904576e-02 -8.073994e-02 -1.001495e-01 1.508247e-01 -1.952953e-02 -1.207367e-01 -6.851780e-02
-8.915549e-02 1.202782e-01 -1.765617e-01 4.124584e-01 -7.847585e-02 -1.042193e-01 -1.781190e-01 -1.389027e-01
-1.498779e-01 -1.615054e-01 1.245985e-01 -6.858308e-02 -1.281883e-01 2.404467e-01 3.125126e-01 -5.664405e-02
-8.523871e-02 2.866063e-01 -1.600310e-01 4.270082e-01 -6.758782e-02 -8.181220e-02 -1.715581e-01 -1.259022e-01
-1.155695e-01 3.913853e-02 -1.319304e-01 3.328610e-01 -1.170545e-01 -8.234464e-02 -2.037712e-01 3.505531e-02
-4.599152e-02 3.391121e-01 -1.446581e-01 8.482320e-02 -1.580704e-01 3.916700e-01 1.904494e-01 -9.699938e-02
5.951038e-02 -8.305089e-02 8.122467e-02 1.257638e-01 -9.439693e-02 5.095351e-02 -9.441181e-02 -1.343054e-01
-1.595633e-01 3.680763e-01 2.724334e-02 3.405670e-01 8.958517e-03 -1.478161e-01 -8.847494e-02 1.131429e-01
2.395110e-01 -1.874375e-02 -1.847975e-01 -1.651289e-01 -1.744133e-01 -9.584230e-02 -1.413969e-02 -2.237228e-02
-1.088491e-02 -9.822106e-02 -1.688452e-01 2.577347e-01 -1.618377e-01 -8.912935e-02 2.457360e-01 -1.594914e-01
5.158286e-01 -1.072954e-01 -7.501879e-02 -1.171025e-01 -1.541171e-01 -1.116927e-01 -4.931029e-02 -1.489133e-02
2.246498e-01 -1.519905e-01 -2.066604e-02 -1.593596e-02 5.704738e-02 -1.184727e-01 -1.294286e-01 2.420578e-01
-1.366391e-01 -7.858279e-02 -7.516137e-02 -7.894027e-02 8.346027e-02 1.065613e-01 -2.914756e-02 -1.371583e-01
4.820339e-03 -7.773513e-02 -2.782765e-01 3.687494e-02 -2.809598e-01 -1.152311e-01 2.969167e-01 1.232255e-02
-1.309885e-01 -8.323289e-02 -1.078954e-01 -6.884488e-02 1.919645e-01 -8.039907e-02 -5.507326e-02 -1.027572e-01
1.847564e-01 -9.093319e-02 -1.378527e-01 -8.179658e-02 -1.407960e-02 -1.494865e-01 -4.161611e-02 9.962313e-02
-1.133261e-01 5.236763e-01 -4.317397e-02 -1.080557e-02 -6.695443e-02 -1.441826e-01 -1.957685e-02 4.461364e-02
-5.535464e-02 -1.172158e-01 -1.241174e-01 -7.171395e-02 -1.484447e-01 -1.038178e-01 5.627174e-01 3.216590e-02
6.009681e-02 7.206967e-02 -1.403535e-01 -2.285724e-01 -4.509415e-02 3.292978e-02 -6.853352e-02 -1.863569e-01
2.546766e-02 -6.411119e-02 -3.679522e-01 7.293192e-02 -2.992648e-01 -9.452284e-02 1.194187e-01 -2.404762e-01
4.552134e-02 -1.485607e-01 -4.807052e-02 1.915557e-01 -8.595737e-02 -9.932993e-02 5.018377e-01 5.043733e-02
-1.273689e-01 -1.066046e-01 9.364851e-02 -6.446890e-02 5.791246e-02 3.333594e-01 -1.059730e-01 -1.132272e-01
2.046649e-02 -1.328581e-01 -5.222912e-02 -4.826989e-02 1.401118e-01 -8.428461e-02 -1.048869e-01 8.437853e-02
3.518524e-01 7.257393e-02 -1.401162e-01 -1.457421e-01 -1.764356e-01 -6.414594e-02 -1.873899e-01 -3.260275e-01
2.880874e-01 -7.808056e-02 -1.250196e-01 2.190086e-02 -1.097842e-01 -4.893807e-02 -1.283181e-01 -1.149805e-01
-1.673909e-02 -2.560918e-02 -2.481240e-01 -9.920666e-02 -2.824031e-01 -4.052363e-02 2.370164e-01 -1.606990e-01
-1.139314e-01 -5.077595e-02 -2.035626e-01 -1.647734e-01 -1.173902e-01 -8.604319e-02 4.543706e-01 -1.329971e-01
-1.986864e-02 -7.979424e-02 -1.529827e-01 -5.179298e-02 4.808773e-02 -1.466795e-01 -2.154132e-02 -4.076746e-02
-1.591311e-01 1.866968e-01 1.053918e-02 5.101172e-01 -5.342136e-02 -1.614239e-01 -1.264752e-01 -1.057768e-01
1.325212e-01 -1.429954e-01 -6.286702e-02 -9.070331e-02 -1.273620e-02 2.126762e-01 -1.119548e-01 1.279992e-01
3.622119e-01 -7.397163e-02 -1.492371e-01 -1.277377e-01 -1.654435e-01 -1.602808e-01 -4.121245e-02 1.482138e-01
-1.196459e-01 -1.788766e-02 -1.543673e-01 -9.125794e-02 3.884400e-02 -8.594491e-02 -5.757552e-03 -1.978535e-01
3.660616e-01 -1.422432e-01 -9.940720e-02 -9.324248e-03 -5.217494e-02 -2.305744e-01 -9.955314e-02 3.034908e-01
3.844016e-01 1.851040e-02 -8.923936e-02 -2.385898e-01 -2.038419e-01 -7.468887e-02 -7.200860e-02 -1.735454e-01
4.539619e-01 -2.763971e-02 -1.765928e-01 -1.320414e-01 -2.149009e-01 -1.835893e-01 -6.337842e-02 -1.147027e-01
4.520168e-02 -6.337643e-02 1.607641e-01 -9.577833e-02 -7.476147e-02 8.301118e-02 -9.258902e-02 -6.189824e-02
3.960317e-01 -1.178045e-01 -2.389124e-02 3.440202e-02 -1.780232e-01 -2.603695e-01 -6.710540e-02 5.131563e-02
6.445997e-02 -3.216336e-02 -2.115985e-01 -1.158308e-01 -7.935555e-02 -1.071047e-01 -9.952584e-03 -9.350172e-02
4.420602e-01 -1.368513e-01 1.443636e-03 -6.579498e-02 -4.317719e-02 -9.294134e-02 -1.217730e-01 1.705083e-01
-2.186103e-01 -1.080202e-01 1.818800e-01 -5.916949e-02 1.734092e-03 -1.430171e-01 -1.277777e-01 1.133575e-02
-1.117972e-01 -5.976703e-02 -1.578255e-01 -2.264494e-02 2.137754e-01 3.035030e-01 3.550283e-02 8.598122e-03
3.258004e-01 -5.186090e-02 2.950264e-01 2.497576e-03 -1.932826e-04 -1.156872e-01 1.601446e-01 -1.521626e-01
-1.844742e-01 -9.610615e-02 -4.609566e-02 -8.160018e-02 2.367817e-01 -8.694906e-02 -1.006921e-01 -3.102089e-02
-1.446703e-01 -7.783284e-02 2.873408e-01 -7.254052e-02 -8.956728e-02 -1.377853e-01 -7.757016e-02 3.715310e-02
-1.490655e-01 -6.262374e-02 -8.216431e-02 -1.400435e-01 1.287952e-01 5.999290e-04 1.155970e-02 6.076699e-02
-1.009168e-01 -8.505006e-02 -1.186160e-01 2.739918e-01 2.853214e-01 3.508709e-01 -5.847122e-02 -7.630321e-02
-1.011622e-01 -3.758373e-04 -1.369118e-01 2.059860e-02 3.110532e-01 1.621083e-01 3.667104e-02 1.506965e-02
4.021642e-01 -1.885177e-01 1.024955e-01 -8.134648e-02 7.031011e-02 -1.301545e-02 1.197470e-01 8.336376e-02
-1.654455e-01 -8.893693e-02 -1.034890e-01 2.462563e-01 3.194470e-01 1.180390e-01 -1.934680e-01 -1.122773e-01
-3.242214e-01 -3.127406e-01 -9.544521e-02 -1.330975e-01 2.362801e-02 -4.475685e-02 -1.176904e-01 -8.760004e-04
6.023834e-01 -9.742288e-02 2.296349e-01 -1.287560e-01 -9.402977e-02 -7.377060e-02 1.852285e-01 5.427499e-02
-2.490120e-01 2.198901e-03 -9.326373e-02 4.616892e-02 2.293494e-01 -7.964543e-02 -7.738971e-02 6.421734e-02
-1.600441e-01 3.296206e-02 3.989745e-01 9.840094e-02 -2.071450e-01 1.866441e-02 -1.431140e-01 7.008395e-02
-2.420321e-02 -2.013933e-02 -1.669512e-01 -1.371225e-01 2.057730e-01 1.893525e-01 1.147631e-01 5.562408e-02
-2.309404e-01 -1.377339e-01 -2.459041e-02 -9.672184e-03 2.148179e-01 -1.445833e-01 -2.070424e-01 -1.118256e-01
-2.238450e-01 -1.378356e-01 1.417005e-01 -9.976289e-02 -5.764259e-02 4.877501e-03 -5.291239e-02 1.289975e-01
-1.869214e-01 -5.461046e-02 -1.425950e-01 -9.620447e-02 2.708645e-01 5.545139e-02 8.155883e-02 9.774791e-02
-2.818681e-01 -8.670481e-02 -1.172532e-01 4.761209e-02 3.387988e-01 1.243743e-01 -6.060491e-02 1.481974e-02
-2.856321e-01 -2.816512e-01 -1.809720e-01 1.392798e-01 2.407573e-01 2.485563e-02 -1.866326e-01 -1.034480e-01
-1.339294e-01 -5.887567e-02 -1.240485e-01 1.017953e-01 2.783954e-01 2.354151e-01 -8.304515e-02 -3.347045e-02
-1.255282e-01 -8.458166e-02 -1.245646e-01 -4.873609e-02 2.151886e-01 1.260753e-01 -7.271472e-02 -1.053064e-02
-2.193163e-01 -1.957944e-01 2.182001e-01 2.795404e-02 -4.524324e-02 -2.674449e-01 -1.301575e-01 4.638250e-02
-2.186461e-01 -9.833684e-02 -1.049878e-01 1.719789e-01 3.055938e-01 -9.661778e-02 -2.461278e-01 -1.173669e-01
3.454482e-01 -3.659247e-01 4.259801e-02 -1.429007e-01 6.365982e-02 4.527302e-02 1.417539e-01 8.833441e-02
-1.146727e-01 5.215535e-02 -5.640261e-02 4.059356e-01 2.504021e-01 2.111155e-03 -2.151011e-01 -9.937984e-02
-1.383793e-01 -1.320096e-01 3.090091e-01 3.661319e-02 -1.189385e-01 -1.895041e-01 -2.123461e-01 -6.693213e-02
-1.406051e-01 -2.140800e-01 -2.377229e-01 -4.222670e-03 1.631349e-01 2.705124e-01 1.455065e-02 -3.980378e-02
-2.644001e-01 -4.267462e-01 9.215355e-02 -7.981933e-02 -2.733538e-02 1.079982e-02 -1.949806e-01 1.813250e-02
-1.767821e-01 -7.472418e-02 -1.166314e-01 1.095721e-01 3.462250e-01 -4.266829e-03 -1.151831e-01 -4.000903e-02
4.162011e-01 -2.266395e-01 3.221905e-01 9.748603e-02 8.011498e-02 -1.736252e-02 -9.960558e-02 2.741984e-02
-1.435566e-01 3.663443e-02 2.422449e-01 1.411154e-01 -1.075885e-01 -1.732635e-03 -2.763381e-01 -1.157500e-01
6.161551e-02 -1.124155e-01 2.854304e-01 2.191862e-01 2.947278e-01 -5.090673e-02 4.117573e-02 -8.504733e-02
3.860091e-01 -1.047806e-01 -1.247220e-01 3.720102e-01 2.387355e-01 2.001074e-01 -7.905302e-02 -1.199405e-01
1.505186e-01 -3.332959e-02 -2.237659e-03 1.621493e-01 1.384325e-02 -3.685107e-02 -5.369085e-02 7.220512e-02
4.128132e-01 -1.849305e-01 -6.463501e-03 3.840252e-01 7.153712e-02 8.857426e-02 5.073525e-02 -2.122822e-01
3.552461e-01 -3.077770e-02 -2.374532e-02 -4.443834e-02 -1.324740e-01 -3.579310e-02 2.902373e-01 -9.288051e-02
-9.320356e-02 -7.498812e-02 2.325711e-01 1.805268e-01 1.740249e-02 -1.072310e-02 1.597666e-02 6.221761e-02
4.303340e-01 -4.685954e-02 -8.673584e-02 3.506778e-01 1.672432e-01 7.899019e-02 -8.809586e-03 -1.435784e-01
2.019695e-01 -7.705673e-02 1.450492e-03 3.436247e-01 3.716122e-01 -1.028871e-01 2.697426e-02 -7.601790e-02
-7.155694e-02 -8.861894e-02 1.270623e-01 -8.656418e-02 2.465679e-01 -1.077122e-01 -5.293423e-02 -9.143009e-02
5.106195e-01 -1.416200e-01 -1.398955e-01 7.204834e-02 -9.353243e-02 1.346415e-02 8.761469e-02 -1.401116e-01
-8.448400e-02 7.374264e-02 1.663571e-01 -5.326990e-02 4.439262e-01 -1.596271e-02 -1.168092e-02 2.127642e-02
-3.345798e-02 -1.548193e-01 1.052336e-01 -4.771227e-02 -9.347285e-02 -1.423841e-01 -2.661814e-02 -7.323788e-02
6.106468e-02 4.368502e-02 -6.644281e-02 -2.380473e-02 -6.084153e-02 2.493926e-02 -5.456534e-02 3.390036e-01
-7.792148e-02 -7.182093e-03 1.543073e-01 -1.066620e-01 -6.614485e-02 -7.002612e-02 4.078703e-02 -1.836602e-02
1.764261e-01 -2.164672e-01 3.179907e-02 2.436446e-01 -4.343114e-02 -2.425454e-02 2.117270e-02 -1.923443e-02
2.800471e-01 8.548524e-02 -5.641824e-02 2.598266e-01 2.492945e-01 1.709086e-01 -1.259968e-01 3.538203e-02
1.577910e-01 -1.036281e-01 2.950301e-03 3.339787e-01 4.728576e-01 6.877733e-02 -5.176543e-03 -8.192231e-02
2.402552e-01 -1.649674e-01 -1.437721e-02 3.850291e-01 2.159506e-01 7.223742e-02 8.043585e-02 -8.159767e-02
-4.008596e-02 5.330317e-02 3.160820e-01 2.326974e-02 2.521173e-01 -8.499911e-03 -3.767177e-02 -2.591456e-02
2.063797e-01 -1.359610e-01 -8.753549e-02 1.195906e-02 -8.794925e-02 -5.130743e-02 -2.748748e-02 -8.439557e-02
2.505953e-02 -1.040789e-01 4.043417e-01 2.121881e-02 1.454264e-01 -1.292597e-01 3.449492e-02 -4.399072e-02
-5.699722e-03 -9.686460e-02 3.509012e-01 1.205632e-01 3.453881e-01 -3.592917e-02 1.058922e-01 1.234491e-02
5.621670e-01 -8.697204e-02 -1.466856e-01 8.410430e-03 -1.339612e-01 1.006665e-01 1.868389e-01 -1.318934e-01
3.346670e-01 -1.037286e-01 -2.597613e-02 3.843589e-01 1.956708e-01 -1.064086e-01 8.299585e-02 -1.375927e-01
-1.005988e-01 1.501403e-01 2.084184e-01 -1.026229e-01 3.281959e-01 2.232784e-02 8.549286e-03 9.940507e-02
-2.913292e-02 -6.859905e-02 2.003089e-01 6.191865e-02 4.870795e-01 -8.762714e-02 4.516040e-02 -8.292351e-02
-8.879697e-02 3.935828e-02 1.336773e-01 -1.090959e-01 -8.525528e-02 -1.432529e-02 -9.398392e-02 3.313909e-01
1.525902e-01 6.508937e-02 5.759262e-02 2.314233e-01 4.165171e-01 6.777410e-02 -5.461982e-02 2.044770e-02
2.627884e-01 -2.521142e-02 -9.163421e-02 3.512382e-01 4.232254e-01 1.346119e-01 -8.102706e-02 -4.051729e-02
3.070869e-01 -1.164971e-01 -1.168504e-01 4.071121e-01 3.527780e-01 4.533690e-02 -3.172358e-02 -1.068705e-01
3.828868e-01 7.456800e-02 -9.785566e-02 -6.503592e-02 -7.824854e-02 1.337792e-01 1.096813e-01 1.602061e-02
-5.402003e-03 -1.934343e-01 1.895154e-01 1.650641e-01 -2.828231e-02 -9.603529e-03 -9.851534e-03 -1.007604e-02
