1 5 16 16 32
-3.759515e-01 7.597641e-02 -4.230928e-02 3.135555e-01 3.376858e-01 2.684183e-01 2.797838e-01 1.317918e-01 -2.805385e-02 4.053938e-01 -1.284498e-01 2.744679e-01 2.351893e-01 7.225648e-02 2.889219e-01 -1.291515e-01
-8.881095e-02 3.943819e-01 1.918477e-01 1.474565e-01 8.221304e-02 -1.950096e-01 -2.736844e-02 2.180034e-01 -2.645144e-01 -1.539391e-01 1.233128e-01 3.876175e-01 2.375450e-01 -1.204226e-01 -4.070286e-01 -9.373488e-02
4.609974e-02 -3.469225e-01 2.078224e-01 1.544946e-01 -5.312857e-02 4.279387e-01 -6.788066e-02 3.221828e-02 2.589676e-01 -1.717759e-01 -1.639913e-01 -3.297734e-02 4.392217e-01 -3.156016e-01 3.736458e-02 -2.762977e-01
2.241731e-01 -3.291287e-01 -1.887618e-01 -1.677794e-01 -1.086137e-01 2.804766e-01 3.856177e-02 -1.475389e-01 2.686979e-01 3.015270e-01 -2.285395e-02 -2.659192e-01 -2.009571e-01 3.253254e-02 4.917871e-01 1.273698e-01
6.679481e-02 1.152653e-01 3.575758e-01 -1.086670e-01 -3.575068e-01 -3.136159e-02 -1.110591e-01 1.711774e-01 -4.517159e-02 1.548053e-01 3.356268e-01 6.108471e-02 9.267620e-02 -3.894966e-02 -3.633275e-01 5.193250e-01
-8.946717e-02 2.717681e-01 -7.493217e-02 -1.698886e-01 1.694719e-01 1.485621e-01 3.132333e-01 -2.016306e-01 1.482799e-01 -2.518108e-01 -2.918501e-01 7.385144e-02 3.394006e-01 2.215834e-01 -1.426632e-01 6.424968e-03
-1.069954e-01 2.140053e-01 -1.953778e-01 -2.932762e-03 2.770740e-01 1.406520e-01 -3.474992e-01 -1.142984e-01 1.331942e-02 -2.460738e-01 8.140003e-02 4.014187e-01 -1.169177e-01 6.505536e-02 4.549902e-01 -1.067825e-01
-2.925240e-02 2.456114e-01 6.928898e-02 -1.782778e-01 6.952728e-02 -2.339552e-01 3.597596e-02 1.692316e-01 1.409739e-01 3.573608e-02 4.588361e-02 -1.488524e-01 -3.095782e-01 4.927205e-01 3.927839e-01 -3.161034e-01
4.498612e-02 2.082245e-01 -1.780833e-01 1.763921e-01 -9.900538e-02 8.235940e-02 3.062688e-01 1.987150e-01 5.577574e-02 3.371121e-01 1.805504e-01 -6.706132e-02 2.189957e-01 9.522752e-02 -2.003910e-01 2.919322e-01
-1.165202e-01 -5.241729e-02 6.274774e-02 -1.835872e-01 1.904814e-01 -1.144363e-01 -2.533713e-01 -2.402187e-02 -5.947693e-03 -4.026132e-01 -1.232912e-01 3.828549e-01 3.374789e-02 4.495947e-02 4.819119e-01 -1.994343e-01
5.478663e-02 -1.767991e-01 7.794119e-02 2.042249e-01 -1.507065e-01 -1.193427e-01 -2.313743e-01 2.523749e-01 -1.594765e-01 3.792977e-01 3.392834e-01 -1.900190e-01 -2.583156e-01 -9.312673e-02 2.178602e-02 1.544252e-01
-4.912884e-04 -2.590579e-01 2.083327e-01 -1.470010e-02 -2.024764e-01 -1.708769e-01 3.620724e-01 1.775915e-01 -1.913616e-02 2.385860e-01 -5.313778e-02 -1.950506e-01 1.127190e-01 -8.110926e-02 -2.995518e-01 1.349524e-01
-1.948546e-01 5.544040e-01 1.135709e-02 -2.549949e-02 1.009106e-01 -3.270150e-01 -1.855227e-01 2.027435e-01 -1.960588e-01 1.152025e-01 -3.883458e-02 2.111801e-01 -1.898747e-01 -8.793788e-02 -4.446330e-01 -1.684945e-01
-3.211010e-01 -2.487013e-02 -3.098206e-01 8.910072e-02 2.338243e-01 1.240581e-01 -1.733248e-01 5.921482e-02 1.722915e-01 -2.061693e-01 3.830805e-02 5.606064e-01 -8.487352e-03 -3.149366e-03 3.977901e-01 4.670014e-02
3.858636e-02 2.771770e-01 -1.772371e-01 -8.431204e-02 -4.372440e-02 -2.637287e-01 -3.040096e-02 1.228386e-02 -2.629138e-01 1.660850e-01 3.282595e-01 -8.876076e-02 -2.198417e-01 2.335894e-01 -7.935943e-02 1.991278e-01
8.580387e-02 -3.693810e-01 2.190914e-02 -1.856266e-01 -8.822968e-04 3.966223e-01 2.040797e-01 -2.440932e-01 3.072940e-01 -2.417856e-02 6.360220e-02 -2.182091e-01 -4.602826e-02 1.297918e-01 4.151887e-01 1.628310e-01
-2.021604e-01 -4.294456e-03 -5.424847e-02 9.174243e-02 5.629346e-01 1.260548e-01 7.442622e-02 -7.355188e-03 -8.132354e-02 -1.986095e-02 -1.613062e-01 -8.779750e-02 -9.985385e-02 3.859134e-02 5.008842e-01 -4.311117e-01
-9.438853e-02 4.719297e-01 4.553106e-02 1.322465e-01 1.360551e-01 -2.517584e-01 -1.374242e-01 3.206688e-01 -2.733841e-01 1.160978e-01 5.430662e-02 3.720835e-01 3.864227e-02 -2.300481e-01 -3.459477e-01 -9.453686e-02
-1.925076e-01 -2.691867e-01 1.903596e-01 2.349251e-01 1.767449e-01 -1.666668e-02 -4.986982e-02 2.353364e-05 3.896879e-01 -2.458087e-01 -3.302341e-01 3.846432e-01 2.348995e-01 -1.879067e-01 -5.720820e-03 -1.356978e-01
9.700128e-02 -4.657308e-01 -5.211142e-02 -2.582058e-02 -1.581320e-01 1.772449e-01 1.151200e-01 -1.362274e-01 1.859962e-01 1.682974e-01 7.174866e-02 -1.408677e-01 2.018800e-01 1.267321e-01 5.584884e-01 1.567337e-01
-1.822155e-01 1.476017e-01 4.791373e-01 -3.436883e-02 -5.653220e-02 1.046300e-01 -4.907409e-02 2.487590e-01 -1.200291e-01 2.969991e-01 3.229755e-01 5.979274e-02 2.127779e-01 6.028710e-02 -1.422961e-01 4.712713e-01
-2.434084e-01 1.160840e-01 3.530148e-02 -8.225814e-02 6.053622e-01 -1.116285e-01 -2.355832e-01 -1.668363e-02 3.257159e-01 -2.089578e-01 -3.192978e-01 3.004389e-01 -8.487535e-02 9.926118e-02 1.161163e-01 -1.389408e-01
2.164628e-01 1.490914e-01 -1.725744e-01 3.680392e-01 -1.621702e-01 2.000108e-01 -5.938856e-02 1.844097e-01 8.939123e-02 4.474880e-01 3.759846e-01 -1.236716e-01 -9.885266e-02 -1.032416e-01 -1.382154e-01 1.381473e-01
-5.105076e-02 1.717499e-01 2.315794e-01 -1.789434e-01 3.172600e-01 2.093569e-01 -1.737900e-01 -1.857083e-01 1.138048e-02 -4.477698e-02 -2.888379e-01 -1.098702e-02 -2.078915e-01 -1.859934e-01 -1.776617e-02 -1.067697e-01
4.477547e-01 2.415568e-01 -3.535859e-01 3.554079e-02 2.292347e-02 2.199488e-01 -9.127392e-02 -1.952287e-01 -6.300458e-02 -1.562929e-01 -4.080728e-02 -6.329454e-02 -1.216913e-01 3.371949e-02 1.108487e-01 -8.837231e-02
-5.796803e-02 4.949435e-01 2.501183e-01 -5.846918e-02 2.448315e-01 3.539317e-02 1.311979e-02 2.567092e-01 -7.143784e-02 -4.946622e-02 -8.592890e-02 3.317435e-01 -2.053451e-01 -2.399649e-01 -3.982365e-01 -1.467545e-01
-3.342622e-01 4.856690e-02 -2.197166e-01 -1.913679e-01 2.100305e-01 1.054514e-01 2.395100e-01 -5.124711e-02 2.802018e-01 -2.636598e-01 -2.930037e-01 4.603884e-01 3.315668e-01 9.837368e-02 1.171397e-01 2.712719e-02
2.423006e-01 -1.549639e-01 -8.199330e-02 -8.079702e-02 -1.214375e-01 5.891336e-01 3.755659e-02 -1.225326e-01 -4.937851e-02 -4.328862e-02 -4.505432e-02 -1.432363e-01 3.269597e-01 -2.469625e-01 -1.557303e-01 -1.453586e-01
-2.186430e-01 -1.425435e-01 7.657000e-02 2.203904e-01 2.347322e-02 -2.168881e-01 -3.740502e-03 -4.005234e-02 -3.577479e-02 3.848550e-04 -2.991564e-02 3.451289e-01 8.715084e-02 -2.757903e-01 -2.594599e-01 3.203668e-01
-9.194646e-02 1.010399e-01 2.312227e-01 5.924477e-02 -2.198950e-01 9.590362e-02 -3.151212e-02 3.707128e-01 -1.778294e-01 2.110859e-01 1.420915e-01 1.351451e-01 4.000543e-01 6.751166e-02 -2.453734e-01 4.992697e-01
-4.154408e-02 3.908285e-01 6.924780e-02 -3.768507e-02 3.034273e-01 -1.000335e-01 3.937342e-02 1.583369e-01 -1.252341e-01 -3.080231e-02 1.670102e-01 5.688443e-01 -1.779569e-02 -1.386188e-01 -3.258601e-01 -2.111502e-01
4.446397e-01 -6.414833e-02 6.673311e-02 -2.629928e-01 -3.165085e-01 -2.167612e-01 -2.957498e-01 -1.125419e-01 9.407036e-02 -4.243469e-01 9.407968e-02 -2.135334e-01 -2.109991e-01 -5.756444e-02 -2.473713e-01 9.142578e-02
4.151667e-02 -6.136592e-02 -6.919155e-02 -2.228002e-03 4.694225e-02 -6.969430e-02 1.579261e-01 -6.356239e-01 -1.168682e-02 3.343017e-01 3.237447e-01 8.543673e-02 3.031547e-02 5.134911e-02 -4.429873e-01 -1.570281e-03
7.343792e-02 1.608845e-01 4.202302e-01 -1.028425e-01 -4.398969e-01 6.129411e-02 -1.721027e-01 -8.527631e-02 -1.050908e-01 -1.817979e-02 4.236553e-01 -1.129183e-01 -1.588605e-01 -5.781695e-02 3.144727e-01 1.278804e-01
-2.273433e-01 -3.287362e-01 -1.030324e-01 1.481511e-01 3.416603e-01 -1.844933e-01 -3.169650e-01 4.890228e-01 -6.718764e-02 -2.299813e-02 -2.234349e-01 1.560307e-01 -3.077725e-01 1.343723e-03 1.795597e-01 9.768324e-02
1.327407e-01 -1.450496e-02 1.468185e-01 -7.969265e-02 -4.369611e-03 4.912396e-01 -4.914489e-01 -6.560955e-03 1.019755e-01 2.386052e-02 1.666598e-02 -2.251297e-01 -4.998825e-01 1.893554e-01 -4.702908e-02 1.493348e-01
-2.981395e-01 -2.195740e-01 -1.865505e-01 3.127024e-01 1.921267e-01 -2.638928e-01 1.330974e-01 1.882318e-02 -3.274878e-01 1.203118e-01 1.002283e-01 3.835681e-01 2.005446e-01 -1.606617e-01 -1.335292e-01 -9.912779e-02
-9.705215e-02 3.108883e-01 -1.071468e-01 -3.850539e-02 -3.551440e-01 -2.685226e-01 -4.200707e-02 8.311599e-03 4.681843e-01 -1.245819e-01 1.529176e-01 -2.760557e-02 6.236783e-02 -1.098456e-01 -1.004610e-01 -7.005562e-02
-1.806984e-01 -3.571213e-02 5.003791e-02 -2.496172e-01 -2.701742e-01 -3.001123e-01 5.765409e-02 -4.499788e-01 -3.102337e-01 -5.964327e-02 -4.857720e-02 2.668366e-01 -2.095262e-02 1.304020e-02 4.060435e-02 3.189448e-01
-1.833481e-01 2.116616e-01 -2.530492e-01 8.077417e-02 1.963224e-01 -5.181620e-01 3.453991e-02 -1.900527e-01 1.524832e-01 6.643564e-02 1.443483e-01 -7.992820e-02 -1.394986e-01 -1.168013e-01 1.110397e-01 -1.980254e-01
-1.731263e-01 -3.765295e-02 -2.124584e-01 1.704935e-01 2.091483e-01 1.011757e-01 -5.859440e-02 7.114807e-02 1.395414e-01 7.352010e-02 9.701923e-02 2.380985e-01 1.443296e-01 7.618493e-02 4.972509e-01 1.276279e-01
1.075225e-01 -2.807424e-03 -1.322872e-01 -3.605815e-01 -5.440709e-02 1.814045e-02 -1.082858e-01 -1.636405e-01 1.709112e-02 2.736569e-01 2.731542e-01 -1.931331e-01 9.851573e-02 5.198363e-02 3.433812e-01 6.126565e-02
4.572783e-01 -2.702404e-01 -1.229564e-01 -3.199379e-01 1.975311e-02 -2.248089e-01 -2.731888e-02 1.920059e-03 2.406550e-01 9.795958e-03 -1.606457e-01 -1.655030e-01 2.832024e-01 6.643155e-02 1.313007e-01 8.500278e-02
8.872493e-02 -3.948876e-01 2.534854e-01 -4.574834e-02 2.432048e-01 2.229871e-01 -2.413580e-01 -1.038417e-01 -4.035808e-01 8.191910e-02 -2.060266e-01 3.493883e-02 -3.348434e-02 6.429175e-02 2.147980e-01 -1.677947e-03
-2.489557e-02 1.099791e-01 3.659267e-01 -2.258590e-01 -1.191092e-01 8.955866e-02 -5.119565e-02 3.192119e-01 -9.142885e-02 -2.783327e-01 5.964756e-02 -2.063268e-01 -2.832380e-02 -3.364328e-01 -2.631570e-02 3.803979e-01
-1.273014e-01 -5.855488e-02 8.967618e-02 2.914050e-01 -1.560895e-01 -3.530804e-01 -2.949574e-02 -6.006870e-03 4.551519e-01 3.726479e-02 2.553892e-01 1.639610e-01 -1.789049e-02 -4.186874e-01 -7.989246e-02 1.920501e-01
3.035668e-01 -6.800196e-02 -4.533141e-02 3.684921e-01 1.641175e-01 2.482956e-01 -1.448510e-01 4.659263e-01 3.238444e-01 -1.878166e-01 1.083307e-01 -4.914265e-03 1.790107e-02 -1.764036e-01 -1.841818e-01 -1.875754e-01
-2.013081e-02 -5.752784e-02 5.065304e-02 2.006563e-01 3.069761e-02 -1.242644e-01 9.520393e-02 1.198195e-01 2.475910e-01 -2.621167e-01 -4.727852e-01 5.141205e-02 -2.465249e-01 1.259521e-02 -4.085885e-01 -1.088953e-02
2.405719e-02 -1.184297e-01 -3.952658e-02 8.112468e-02 3.160906e-01 -3.259876e-02 -2.416490e-01 -3.403311e-02 -3.154900e-01 1.958113e-01 4.498669e-01 1.947495e-01 -1.035229e-01 -3.495370e-01 -3.281480e-01 -5.717317e-02
7.986341e-02 1.763009e-01 -2.944289e-02 -8.434526e-02 -7.180817e-02 -2.251550e-01 -6.423637e-02 -5.683786e-01 -6.688824e-03 1.829660e-01 3.237200e-01 7.426041e-02 1.343364e-01 2.827962e-01 3.214093e-01 -2.382964e-01
8.749027e-02 -7.664735e-02 -1.725653e-02 9.567048e-02 1.312393e-01 3.375914e-02 -6.019032e-02 7.345329e-01 2.516035e-01 -1.146065e-02 -7.002162e-02 -3.044373e-01 9.608715e-04 1.818514e-01 3.067828e-02 -2.854648e-01
1.876313e-01 1.845746e-01 2.770472e-01 -4.155197e-02 -3.322423e-01 2.060718e-01 1.784738e-01 -3.846318e-01 -7.785909e-04 -1.417664e-02 2.639059e-01 -1.663494e-01 -1.346817e-01 1.028435e-01 -4.546522e-01 -7.377052e-03
-2.855370e-02 5.956681e-02 -9.271716e-02 1.919227e-01 3.736904e-01 2.342821e-01 2.474358e-01 1.276512e-01 -1.545683e-01 2.320865e-02 1.611667e-01 1.867983e-01 -2.561306e-01 1.453979e-01 1.021811e-01 4.200563e-01
1.647120e-01 3.839546e-01 4.059152e-02 -2.900635e-01 -3.044066e-01 1.433029e-01 2.321145e-01 -3.371113e-01 8.025499e-02 -2.881601e-03 1.854584e-01 -1.413100e-01 4.105161e-01 -4.549133e-02 -8.144475e-02 -9.382169e-02
1.589310e-02 -8.953018e-02 -4.078850e-01 1.925222e-01 2.330024e-01 -1.632909e-01 1.005850e-01 -3.213775e-01 2.097357e-02 3.342444e-01 -1.643196e-01 1.501932e-01 5.531076e-02 3.874753e-01 -7.135163e-03 -3.549725e-01
9.301427e-02 -4.813693e-03 -1.139608e-01 -1.103761e-01 2.137196e-01 3.752093e-01 1.010290e-02 1.566103e-02 -4.640686e-01 -2.747496e-03 -1.564467e-01 -2.091153e-02 5.487052e-02 3.561552e-01 2.041709e-01 -1.431464e-02
2.576492e-01 -9.640115e-02 -9.143545e-02 3.058902e-02 -4.671687e-02 -1.742066e-01 2.054154e-01 3.234300e-01 -1.921795e-02 7.355365e-02 7.942885e-03 1.012594e-01 4.051915e-01 -8.464069e-02 -4.851682e-01 3.181759e-02
-8.509276e-02 -4.892198e-02 -7.707749e-02 2.055060e-02 4.431381e-02 7.905015e-03 1.064906e-01 -3.736212e-01 -1.504785e-02 3.046055e-01 2.009307e-01 1.498471e-01 2.909046e-01 -2.330941e-02 -6.484470e-01 2.320483e-02
-2.227501e-02 3.310155e-02 4.846540e-01 -6.313719e-02 -1.625906e-01 4.095657e-01 -8.556832e-02 2.581035e-01 4.051923e-03 -3.325057e-01 2.420548e-01 -1.113137e-01 5.476408e-02 -2.996902e-01 1.751788e-01 3.062636e-01
-3.264964e-01 1.706920e-01 1.832324e-01 -1.285427e-02 5.151056e-02 2.883201e-01 -3.418666e-01 -3.732722e-01 9.562587e-04 -1.103271e-01 -8.192048e-03 -8.738718e-02 -3.364654e-01 9.881005e-02 4.028648e-01 -9.486403e-03
4.324453e-02 1.446951e-01 6.518720e-02 -1.779352e-02 -1.030389e-01 4.679275e-02 -1.240887e-01 3.098665e-01 1.295721e-01 -2.529586e-01 -3.198685e-01 -1.099337e-01 -1.469461e-01 7.300602e-02 5.329502e-01 -2.973704e-02
-8.184802e-02 5.524467e-02 -8.714949e-03 2.807759e-01 4.867167e-02 1.327336e-01 -6.774258e-02 -2.423646e-01 1.356866e-01 4.343372e-02 2.674372e-03 1.355698e-01 -5.519149e-01 -9.503555e-02 -2.129918e-01 -7.754466e-02
3.201439e-01 -9.231458e-02 -6.332161e-02 -2.025711e-02 -1.395944e-01 7.008166e-01 -1.465627e-01 3.425407e-05 3.900335e-02 9.002365e-03 -7.886490e-02 -1.942544e-02 5.519842e-02 9.180871e-02 -1.155064e-02 2.135885e-02
-2.096330e-02 1.729304e-01 -7.112917e-02 -3.383684e-01 -1.987191e-02 9.981128e-03 3.231290e-01 2.940997e-02 4.074446e-02 -1.165592e-03 5.330485e-02 -8.916010e-02 6.750057e-01 -1.285172e-01 1.623486e-01 -1.429707e-03
-5.524070e-02 1.796704e-01 1.016322e-01 -1.312803e-01 -5.029441e-02 -8.232851e-02 -1.087621e-01 1.373037e-01 -4.515189e-02 4.097518e-01 -1.672076e-01 -1.972364e-01 -1.641652e-01 -1.205170e-02 -4.013709e-02 4.877957e-02
-3.280528e-02 1.581002e-01 -3.401453e-02 -2.080808e-01 2.787893e-01 3.072624e-02 1.109071e-01 1.108417e-02 1.687007e-01 2.588023e-01 2.585414e-01 4.213484e-01 -1.116368e-01 2.722427e-02 7.927154e-02 -1.327831e-01
4.815813e-01 -1.962906e-01 -1.436616e-01 1.050033e-01 -6.283629e-02 9.582405e-02 1.580900e-02 -1.217238e-01 3.357710e-02 -1.925507e-01 1.135709e-02 3.049347e-01 2.133743e-01 -8.110679e-02 -1.212893e-01 -1.493189e-01
-2.490812e-01 -1.977378e-02 1.403923e-01 9.335467e-02 4.511408e-01 1.080164e-01 4.023980e-01 1.743760e-01 6.889048e-02 8.621328e-02 3.755230e-02 -2.334707e-01 5.093199e-02 1.542466e-01 2.994292e-01 3.374130e-03
-3.558360e-01 1.956411e-01 3.294178e-01 1.500742e-01 1.438855e-01 2.072500e-01 1.257335e-01 1.395077e-01 5.450404e-02 5.201452e-01 1.506491e-01 2.873831e-01 1.288970e-01 4.645268e-02 1.170798e-01 1.501087e-01
7.542878e-02 -1.254993e-01 2.948242e-01 -1.029798e-01 -1.281645e-01 -1.340706e-01 3.311713e-01 -6.317940e-02 -7.803832e-02 -1.563293e-01 -2.505315e-01 -2.240418e-01 1.951632e-01 8.658252e-02 -2.324712e-01 -2.132648e-02
-6.123707e-02 3.653114e-02 -2.720497e-01 1.172272e-01 1.934604e-02 1.407560e-01 -2.449071e-01 8.893093e-02 2.633355e-02 -2.114768e-02 2.333493e-01 3.327088e-01 -1.937436e-01 -5.672577e-02 4.548624e-01 -1.582353e-02
-1.080831e-02 1.240929e-01 -1.059219e-01 7.791230e-02 2.086284e-01 -1.095567e-01 -2.647274e-02 8.419391e-02 -2.144895e-01 6.687778e-02 4.819653e-01 -8.378646e-02 9.813009e-02 -1.705880e-01 -3.628566e-02 8.670741e-02
3.214487e-01 -2.898576e-02 -1.135281e-01 -1.276823e-01 -4.426517e-03 5.364276e-01 -1.181596e-01 2.742951e-02 -1.039653e-01 -7.895759e-02 -4.105467e-02 -3.353225e-01 1.107061e-01 -1.292791e-02 -1.048419e-02 -2.209462e-01
-1.559410e-01 1.141281e-02 -4.501205e-02 -1.695398e-01 5.539170e-02 7.111008e-02 4.366517e-01 -4.923733e-02 2.328688e-01 -1.039076e-01 -3.389591e-01 1.189092e-01 4.374737e-01 1.346469e-01 -2.475880e-01 9.250532e-02
-2.257290e-01 1.255862e-01 4.262167e-01 3.014620e-02 1.813352e-01 1.706124e-01 5.056437e-02 3.585258e-01 -2.088978e-01 2.075077e-01 2.081314e-01 -6.313248e-02 1.558469e-01 6.035326e-02 1.226947e-01 2.826886e-01
1.212914e-01 -9.659506e-03 6.486156e-02 -3.503434e-02 2.682396e-01 9.453311e-02 1.965609e-01 2.740899e-02 -1.936132e-02 -1.735145e-02 3.177094e-01 6.421275e-01 2.893829e-01 -6.757913e-02 6.961040e-02 -1.234710e-01
1.234026e-01 -3.024622e-01 -1.431568e-01 1.419474e-01 -4.826266e-02 1.336202e-01 1.943924e-01 -8.196778e-02 3.634012e-02 -2.407787e-02 3.525761e-01 3.538705e-01 1.432882e-01 -1.913536e-01 3.155566e-01 -1.086328e-01
-1.040618e-01 2.243280e-01 -1.199018e-01 -8.968263e-02 7.226489e-03 -3.256063e-01 2.201914e-02 -5.317505e-02 -3.014623e-01 2.283966e-01 2.140878e-01 1.046856e-01 -2.669457e-01 5.558185e-02 -2.490343e-01 4.383951e-01
-1.983911e-02 -7.747547e-02 7.458885e-02 -1.508046e-01 -6.489891e-02 2.161305e-01 6.735098e-02 -9.182750e-02 4.179843e-01 -6.114326e-02 -2.099854e-01 2.828778e-01 -2.589884e-02 1.781229e-01 6.162941e-03 -7.923220e-02
-1.224163e-01 1.852568e-01 1.292177e-01 -2.008146e-01 6.124858e-01 1.435465e-02 -2.728834e-01 8.690774e-02 8.374365e-02 -1.306064e-01 -2.531398e-01 4.410991e-02 -6.688157e-02 1.201647e-02 6.052398e-02 -2.567174e-01
2.037893e-01 -2.467173e-01 4.895810e-02 1.362248e-01 -1.155041e-01 4.792363e-01 -6.082515e-02 4.400907e-03 1.689149e-01 -2.068002e-01 -1.037559e-01 -2.083983e-01 2.754466e-01 -1.456470e-01 1.675560e-01 -2.752376e-01
-2.799006e-01 -2.260629e-02 1.128113e-02 1.959857e-02 3.545777e-01 -1.300157e-01 -7.189380e-02 -5.733446e-02 2.577459e-01 -1.471221e-01 -2.554671e-01 4.071585e-01 3.437384e-02 -1.112543e-02 5.938527e-02 1.905228e-02
5.289823e-01 1.638181e-01 -4.554577e-02 4.686032e-02 -7.245047e-02 -6.784432e-03 -5.637430e-03 -6.931364e-02 -1.136598e-01 1.099048e-01 4.325045e-02 -2.086193e-01 -8.108908e-02 -4.606672e-02 -3.771343e-02 -4.343660e-02
-3.480750e-02 -9.373039e-02 1.318715e-01 1.758225e-01 8.091533e-02 -3.521487e-03 1.537910e-01 2.703120e-02 -1.201846e-01 -2.647191e-01 2.296711e-01 3.634011e-01 5.124345e-01 4.275867e-03 -1.367158e-02 -1.395491e-02
9.299771e-02 -1.188978e-01 -5.570063e-02 2.567518e-01 -1.294136e-01 -1.699398e-02 -2.748905e-01 1.759261e-01 -1.240654e-01 1.832269e-01 3.761213e-01 -5.411759e-03 -2.642697e-01 -1.465140e-01 2.956377e-01 -6.170167e-03
1.207616e-01 -1.745019e-02 2.624255e-01 -2.984919e-01 -6.523609e-02 -8.242291e-02 -1.766017e-01 1.185636e-02 -1.817866e-01 -9.944087e-02 4.119132e-01 -1.714172e-01 -1.172933e-01 -1.953273e-01 -1.837710e-01 9.096184e-02
2.814277e-02 2.950993e-01 3.583736e-02 -1.519338e-01 1.022370e-01 1.385252e-01 4.432267e-01 -1.945675e-01 1.699458e-02 -2.449972e-01 -2.479814e-01 5.190713e-02 2.900233e-01 2.798757e-01 -1.791131e-01 2.232275e-03
5.357529e-02 2.080159e-01 2.391703e-01 -9.000288e-02 5.173470e-02 1.290603e-01 -2.069964e-02 1.741643e-01 -1.863547e-02 7.687455e-02 -1.023174e-01 4.835697e-01 2.810916e-02 -1.232254e-01 -1.909553e-01 -1.165424e-01
7.739628e-03 -4.704642e-02 -1.279996e-01 1.796887e-01 -2.938035e-01 -2.024971e-01 9.565749e-02 -1.443704e-01 -2.524462e-01 1.328300e-01 2.170205e-01 1.156478e-01 -4.275872e-02 -1.352034e-01 -2.793468e-01 5.097010e-01
-2.214409e-02 -1.052858e-01 -2.400091e-02 5.314810e-01 -5.096945e-02 -3.161950e-02 2.625852e-02 1.334394e-02 -1.272964e-01 -1.702628e-01 -3.799023e-02 -1.266886e-01 3.261385e-02 -9.405535e-02 6.226250e-02 7.249596e-02
1.572120e-01 -1.214225e-01 -1.095366e-01 7.169407e-03 2.664067e-01 1.333221e-01 1.897151e-01 -1.894656e-01 2.426176e-01 -1.682212e-01 3.510976e-01 4.774247e-01 2.294960e-01 6.308614e-02 1.404016e-02 -1.655265e-01
-2.583186e-01 3.222827e-01 7.145808e-02 -2.613672e-01 1.939854e-01 -1.914823e-01 6.708339e-02 -5.465485e-02 -5.735591e-02 1.384030e-01 -4.518094e-02 -1.340593e-01 1.140563e-01 3.598027e-01 -2.024245e-01 3.982475e-01
-1.739614e-01 -1.211350e-02 -1.511148e-01 1.726603e-01 -1.283114e-01 1.093158e-01 2.628650e-01 1.499334e-01 8.572352e-02 2.405987e-01 2.149424e-02 2.147599e-01 3.802277e-01 7.769507e-02 -9.359930e-02 1.987821e-01
-5.930069e-02 5.319359e-01 -2.250889e-01 -1.028800e-02 1.779101e-01 7.457357e-02 5.339053e-02 4.109105e-02 1.628928e-01 1.634453e-01 -2.343602e-02 1.583196e-02 1.911423e-01 1.606333e-01 -1.471884e-01 2.174900e-01
-3.492985e-01 1.322051e-01 2.552927e-02 2.972429e-01 3.063486e-01 2.370836e-01 2.326657e-01 9.728011e-02 7.725374e-02 4.042502e-01 -1.472643e-01 2.734991e-01 1.334078e-01 1.122908e-01 3.079383e-01 -1.247793e-01
-1.087441e-01 1.104991e-01 -6.800761e-02 -7.853001e-02 1.567467e-01 -1.176011e-01 -7.836796e-03 -1.226970e-01 2.132340e-01 -9.230996e-02 -5.411281e-02 -5.112068e-02 -1.365823e-01 2.313300e-01 4.322740e-01 -7.923115e-02
1.514560e-01 -1.100200e-02 1.033796e-01 -1.250189e-01 2.651515e-01 -8.402478e-03 -1.326557e-01 5.815990e-03 -1.786148e-01 3.019585e-01 4.936573e-01 4.128672e-03 -1.423708e-01 -2.626983e-01 -2.145915e-01 -3.476920e-02
-9.264056e-02 -1.028371e-01 -1.974349e-01 1.633617e-01 3.458260e-01 -1.313745e-01 -2.580984e-01 -5.304710e-02 -2.314620e-01 6.231236e-02 4.092270e-01 3.683480e-01 -5.502264e-02 -3.116464e-01 -1.551350e-01 -5.842194e-02
-4.019921e-02 -6.264445e-02 -3.929756e-01 -4.528113e-03 -2.546779e-01 2.445196e-01 5.426005e-03 1.995493e-01 1.641289e-01 -2.552415e-01 -3.322573e-01 2.580335e-02 -7.382300e-02 2.256466e-02 -2.088868e-01 -2.824381e-02
-1.294233e-02 5.063692e-02 4.112236e-02 -1.515489e-01 -8.097720e-02 -1.772283e-02 1.330267e-01 9.762017e-02 1.521506e-01 7.657640e-02 -1.758581e-01 -2.901485e-01 -5.943317e-02 2.130730e-01 2.618617e-01 7.328899e-03
1.693095e-01 2.672817e-01 5.661124e-02 -4.565183e-01 7.290460e-03 -1.848434e-01 4.106652e-02 -2.365699e-01 -2.220166e-01 9.473799e-02 -4.441806e-02 -2.290262e-01 -3.416844e-02 1.928899e-02 -2.241345e-02 2.970779e-02
-2.049049e-01 2.926460e-01 -2.780391e-01 -1.775054e-01 2.443432e-01 8.318348e-03 -1.398673e-02 -9.895265e-04 3.913355e-02 4.339406e-02 -1.615147e-01 1.342497e-01 3.884822e-01 -1.232111e-01 3.979972e-01 -1.509508e-01
4.800883e-02 1.396450e-01 1.700349e-01 -6.885777e-02 -6.829455e-03 -6.296241e-01 6.541003e-02 -1.378927e-02 -2.621701e-01 1.597427e-01 1.007316e-01 -6.443724e-02 -6.723931e-02 -2.258093e-01 -8.752240e-03 1.109629e-01
-1.425095e-01 1.945429e-01 -1.457624e-02 2.264282e-01 -4.473945e-02 2.322960e-01 -4.172440e-02 -3.505826e-01 -5.820597e-02 1.015823e-01 2.207735e-01 1.357678e-01 -4.473026e-01 -1.227675e-01 -2.562942e-02 -7.035782e-02
-1.152878e-01 -1.091212e-01 -1.382132e-01 4.696375e-01 3.689367e-02 3.107592e-02 -3.361880e-02 1.427194e-01 9.658594e-02 -1.738634e-02 7.155892e-02 2.815330e-01 6.534142e-02 -3.528282e-02 1.371281e-01 7.744609e-02
-1.081747e-01 -1.818605e-03 2.340095e-02 -2.145193e-01 8.337919e-02 -1.907779e-02 6.082471e-02 4.139324e-01 -3.231944e-02 -6.704305e-02 -4.655179e-02 -2.930961e-02 4.142828e-01 -6.246565e-02 -5.333225e-02 8.435923e-02
2.273397e-01 -1.151794e-01 -1.626694e-02 1.982165e-01 -1.085407e-01 4.817990e-02 -4.729043e-02 4.774645e-02 -7.384792e-02 -3.881099e-01 1.256687e-01 4.262177e-01 -6.207299e-02 -3.160916e-01 -2.557809e-01 2.078679e-01
4.942193e-02 1.177482e-01 2.314912e-02 -2.346876e-02 3.581861e-01 1.769951e-01 2.831059e-01 4.224391e-02 -3.150770e-01 -2.569750e-02 -3.727251e-02 -3.303492e-02 -2.820151e-01 1.753333e-01 -1.948692e-01 2.402209e-01
-2.176149e-01 8.219904e-02 1.202128e-01 -8.287475e-02 1.040436e-01 1.457903e-01 -1.438567e-01 -6.160508e-01 6.086642e-02 -4.592507e-02 -2.169357e-02 -9.564377e-02 -2.746110e-01 2.533033e-01 7.026548e-02 1.303482e-01
-3.922873e-02 -1.978418e-02 -2.600414e-01 1.933576e-01 1.443693e-01 9.029811e-02 -2.150213e-02 -4.529773e-01 1.418317e-01 1.521500e-01 -1.037747e-01 1.527688e-01 1.117938e-01 4.665565e-02 1.312438e-01 -3.172510e-01
2.682431e-01 -2.290239e-02 -5.120736e-03 -2.128642e-02 -3.556120e-02 -1.407416e-01 4.398891e-02 -5.961580e-01 3.957465e-02 8.484970e-02 1.418477e-01 -1.169554e-01 -3.614943e-01 1.835816e-01 2.566495e-01 4.896981e-02
-1.616854e-02 1.161894e-01 -3.878623e-01 1.801716e-01 3.750019e-01 -3.265112e-01 7.854026e-02 -1.532257e-01 -1.572321e-01 2.002626e-01 -2.039694e-02 -7.351954e-02 -3.072416e-02 5.546461e-02 1.056154e-01 -8.685265e-02
-7.080537e-02 -4.352245e-02 -1.035331e-01 6.021409e-02 -2.733675e-01 -6.557302e-02 -2.381571e-01 -1.685080e-02 3.345817e-01 4.330462e-02 1.757241e-02 1.209369e-01 3.065270e-01 -8.447723e-02 3.225935e-01 -1.030913e-01
1.010393e-01 -3.160133e-01 -3.283837e-02 2.502793e-01 1.271041e-01 -4.652192e-03 -1.617670e-01 -2.224067e-02 -8.014748e-02 1.469809e-01 1.120574e-01 -1.794107e-01 -1.801940e-01 2.165889e-01 -3.918820e-01 1.574199e-02
2.723139e-03 -7.813567e-02 4.221454e-01 1.238322e-01 3.560979e-01 -1.557688e-02 3.266427e-02 -2.302637e-01 3.141353e-02 2.560874e-02 1.718186e-01 -1.194927e-01 1.911324e-01 -1.930833e-01 1.867871e-01 1.892218e-01
2.295015e-01 -9.096266e-02 1.360356e-02 6.972259e-02 2.408001e-02 -8.000185e-02 7.391394e-02 -2.428552e-02 4.497921e-01 -4.179522e-02 -3.149453e-01 3.212487e-02 -3.976884e-02 -1.549754e-01 -1.762500e-01 -3.056981e-02
3.552561e-01 -7.892545e-02 7.944396e-02 1.439011e-01 3.595332e-01 -1.929563e-01 1.717688e-02 2.854630e-03 1.444763e-01 3.022839e-01 2.823031e-01 -1.870841e-05 -1.553399e-01 2.114845e-02 2.190307e-01 -6.984413e-02
4.811331e-02 1.970740e-01 1.308258e-01 -1.192492e-01 -1.831447e-01 8.736384e-02 -1.005315e-01 -2.081372e-01 2.329997e-02 3.316118e-02 4.396381e-01 -3.339536e-03 8.659197e-02 9.287514e-03 2.216319e-01 -4.962662e-02
-4.388967e-02 -1.416163e-01 -6.244788e-02 1.677851e-02 -3.752524e-02 5.693231e-01 -1.709776e-01 2.556939e-02 2.108581e-01 -6.802297e-02 -1.577526e-03 3.584600e-02 -6.333704e-02 -3.285015e-02 4.126676e-02 -9.211392e-02
1.326885e-02 -2.115280e-01 -6.003206e-02 8.836709e-02 4.727654e-01 1.496061e-01 -2.784625e-01 -7.740132e-02 -1.244750e-01 -7.453887e-03 4.218097e-01 1.462650e-01 -2.892928e-01 -1.213651e-01 -2.399724e-01 5.331679e-02
-2.949869e-02 3.313602e-02 2.150856e-01 9.160614e-02 3.815871e-01 1.639677e-01 1.135445e-01 -7.404777e-02 3.802551e-02 -1.325931e-01 -1.446548e-01 6.699386e-02 5.758548e-01 1.609115e-01 7.876164e-02 7.448300e-03
-5.884310e-02 1.384902e-01 -4.810304e-01 1.173681e-01 3.840729e-01 4.679884e-02 -3.324816e-01 -1.476236e-01 1.261183e-01 6.507246e-02 -6.773271e-02 -4.380367e-02 -4.245358e-02 -5.160768e-02 2.005371e-01 -7.425158e-02
3.563418e-01 -3.291071e-01 -5.179292e-02 -2.060892e-01 4.815405e-02 -2.501355e-01 -4.650652e-04 1.691732e-01 1.651757e-01 -1.334454e-01 -2.946444e-01 -8.975068e-02 3.675203e-01 1.148638e-01 -4.261467e-02 6.634022e-02
5.871101e-02 -3.442467e-02 1.533330e-01 -1.780444e-01 -2.660031e-01 8.047212e-03 3.225057e-02 -2.201255e-02 1.086855e-02 -9.464627e-02 8.469488e-02 -7.032031e-02 -1.879632e-01 6.431517e-02 -4.370773e-01 9.984539e-03
-4.071067e-02 2.316178e-03 2.100999e-01 -2.481526e-02 -3.054183e-02 -3.197888e-03 3.765355e-02 5.209728e-01 -1.201592e-01 -2.698603e-01 -1.049132e-01 -5.324899e-02 -7.269948e-02 -1.460793e-01 -1.438622e-01 2.533673e-01
-2.666784e-01 1.418461e-01 4.567306e-02 1.952750e-02 6.405690e-02 2.496589e-01 -2.048868e-01 -3.275049e-01 -4.993991e-03 1.082811e-01 -2.522246e-02 1.315232e-01 1.475198e-01 4.493045e-02 -5.350245e-01 1.295163e-02
-1.575364e-01 9.142815e-02 -3.673732e-03 -4.615169e-02 2.200856e-02 -1.165667e-02 -4.105202e-02 1.724003e-02 -5.684291e-01 -7.491080e-03 1.354836e-01 -5.697442e-02 9.918098e-02 1.576580e-01 6.731785e-02 -7.616190e-02
2.924366e-01 -9.038464e-02 -6.136651e-02 4.241800e-02 -1.093894e-01 -1.682427e-01 9.188191e-02 5.914171e-01 -9.949554e-03 -5.134524e-02 -7.466573e-02 3.458634e-02 8.019100e-02 -6.421109e-02 8.025958e-02 7.233443e-03
