32
9.51301336e-01 5.88115714e-02 4.29031476e-02 -5.58735579e-02 1.21436790e-02 5.47116697e-02 4.75197136e-02 1.58143360e-02 -5.85209392e-02 -4.84629311e-02 5.70349768e-02 2.06785798e-02 -8.85588527e-02 7.65113607e-02 4.34998497e-02 -1.24587640e-01 2.38556555e-03 5.13394065e-02 3.40824202e-02 -4.11131755e-02 -4.19890396e-02 4.68440875e-02 1.76804848e-02 4.07833271e-02 -4.98731136e-02 -2.59744190e-03 -5.58119453e-02 -4.76834364e-02 -7.66022056e-02 -9.89411548e-02 4.75830249e-02 -5.62104993e-02
-1.69255603e-02 9.77254689e-01 -2.08919998e-02 -2.45834067e-02 -5.07679358e-02 -1.05248708e-02 -1.67028010e-02 3.12301260e-03 3.14612091e-02 2.88025364e-02 -2.99992170e-02 -1.53078977e-02 2.34487336e-02 -3.09260320e-02 -6.52257130e-02 1.09477356e-01 -3.76239046e-02 3.26180295e-03 -8.28176923e-03 -2.36477926e-02 5.79377152e-02 -4.45348211e-02 -3.72206271e-02 -5.83692919e-04 8.13882127e-02 -1.73786618e-02 3.76152284e-02 -1.35587091e-02 1.73339415e-02 2.52166111e-02 3.16777900e-02 2.69269254e-02
-6.17815852e-02 3.48714404e-02 9.70373869e-01 4.65668701e-02 -2.80004144e-02 -3.71950269e-02 1.30893877e-02 -4.11334112e-02 3.13946903e-02 -4.09613103e-02 -1.04218610e-02 -3.20321061e-02 -5.76530881e-02 2.80757137e-02 -4.44118911e-03 -8.43564868e-02 5.48435785e-02 -3.70758362e-02 1.11968713e-02 -2.29195524e-02 1.33706322e-02 2.63752230e-02 2.45166160e-02 2.97771879e-02 -3.12386756e-03 -9.52626169e-02 -6.64862525e-03 3.01972032e-02 8.13382864e-02 -5.47700264e-02 -1.41705964e-02 -6.95986897e-02
7.52737671e-02 1.87512878e-02 -4.81683984e-02 9.71359968e-01 -4.08383757e-02 -5.41132353e-02 1.67323444e-02 6.22651465e-02 -1.98199730e-02 -5.05926087e-02 -1.92161780e-02 1.07823755e-03 3.32635976e-02 4.57179965e-03 6.20055944e-03 5.33012897e-02 3.73282656e-02 1.22688301e-02 -6.68018963e-03 -7.45435953e-02 -8.83769244e-02 3.21429670e-02 5.46993641e-03 -3.14824819e-03 2.15248950e-02 -2.82325111e-02 3.08296420e-02 8.44159424e-02 6.20154366e-02 5.22382036e-02 3.71763739e-03 9.21365246e-03
-7.94351194e-03 4.08928469e-02 5.36877941e-03 3.63196395e-02 9.74251211e-01 7.41711585e-03 2.31845286e-02 -1.91859175e-02 1.16185639e-02 -5.72157279e-02 -5.51884882e-02 -6.31799921e-02 -3.18766870e-02 2.70963274e-02 6.83026342e-03 2.54373774e-02 -1.22781377e-02 -2.62100846e-02 -4.06950340e-02 1.15802546e-03 7.64447674e-02 3.79910693e-02 3.41130327e-03 1.59730427e-02 9.94138271e-02 -2.56601702e-02 -2.04747710e-02 6.68304116e-02 9.42905783e-04 1.23480363e-02 2.20890567e-02 -8.82209912e-02
-1.99730508e-02 -1.32504385e-02 8.51098355e-03 3.15360501e-02 -4.21107039e-02 9.67442691e-01 -6.67121680e-03 1.04109687e-03 7.67647475e-02 -5.46568967e-02 -7.63233304e-02 -9.96662676e-02 -8.17802455e-03 2.20265891e-02 -4.76142690e-02 3.46450768e-02 -1.24353415e-03 -5.59893772e-02 -2.56731324e-02 -3.83094922e-02 1.54394107e-02 3.76498373e-03 6.49301196e-03 3.06993555e-02 5.98273911e-02 -4.41778861e-02 7.47397393e-02 6.87110201e-02 9.15442035e-02 2.10756380e-02 1.24953073e-02 -2.48376951e-02
-5.40766306e-02 9.74182412e-03 -3.02424934e-02 -1.84980512e-03 -2.25742962e-02 1.80842972e-03 9.87666190e-01 -3.56170684e-02 1.55956540e-02 4.68052700e-02 -1.02175213e-03 -1.75193157e-02 -5.15234396e-02 9.51501913e-03 -9.04266548e-04 -3.67838740e-02 -1.69588719e-02 -1.71077845e-03 4.59985025e-02 -1.03438729e-02 3.18277478e-02 -3.98535281e-02 -1.79392714e-02 -1.15671409e-02 1.38297472e-02 -4.29267325e-02 2.55820826e-02 -1.77941564e-02 2.29512937e-02 -5.04377261e-02 1.03090936e-02 1.42556801e-02
-8.03840682e-02 2.78359540e-02 1.52160693e-02 -2.68868841e-02 2.16131154e-02 2.18432192e-02 1.84530411e-02 9.66601551e-01 -2.41555087e-02 8.96055158e-03 1.60939619e-02 1.12510817e-02 -1.12653784e-01 7.57140592e-02 7.64783379e-03 -1.09450363e-01 1.22673456e-02 -1.43260639e-02 3.01585253e-02 3.72225977e-02 1.53312495e-03 1.42198419e-02 -8.43084604e-03 2.43202802e-02 -6.40284047e-02 -2.78120134e-02 -3.05021424e-02 -4.36357073e-02 -7.04263896e-02 -7.76300058e-02 5.74667822e-04 -4.98313382e-02
5.74661791e-02 -2.07969248e-02 -4.32097241e-02 -3.58658358e-02 -3.49528715e-02 -9.72596779e-02 1.40482662e-02 5.06077595e-02 9.40245509e-01 -9.09892544e-02 2.37937290e-02 -6.65335804e-02 6.24883659e-02 5.92071787e-02 6.23744167e-02 6.42851144e-02 3.05147115e-02 2.45795231e-02 -8.65521133e-02 -6.22592010e-02 -9.36007127e-02 6.49168268e-02 1.02841631e-01 4.17047366e-02 2.27607451e-02 -2.47979183e-02 -8.30784515e-02 6.89566061e-02 4.69823107e-02 6.20410480e-02 1.22290535e-03 -9.93140191e-02
9.84467193e-02 -4.15720418e-02 6.25309199e-02 4.38392088e-02 4.35307361e-02 2.98568569e-02 -2.17866767e-02 3.70462909e-02 7.26695061e-02 9.59357142e-01 -9.60430317e-03 -8.45450088e-02 7.68698677e-02 -6.21957704e-02 4.01326735e-03 7.11708441e-02 1.66026189e-03 -6.68660477e-02 -8.98688585e-02 3.79384197e-02 3.32631730e-02 1.00637209e-02 1.68932881e-02 -4.64148913e-03 2.01912113e-02 7.67323449e-02 6.17262349e-03 -1.23355752e-02 5.72595783e-02 6.93972409e-02 1.25371171e-02 -1.12617686e-02
-6.65195361e-02 3.26356515e-02 -3.04407999e-02 5.89865036e-02 3.32190394e-02 6.52827248e-02 -3.07805371e-02 -5.63458391e-02 3.74424942e-02 3.21803316e-02 9.52361166e-01 7.00135389e-03 -1.08338110e-01 -8.22182372e-03 -2.10599266e-02 -9.85501930e-02 -3.98532674e-03 -8.96543041e-02 2.55893208e-02 4.99000363e-02 1.29580051e-01 1.45046215e-03 -3.91691104e-02 -3.01741511e-02 1.41874477e-02 -1.14745878e-01 6.61333837e-03 1.03760175e-02 1.04844931e-03 -6.79947808e-02 -6.49173418e-03 -2.35707667e-02
3.58177722e-02 -1.14410082e-02 6.28967583e-02 1.03677232e-02 5.34993820e-02 7.95363337e-02 2.68708840e-02 3.09024528e-02 9.48536843e-02 1.25812730e-02 -7.40719400e-03 9.47765887e-01 7.21030608e-02 -7.47896656e-02 4.42236550e-02 7.98879862e-02 -6.63827509e-02 -9.30905938e-02 -5.79630882e-02 7.08613843e-02 8.79868940e-02 -1.18561797e-02 -3.87527458e-02 -2.81838607e-02 5.83817773e-02 7.39962980e-02 7.43676051e-02 -3.46086919e-02 6.86669275e-02 5.73772117e-02 -7.63679715e-03 4.17985134e-02
-2.21811961e-02 4.17168327e-02 2.93061677e-02 -7.76483867e-05 3.76485139e-02 5.12062460e-02 4.82182205e-02 3.00257560e-02 -6.76942989e-02 -3.28832828e-02 8.76042992e-02 -1.13844676e-02 9.21975970e-01 1.05530992e-01 5.24430834e-02 -2.10690990e-01 5.09033212e-03 1.21812122e-02 2.76278425e-03 4.32519764e-02 -5.43524958e-02 7.06089661e-02 5.76602742e-02 6.67078197e-02 -8.84775594e-02 -7.55925151e-03 -7.06350207e-02 -5.93280792e-02 -9.95266810e-02 -1.19641751e-01 5.60218282e-02 -7.96080083e-02
-5.14657013e-02 1.39200995e-02 -3.75706255e-02 1.08859511e-02 -2.63913069e-03 -1.51800141e-02 -4.33489792e-02 -8.01730305e-02 1.44881485e-02 1.01766706e-01 -3.78110521e-02 8.56645629e-02 -5.87914512e-02 9.42622066e-01 -6.03420883e-02 -4.89864945e-02 6.03391267e-02 2.66054515e-02 7.12207779e-02 -2.82158162e-02 3.50647382e-02 -1.01597682e-01 -6.21500351e-02 -1.22036949e-01 3.99543233e-02 -5.26063927e-02 6.39634579e-02 -2.13781875e-02 4.14212830e-02 -4.25502509e-02 -9.01261643e-02 9.28948075e-02
-7.53050223e-02 6.79564327e-02 -3.60343643e-02 9.10329074e-03 -2.48074196e-02 3.91471721e-02 -2.86337081e-02 -4.63737510e-02 -3.50195579e-02 4.50873002e-02 -3.79368700e-02 -2.05353717e-03 -8.37530792e-02 2.85784286e-02 9.64200556e-01 -6.80798516e-02 2.39701532e-02 -1.06072566e-02 6.95838779e-02 -3.65048088e-02 6.58630282e-02 1.36678759e-03 -3.28161358e-03 3.84093896e-02 1.25718014e-02 -9.22802538e-02 -6.84192916e-03 6.26043677e-02 -6.95097353e-03 -9.64352936e-02 3.09790708e-02 -2.69289371e-02
1.82192810e-02 -4.51848060e-02 9.31703001e-02 -3.03500276e-02 -7.42366398e-03 3.05881221e-02 6.18254617e-02 5.02268225e-02 -1.18907720e-01 -4.95673120e-02 1.44550920e-01 -1.93853118e-02 5.97666875e-02 1.41899094e-01 8.52504373e-02 8.86077464e-01 2.26759948e-02 7.81894699e-02 -3.14364098e-02 3.79907601e-02 -8.52098241e-02 6.78243935e-02 1.05183877e-01 5.29696159e-02 -1.16395339e-01 3.70606743e-02 -1.40793711e-01 -1.05683394e-01 -1.66559696e-01 -6.10387437e-02 5.34688495e-02 -1.08092137e-01
1.92557741e-02 1.79478712e-02 -4.47279848e-02 -4.10848670e-02 8.74555111e-03 2.09558918e-03 1.59330741e-02 5.80009678e-03 -1.63571183e-02 -6.36063656e-03 -9.88023006e-04 4.64881063e-02 2.83454582e-02 -7.35150054e-02 -2.32584905e-02 1.97983179e-02 9.82656956e-01 3.15711275e-02 1.41568463e-02 4.16695736e-02 8.00568387e-02 -9.96944867e-03 -6.53829575e-02 1.43057536e-02 4.31108102e-02 -9.12669953e-03 1.82396118e-02 1.42996321e-02 4.24484462e-02 3.33656631e-02 2.49701906e-02 9.23916046e-03
-6.05064593e-02 3.23941698e-03 4.58949432e-02 4.31610607e-02 4.35257033e-02 8.79098326e-02 -1.40349632e-02 -1.24058314e-02 5.76257966e-02 7.15873390e-02 3.93761508e-02 6.62714243e-02 -2.94803828e-02 -6.65477291e-02 -2.23266985e-03 -7.11559430e-02 -3.64294574e-02 9.59042847e-01 2.94494312e-02 5.70524260e-02 1.09010369e-01 -2.34979112e-02 -4.11295742e-02 -6.66767508e-02 -4.80121970e-02 3.30952480e-02 -1.75451357e-02 -5.47444560e-02 -4.90164980e-02 -5.25994934e-02 -2.67649852e-02 3.54383029e-02
4.44891788e-02 -2.44429130e-02 2.44118292e-02 -2.25642836e-03 4.66960222e-02 3.76685872e-03 -3.09815910e-02 3.10274120e-02 9.58758891e-02 1.89945828e-02 1.03899720e-03 -3.06561496e-02 8.96463469e-02 -7.51781836e-02 -1.20587563e-02 1.11401536e-01 -3.58936265e-02 -3.58828418e-02 9.47074950e-01 4.21028137e-02 4.05960269e-02 -1.75180305e-02 -3.39028202e-02 -4.33158949e-02 3.23192887e-02 9.68014151e-02 7.28712156e-02 -3.23911980e-02 1.16922781e-01 1.15666471e-01 -5.66294007e-02 5.15350588e-02
4.47353870e-02 2.15576496e-02 -3.38798319e-03 6.28211275e-02 -4.58753258e-02 -1.82961265e-03 9.27606970e-03 -3.42802741e-02 3.97642031e-02 -5.14438041e-02 -7.01892748e-02 -7.53192082e-02 -4.33622003e-02 5.30536845e-02 1.88781358e-02 -1.77171845e-02 -3.62696797e-02 -3.57223153e-02 -3.29589322e-02 9.72362936e-01 3.93912047e-02 5.91996722e-02 -6.58174790e-03 1.75397377e-02 5.57126477e-02 -1.25571368e-02 2.98842532e-03 8.96005780e-02 1.67897288e-02 -3.16049135e-03 3.25475968e-02 -5.28120734e-02
9.68386307e-02 -8.74565467e-02 -3.72136175e-03 1.97071638e-02 -1.08347766e-01 -7.94033110e-02 -1.75744633e-03 6.86680302e-02 -8.12774349e-04 -8.69554579e-02 -6.19177520e-02 -1.09705940e-01 1.18836679e-01 3.52899656e-02 -2.28820015e-02 1.08825788e-01 -7.78035522e-02 -2.18969360e-02 -8.11251029e-02 -8.49232376e-02 9.17234242e-01 6.47931620e-02 3.16615254e-02 4.74331118e-02 6.66476116e-02 9.84046143e-03 5.33334650e-02 1.17619678e-01 5.96835166e-02 1.08939424e-01 4.71391827e-02 -2.60595251e-02
-7.17875808e-02 3.96397375e-02 -4.33710888e-02 -2.58573033e-02 -3.33651081e-02 2.48952326e-03 1.30613698e-02 -4.44192290e-02 -3.02845836e-02 4.88428287e-02 -3.46931890e-02 5.52984662e-02 -8.18991363e-02 4.81850021e-02 -4.68464456e-02 -4.50856425e-02 1.06367134e-02 1.37602743e-02 6.30869418e-02 -5.55908047e-02 -2.20760126e-02 9.70080614e-01 -6.10473603e-02 -3.45842615e-02 3.65707912e-02 -7.11153075e-02 7.53123034e-03 1.09114731e-03 -3.66678610e-02 -5.87892309e-02 5.60209155e-03 3.89512628e-02
-5.85047938e-02 4.87783067e-02 -5.71469255e-02 1.34130679e-02 -2.72030896e-03 1.00544952e-02 -9.10694338e-03 -4.02994379e-02 -6.01299927e-02 4.89473194e-02 -1.77006498e-02 9.79790092e-02 -1.01475626e-01 1.52602764e-02 -6.35119304e-02 -1.01071134e-01 5.81204444e-02 1.81239098e-02 1.01555891e-01 8.97859037e-03 3.95246148e-02 5.56368101e-03 9.55865502e-01 3.08223516e-02 -2.77275685e-03 -8.23270977e-02 -7.80179817e-03 2.92519946e-02 -3.53428349e-02 -8.35300982e-02 3.80279720e-02 -2.31404193e-02
-6.02887236e-02 -4.83345520e-03 -3.80193628e-02 2.01336183e-02 -7.03737186e-03 -2.02910174e-02 -1.21172136e-02 -5.37323169e-02 5.18216693e-04 5.34551069e-02 2.00912519e-03 6.45491630e-02 -7.96923265e-02 7.72507265e-02 -7.10446835e-02 -4.02578525e-02 -1.53652960e-02 4.93557937e-02 7.64946714e-02 -1.21088112e-02 -5.53976372e-03 -1.35668432e-02 -8.13803598e-02 9.71387565e-01 1.87709276e-02 -2.38023978e-02 2.04865839e-02 -2.39690989e-02 -3.88912261e-02 -2.97251921e-02 3.65020260e-02 1.54163046e-02
5.16383350e-02 -7.63789713e-02 4.20570858e-02 -6.06828518e-02 -7.17574805e-02 -4.72865105e-02 1.40174646e-02 9.57951322e-02 -8.34665522e-02 -3.10338195e-02 7.43235871e-02 -4.72685471e-02 9.28536281e-02 5.34142647e-03 3.93457673e-02 5.44204377e-02 -2.97767073e-02 9.50609744e-02 -4.28388976e-02 -3.47280502e-02 -1.37842089e-01 -6.98824925e-03 5.70376925e-02 1.16259782e-02 9.43900228e-01 5.26654422e-02 3.45194526e-02 4.39502262e-02 -4.42330204e-02 4.59491052e-02 -3.13697271e-02 5.60677201e-02
-7.02854693e-02 5.35350405e-02 4.96181808e-02 6.29964620e-02 -2.56676867e-04 4.96933870e-02 3.06125879e-02 -3.41906510e-02 2.67351270e-02 -5.41573465e-02 6.58352971e-02 -4.21865471e-02 -9.25352052e-02 7.89069161e-02 5.04313633e-02 -1.17978059e-01 3.92809398e-02 -5.64249195e-02 -2.83231977e-02 -1.27743660e-02 4.05910872e-02 5.77021278e-02 4.82555851e-02 1.43297035e-02 -9.19616688e-03 9.45249140e-01 -8.33116323e-02 -3.59168723e-02 -6.97431639e-02 -1.06607027e-01 6.00491427e-02 -7.29764178e-02
5.41838780e-02 -2.03511640e-02 3.15156654e-02 -5.11837937e-02 3.89737636e-02 -6.40924498e-02 6.96581230e-03 5.21103330e-02 1.60345510e-02 -5.03844991e-02 6.91452846e-02 -8.93084332e-02 5.77251241e-02 6.38402672e-03 7.18195960e-02 6.95935488e-02 -1.08510221e-03 5.33063896e-02 -1.06355518e-01 1.17954984e-02 -1.00379460e-01 4.96306270e-02 8.00620541e-02 2.67347042e-02 -1.04832761e-01 9.65168104e-02 9.43656981e-01 -7.14935213e-02 4.45832051e-02 5.98860197e-02 1.13010947e-02 1.24366432e-02
2.77632810e-02 1.91705823e-02 1.44161321e-02 -1.02409855e-01 -1.89303942e-02 -2.79153846e-02 3.33405882e-02 4.63254862e-02 -7.71267116e-02 3.40597332e-02 5.63277490e-02 6.00473583e-02 5.03136516e-02 3.24798673e-02 -3.16740647e-02 5.35118468e-02 -9.71337501e-03 7.09282905e-02 3.60642709e-02 -4.54984307e-02 -1.21810682e-01 -5.71565004e-03 -1.77084450e-02 1.66115668e-02 -1.13319755e-01 7.59729445e-02 2.95386165e-02 9.51676071e-01 -7.84110129e-02 4.11418229e-02 2.49967724e-03 7.38551617e-02
4.05615792e-02 5.03434474e-03 -5.26405610e-02 -9.28887725e-02 4.48205415e-03 -5.73041104e-02 1.35850944e-02 7.52234384e-02 -1.42428264e-01 -5.65516688e-02 8.07223320e-02 -2.83104535e-02 5.33221923e-02 4.50409800e-02 4.48229425e-02 5.11182286e-02 -3.31354141e-02 1.06168777e-01 -9.30336565e-02 -5.10431034e-03 -1.10641629e-01 6.82561323e-02 6.95030615e-02 6.85627460e-02 -4.10227589e-02 7.52334222e-02 -1.31273016e-01 1.76637340e-02 9.27036583e-01 5.42459823e-02 2.50942670e-02 -4.63397987e-02
-6.69682748e-04 2.85458770e-02 5.42275906e-02 -3.27629931e-02 -4.79647610e-03 3.13070379e-02 6.24928512e-02 1.86927933e-02 -9.64383483e-02 -3.78415547e-02 9.02055874e-02 -2.35320325e-03 -1.19166179e-02 1.09187640e-01 9.42772105e-02 -1.10239223e-01 1.54673078e-04 5.51075749e-02 -3.68454531e-02 1.04564819e-02 -7.60065317e-02 6.09902255e-02 7.17885643e-02 3.02689765e-02 -7.85878673e-02 2.79511604e-02 -1.03755340e-01 -7.75406510e-02 -1.39447019e-01 9.28494453e-01 8.09525400e-02 -7.76341036e-02
-4.67057861e-02 -4.31743525e-02 4.86000674e-03 -3.11793032e-04 -1.42071294e-02 -2.01900192e-02 -3.08429338e-02 -9.44068935e-03 2.77617946e-02 1.62625220e-02 -1.40968030e-02 2.44140849e-02 -4.25835103e-02 4.26352881e-02 -5.02079800e-02 -1.89709608e-02 -2.26044860e-02 1.74373500e-02 6.77112415e-02 -2.90568136e-02 -3.13239172e-02 -4.17336151e-02 -6.22934327e-02 -7.22252503e-02 4.61028926e-02 -5.50804324e-02 2.76382081e-02 2.17097229e-03 1.54801048e-02 -5.62289208e-02 9.78607416e-01 2.95594055e-02
5.31171151e-02 -8.70227255e-03 8.44570100e-02 1.56195369e-03 8.54028165e-02 3.17168720e-02 1.34629151e-02 5.76187633e-02 6.56781346e-02 -4.92300503e-02 5.09605259e-02 -8.48302171e-02 5.47903776e-02 -2.21702959e-02 7.25042522e-02 4.36011069e-02 3.86701338e-03 -3.84064429e-02 -8.41918141e-02 5.56359068e-02 1.25863673e-02 2.34551970e-02 8.18807855e-02 3.79242040e-02 -7.54782557e-02 5.19347601e-02 -8.84532556e-02 -7.01758116e-02 4.84370487e-03 3.91608849e-02 1.45231131e-02 9.52653825e-01
9.90288913e-01 1.50782466e-02 1.62183028e-02 -4.62234654e-02 -4.58272314e-03 2.34269630e-02 -2.99472082e-02 1.50820380e-02 -1.32270576e-03 3.36357788e-03 4.35963348e-02 3.38953314e-03 2.26010699e-02 9.11409408e-03 -3.79412435e-02 2.08852161e-02 -2.03026719e-02 2.88867764e-02 -1.98813304e-02 -2.42259949e-02 -1.81506276e-02 -3.97205278e-02 4.31865966e-03 -2.92273518e-02 -1.25813056e-02 5.17681204e-02 -1.44954342e-02 -9.14634031e-04 -7.53692118e-03 4.76943888e-02 1.11430893e-02 9.91269667e-03
-2.55917646e-02 9.85329330e-01 -5.75174903e-03 9.92467627e-03 -1.12004671e-02 1.82338655e-02 -4.69773542e-03 4.97578783e-03 4.54979353e-02 -5.46034984e-03 -4.02093260e-03 -9.71284136e-03 -9.23252292e-03 -2.36273743e-02 -4.07966562e-02 2.92555022e-04 -1.56122306e-02 -4.53312472e-02 8.58985633e-03 -5.56373596e-02 -2.25031879e-02 -5.70591614e-02 1.11638906e-03 -9.41912830e-03 -1.99343171e-02 6.97518066e-02 1.44026065e-02 5.45469858e-03 6.60223886e-02 6.05330095e-02 1.52180595e-02 1.55575741e-02
-1.60319675e-02 1.58949546e-03 9.88288879e-01 -1.27859209e-02 7.93433003e-03 -3.71506661e-02 -3.27879898e-02 -3.10041159e-02 1.92127842e-02 4.58745199e-04 -2.32524183e-02 -1.80476569e-02 -2.31636018e-02 4.44996590e-03 4.63437336e-03 4.34574112e-02 3.29576097e-02 1.19968429e-02 -3.34027335e-02 1.97921097e-02 5.40574752e-02 -2.82102507e-02 -9.77075100e-03 -1.65553223e-02 1.15623111e-02 -7.10790337e-04 -1.06343767e-02 3.86714600e-02 7.42691010e-02 2.35658512e-02 -2.83820536e-02 -1.53574776e-02
3.96208279e-02 -2.32504178e-02 2.72748843e-02 9.77129579e-01 -2.00393945e-02 1.28583238e-02 -9.63526126e-03 3.41640487e-02 1.18114771e-02 -9.20645893e-03 4.67609130e-02 2.26859152e-02 1.44393940e-03 1.74062997e-02 1.38756828e-02 3.21950926e-03 -1.82121396e-02 -5.97594418e-02 2.87112482e-02 -7.44424164e-02 -7.29785711e-02 -8.26795399e-02 3.00890561e-02 7.81429783e-02 -4.32857238e-02 2.84321029e-02 4.57501598e-02 -4.29427549e-02 -9.08225589e-03 -2.41155289e-02 1.93578284e-02 -1.69135281e-03
8.93024087e-04 -2.75632553e-03 -1.89977828e-02 3.55510078e-02 9.78809834e-01 4.03712504e-02 1.21035120e-02 -5.06637804e-02 4.60318699e-02 -1.33411093e-02 -2.22413857e-02 -2.73385458e-02 -8.21120199e-03 -1.00565869e-02 -5.23300283e-02 3.62844504e-02 -4.29342575e-02 -3.84048708e-02 -3.67971808e-02 2.84276512e-02 5.22461496e-02 -9.84646194e-03 -5.73860332e-02 -3.11896093e-02 4.15326878e-02 2.39311922e-02 -6.89570839e-03 5.40527329e-02 2.39724033e-02 7.03793988e-02 6.80841058e-02 -1.37425913e-02
-3.64849009e-02 -2.33061165e-02 3.05827446e-02 -1.03544286e-02 -4.77838181e-02 9.86060917e-01 -1.07544130e-02 3.80190052e-02 7.74149038e-03 -3.52270082e-02 5.05404361e-02 -4.03537229e-02 3.56387682e-02 2.42906939e-02 -2.93513834e-02 4.88845669e-02 -3.53827327e-02 5.31378239e-02 -2.26917379e-02 -1.53835127e-02 1.55535117e-02 -2.92608030e-02 -1.43622709e-02 -2.91459747e-02 1.44245513e-02 4.73194430e-03 -2.61955410e-02 1.40198953e-02 1.57773755e-02 3.27760540e-02 -1.53404679e-02 -2.59773284e-02
2.28707939e-02 -2.25245277e-03 3.00462898e-02 2.34306394e-03 -1.48180909e-02 -1.10906572e-03 9.93631065e-01 1.35717615e-02 1.75204836e-02 -2.59918366e-02 1.60495993e-02 -2.71766149e-02 1.70511492e-02 1.41424797e-02 -5.90140186e-03 1.17244525e-02 -1.01299901e-02 2.05447040e-02 -2.58421861e-02 -6.48848787e-02 3.26446490e-03 -2.97916476e-02 8.85807630e-03 9.91833396e-03 8.51349626e-03 7.86331389e-03 -2.28105560e-02 1.18314484e-02 1.91774219e-02 1.99403409e-02 -1.49637414e-03 -1.31934192e-02
-8.48157424e-03 5.02475258e-03 1.35994079e-02 -8.20068270e-03 4.60066646e-02 -3.70227136e-02 -1.15901399e-02 9.84341264e-01 1.26899835e-02 2.59452756e-03 -3.29138897e-02 -1.81701034e-02 -2.11154651e-02 -2.51268111e-02 4.67265397e-02 6.95839291e-03 3.86090837e-02 2.29060240e-02 -5.85941970e-02 5.36773577e-02 6.08156659e-02 3.58954817e-02 1.40199726e-02 -1.79336332e-02 -4.71925177e-03 -3.15200016e-02 -3.71567644e-02 6.67107627e-02 1.58997867e-02 2.46533770e-02 -2.57355366e-02 -2.47248053e-03
-3.01960576e-03 -5.72612360e-02 -2.07925644e-02 -2.65410841e-02 -4.83363308e-02 -1.14423167e-02 -2.19833404e-02 -3.88135877e-03 9.91293609e-01 2.36996766e-02 3.86927277e-03 1.74051616e-02 -4.75586916e-04 -1.41991000e-03 2.21356889e-03 9.31047555e-03 -1.92325246e-02 -3.26755829e-02 7.86288991e-04 -5.55737726e-02 -1.44346301e-02 -4.15598601e-02 -2.75309873e-03 2.59589646e-02 9.17226728e-03 1.07221929e-02 1.66909788e-02 1.09621426e-02 2.09427085e-02 2.79933084e-02 2.88987462e-03 1.13068905e-03
-3.35303857e-03 9.10669938e-03 7.52923172e-03 8.89363792e-03 1.82054825e-02 3.82788628e-02 2.93410998e-02 3.11882538e-03 -1.83505863e-02 9.96064067e-01 4.51412704e-03 1.54603226e-02 1.54316230e-02 2.26649642e-02 -4.96028643e-03 -7.25409668e-03 5.02211135e-03 5.72638679e-03 1.65191274e-02 1.35075506e-02 -3.37578841e-02 2.16744486e-02 -5.37088513e-03 -1.72142480e-02 -1.01248436e-02 -4.44062566e-03 4.60616197e-04 -2.88298838e-02 -8.88025574e-03 -7.15667708e-03 -1.28074526e-03 6.61709579e-04
-3.57875414e-02 1.37707675e-02 8.02822225e-03 -2.87670698e-02 2.68196501e-02 -5.11832274e-02 -1.49492556e-02 7.59150414e-03 3.57366866e-04 1.19115540e-03 9.85389769e-01 2.00535799e-03 -3.86052486e-03 -2.59706620e-02 3.82360369e-02 3.54363443e-03 3.32373753e-02 3.00639053e-03 -4.39334065e-02 1.68313216e-02 5.11409938e-02 4.49189395e-02 1.96166709e-02 5.99537091e-03 -9.89881717e-03 -6.17924258e-02 -1.92774218e-02 5.97203560e-02 3.95443328e-02 2.92242528e-03 -4.82718013e-02 -2.67842654e-02
-9.47668857e-04 1.58217885e-02 1.57041755e-02 -1.03947241e-02 2.45653354e-02 4.18032706e-02 2.82137021e-02 8.45121592e-03 -8.99708271e-03 -1.83928348e-02 -9.69959144e-03 9.93921280e-01 5.60736982e-03 1.30475527e-02 -6.62713125e-03 -1.32938204e-02 4.11365479e-02 -4.91461065e-03 -2.26081442e-02 2.29655225e-02 3.78392451e-02 3.32331881e-02 1.84178054e-02 -1.99257489e-02 1.13526210e-02 -2.11481620e-02 -2.04320215e-02 1.51119148e-02 6.09214045e-03 4.56722267e-03 -1.54592155e-03 -7.11721741e-03
-1.53586389e-02 1.66251902e-02 1.16290152e-02 1.34021174e-02 6.32211566e-03 -3.73946354e-02 -1.86982770e-02 2.78434111e-03 4.22909763e-03 -9.82334651e-03 -1.53414076e-02 -1.21693024e-02 9.91067886e-01 -9.15867928e-03 1.76470298e-02 -1.54098235e-02 2.68351007e-02 -3.50678014e-03 -3.65046002e-02 7.20612239e-03 5.88202961e-02 7.48634804e-03 1.15733426e-02 1.68623112e-03 1.58750769e-02 -6.65481314e-02 -3.03474348e-02 4.09117788e-02 1.64434500e-02 6.86794054e-03 -2.02357434e-02 -1.60860606e-02
-4.56541032e-03 3.19956504e-02 -2.09723637e-02 3.70071549e-03 7.62755238e-03 -3.14153768e-02 -1.62134562e-02 5.52186603e-03 7.37457769e-03 -1.70945711e-02 5.90282492e-03 -1.96559466e-02 -7.63776898e-03 9.87890422e-01 1.56831499e-02 9.10184998e-03 2.06788946e-02 3.61357182e-02 -2.91285217e-02 2.00702175e-02 6.83776960e-02 3.63751245e-03 3.04183830e-03 -2.70858537e-02 3.30379531e-02 -4.91430014e-02 -2.24740524e-02 4.48177569e-02 3.67448479e-02 -1.56549388e-03 -6.16072193e-02 -2.22722050e-02
3.32121849e-02 3.54875214e-02 -1.20959674e-04 -1.48784844e-02 4.18251939e-02 3.71662341e-02 9.57950670e-03 -4.06479947e-02 9.52888280e-04 8.23594746e-04 -2.55834516e-02 8.26798845e-03 -6.51374925e-03 -5.07057272e-03 9.90032911e-01 1.69806590e-03 -3.62271145e-02 -5.94950514e-03 9.14324448e-03 1.54855177e-02 -2.76265554e-02 4.85285214e-04 -4.70768064e-02 -2.23514475e-02 -9.65035614e-03 5.70195653e-02 2.39415932e-02 -1.27685247e-02 -9.27663129e-03 1.10941799e-02 4.34673317e-02 1.58547517e-02
-1.15601178e-02 6.13221247e-03 -5.15197441e-02 1.00091705e-02 -3.91171910e-02 -4.71847542e-02 -1.16521409e-02 -1.83818098e-02 -1.37273464e-02 1.38065545e-02 -1.99253522e-02 1.07905259e-02 -2.31070779e-04 -2.34575719e-02 1.09118503e-02 9.86622512e-01 1.99544057e-02 -2.99078450e-02 -3.17454487e-02 -3.99027988e-02 4.21073213e-02 2.49102507e-02 8.28408543e-03 -6.80122338e-03 3.81995067e-02 -8.40692669e-02 -2.16086432e-02 4.13939543e-02 8.38728098e-04 9.10104252e-03 -2.23170277e-02 -1.29717411e-02
2.22187135e-02 6.77650096e-03 -3.03171575e-02 9.66011547e-03 4.03615348e-02 4.59157936e-02 1.16336076e-02 -3.38029973e-02 1.85931064e-02 -6.43304177e-03 -2.49470305e-02 -3.88041437e-02 -1.95041373e-02 -1.33048557e-02 2.62939166e-02 -1.20893335e-02 9.91553247e-01 -2.32823491e-02 2.85876412e-02 -1.10927643e-02 -2.92523894e-02 -2.01987512e-02 7.01439288e-03 1.75621845e-02 -2.00288612e-02 3.48315313e-02 3.59195061e-02 -7.78989401e-03 6.73821382e-03 1.13199865e-02 2.42394071e-05 1.01145478e-02
-1.87310725e-02 4.91705835e-02 -1.96540523e-02 7.79267177e-02 3.33848819e-02 -4.57155444e-02 -1.30100138e-02 -3.64004001e-02 4.35517989e-02 -5.00405161e-03 -1.35890609e-02 3.61450552e-03 -4.75698849e-03 -4.65964712e-02 5.69771929e-03 2.27824524e-02 2.24973317e-02 9.86565769e-01 8.20319075e-03 4.99380305e-02 4.36306279e-03 4.15751934e-02 -9.71037708e-03 -3.14430110e-02 -1.07383309e-02 -2.52212156e-02 6.11894822e-04 1.59364901e-02 9.36494488e-03 -7.49576464e-03 -2.58487072e-02 1.34856440e-02
7.00665452e-03 -1.35349371e-02 3.34377997e-02 -3.08698602e-02 3.36716510e-02 1.05422353e-02 1.92838833e-02 5.76372147e-02 -1.99838891e-03 -1.73625257e-02 4.55565080e-02 1.89890880e-02 3.77402417e-02 2.93635856e-02 -8.60093161e-03 3.81717794e-02 -2.33372506e-02 -9.90216358e-05 9.86228645e-01 -1.47563929e-04 2.47011259e-02 -2.26456970e-02 1.66283250e-02 -1.27450749e-02 1.61062218e-02 1.15468670e-02 -4.10426892e-02 4.22523124e-03 2.92167300e-03 6.81274757e-02 1.57764042e-03 6.85419813e-02
2.85008736e-02 4.30197790e-02 -2.44896524e-02 8.09415728e-02 -5.21129258e-02 1.68852247e-02 6.24765903e-02 -5.26817255e-02 5.56052066e-02 -1.16694253e-02 -1.14925858e-02 -2.38017160e-02 -7.32436031e-03 -2.18362287e-02 -2.02889796e-02 3.43760438e-02 4.23315261e-03 -6.23186417e-02 2.28776480e-03 9.81872261e-01 2.72529125e-02 1.53588802e-02 -2.74138860e-02 -9.64254700e-03 1.56044755e-02 3.10696997e-02 -9.25629400e-03 9.50057991e-03 2.26719808e-02 4.58820686e-02 -1.82405598e-02 1.77823305e-02
3.45327929e-02 2.55197063e-02 -4.84828725e-02 7.25875720e-02 -4.67944294e-02 5.33064269e-03 9.01936670e-04 -6.17252812e-02 1.44305835e-02 3.69591862e-02 -5.13195433e-02 -3.36188562e-02 -6.09253496e-02 -6.68083951e-02 2.88964156e-02 -5.36089316e-02 1.82910040e-02 -1.47880139e-02 -7.30682572e-04 -4.23805080e-02 9.75577772e-01 5.24227992e-02 2.09656525e-02 7.13360533e-02 -7.51189096e-03 4.89596417e-03 -3.32115311e-03 6.08378462e-03 -3.06714345e-02 -4.68116216e-02 -3.62065956e-02 1.83226373e-02
4.05567847e-02 4.79305275e-02 4.00538035e-02 6.66575357e-02 9.73721873e-03 3.75558697e-02 2.71109473e-02 -2.11141407e-02 4.66885418e-02 -2.79146731e-02 -2.69551110e-02 -3.09485923e-02 3.06107290e-03 1.08658364e-02 -1.13177095e-02 -1.14492048e-02 6.92148041e-03 -4.45661284e-02 2.82644760e-02 -2.98162233e-02 -6.45548180e-02 9.83736336e-01 3.65645881e-03 2.66763777e-03 -2.54503358e-02 4.29222509e-02 1.03536891e-02 -5.69413453e-02 -2.52424981e-02 -1.13820629e-02 6.28699781e-03 -1.10180641e-03
-1.19224176e-04 4.99537401e-03 7.04602059e-03 -2.86225919e-02 5.74197136e-02 1.96179822e-02 -6.17041392e-03 -2.19395738e-02 7.39564653e-03 4.88697365e-03 -2.61514708e-02 -2.03018356e-02 -1.34947700e-02 -4.51302249e-03 4.21218537e-02 -4.28983336e-03 -1.26488796e-02 8.72428529e-03 -6.83715194e-03 3.65514904e-02 -2.15158220e-02 -3.56442248e-03 9.89586532e-01 1.89001821e-02 -2.23382190e-02 -5.95948007e-03 3.92557960e-03 3.40895876e-02 -6.76611089e-04 -3.09119262e-02 1.74484365e-02 -8.38387385e-02
1.41520109e-02 8.77136458e-03 2.27663182e-02 -8.64246339e-02 3.58708054e-02 2.59957574e-02 -9.20173619e-03 2.47602072e-02 -2.50763427e-02 1.09377624e-02 4.21384349e-03 2.16568802e-02 1.21077057e-02 4.00989763e-02 8.57175700e-03 2.64476854e-02 -1.93949509e-02 4.43496667e-02 2.76236213e-03 2.49542221e-02 -5.07902652e-02 -3.84579762e-03 -2.50711553e-02 9.83890295e-01 -4.66642119e-02 5.66692315e-02 4.32536658e-03 -3.82869206e-02 -2.13586055e-02 3.92770953e-02 4.64358330e-02 -6.85300631e-03
1.85729750e-02 2.63840724e-02 -4.38290322e-03 3.94909196e-02 -3.01959459e-02 -7.05782417e-03 -8.30900483e-03 4.91381064e-03 -7.07838265e-03 1.10989651e-02 8.73717107e-03 -9.89645813e-03 -1.87055003e-02 -3.30137573e-02 1.53691312e-02 -4.33543250e-02 1.95692815e-02 8.15136638e-03 -8.04241281e-03 -1.67783815e-02 -1.47006102e-02 2.06735209e-02 2.41897982e-02 5.58708794e-02 9.91892934e-01 -7.89013971e-03 -2.09146012e-02 -2.75398185e-03 -3.97253707e-02 -2.65403427e-02 -2.27182861e-02 1.09162675e-02
-6.45815656e-02 -7.25830942e-02 -7.42031680e-03 -2.34526992e-02 -2.65079364e-02 -2.93872785e-02 -1.42938774e-02 3.09118945e-02 -2.00121868e-02 7.08997715e-03 5.65123856e-02 2.24273540e-02 6.44138902e-02 4.16179895e-02 -4.44791913e-02 7.81238973e-02 -1.93938054e-02 3.15120518e-02 -2.90467851e-02 -2.36029159e-02 2.23497264e-02 -2.21091490e-02 1.74091421e-02 -5.75007945e-02 1.99592095e-02 9.78513956e-01 -2.63491180e-03 4.07865047e-02 9.45429318e-03 2.47692056e-02 -3.35265137e-02 1.91324949e-02
7.61193270e-03 -1.76176913e-02 9.54474043e-03 -4.56362627e-02 4.44014231e-03 1.67690329e-02 2.03302316e-02 4.14274670e-02 -1.94927547e-02 -2.70630070e-03 2.12460048e-02 1.79458279e-02 3.31943072e-02 2.19426621e-02 -2.36297864e-02 2.57527418e-02 -3.13371047e-02 8.13636091e-03 2.53361519e-02 1.23081570e-02 2.42767800e-02 -2.62761675e-03 2.44696671e-03 -1.24104377e-02 3.10895350e-02 -1.02972621e-02 9.90552008e-01 -3.13751027e-02 5.51842563e-02 4.38093692e-02 3.76186974e-04 1.57779548e-02
1.47364121e-02 -1.66064932e-03 -3.03700957e-02 4.09177132e-02 -5.26527651e-02 2.99970130e-03 -4.21390869e-03 -6.02968894e-02 -1.38758039e-02 2.85013001e-02 -5.47529273e-02 -9.18437541e-03 -3.81073058e-02 -3.67901437e-02 9.05334670e-03 -4.86384332e-02 2.19672889e-04 -2.09120400e-02 1.89380422e-02 -1.70935467e-02 -3.76489535e-02 4.84007671e-02 -3.63962725e-02 4.79872636e-02 -9.21918452e-03 -1.99385043e-02 4.54969220e-02 9.84187245e-01 -3.25699672e-02 -2.52662990e-02 2.13121413e-03 -7.19985832e-03
1.60830282e-02 -6.33286163e-02 -7.56809786e-02 1.57589242e-02 -2.84136217e-02 -1.08644925e-02 -1.78252757e-02 -1.93503611e-02 -2.85015851e-02 1.38148181e-02 -4.30560187e-02 -3.83553677e-03 -2.05534529e-02 -3.92205082e-02 1.44195128e-02 -1.54160000e-02 -6.99937344e-03 -8.58102366e-03 6.86892867e-03 -2.55809836e-02 1.28100747e-02 3.36900949e-02 -9.07879788e-04 3.19719799e-02 3.34753804e-02 -6.16380479e-03 -5.05431071e-02 1.90748870e-02 9.87002850e-01 6.26710476e-03 2.93190032e-03 -3.75960656e-02
-4.18259203e-02 -5.47009446e-02 -2.83400472e-02 3.54398452e-02 -6.86111823e-02 -3.74348499e-02 -2.19240263e-02 -3.24610956e-02 -3.39909904e-02 1.28200268e-02 -1.36780553e-02 -4.41297423e-03 -1.82551388e-02 -8.27704836e-03 4.43732226e-03 -3.00879423e-02 -1.84372405e-03 6.54560700e-03 -5.92483766e-02 -4.61185239e-02 3.23222540e-02 2.35842541e-02 3.63127291e-02 -2.09436025e-02 1.86413843e-02 -3.63248773e-02 -3.59586999e-02 1.67902410e-02 -2.32212003e-02 9.83620286e-01 -4.36355956e-02 -2.16078348e-02
-1.97177064e-02 -1.42616117e-02 2.21669860e-02 -9.94219445e-03 -7.63179734e-02 -4.19852510e-03 -3.49510042e-03 2.51836292e-02 -4.44503920e-03 2.48989998e-03 4.72381525e-02 -1.86584296e-03 1.74779650e-02 5.40931039e-02 -3.57386917e-02 2.01900005e-02 1.32751018e-02 3.21240351e-02 -9.23440140e-03 1.67978462e-02 5.38529009e-02 4.26907651e-03 -9.77015123e-03 -4.80111130e-02 2.90927272e-02 1.32427262e-02 -9.11695883e-03 9.79197957e-03 8.41125438e-05 3.65499519e-02 9.87042546e-01 -3.83157767e-02
-1.38754919e-02 -1.85549594e-02 1.32575287e-02 -8.86364025e-04 1.11885192e-02 2.15458237e-02 7.52924243e-03 -1.86035130e-03 -3.14023672e-03 -3.63473111e-04 2.13110521e-02 2.05774582e-03 1.20271267e-02 2.18752455e-02 -1.03432341e-02 1.03733465e-02 -7.24530546e-03 -8.48920923e-03 -7.54420608e-02 -1.41549371e-02 -1.21580726e-02 4.79491334e-03 8.27502236e-02 7.23591167e-03 -9.16450936e-03 -2.79803574e-02 -1.88694298e-02 1.62625182e-02 3.92220393e-02 1.61733013e-02 3.70018631e-02 9.89740908e-01
