1 5 16 16 32
-2.924058e-01 4.664892e-02 -1.427998e-01 3.306196e-01 5.304526e-01 3.118191e-01 3.315511e-01 -4.165185e-03 -5.894495e-02 2.295337e-01 -6.826255e-03 2.482398e-01 4.875856e-01 3.487059e-02 3.965931e-01 -1.885544e-01
-1.476991e-01 2.930373e-01 3.240369e-01 2.027868e-01 1.182237e-01 -2.086840e-01 -4.176889e-02 2.545090e-01 -2.619932e-01 -1.556625e-01 7.088256e-02 4.630667e-01 2.841760e-01 -1.952345e-01 -4.300423e-01 -1.205292e-01
3.377648e-02 -3.275790e-01 2.574578e-01 2.476204e-01 -1.095325e-01 4.128120e-01 2.344797e-02 3.706808e-02 2.724993e-01 -6.191962e-02 -2.779058e-01 -3.243558e-02 5.768560e-01 -4.349027e-01 -1.129012e-01 -3.058172e-01
2.381035e-01 -3.745883e-01 -2.747528e-01 -2.239309e-01 -7.317179e-02 4.041177e-01 -4.485070e-02 -1.738449e-01 2.747054e-01 2.475313e-01 3.490471e-02 -3.281927e-01 -1.864098e-01 4.532284e-02 6.141406e-01 1.123225e-01
3.567214e-01 4.006192e-01 3.946230e-01 -4.014058e-01 -3.612724e-01 -1.029102e-01 -2.987162e-01 7.279219e-02 -8.597050e-02 -1.340651e-01 5.419890e-01 7.774199e-02 4.541737e-02 -1.438745e-01 -4.398433e-01 5.236467e-01
-2.044837e-01 3.493638e-01 -2.551252e-02 -2.472074e-01 2.827076e-01 2.192344e-01 5.070277e-01 -3.838454e-01 4.259343e-01 -5.620310e-01 -5.625008e-01 -2.435296e-02 4.939629e-01 3.704882e-01 -8.608245e-02 -5.796708e-02
2.955640e-03 3.102819e-01 -2.425104e-01 6.390104e-02 3.150764e-01 1.889541e-01 -4.224547e-01 -2.421807e-01 7.747652e-02 -3.867308e-01 1.029917e-01 4.280343e-01 -2.414129e-01 1.542530e-01 4.406746e-01 -2.173295e-01
-2.744605e-01 4.237298e-01 1.395603e-01 -2.578577e-01 9.177047e-02 -2.715015e-01 -5.195308e-02 2.752441e-01 1.851640e-01 6.452766e-02 -2.494768e-01 -7.766094e-02 -4.044130e-01 6.592777e-01 6.700385e-01 -5.943580e-01
1.086244e-01 1.870763e-01 -1.819282e-01 1.680683e-01 -6.140253e-02 8.370867e-02 3.585487e-01 1.311222e-01 1.961113e-02 2.802236e-01 2.641126e-01 -1.879393e-01 2.228470e-01 1.970195e-01 -1.913224e-01 3.056722e-01
-3.965261e-01 -2.289892e-01 1.641759e-01 -3.354619e-01 6.228378e-02 -2.279432e-01 -4.175741e-01 1.697442e-01 -1.054958e-01 -3.121733e-01 -1.528106e-01 5.132492e-01 -2.010612e-01 -4.532824e-02 7.702386e-01 -5.050386e-02
2.147257e-01 -2.770376e-01 9.313510e-02 3.266768e-01 -1.019446e-01 -2.974612e-01 -3.541186e-01 3.958196e-01 -3.993148e-01 5.526890e-01 6.045238e-01 -1.517209e-01 -4.981602e-01 -1.304486e-01 -1.322228e-02 1.881667e-01
-2.699635e-01 -5.267397e-01 4.152244e-01 -2.559278e-01 -3.184008e-01 -3.316241e-01 3.737742e-01 3.805928e-01 -2.332962e-01 5.189835e-01 -1.421039e-01 -2.277942e-01 1.681363e-01 -3.575497e-01 -2.150133e-01 4.543109e-01
-1.973739e-01 6.449733e-01 3.303186e-03 -4.092385e-02 5.287289e-02 -3.057957e-01 -2.297602e-01 1.922110e-01 -2.198500e-01 1.634074e-01 -1.581322e-02 1.750544e-01 -1.895491e-01 -9.179892e-02 -5.186314e-01 -1.175791e-01
-3.524995e-01 -1.073091e-01 -3.758711e-01 5.817930e-02 2.692788e-01 1.322495e-01 -3.293918e-01 4.245436e-02 1.300394e-01 -2.034985e-01 1.360067e-01 6.361204e-01 -1.106361e-02 2.506272e-02 5.271112e-01 1.092252e-01
1.056517e-01 4.766334e-01 -2.474604e-01 -1.860268e-01 -1.363869e-01 -2.558912e-01 -9.051193e-02 -4.353390e-02 -2.742063e-01 1.404088e-01 4.423007e-01 -1.404342e-01 -3.304659e-01 3.624325e-01 -8.744819e-02 2.332322e-01
-2.381609e-01 -1.857946e-01 2.384816e-01 -2.923335e-01 3.967351e-02 4.087996e-01 2.036507e-01 -9.007869e-02 3.633676e-01 -3.194984e-02 -2.444829e-01 -1.657542e-01 -2.187155e-01 2.499312e-01 8.004360e-01 -1.761537e-01
-1.794200e-01 -1.284374e-01 -1.760424e-01 7.288574e-02 6.054895e-01 1.932186e-01 -3.622855e-02 -9.221547e-02 1.626206e-02 -1.152055e-01 -7.817097e-02 -6.619550e-02 -1.069487e-01 1.122874e-01 6.288726e-01 -4.009713e-01
-4.214979e-02 4.720404e-01 1.205077e-02 1.063127e-01 7.600601e-02 -2.489141e-01 -1.904406e-01 3.299706e-01 -2.219457e-01 1.082746e-01 3.110257e-02 4.925553e-01 3.094044e-02 -2.303325e-01 -3.602197e-01 -1.331078e-01
-3.713797e-01 -2.568398e-01 3.199248e-01 3.263523e-01 1.854393e-01 -2.097567e-01 -7.267621e-02 1.727878e-01 3.361376e-01 -1.688272e-02 -3.700273e-01 6.179649e-01 1.555630e-01 -2.828532e-01 -1.286367e-01 3.447526e-02
1.028188e-01 -4.637235e-01 -2.277079e-01 -5.210779e-02 -3.975279e-02 2.188630e-01 -2.060694e-01 -2.004111e-01 1.170496e-01 1.311125e-01 2.132834e-01 6.933621e-02 1.038810e-01 1.619663e-01 8.135336e-01 1.192321e-01
-4.112099e-01 -7.102489e-02 5.035488e-01 -6.818432e-02 -2.288073e-01 -4.103536e-03 -5.968893e-02 4.926769e-01 -2.324266e-01 6.539705e-01 3.827809e-01 -6.257470e-04 2.966731e-01 -1.864677e-01 -6.916688e-02 6.689622e-01
-1.439725e-01 4.666319e-02 -1.780535e-01 -5.464042e-02 6.763408e-01 2.926291e-02 -2.879963e-02 -1.251194e-01 4.746612e-01 -3.280566e-01 -3.421007e-01 6.840572e-02 -4.267064e-02 1.669876e-01 2.163896e-01 -3.004345e-01
2.732494e-01 1.742628e-01 -2.606482e-01 4.402206e-01 -2.284021e-01 2.731968e-01 -1.082958e-01 4.637963e-02 1.246494e-01 3.278946e-01 4.464563e-01 -1.619270e-01 6.404962e-02 -1.197543e-01 -1.469201e-01 8.924890e-02
-2.577910e-01 8.817784e-02 4.420155e-01 -3.525819e-01 1.341037e-01 -2.252354e-02 -5.168210e-02 2.226422e-01 -9.003033e-02 2.451778e-01 -3.199387e-01 -4.287062e-02 -1.221327e-01 -4.305158e-01 -5.512553e-02 1.446944e-01
9.182974e-01 3.489269e-01 -3.715607e-01 -3.650394e-01 -3.238837e-01 2.237092e-01 -2.910776e-01 -3.116824e-01 -3.636798e-02 -6.976364e-01 9.110317e-02 1.865835e-03 -1.480233e-01 1.150014e-02 -1.692320e-03 -2.478220e-01
-5.523545e-02 5.111479e-01 3.553395e-01 -7.698794e-02 1.123563e-01 -9.272864e-02 1.087587e-01 2.907120e-01 -6.341757e-02 -1.281509e-02 -1.169140e-01 2.454294e-01 -1.947327e-01 -2.339211e-01 -5.068281e-01 -9.118392e-02
-3.930979e-01 4.009123e-03 -2.454759e-01 -1.651631e-01 2.889168e-01 1.254629e-01 3.911127e-01 -1.042248e-01 3.473618e-01 -2.808017e-01 -4.276513e-01 4.358473e-01 3.767132e-01 1.187958e-01 1.311511e-01 1.743680e-02
5.830764e-01 -1.294728e-01 -2.687983e-01 -6.497954e-02 -2.391872e-01 8.007942e-01 -4.007021e-03 -2.622846e-01 3.245835e-04 -2.379196e-01 -3.055221e-02 -1.515523e-01 2.505672e-01 -1.526280e-01 -6.720693e-02 -4.718856e-01
-4.583950e-01 -1.749723e-01 2.261901e-01 4.540722e-01 -1.807183e-01 -3.286012e-01 -1.750638e-02 1.963009e-01 -3.348012e-01 4.364175e-01 7.649563e-02 3.958767e-01 5.326731e-02 -3.725256e-01 -3.772925e-01 4.692023e-01
-2.074807e-01 4.470363e-02 3.552265e-01 2.185290e-01 -1.838478e-01 -1.924431e-02 -4.675070e-02 5.483484e-01 -3.045002e-01 3.985399e-01 1.473072e-01 1.485805e-01 4.264048e-01 -6.028902e-02 -2.312846e-01 6.172042e-01
-1.793754e-01 4.328572e-01 1.276321e-01 -1.265314e-01 2.964498e-01 -2.019524e-01 -2.690785e-02 2.265572e-01 -1.440675e-01 5.304017e-02 1.587356e-01 6.360629e-01 -6.008022e-02 -1.426833e-01 -3.004657e-01 -1.658713e-01
7.184554e-01 8.879196e-02 4.560896e-02 -5.594153e-01 -4.852919e-01 -2.566054e-01 -5.388038e-01 -1.363611e-01 1.381186e-01 -7.187209e-01 1.416774e-01 -1.416006e-01 -3.652912e-01 -1.733548e-01 -4.145322e-01 3.646998e-02
5.744613e-02 -1.286650e-01 -2.285969e-01 -7.778847e-02 1.150101e-01 -2.165975e-01 2.236163e-01 -7.906973e-01 1.939055e-02 5.395998e-01 4.964892e-01 5.537761e-02 2.618415e-01 -1.695901e-01 -5.044240e-01 2.999696e-02
2.725570e-02 5.117556e-02 4.054125e-01 -1.213135e-01 -4.160055e-01 4.176565e-02 -2.156659e-01 -3.556279e-02 -6.224349e-02 -2.723707e-01 3.672923e-01 -3.109083e-01 -1.416574e-01 -1.450914e-01 3.715922e-01 1.880872e-01
-1.406381e-01 -4.177612e-01 -4.531198e-02 2.173439e-01 3.898088e-01 3.332632e-02 -4.638576e-01 6.372255e-01 -2.798265e-02 -1.200810e-01 -2.679759e-01 6.948928e-02 -3.161055e-01 -4.795017e-02 4.637508e-02 2.392826e-01
1.888148e-01 -9.798878e-02 1.613403e-01 -8.620807e-02 -3.089287e-02 4.891436e-01 -5.778264e-01 -2.566213e-02 1.566546e-01 -1.480613e-01 1.586096e-02 -2.212103e-01 -4.496969e-01 1.470804e-01 -1.447944e-02 1.985498e-01
3.072409e-02 -7.225628e-02 -9.739376e-02 9.243306e-02 1.329901e-01 -1.886634e-01 6.766610e-02 -1.000279e-02 -4.605077e-01 2.770753e-01 1.303463e-01 6.071629e-02 3.486024e-01 -2.847660e-01 -1.058599e-01 5.564561e-02
-1.493073e-01 4.057988e-01 -1.233207e-01 -7.002352e-02 -4.738757e-01 -3.069653e-01 -2.215477e-02 1.207038e-01 5.582113e-01 -1.413031e-01 1.869019e-01 -4.994652e-01 9.884251e-02 -1.314282e-01 -1.839542e-01 2.819176e-01
-7.802401e-02 -1.558901e-01 8.003733e-02 -2.634355e-01 -2.807950e-01 -3.496821e-01 5.903665e-02 -4.451251e-01 -2.135986e-01 5.317596e-02 4.022250e-02 -1.922203e-01 5.151925e-02 -1.572749e-02 -1.243929e-01 3.390053e-01
-2.735875e-01 1.861053e-01 -3.663054e-01 2.329016e-02 3.050856e-01 -5.876147e-01 7.602674e-02 -2.865393e-01 4.448421e-02 1.472874e-01 2.493764e-01 -1.953360e-01 -1.218088e-01 -1.478289e-01 2.274161e-01 -1.677045e-01
-1.291125e-01 -6.469823e-02 -2.498719e-01 6.328417e-02 4.427972e-01 8.759699e-02 -2.365541e-01 3.081678e-01 5.862595e-02 -6.563502e-02 -5.621718e-03 3.208573e-01 8.853369e-02 -1.739323e-03 6.319283e-01 3.260086e-02
-5.431807e-02 1.588330e-01 -1.330121e-01 -3.282093e-01 -1.734563e-02 6.576954e-02 -8.959386e-02 -2.025275e-01 -1.989230e-01 2.669340e-01 5.704760e-01 -2.345842e-01 3.599426e-01 -8.920716e-02 7.770940e-01 4.416798e-02
4.946260e-01 -2.830361e-01 -2.614287e-01 -2.798618e-01 9.145208e-02 -1.860162e-01 -1.224451e-01 -8.875143e-03 4.875938e-01 -1.859881e-01 -3.121681e-01 -2.935108e-01 2.876097e-01 5.081259e-02 7.350549e-02 1.147309e-01
4.756896e-02 -5.759386e-01 3.958465e-01 5.517418e-02 2.133372e-01 3.669852e-01 -3.578856e-01 -3.610356e-02 -4.702686e-01 6.369285e-02 -2.163707e-01 -4.489501e-02 -6.998251e-02 -1.764919e-02 -1.385745e-01 -7.642405e-02
1.035733e-01 1.185626e-01 2.638804e-01 -2.783478e-01 -2.160990e-01 6.063483e-02 -3.512504e-02 4.352618e-01 1.450453e-01 -3.213090e-01 1.093898e-01 -4.595571e-01 9.678549e-02 -3.231179e-01 7.797836e-02 5.509158e-01
-6.419296e-02 1.399165e-01 3.174763e-01 2.937870e-01 -2.211134e-01 -3.672052e-01 1.338134e-01 2.589762e-01 5.215697e-01 -3.936998e-02 2.948993e-01 -9.157734e-02 -1.804074e-01 -4.054905e-01 -2.084305e-01 6.124576e-01
3.071629e-01 -1.503330e-01 6.107545e-02 3.775866e-01 -2.606928e-02 3.555348e-01 -1.978775e-01 4.694417e-01 4.767296e-01 -2.295636e-01 1.362485e-01 -4.190700e-01 -2.304361e-02 -1.686894e-01 -4.884337e-01 -1.562931e-01
1.128054e-01 -1.717595e-01 1.399472e-01 1.521415e-01 -5.119763e-02 -6.731166e-02 1.247510e-02 2.550841e-01 4.115420e-01 -1.831008e-01 -4.209630e-01 -2.936651e-01 -2.258998e-01 1.146911e-02 -7.526159e-01 6.322683e-02
8.275540e-02 -1.178440e-01 -4.060924e-02 1.540366e-01 1.453185e-01 4.622251e-02 -2.462284e-01 1.366646e-01 -2.285612e-01 2.544110e-01 5.414619e-01 -1.314029e-01 -4.598638e-02 -3.258496e-01 -5.521511e-01 -1.281677e-02
-2.570401e-02 1.081952e-01 -3.259547e-02 -9.804500e-02 8.412339e-02 -2.964536e-01 -2.481276e-02 -7.896648e-01 -1.921783e-01 8.538203e-02 3.694291e-01 -2.155876e-02 1.429315e-01 2.909758e-01 6.245931e-01 -2.552718e-01
1.609658e-01 -4.120651e-02 5.602122e-03 1.823962e-01 1.077120e-01 1.699074e-01 -1.176351e-01 7.389793e-01 2.848728e-01 -5.131678e-02 -5.338105e-02 -5.006759e-01 4.535922e-02 1.273968e-01 -3.339086e-01 -1.350522e-01
1.749528e-01 1.832505e-01 2.901475e-01 4.190034e-03 -5.345344e-01 1.555382e-01 1.852902e-01 -3.557050e-01 9.900944e-02 -2.566471e-02 3.279171e-01 -6.036284e-01 -4.550117e-02 1.058399e-01 -4.786957e-01 8.189229e-02
5.811895e-02 3.955825e-02 -1.847057e-01 8.170076e-02 4.077618e-01 2.354377e-01 1.989206e-01 1.728943e-01 -1.593273e-01 -7.997967e-03 2.032027e-01 1.524018e-01 -2.345553e-01 -1.177207e-02 2.579397e-01 3.595302e-01
9.870839e-02 3.600230e-01 1.599238e-02 -2.917039e-01 -3.511583e-01 -2.236650e-02 2.421849e-01 -5.519522e-01 1.113802e-01 -5.223927e-02 2.224773e-01 -2.753569e-01 6.667400e-01 -1.078570e-01 -1.324917e-01 -9.238303e-02
4.466406e-02 -2.808801e-01 -3.930543e-01 2.675162e-01 1.910158e-01 -1.432352e-01 5.197745e-02 -3.763072e-01 -1.459522e-02 2.196657e-01 -1.614203e-01 6.533754e-03 1.356461e-01 4.014751e-01 -1.355219e-01 -4.352459e-01
8.611816e-02 -2.894610e-01 -2.508359e-01 -1.682254e-01 2.508770e-01 4.373401e-01 -2.391763e-01 -2.638309e-01 -5.991921e-01 9.970880e-03 -1.559863e-01 1.454982e-01 1.429635e-01 2.756643e-01 3.750248e-01 -1.430289e-01
2.789218e-01 1.562812e-02 -5.078059e-02 -1.934918e-03 -2.403051e-01 -2.205256e-01 1.623252e-01 3.387766e-01 2.125228e-01 2.145797e-01 1.572322e-01 -2.418164e-01 3.718725e-01 -1.758714e-01 -8.308939e-01 6.896707e-02
-5.006181e-02 4.816604e-02 7.261422e-03 1.698980e-02 -2.818387e-01 3.525848e-02 1.677205e-01 -4.912998e-01 9.282632e-02 4.004133e-01 2.874828e-01 -3.842944e-01 2.579505e-01 -9.237743e-02 -7.802582e-01 4.291297e-02
3.119839e-02 1.152914e-01 4.430148e-01 -1.626187e-01 -1.939165e-01 4.209017e-01 -7.721427e-02 3.455899e-01 -4.286575e-02 -3.447515e-01 3.637251e-01 -2.046495e-01 1.106338e-01 -4.344610e-01 2.694286e-01 3.283224e-01
-3.595518e-01 1.344641e-01 1.859723e-01 -2.354191e-02 1.359436e-01 2.793184e-01 -4.012376e-01 -2.528243e-01 -1.949835e-01 -4.878599e-01 -1.224194e-01 1.127357e-01 -3.861955e-01 5.695250e-02 6.914753e-01 -9.784459e-02
-9.727431e-02 4.836389e-02 2.054350e-02 -3.678289e-02 9.332810e-02 3.146305e-02 -2.825195e-01 3.911921e-01 1.576400e-01 -6.186231e-01 -4.316335e-01 -3.014361e-01 -2.347049e-01 5.860425e-02 6.955345e-01 -6.404147e-02
-1.039421e-01 -8.783411e-02 1.659374e-01 2.540580e-01 4.132817e-02 1.973700e-01 4.918648e-03 -9.833672e-02 1.321631e-01 5.630690e-02 3.160182e-02 8.801900e-03 -7.323015e-01 -9.543560e-02 -5.220118e-01 -2.477649e-02
3.717954e-01 -1.821599e-01 3.573728e-03 9.019821e-02 -1.776088e-01 7.392271e-01 -1.490338e-01 -5.066532e-02 1.378350e-01 -7.863952e-02 5.827200e-02 -3.864121e-01 1.267478e-01 5.382605e-02 -2.057848e-01 1.243959e-02
-2.741975e-02 2.071276e-01 -2.160801e-01 -3.178043e-01 -6.122981e-02 -1.251083e-01 2.801519e-01 9.663303e-03 2.852550e-01 -1.197977e-01 6.493200e-02 -8.885037e-02 9.206847e-01 -1.984116e-01 4.005634e-01 1.446605e-01
-5.524070e-02 1.796704e-01 1.016322e-01 -1.312803e-01 -5.029441e-02 -8.232851e-02 -1.087621e-01 1.373037e-01 -4.515189e-02 4.097518e-01 -1.672076e-01 -1.972364e-01 -1.641652e-01 -1.205170e-02 -4.013709e-02 4.877957e-02
-3.280528e-02 1.581002e-01 -3.401453e-02 -2.080808e-01 2.787893e-01 3.072624e-02 1.109071e-01 1.108417e-02 1.687007e-01 2.588023e-01 2.585414e-01 4.213484e-01 -1.116368e-01 2.722427e-02 7.927154e-02 -1.327831e-01
4.815813e-01 -1.962906e-01 -1.436616e-01 1.050033e-01 -6.283629e-02 9.582405e-02 1.580900e-02 -1.217238e-01 3.357710e-02 -1.925507e-01 1.135709e-02 3.049347e-01 2.133743e-01 -8.110679e-02 -1.212893e-01 -1.493189e-01
-2.490812e-01 -1.977378e-02 1.403923e-01 9.335467e-02 4.511408e-01 1.080164e-01 4.023980e-01 1.743760e-01 6.889048e-02 8.621328e-02 3.755230e-02 -2.334707e-01 5.093199e-02 1.542466e-01 2.994292e-01 3.374130e-03
-3.558360e-01 1.956411e-01 3.294178e-01 1.500742e-01 1.438855e-01 2.072500e-01 1.257335e-01 1.395077e-01 5.450404e-02 5.201452e-01 1.506491e-01 2.873831e-01 1.288970e-01 4.645268e-02 1.170798e-01 1.501087e-01
7.542878e-02 -1.254993e-01 2.948242e-01 -1.029798e-01 -1.281645e-01 -1.340706e-01 3.311713e-01 -6.317940e-02 -7.803832e-02 -1.563293e-01 -2.505315e-01 -2.240418e-01 1.951632e-01 8.658252e-02 -2.324712e-01 -2.132648e-02
-6.123707e-02 3.653114e-02 -2.720497e-01 1.172272e-01 1.934604e-02 1.407560e-01 -2.449071e-01 8.893093e-02 2.633355e-02 -2.114768e-02 2.333493e-01 3.327088e-01 -1.937436e-01 -5.672577e-02 4.548624e-01 -1.582353e-02
-1.080831e-02 1.240929e-01 -1.059219e-01 7.791230e-02 2.086284e-01 -1.095567e-01 -2.647274e-02 8.419391e-02 -2.144895e-01 6.687778e-02 4.819653e-01 -8.378646e-02 9.813009e-02 -1.705880e-01 -3.628566e-02 8.670741e-02
3.214487e-01 -2.898576e-02 -1.135281e-01 -1.276823e-01 -4.426517e-03 5.364276e-01 -1.181596e-01 2.742951e-02 -1.039653e-01 -7.895759e-02 -4.105467e-02 -3.353225e-01 1.107061e-01 -1.292791e-02 -1.048419e-02 -2.209462e-01
-1.559410e-01 1.141281e-02 -4.501205e-02 -1.695398e-01 5.539170e-02 7.111008e-02 4.366517e-01 -4.923733e-02 2.328688e-01 -1.039076e-01 -3.389591e-01 1.189092e-01 4.374737e-01 1.346469e-01 -2.475880e-01 9.250532e-02
-2.257290e-01 1.255862e-01 4.262167e-01 3.014620e-02 1.813352e-01 1.706124e-01 5.056437e-02 3.585258e-01 -2.088978e-01 2.075077e-01 2.081314e-01 -6.313248e-02 1.558469e-01 6.035326e-02 1.226947e-01 2.826886e-01
1.212914e-01 -9.659506e-03 6.486156e-02 -3.503434e-02 2.682396e-01 9.453311e-02 1.965609e-01 2.740899e-02 -1.936132e-02 -1.735145e-02 3.177094e-01 6.421275e-01 2.893829e-01 -6.757913e-02 6.961040e-02 -1.234710e-01
1.234026e-01 -3.024622e-01 -1.431568e-01 1.419474e-01 -4.826266e-02 1.336202e-01 1.943924e-01 -8.196778e-02 3.634012e-02 -2.407787e-02 3.525761e-01 3.538705e-01 1.432882e-01 -1.913536e-01 3.155566e-01 -1.086328e-01
-1.040618e-01 2.243280e-01 -1.199018e-01 -8.968263e-02 7.226489e-03 -3.256063e-01 2.201914e-02 -5.317505e-02 -3.014623e-01 2.283966e-01 2.140878e-01 1.046856e-01 -2.669457e-01 5.558185e-02 -2.490343e-01 4.383951e-01
-1.983911e-02 -7.747547e-02 7.458885e-02 -1.508046e-01 -6.489891e-02 2.161305e-01 6.735098e-02 -9.182750e-02 4.179843e-01 -6.114326e-02 -2.099854e-01 2.828778e-01 -2.589884e-02 1.781229e-01 6.162941e-03 -7.923220e-02
-1.224163e-01 1.852568e-01 1.292177e-01 -2.008146e-01 6.124858e-01 1.435465e-02 -2.728834e-01 8.690774e-02 8.374365e-02 -1.306064e-01 -2.531398e-01 4.410991e-02 -6.688157e-02 1.201647e-02 6.052398e-02 -2.567174e-01
2.037893e-01 -2.467173e-01 4.895810e-02 1.362248e-01 -1.155041e-01 4.792363e-01 -6.082515e-02 4.400907e-03 1.689149e-01 -2.068002e-01 -1.037559e-01 -2.083983e-01 2.754466e-01 -1.456470e-01 1.675560e-01 -2.752376e-01
-2.799006e-01 -2.260629e-02 1.128113e-02 1.959857e-02 3.545777e-01 -1.300157e-01 -7.189380e-02 -5.733446e-02 2.577459e-01 -1.471221e-01 -2.554671e-01 4.071585e-01 3.437384e-02 -1.112543e-02 5.938527e-02 1.905228e-02
5.289823e-01 1.638181e-01 -4.554577e-02 4.686032e-02 -7.245047e-02 -6.784432e-03 -5.637430e-03 -6.931364e-02 -1.136598e-01 1.099048e-01 4.325045e-02 -2.086193e-01 -8.108908e-02 -4.606672e-02 -3.771343e-02 -4.343660e-02
-3.480750e-02 -9.373039e-02 1.318715e-01 1.758225e-01 8.091533e-02 -3.521487e-03 1.537910e-01 2.703120e-02 -1.201846e-01 -2.647191e-01 2.296711e-01 3.634011e-01 5.124345e-01 4.275867e-03 -1.367158e-02 -1.395491e-02
9.299771e-02 -1.188978e-01 -5.570063e-02 2.567518e-01 -1.294136e-01 -1.699398e-02 -2.748905e-01 1.759261e-01 -1.240654e-01 1.832269e-01 3.761213e-01 -5.411759e-03 -2.642697e-01 -1.465140e-01 2.956377e-01 -6.170167e-03
1.207616e-01 -1.745019e-02 2.624255e-01 -2.984919e-01 -6.523609e-02 -8.242291e-02 -1.766017e-01 1.185636e-02 -1.817866e-01 -9.944087e-02 4.119132e-01 -1.714172e-01 -1.172933e-01 -1.953273e-01 -1.837710e-01 9.096184e-02
2.814277e-02 2.950993e-01 3.583736e-02 -1.519338e-01 1.022370e-01 1.385252e-01 4.432267e-01 -1.945675e-01 1.699458e-02 -2.449972e-01 -2.479814e-01 5.190713e-02 2.900233e-01 2.798757e-01 -1.791131e-01 2.232275e-03
5.357529e-02 2.080159e-01 2.391703e-01 -9.000288e-02 5.173470e-02 1.290603e-01 -2.069964e-02 1.741643e-01 -1.863547e-02 7.687455e-02 -1.023174e-01 4.835697e-01 2.810916e-02 -1.232254e-01 -1.909553e-01 -1.165424e-01
7.739628e-03 -4.704642e-02 -1.279996e-01 1.796887e-01 -2.938035e-01 -2.024971e-01 9.565749e-02 -1.443704e-01 -2.524462e-01 1.328300e-01 2.170205e-01 1.156478e-01 -4.275872e-02 -1.352034e-01 -2.793468e-01 5.097010e-01
-2.214409e-02 -1.052858e-01 -2.400091e-02 5.314810e-01 -5.096945e-02 -3.161950e-02 2.625852e-02 1.334394e-02 -1.272964e-01 -1.702628e-01 -3.799023e-02 -1.266886e-01 3.261385e-02 -9.405535e-02 6.226250e-02 7.249596e-02
1.572120e-01 -1.214225e-01 -1.095366e-01 7.169407e-03 2.664067e-01 1.333221e-01 1.897151e-01 -1.894656e-01 2.426176e-01 -1.682212e-01 3.510976e-01 4.774247e-01 2.294960e-01 6.308614e-02 1.404016e-02 -1.655265e-01
-2.583186e-01 3.222827e-01 7.145808e-02 -2.613672e-01 1.939854e-01 -1.914823e-01 6.708339e-02 -5.465485e-02 -5.735591e-02 1.384030e-01 -4.518094e-02 -1.340593e-01 1.140563e-01 3.598027e-01 -2.024245e-01 3.982475e-01
-1.739614e-01 -1.211350e-02 -1.511148e-01 1.726603e-01 -1.283114e-01 1.093158e-01 2.628650e-01 1.499334e-01 8.572352e-02 2.405987e-01 2.149424e-02 2.147599e-01 3.802277e-01 7.769507e-02 -9.359930e-02 1.987821e-01
-5.930069e-02 5.319359e-01 -2.250889e-01 -1.028800e-02 1.779101e-01 7.457357e-02 5.339053e-02 4.109105e-02 1.628928e-01 1.634453e-01 -2.343602e-02 1.583196e-02 1.911423e-01 1.606333e-01 -1.471884e-01 2.174900e-01
-3.492985e-01 1.322051e-01 2.552927e-02 2.972429e-01 3.063486e-01 2.370836e-01 2.326657e-01 9.728011e-02 7.725374e-02 4.042502e-01 -1.472643e-01 2.734991e-01 1.334078e-01 1.122908e-01 3.079383e-01 -1.247793e-01
-1.087441e-01 1.104991e-01 -6.800761e-02 -7.853001e-02 1.567467e-01 -1.176011e-01 -7.836796e-03 -1.226970e-01 2.132340e-01 -9.230996e-02 -5.411281e-02 -5.112068e-02 -1.365823e-01 2.313300e-01 4.322740e-01 -7.923115e-02
1.514560e-01 -1.100200e-02 1.033796e-01 -1.250189e-01 2.651515e-01 -8.402478e-03 -1.326557e-01 5.815990e-03 -1.786148e-01 3.019585e-01 4.936573e-01 4.128672e-03 -1.423708e-01 -2.626983e-01 -2.145915e-01 -3.476920e-02
-9.264056e-02 -1.028371e-01 -1.974349e-01 1.633617e-01 3.458260e-01 -1.313745e-01 -2.580984e-01 -5.304710e-02 -2.314620e-01 6.231236e-02 4.092270e-01 3.683480e-01 -5.502264e-02 -3.116464e-01 -1.551350e-01 -5.842194e-02
-4.019921e-02 -6.264445e-02 -3.929756e-01 -4.528113e-03 -2.546779e-01 2.445196e-01 5.426005e-03 1.995493e-01 1.641289e-01 -2.552415e-01 -3.322573e-01 2.580335e-02 -7.382300e-02 2.256466e-02 -2.088868e-01 -2.824381e-02
-1.294233e-02 5.063692e-02 4.112236e-02 -1.515489e-01 -8.097720e-02 -1.772283e-02 1.330267e-01 9.762017e-02 1.521506e-01 7.657640e-02 -1.758581e-01 -2.901485e-01 -5.943317e-02 2.130730e-01 2.618617e-01 7.328899e-03
1.693095e-01 2.672817e-01 5.661124e-02 -4.565183e-01 7.290460e-03 -1.848434e-01 4.106652e-02 -2.365699e-01 -2.220166e-01 9.473799e-02 -4.441806e-02 -2.290262e-01 -3.416844e-02 1.928899e-02 -2.241345e-02 2.970779e-02
-2.049049e-01 2.926460e-01 -2.780391e-01 -1.775054e-01 2.443432e-01 8.318348e-03 -1.398673e-02 -9.895265e-04 3.913355e-02 4.339406e-02 -1.615147e-01 1.342497e-01 3.884822e-01 -1.232111e-01 3.979972e-01 -1.509508e-01
4.800883e-02 1.396450e-01 1.700349e-01 -6.885777e-02 -6.829455e-03 -6.296241e-01 6.541003e-02 -1.378927e-02 -2.621701e-01 1.597427e-01 1.007316e-01 -6.443724e-02 -6.723931e-02 -2.258093e-01 -8.752240e-03 1.109629e-01
-1.425095e-01 1.945429e-01 -1.457624e-02 2.264282e-01 -4.473945e-02 2.322960e-01 -4.172440e-02 -3.505826e-01 -5.820597e-02 1.015823e-01 2.207735e-01 1.357678e-01 -4.473026e-01 -1.227675e-01 -2.562942e-02 -7.035782e-02
-1.152878e-01 -1.091212e-01 -1.382132e-01 4.696375e-01 3.689367e-02 3.107592e-02 -3.361880e-02 1.427194e-01 9.658594e-02 -1.738634e-02 7.155892e-02 2.815330e-01 6.534142e-02 -3.528282e-02 1.371281e-01 7.744609e-02
-1.081747e-01 -1.818605e-03 2.340095e-02 -2.145193e-01 8.337919e-02 -1.907779e-02 6.082471e-02 4.139324e-01 -3.231944e-02 -6.704305e-02 -4.655179e-02 -2.930961e-02 4.142828e-01 -6.246565e-02 -5.333225e-02 8.435923e-02
2.273397e-01 -1.151794e-01 -1.626694e-02 1.982165e-01 -1.085407e-01 4.817990e-02 -4.729043e-02 4.774645e-02 -7.384792e-02 -3.881099e-01 1.256687e-01 4.262177e-01 -6.207299e-02 -3.160916e-01 -2.557809e-01 2.078679e-01
4.942193e-02 1.177482e-01 2.314912e-02 -2.346876e-02 3.581861e-01 1.769951e-01 2.831059e-01 4.224391e-02 -3.150770e-01 -2.569750e-02 -3.727251e-02 -3.303492e-02 -2.820151e-01 1.753333e-01 -1.948692e-01 2.402209e-01
-2.176149e-01 8.219904e-02 1.202128e-01 -8.287475e-02 1.040436e-01 1.457903e-01 -1.438567e-01 -6.160508e-01 6.086642e-02 -4.592507e-02 -2.169357e-02 -9.564377e-02 -2.746110e-01 2.533033e-01 7.026548e-02 1.303482e-01
-3.922873e-02 -1.978418e-02 -2.600414e-01 1.933576e-01 1.443693e-01 9.029811e-02 -2.150213e-02 -4.529773e-01 1.418317e-01 1.521500e-01 -1.037747e-01 1.527688e-01 1.117938e-01 4.665565e-02 1.312438e-01 -3.172510e-01
2.682431e-01 -2.290239e-02 -5.120736e-03 -2.128642e-02 -3.556120e-02 -1.407416e-01 4.398891e-02 -5.961580e-01 3.957465e-02 8.484970e-02 1.418477e-01 -1.169554e-01 -3.614943e-01 1.835816e-01 2.566495e-01 4.896981e-02
-1.616854e-02 1.161894e-01 -3.878623e-01 1.801716e-01 3.750019e-01 -3.265112e-01 7.854026e-02 -1.532257e-01 -1.572321e-01 2.002626e-01 -2.039694e-02 -7.351954e-02 -3.072416e-02 5.546461e-02 1.056154e-01 -8.685265e-02
-7.080537e-02 -4.352245e-02 -1.035331e-01 6.021409e-02 -2.733675e-01 -6.557302e-02 -2.381571e-01 -1.685080e-02 3.345817e-01 4.330462e-02 1.757241e-02 1.209369e-01 3.065270e-01 -8.447723e-02 3.225935e-01 -1.030913e-01
1.010393e-01 -3.160133e-01 -3.283837e-02 2.502793e-01 1.271041e-01 -4.652192e-03 -1.617670e-01 -2.224067e-02 -8.014748e-02 1.469809e-01 1.120574e-01 -1.794107e-01 -1.801940e-01 2.165889e-01 -3.918820e-01 1.574199e-02
2.723139e-03 -7.813567e-02 4.221454e-01 1.238322e-01 3.560979e-01 -1.557688e-02 3.266427e-02 -2.302637e-01 3.141353e-02 2.560874e-02 1.718186e-01 -1.194927e-01 1.911324e-01 -1.930833e-01 1.867871e-01 1.892218e-01
2.295015e-01 -9.096266e-02 1.360356e-02 6.972259e-02 2.408001e-02 -8.000185e-02 7.391394e-02 -2.428552e-02 4.497921e-01 -4.179522e-02 -3.149453e-01 3.212487e-02 -3.976884e-02 -1.549754e-01 -1.762500e-01 -3.056981e-02
3.552561e-01 -7.892545e-02 7.944396e-02 1.439011e-01 3.595332e-01 -1.929563e-01 1.717688e-02 2.854630e-03 1.444763e-01 3.022839e-01 2.823031e-01 -1.870841e-05 -1.553399e-01 2.114845e-02 2.190307e-01 -6.984413e-02
4.811331e-02 1.970740e-01 1.308258e-01 -1.192492e-01 -1.831447e-01 8.736384e-02 -1.005315e-01 -2.081372e-01 2.329997e-02 3.316118e-02 4.396381e-01 -3.339536e-03 8.659197e-02 9.287514e-03 2.216319e-01 -4.962662e-02
-4.388967e-02 -1.416163e-01 -6.244788e-02 1.677851e-02 -3.752524e-02 5.693231e-01 -1.709776e-01 2.556939e-02 2.108581e-01 -6.802297e-02 -1.577526e-03 3.584600e-02 -6.333704e-02 -3.285015e-02 4.126676e-02 -9.211392e-02
1.326885e-02 -2.115280e-01 -6.003206e-02 8.836709e-02 4.727654e-01 1.496061e-01 -2.784625e-01 -7.740132e-02 -1.244750e-01 -7.453887e-03 4.218097e-01 1.462650e-01 -2.892928e-01 -1.213651e-01 -2.399724e-01 5.331679e-02
-2.949869e-02 3.313602e-02 2.150856e-01 9.160614e-02 3.815871e-01 1.639677e-01 1.135445e-01 -7.404777e-02 3.802551e-02 -1.325931e-01 -1.446548e-01 6.699386e-02 5.758548e-01 1.609115e-01 7.876164e-02 7.448300e-03
-5.884310e-02 1.384902e-01 -4.810304e-01 1.173681e-01 3.840729e-01 4.679884e-02 -3.324816e-01 -1.476236e-01 1.261183e-01 6.507246e-02 -6.773271e-02 -4.380367e-02 -4.245358e-02 -5.160768e-02 2.005371e-01 -7.425158e-02
3.563418e-01 -3.291071e-01 -5.179292e-02 -2.060892e-01 4.815405e-02 -2.501355e-01 -4.650652e-04 1.691732e-01 1.651757e-01 -1.334454e-01 -2.946444e-01 -8.975068e-02 3.675203e-01 1.148638e-01 -4.261467e-02 6.634022e-02
5.871101e-02 -3.442467e-02 1.533330e-01 -1.780444e-01 -2.660031e-01 8.047212e-03 3.225057e-02 -2.201255e-02 1.086855e-02 -9.464627e-02 8.469488e-02 -7.032031e-02 -1.879632e-01 6.431517e-02 -4.370773e-01 9.984539e-03
-4.071067e-02 2.316178e-03 2.100999e-01 -2.481526e-02 -3.054183e-02 -3.197888e-03 3.765355e-02 5.209728e-01 -1.201592e-01 -2.698603e-01 -1.049132e-01 -5.324899e-02 -7.269948e-02 -1.460793e-01 -1.438622e-01 2.533673e-01
-2.666784e-01 1.418461e-01 4.567306e-02 1.952750e-02 6.405690e-02 2.496589e-01 -2.048868e-01 -3.275049e-01 -4.993991e-03 1.082811e-01 -2.522246e-02 1.315232e-01 1.475198e-01 4.493045e-02 -5.350245e-01 1.295163e-02
-1.575364e-01 9.142815e-02 -3.673732e-03 -4.615169e-02 2.200856e-02 -1.165667e-02 -4.105202e-02 1.724003e-02 -5.684291e-01 -7.491080e-03 1.354836e-01 -5.697442e-02 9.918098e-02 1.576580e-01 6.731785e-02 -7.616190e-02
2.924366e-01 -9.038464e-02 -6.136651e-02 4.241800e-02 -1.093894e-01 -1.682427e-01 9.188191e-02 5.914171e-01 -9.949554e-03 -5.134524e-02 -7.466573e-02 3.458634e-02 8.019100e-02 -6.421109e-02 8.025958e-02 7.233443e-03
