4 5 8 32 32
-1.459509e-01 -8.775996e-02 -7.141075e-02 1.945620e-01 -2.924647e-04 -6.908917e-02 -1.874773e-01 -1.683266e-01
-1.267801e-01 -1.239280e-01 9.301088e-02 -4.435252e-02 -8.731271e-02 2.449922e-01 2.705669e-01 -1.143848e-01
-1.042521e-01 2.789544e-02 -1.152035e-01 3.242705e-01 -1.324793e-01 -1.117090e-01 -1.145594e-01 -1.058576e-01
5.151802e-03 4.403598e-01 -1.434250e-01 -7.146882e-02 4.776568e-03 7.464795e-02 3.231921e-01 -7.199773e-02
1.542177e-01 -2.518884e-02 1.478718e-02 1.687730e-02 3.711523e-01 1.522485e-01 3.333479e-01 3.688804e-03
-1.723486e-01 -1.132828e-01 9.042639e-02 8.816578e-02 -6.863997e-02 -8.574251e-02 -1.315767e-01 -1.135678e-01
-7.812394e-02 -5.405345e-03 -1.326193e-01 3.332983e-01 -6.161036e-03 -6.285010e-02 -2.130955e-01 -2.098943e-01
-3.370634e-02 -6.399490e-02 -1.084333e-01 5.384092e-02 -1.597969e-02 3.977050e-01 1.359196e-01 -1.050049e-01
-5.105132e-02 1.802018e-01 -1.239639e-01 -9.225110e-02 -3.482941e-02 -1.350802e-02 3.586260e-01 -3.420561e-02
-4.610998e-02 3.367705e-01 -1.395419e-01 1.062186e-01 -1.074609e-01 3.903177e-01 1.610122e-01 -1.387813e-01
-7.752123e-02 -6.611569e-02 -5.192281e-02 -1.010301e-01 2.299455e-01 6.937526e-03 5.243886e-01 -1.001450e-01
-9.161723e-02 -4.755383e-02 1.529971e-01 1.563242e-01 -1.117847e-01 -7.022866e-02 -1.094063e-01 -1.060341e-01
-8.802108e-02 2.009658e-01 2.842375e-02 1.846286e-01 -1.043128e-01 -7.396276e-02 -1.129222e-01 -8.112850e-02
-6.056694e-02 1.983622e-02 -6.466258e-02 2.542583e-01 1.357440e-02 4.187869e-02 -2.541127e-01 -1.446733e-01
-1.039643e-01 2.318846e-01 -1.430416e-01 3.631791e-01 -1.197827e-01 -9.293044e-02 -1.487956e-01 -8.018652e-02
-1.351867e-01 -2.821640e-02 -9.065384e-02 -1.169376e-01 -1.496780e-02 -4.244949e-02 -9.950848e-02 -2.631311e-02
2.349872e-01 1.143038e-01 -1.417779e-01 -3.497462e-02 2.953690e-01 1.810975e-01 1.826288e-01 -8.971215e-02
-8.452984e-02 1.903372e-02 -1.372992e-01 3.385132e-01 -7.921684e-02 -4.839784e-02 -1.954768e-01 -3.679236e-03
-1.038359e-01 -8.911442e-03 -1.979401e-01 8.172940e-02 -1.346269e-01 2.905000e-01 2.234090e-01 -6.138805e-02
1.157961e-01 1.114385e-01 -8.557301e-02 -4.800568e-02 3.455704e-01 9.786884e-02 2.901402e-01 2.543392e-02
-1.073482e-02 1.518926e-01 -1.474383e-01 -9.060172e-02 1.729794e-01 6.981409e-02 4.758096e-01 -9.472957e-02
-1.016701e-01 -1.208526e-01 -1.096130e-01 2.027402e-02 -1.257974e-01 2.842648e-01 2.681786e-01 -1.315013e-01
-1.140405e-01 -1.012280e-01 -6.422865e-02 2.159358e-01 -1.143796e-01 -7.778470e-02 -1.146782e-01 -8.661605e-02
-5.587607e-02 1.958339e-01 -7.647056e-02 3.609670e-01 -3.688734e-02 -1.772159e-02 -2.100254e-01 -2.032937e-01
-1.198349e-01 -3.657153e-02 -8.543643e-02 -8.853498e-02 1.601171e-01 -1.039489e-02 -9.990751e-02 -7.883587e-02
-6.103370e-02 2.112631e-02 1.032825e-01 2.104010e-01 -4.041930e-02 2.801161e-02 -1.695260e-01 -1.825653e-01
-9.401893e-02 4.853998e-01 -8.825286e-02 2.834038e-01 -1.039697e-01 -5.522461e-02 -1.450809e-01 -9.032843e-02
-1.160243e-01 -5.774320e-02 3.186867e-01 2.748688e-02 -7.413947e-02 -2.854764e-02 -1.304185e-01 -1.006866e-01
-8.299205e-02 -4.887189e-02 -1.842585e-02 -9.893544e-02 -1.278502e-02 -3.498828e-02 3.753641e-01 -6.064085e-02
1.543322e-01 3.450279e-01 -1.040208e-01 -4.046554e-02 1.980967e-01 1.661928e-01 1.466210e-01 -7.476556e-02
1.316318e-01 1.458506e-01 -9.261003e-02 -5.971399e-02 1.301939e-01 1.557281e-01 2.175915e-01 -9.388145e-02
9.253673e-02 -1.249495e-01 9.588365e-02 1.448711e-01 -1.325493e-02 4.013071e-02 -9.431885e-02 -7.211588e-02
3.694187e-01 -1.276414e-01 -1.235295e-01 -3.012674e-02 -5.739163e-02 -2.124208e-01 -1.152985e-01 3.098121e-01
-7.813317e-02 -9.916666e-02 -1.112238e-01 -1.019450e-01 9.633975e-02 1.531992e-01 -1.165535e-01 -3.845559e-02
4.493821e-01 -2.691929e-02 -1.713798e-01 -1.435138e-01 -2.088497e-01 -1.657118e-01 -8.705702e-02 -9.871569e-02
4.680981e-02 -9.228541e-02 -1.209265e-01 1.330775e-01 -9.105316e-02 -8.925402e-02 5.781029e-01 1.846943e-02
-8.299944e-02 5.283763e-01 -8.040140e-02 -2.742623e-02 -6.532039e-02 -1.406806e-01 -5.634918e-02 3.760331e-02
5.677253e-02 -6.271575e-02 -1.019803e-01 -1.232102e-01 5.075881e-02 -7.816871e-02 -1.030448e-01 -1.217397e-02
1.020022e-02 -1.220829e-01 -3.152843e-01 2.084485e-02 -2.378081e-01 -9.235272e-02 3.032831e-01 5.230785e-02
-1.986992e-02 -9.337460e-02 -1.271186e-01 2.501403e-01 -1.189402e-01 -1.043965e-01 2.919994e-01 -1.008876e-01
2.188962e-01 -5.959784e-02 -1.201417e-01 -1.313884e-01 -2.610961e-02 -1.050583e-01 -9.900965e-02 8.651633e-02
-1.148696e-01 -8.414659e-02 -1.297157e-01 -1.296127e-01 4.364124e-02 -5.844795e-02 3.716806e-01 -9.561779e-02
9.808972e-02 6.445250e-02 -1.572071e-01 -2.167993e-01 -3.430166e-02 2.376366e-02 -8.171254e-02 -1.491628e-01
4.663087e-02 -3.142796e-02 -2.415699e-01 -8.946058e-02 -4.147644e-02 -1.305931e-01 1.216706e-02 -7.608020e-02
-1.265465e-01 1.746124e-01 -2.060816e-02 4.560720e-01 -5.450368e-02 -1.817437e-01 -1.345097e-01 -1.104544e-01
-1.171499e-01 -3.799167e-02 -6.138827e-02 -7.604665e-02 7.096174e-02 5.781915e-02 -3.399141e-02 -1.760965e-01
1.907462e-02 -8.894301e-02 -1.534726e-01 -2.869544e-02 8.739551e-02 -1.759841e-01 -4.923741e-02 4.838496e-02
1.156501e-01 -7.763267e-02 -8.681018e-02 -1.252100e-01 -5.541936e-02 3.054466e-01 -1.462790e-01 4.101552e-02
3.926302e-01 -7.757080e-02 -1.243653e-01 -1.432604e-01 -8.760745e-02 -1.152314e-01 -8.939324e-02 1.802263e-01
-3.143157e-02 -2.362029e-02 -2.964759e-01 -1.485741e-01 -2.573722e-01 -9.208080e-03 2.193976e-01 -1.441741e-01
3.282286e-02 -6.108907e-02 -3.830644e-01 6.378607e-02 -3.002844e-01 -8.810401e-02 1.109893e-01 -2.298167e-01
1.856747e-01 -9.088075e-02 -1.096160e-01 -9.410042e-02 -3.929353e-02 9.423067e-02 -1.520818e-01 1.732998e-01
2.593767e-01 -7.582224e-02 -7.901971e-02 -2.103028e-02 -9.735361e-02 -5.200283e-02 -1.446823e-01 -8.443151e-02
-8.313317e-02 -3.053192e-02 -1.879777e-01 -8.045974e-02 6.426375e-02 -1.201558e-01 -7.028735e-03 -1.619427e-01
3.263178e-01 5.640102e-02 -1.276533e-01 -1.718954e-01 -1.886163e-01 -6.659044e-02 -1.755969e-01 -2.402885e-01
-9.303913e-02 -4.971600e-02 -9.724576e-02 -8.963584e-02 1.598386e-01 -7.553916e-02 -1.000125e-01 -8.886141e-02
2.114828e-01 -1.398384e-01 -2.639545e-02 -7.293483e-03 9.192991e-02 -1.338535e-01 -1.390598e-01 2.845207e-01
2.556797e-01 -3.085692e-02 -2.333771e-01 -1.707874e-01 -1.429562e-01 -1.194260e-01 -7.174945e-03 5.317804e-02
5.021973e-01 -5.954450e-02 -8.878434e-02 -9.836255e-02 -9.441873e-02 -7.514066e-02 -8.953314e-02 -1.751407e-02
3.999718e-01 -1.073531e-01 -3.902232e-02 1.333068e-02 -1.884715e-01 -2.334300e-01 -6.700388e-02 6.303446e-02
-8.796473e-02 -6.345198e-02 1.294702e-01 -9.079192e-02 4.075951e-02 2.598408e-01 -1.119064e-01 -1.179958e-01
-1.224602e-01 3.881356e-01 5.045148e-03 2.742389e-01 -1.866894e-03 -1.782577e-01 -8.105312e-02 1.134030e-01
-1.020128e-01 -4.947959e-02 -1.023180e-01 -1.083314e-01 -9.223266e-02 -8.711296e-02 5.840884e-01 2.733924e-02
2.829015e-02 -3.104880e-02 -1.954675e-01 -1.159787e-02 -3.095517e-01 -4.649754e-02 2.458118e-01 -8.398858e-02
-1.115625e-01 5.537524e-03 1.529065e-01 1.880208e-01 -1.758438e-02 8.921605e-02 -3.054085e-01 -1.398141e-01
-9.811489e-02 -2.527141e-02 -1.588826e-01 3.482142e-02 3.075125e-01 2.135010e-01 1.615008e-02 -2.107003e-04
4.068422e-01 -2.319202e-01 9.374218e-02 -7.628074e-02 8.981215e-02 -1.457432e-02 8.830402e-02 8.313594e-02
-6.783611e-02 -8.457249e-02 2.756768e-01 -7.650235e-02 -6.696167e-02 -8.755650e-02 -1.417383e-01 1.540251e-03
-2.238857e-01 -5.236473e-02 -1.399865e-01 1.179288e-02 2.412033e-01 -4.662107e-02 -6.637990e-02 5.011612e-02
-1.200857e-01 -1.270825e-01 -1.158197e-01 2.579782e-01 2.767533e-01 3.333872e-01 -1.394564e-01 -9.551569e-02
6.003542e-01 -1.244860e-01 2.033542e-01 -8.424506e-02 -4.525615e-02 -1.190045e-01 1.430115e-01 3.811445e-02
-3.055142e-01 -3.361458e-01 -1.019167e-01 -1.442268e-01 1.866148e-02 -3.644527e-02 -9.550172e-02 2.240784e-02
-2.941743e-01 -1.189561e-01 -7.605279e-02 9.172110e-02 2.390146e-01 -1.468798e-01 -2.138276e-01 -2.633905e-02
-1.308275e-01 -1.216533e-01 -7.233640e-02 -7.980568e-02 2.281395e-01 -8.902451e-02 -1.312317e-01 -8.787815e-02
-1.879027e-01 -9.647024e-02 -1.250079e-01 -4.615935e-02 2.316840e-01 2.815733e-01 2.288699e-03 2.986457e-02
-2.722715e-01 -1.495792e-01 1.415072e-01 -7.603285e-02 -4.875010e-02 -2.876853e-02 -1.005309e-01 1.116440e-01
-1.643876e-01 1.556959e-02 3.828157e-01 8.165065e-02 -1.988595e-01 4.585624e-02 -1.364599e-01 7.666063e-02
-2.280709e-02 -3.600511e-02 -1.704696e-01 -1.490219e-01 2.056758e-01 1.954639e-01 1.003511e-01 6.160016e-02
-9.544862e-02 6.638909e-02 -8.228677e-02 3.825856e-01 2.758168e-01 6.605768e-04 -1.906638e-01 -5.788689e-02
-1.271458e-01 -1.312407e-01 -1.265008e-01 -7.999117e-03 3.214705e-01 1.630157e-03 -1.141544e-01 -9.738871e-02
-1.811709e-01 -9.974088e-02 -1.470821e-01 -1.493243e-01 2.210610e-01 6.848439e-02 4.325692e-02 8.813424e-02
-1.408187e-01 -1.077729e-01 -1.295746e-01 1.679069e-01 3.504162e-01 1.363888e-01 -1.356777e-01 -1.076788e-01
-2.670901e-01 -3.390543e-01 -1.777768e-01 1.393413e-01 2.260453e-01 4.861508e-02 -1.639392e-01 -6.545592e-02
3.321929e-01 -4.139698e-01 4.411186e-02 -1.306519e-01 8.237526e-02 4.593983e-02 1.227973e-01 9.617225e-02
3.272371e-01 -1.406868e-01 3.190500e-01 5.658154e-02 5.043827e-02 -7.005655e-02 2.885647e-02 -1.108723e-01
-2.930480e-01 -1.272327e-01 -1.073647e-01 4.363471e-02 3.390631e-01 1.215172e-01 -8.223635e-02 9.520061e-03
-1.272620e-01 -1.203681e-01 1.527798e-01 -1.004379e-01 1.034353e-02 -9.720250e-02 -1.438633e-01 -9.905392e-03
-2.056639e-01 -2.372436e-01 1.946501e-01 7.210713e-03 -3.055947e-02 -2.457684e-01 -1.235573e-01 3.719179e-02
-1.466406e-01 -2.723766e-01 -2.134499e-01 -9.382985e-03 1.558042e-01 2.717401e-01 -9.890986e-04 -2.400148e-02
-1.396048e-01 -1.063166e-01 3.309749e-01 1.193770e-01 -1.742082e-01 -4.966127e-02 -2.752981e-01 -6.989694e-02
-1.166295e-01 -1.190985e-01 -1.410900e-01 2.997977e-02 2.340341e-01 2.065414e-01 -1.232256e-01 -6.746601e-02
-1.700649e-01 -1.704234e-01 1.028963e-01 -1.418921e-01 -9.279626e-02 3.494601e-02 -2.636199e-02 1.357649e-01
-2.376198e-01 -4.580000e-01 8.662749e-02 -8.573332e-02 -3.599207e-02 -3.197011e-03 -1.646933e-01 1.276486e-02
-1.615216e-01 2.659739e-01 2.298244e-01 7.681218e-03 -6.134617e-02 -8.710561e-02 -1.755844e-01 -9.824620e-02
-1.444251e-01 -3.367637e-01 3.192787e-01 -3.785228e-02 -3.548440e-02 -5.264465e-02 -2.018427e-01 1.175297e-01
-2.056796e-01 -8.516432e-02 -1.305956e-01 1.911737e-01 3.325754e-01 -5.442728e-02 -2.286108e-01 -1.228262e-01
-7.602861e-02 -8.625022e-02 1.559614e-01 -6.983744e-02 -8.549176e-02 -1.063471e-01 -2.898388e-02 -8.638118e-02
1.759453e-01 -8.870094e-02 9.093604e-02 3.526439e-01 3.181847e-01 -4.554006e-02 7.030854e-02 -7.404834e-02
4.417923e-01 -8.643051e-02 -7.777901e-02 3.846520e-01 1.627349e-01 7.372514e-02 -2.711200e-02 -1.564824e-01
-3.443551e-02 -4.192537e-02 3.556272e-01 8.958650e-02 3.497074e-01 1.399840e-03 6.941159e-02 4.671002e-02
4.278081e-01 -8.782497e-02 1.960981e-03 -2.382975e-02 -1.121076e-01 -5.999876e-03 2.754086e-01 -1.062125e-01
-4.228202e-02 -9.598973e-02 1.977452e-01 2.009407e-02 5.804677e-01 -4.719492e-02 -8.163527e-02 -1.004072e-01
2.463865e-01 -1.840770e-01 1.763269e-02 4.371028e-01 2.286203e-01 1.076316e-01 7.746929e-02 -8.248016e-02
3.665332e-01 -9.100959e-02 -8.045215e-02 4.047473e-01 4.187043e-01 1.817489e-01 -7.686188e-02 -1.526787e-01
1.766403e-01 -1.845913e-01 5.603549e-02 2.479768e-01 -1.441625e-02 -1.804627e-02 1.072793e-02 -2.182386e-02
-2.300297e-02 2.719386e-02 8.148792e-02 -7.370199e-02 -7.133621e-02 -6.546461e-03 -8.625580e-02 4.065729e-01
2.265180e-01 -1.178268e-01 -8.365784e-02 4.655352e-03 -8.284449e-02 -2.851847e-02 -4.490056e-02 -9.494274e-02
4.345905e-01 -9.914074e-02 -1.001751e-01 3.816089e-01 2.529765e-01 2.402982e-01 -8.147260e-02 -1.423823e-01
-7.520209e-02 1.342807e-01 2.372862e-01 -5.450045e-02 3.730417e-01 1.823460e-02 3.723354e-02 1.464317e-01
5.418784e-01 -1.472722e-01 -1.335855e-01 9.495677e-02 -6.567854e-02 2.631514e-02 6.577382e-02 -1.324722e-01
-8.135969e-02 -8.985471e-02 1.240099e-01 -7.839943e-02 3.130149e-01 -9.185538e-02 -6.911819e-02 -1.365966e-01
3.178557e-01 2.833092e-02 -3.219759e-02 3.739991e-01 2.380278e-01 1.449335e-01 -5.718803e-02 -1.086675e-02
3.528153e-01 -1.414196e-01 -1.253156e-02 4.166629e-01 2.047346e-01 -8.981003e-02 5.550488e-02 -1.444599e-01
1.334883e-01 -1.063092e-01 1.783948e-01 3.008992e-01 5.376864e-01 1.264849e-02 -9.659854e-02 -1.266696e-01
3.675596e-01 3.903330e-02 -4.456580e-02 -5.668097e-03 -7.517666e-02 1.284941e-01 5.446773e-02 4.831213e-02
-4.055115e-02 -9.059349e-02 3.191724e-01 5.907325e-02 4.968221e-01 -7.156416e-02 -8.337470e-02 -1.127390e-01
2.299931e-02 -1.134907e-01 4.199954e-01 2.889615e-02 1.483720e-01 -1.232041e-01 3.426597e-02 -1.973398e-02
2.101958e-01 -9.726328e-02 3.156317e-02 3.400223e-01 5.295345e-01 1.494307e-01 -7.026928e-02 -1.478288e-01
5.743865e-01 -1.049930e-01 -1.059502e-01 3.405244e-02 -1.237802e-01 1.585417e-01 1.687234e-01 -1.429978e-01
1.980562e-01 1.321296e-01 2.323720e-02 2.391897e-01 2.782045e-01 1.632284e-01 -8.999408e-02 7.383246e-02
3.511649e-02 -4.499809e-02 3.335508e-01 1.348024e-01 2.396845e-01 -3.304885e-02 -5.345107e-02 -8.553345e-02
3.517179e-01 -9.301014e-02 -1.777491e-02 4.149804e-01 4.268826e-01 -3.174797e-02 -7.787187e-02 -1.313991e-01
-2.108474e-02 -1.557517e-01 2.518635e-01 1.877425e-01 -8.355169e-03 -1.106657e-02 3.828073e-03 3.723836e-03
2.323107e-03 -7.700135e-02 1.525956e-01 -8.138001e-02 -1.307880e-01 -9.562465e-02 2.085415e-01 -8.402316e-02
-8.020503e-02 1.112948e-01 2.758313e-01 2.365530e-04 2.781128e-01 5.150092e-02 -1.030419e-01 4.305888e-02
4.131787e-01 -2.020802e-01 5.661143e-03 4.152352e-01 7.763362e-02 9.239992e-02 3.944335e-02 -2.063837e-01
9.000265e-03 -1.813035e-01 3.455806e-01 1.898933e-01 3.263422e-01 -1.133284e-02 8.789410e-02 1.055664e-02
-8.097392e-02 -2.609866e-03 1.823027e-01 1.456524e-01 5.168387e-02 8.256615e-03 -1.652775e-02 1.028784e-01
-7.462765e-02 1.422632e-01 2.169265e-02 3.245665e-01 -6.785131e-02 -4.661813e-02 -1.867785e-01 -1.957486e-01
3.188198e-02 9.469426e-02 -1.366432e-01 -3.086871e-02 2.682158e-01 6.020656e-02 4.898126e-01 -1.084416e-01
-9.348179e-02 -6.062011e-02 -9.703763e-02 3.431992e-01 -6.759552e-02 -7.619922e-02 -1.515487e-01 -1.053933e-01
-1.900554e-01 -1.336286e-01 1.032001e-01 1.043123e-01 -1.068427e-01 -9.209948e-02 -1.552179e-01 -1.249478e-01
-1.137095e-01 -1.361152e-01 -1.113531e-01 3.447080e-03 -1.784659e-01 2.709116e-01 3.082293e-01 -6.913120e-02
-6.621138e-02 -1.101474e-01 1.926920e-02 -7.893452e-02 2.549472e-01 -1.628815e-02 5.333313e-01 -8.151136e-02
-4.844123e-02 -4.190291e-02 -3.332641e-02 -1.127214e-01 1.154318e-02 -2.105537e-02 3.838389e-01 -5.728516e-02
-9.943437e-02 -2.028910e-02 -1.829539e-01 5.971963e-02 -1.201719e-01 3.454235e-01 2.231687e-01 -6.444875e-02
-1.694105e-01 -7.812732e-02 -3.464663e-02 1.876128e-01 -9.876764e-03 -4.845481e-02 -1.929738e-01 -1.749015e-01
-1.034629e-01 -1.072226e-01 3.399105e-01 5.013069e-02 -7.891928e-02 -4.548116e-02 -1.231522e-01 -6.215243e-02
1.138053e-01 4.478954e-01 -1.319212e-01 -1.029579e-02 1.310554e-01 1.443486e-01 2.465761e-01 -8.625895e-02
-9.660850e-02 -1.457078e-02 -1.020566e-01 3.220457e-01 1.932908e-02 -3.531775e-02 -2.392019e-01 -2.299658e-01
2.712997e-03 2.017903e-01 -1.606605e-01 -8.516824e-02 1.879510e-02 1.501908e-02 3.476132e-01 -6.790572e-02
-7.498664e-02 1.660405e-02 -1.473194e-02 2.239828e-01 4.151037e-02 6.500173e-02 -2.929007e-01 -1.662012e-01
-1.006099e-01 5.166181e-01 -7.823446e-02 3.275070e-01 -7.312139e-02 -2.939748e-02 -1.555266e-01 -9.020311e-02
-8.605161e-02 -5.640016e-03 1.998821e-01 2.216026e-01 -7.654486e-02 -9.598671e-03 -1.694508e-01 -1.533641e-01
-9.974106e-02 2.374321e-01 5.306054e-02 8.168704e-02 -9.831270e-02 -7.311715e-02 -1.473873e-01 -2.416738e-02
-2.925764e-02 3.947193e-03 -1.330924e-01 3.282059e-01 1.848310e-02 2.819543e-02 -2.535617e-01 -8.011599e-02
2.285170e-01 1.313356e-01 -1.363772e-01 -3.257746e-02 3.205508e-01 1.892250e-01 2.106112e-01 -9.302387e-02
-9.523019e-02 -1.171083e-01 6.403545e-02 2.782499e-01 -9.891221e-02 -7.907790e-02 -1.514335e-01 -1.130757e-01
-7.247984e-02 2.002939e-01 -8.740443e-02 4.047674e-01 -3.245007e-02 -7.420822e-04 -2.937735e-01 -1.882390e-01
1.621492e-01 1.610521e-01 -9.745868e-02 -4.409583e-02 1.437565e-01 1.617696e-01 2.428304e-01 -1.170870e-01
-1.108953e-01 -8.639678e-02 -7.613112e-02 1.919024e-01 -1.052430e-01 -1.078476e-01 -1.372821e-01 -6.508105e-02
1.489331e-01 -1.581210e-02 1.585501e-02 1.056189e-02 3.545638e-01 1.214238e-01 3.388421e-01 2.018966e-02
-1.441226e-01 -3.835478e-02 -8.948176e-02 -1.244152e-01 -3.584273e-02 -5.077348e-02 -8.107655e-02 -3.185096e-02
-1.380636e-01 -3.387144e-02 -8.376598e-02 -1.030675e-01 1.494142e-01 -1.822819e-02 -1.183931e-01 -6.838441e-02
-7.588282e-02 1.016515e-01 -1.728705e-01 4.124871e-01 -7.069718e-02 -8.121364e-02 -1.640751e-01 -1.273107e-01
-1.320377e-01 -1.457215e-01 1.069022e-01 -5.972712e-02 -1.285734e-01 2.484751e-01 3.125354e-01 -5.622872e-02
-8.517428e-02 2.976456e-01 -1.607119e-01 4.250112e-01 -7.681121e-02 -7.830745e-02 -1.728439e-01 -1.228758e-01
-1.023453e-01 3.109726e-02 -1.510909e-01 3.600876e-01 -1.150734e-01 -8.184147e-02 -1.952790e-01 3.801388e-02
-4.720170e-02 3.317633e-01 -1.386132e-01 8.790515e-02 -1.551187e-01 3.902826e-01 1.977924e-01 -9.624705e-02
4.909071e-02 -8.786337e-02 1.117358e-01 1.276348e-01 -1.049880e-01 4.160204e-02 -1.043962e-01 -1.372491e-01
-1.592638e-01 3.683083e-01 3.769308e-02 3.390400e-01 8.039894e-03 -1.454615e-01 -8.372595e-02 1.156165e-01
2.430080e-01 -2.971548e-02 -1.834826e-01 -1.739448e-01 -1.744312e-01 -1.006159e-01 -1.266452e-02 -1.994917e-02
-1.409740e-02 -9.725176e-02 -1.707306e-01 2.418639e-01 -1.654880e-01 -8.792180e-02 2.525555e-01 -1.600864e-01
5.024315e-01 -1.030757e-01 -6.713063e-02 -1.118583e-01 -1.457523e-01 -9.746221e-02 -7.069502e-02 -4.970887e-03
2.156264e-01 -1.556330e-01 -2.110905e-02 -2.614443e-02 6.320335e-02 -1.291658e-01 -1.258605e-01 2.481655e-01
-1.384401e-01 -8.816069e-02 -7.299642e-02 -8.949010e-02 8.445129e-02 1.127970e-01 -2.820039e-02 -1.442730e-01
9.807395e-03 -8.817555e-02 -2.710272e-01 5.346672e-02 -2.794594e-01 -1.200518e-01 2.971467e-01 3.568131e-02
-1.253078e-01 -8.602843e-02 -1.097590e-01 -6.666104e-02 1.879656e-01 -9.422860e-02 -5.638446e-02 -1.047018e-01
1.780756e-01 -8.128785e-02 -1.456223e-01 -8.360592e-02 -3.376825e-02 -1.512773e-01 -5.346277e-02 7.776958e-02
-1.101903e-01 5.173904e-01 -4.226761e-02 2.165419e-04 -7.084467e-02 -1.401161e-01 -2.323558e-02 4.810584e-02
-6.810720e-02 -1.150611e-01 -1.264118e-01 -7.238712e-02 -1.550546e-01 -1.035075e-01 5.533559e-01 2.216634e-02
7.373922e-02 8.427878e-02 -1.320133e-01 -2.386224e-01 -6.197789e-02 1.870871e-02 -6.442499e-02 -2.048208e-01
3.075661e-02 -5.028062e-02 -3.870820e-01 6.371564e-02 -3.187504e-01 -9.455900e-02 1.209184e-01 -2.480897e-01
4.327916e-02 -1.430878e-01 -4.962860e-02 1.831075e-01 -9.062092e-02 -9.609227e-02 5.024640e-01 5.144644e-02
-1.280714e-01 -1.038525e-01 8.983950e-02 -6.623960e-02 6.796055e-02 3.343473e-01 -1.028855e-01 -1.160881e-01
-1.143602e-02 -1.103338e-01 -7.172281e-02 -4.436788e-02 1.242541e-01 -9.651708e-02 -1.323569e-01 6.380019e-02
3.581663e-01 8.001907e-02 -1.247629e-01 -1.534108e-01 -1.805344e-01 -7.314948e-02 -1.871907e-01 -3.126602e-01
2.881201e-01 -8.523114e-02 -1.331276e-01 7.247906e-03 -1.274499e-01 -6.081630e-02 -1.258242e-01 -1.219259e-01
-2.045558e-02 -2.865926e-02 -2.534561e-01 -1.210133e-01 -3.059153e-01 -3.077470e-02 2.410071e-01 -1.636713e-01
-1.075731e-01 -6.487986e-02 -1.917372e-01 -1.622183e-01 -1.031802e-01 -8.381008e-02 4.356880e-01 -1.420388e-01
-2.032779e-02 -7.629667e-02 -1.560678e-01 -5.137658e-02 4.237063e-02 -1.632620e-01 -1.971976e-02 -5.481911e-02
-1.505360e-01 1.728599e-01 7.047587e-03 5.056400e-01 -4.031065e-02 -1.672781e-01 -1.380458e-01 -1.005270e-01
1.310945e-01 -1.400745e-01 -6.276304e-02 -8.788690e-02 -1.657484e-02 2.032159e-01 -1.131841e-01 1.256571e-01
3.733838e-01 -6.695483e-02 -1.384581e-01 -1.248216e-01 -1.502141e-01 -1.361807e-01 -5.587524e-02 1.525561e-01
-9.626197e-02 -4.088756e-02 -1.355517e-01 -9.729749e-02 5.356454e-02 -8.267116e-02 2.612338e-02 -1.847339e-01
3.718834e-01 -1.475685e-01 -9.723366e-02 -2.530560e-02 -6.562714e-02 -2.305657e-01 -7.898792e-02 3.071489e-01
3.810266e-01 1.221898e-02 -5.834861e-02 -2.239404e-01 -1.859369e-01 -6.675871e-02 -8.820000e-02 -1.587292e-01
4.565989e-01 -5.372022e-03 -1.582242e-01 -1.328015e-01 -1.990096e-01 -1.688892e-01 -6.817805e-02 -8.446196e-02
2.806192e-02 -4.274905e-02 1.565912e-01 -1.045954e-01 -7.036091e-02 8.939749e-02 -1.000214e-01 -6.037615e-02
4.204595e-01 -1.097139e-01 -2.460171e-02 3.592656e-02 -1.836561e-01 -2.606656e-01 -8.727271e-02 3.536533e-02
7.309436e-02 -4.659570e-02 -1.970004e-01 -1.148308e-01 -5.735952e-02 -1.150616e-01 2.510341e-03 -8.713725e-02
4.347778e-01 -1.277807e-01 -7.978062e-03 -6.183863e-02 -4.866952e-02 -8.553188e-02 -1.256500e-01 1.553013e-01
-2.103047e-01 -1.065854e-01 1.607987e-01 -5.078292e-02 -5.823687e-03 -1.398288e-01 -1.284801e-01 1.751640e-02
-1.419958e-01 -6.366505e-02 -1.497568e-01 -2.942125e-02 2.106594e-01 3.093403e-01 4.058696e-02 2.365494e-02
3.253143e-01 -5.177414e-02 2.845536e-01 -2.405826e-03 1.370987e-02 -1.225680e-01 1.772008e-01 -1.502377e-01
-1.756960e-01 -1.037184e-01 -6.659804e-02 -7.314232e-02 2.277905e-01 -7.453178e-02 -7.244532e-02 -1.387947e-02
-1.550214e-01 -7.527497e-02 2.692349e-01 -5.840654e-02 -1.043577e-01 -1.367050e-01 -7.684413e-02 5.954227e-02
-1.473425e-01 -6.013226e-02 -1.055298e-01 -1.457904e-01 1.206168e-01 1.214773e-02 1.958645e-02 6.107181e-02
-1.097291e-01 -9.143770e-02 -1.061865e-01 2.625907e-01 2.817870e-01 3.391812e-01 -7.619055e-02 -7.210578e-02
-1.031267e-01 -3.486897e-02 -1.142078e-01 9.139352e-03 3.191139e-01 1.702604e-01 2.685370e-02 -3.000602e-03
3.982612e-01 -1.773805e-01 1.042454e-01 -7.227850e-02 6.650451e-02 -1.367204e-02 1.123811e-01 8.207927e-02
-1.709216e-01 -8.848500e-02 -9.477083e-02 2.492744e-01 3.120078e-01 1.180781e-01 -1.917968e-01 -1.077376e-01
-3.112424e-01 -3.205498e-01 -8.693468e-02 -1.427431e-01 2.005365e-02 -4.612534e-02 -9.898045e-02 1.988626e-02
5.943221e-01 -9.271585e-02 2.460399e-01 -1.319653e-01 -1.138158e-01 -7.088231e-02 1.574292e-01 5.231637e-02
-2.639512e-01 -1.794001e-03 -9.879564e-02 5.135217e-02 2.189597e-01 -8.515624e-02 -7.103055e-02 7.753453e-02
-1.678681e-01 3.752424e-02 4.025147e-01 8.756247e-02 -1.970464e-01 2.272346e-02 -1.468484e-01 6.676731e-02
-2.009257e-02 -2.429702e-02 -1.693898e-01 -1.617492e-01 2.232248e-01 2.084080e-01 1.312279e-01 6.827512e-02
-2.341024e-01 -1.205614e-01 -9.354577e-03 -1.498668e-02 2.230136e-01 -1.576644e-01 -2.204439e-01 -1.114753e-01
-2.268038e-01 -1.490136e-01 1.366081e-01 -1.003342e-01 -7.886225e-02 9.440676e-03 -4.635055e-02 1.252077e-01
-1.872442e-01 -6.531062e-02 -1.347906e-01 -1.097228e-01 2.735627e-01 5.014503e-02 6.370285e-02 9.020944e-02
-2.871877e-01 -1.008752e-01 -1.117496e-01 3.437417e-02 3.546749e-01 1.224968e-01 -5.287924e-02 5.564947e-03
-3.001982e-01 -3.061143e-01 -1.806212e-01 1.357084e-01 2.329852e-01 2.720324e-02 -1.857859e-01 -7.910687e-02
-1.372800e-01 -7.772394e-02 -1.185525e-01 1.072200e-01 2.955608e-01 2.395863e-01 -9.337310e-02 -4.236153e-02
-1.270413e-01 -8.923731e-02 -1.337239e-01 -7.112765e-02 2.428377e-01 1.206942e-01 -7.066699e-02 -2.954951e-02
-1.977624e-01 -1.992888e-01 2.207540e-01 4.566798e-02 -3.167300e-02 -2.687520e-01 -1.293093e-01 3.077942e-02
-2.264938e-01 -9.588974e-02 -8.762881e-02 1.672578e-01 3.069677e-01 -1.026625e-01 -2.701499e-01 -1.252026e-01
3.504776e-01 -3.635546e-01 4.369125e-02 -1.313232e-01 7.179622e-02 4.464688e-02 1.317871e-01 9.415136e-02
-1.093540e-01 5.420435e-02 -6.430036e-02 3.918121e-01 2.430557e-01 -6.519182e-04 -2.077474e-01 -9.192397e-02
-1.438436e-01 -1.383256e-01 2.995647e-01 4.190681e-02 -1.113237e-01 -1.733573e-01 -1.991767e-01 -6.270008e-02
-1.706717e-01 -2.470596e-01 -2.484336e-01 -1.172529e-02 1.950657e-01 2.802442e-01 3.044211e-02 -2.992948e-02
-2.361799e-01 -4.157890e-01 1.070720e-01 -8.210658e-02 -4.185557e-02 -5.031738e-03 -1.851529e-01 1.908325e-02
-1.675230e-01 -8.478982e-02 -1.282890e-01 1.008289e-01 3.537628e-01 7.258539e-03 -1.247052e-01 -4.349988e-02
4.112448e-01 -2.195969e-01 3.110989e-01 9.393026e-02 8.026200e-02 -2.608744e-02 -9.109346e-02 2.581205e-02
-1.466503e-01 3.272977e-02 2.460064e-01 1.413966e-01 -1.021072e-01 -4.394738e-03 -2.715430e-01 -1.173924e-01
5.122697e-02 -9.757234e-02 2.898780e-01 2.120207e-01 3.019743e-01 -2.596739e-02 5.533070e-02 -8.071359e-02
3.901971e-01 -1.110367e-01 -1.260086e-01 3.888252e-01 2.342773e-01 2.036789e-01 -7.923892e-02 -1.152649e-01
1.425788e-01 -3.054385e-03 2.532964e-02 1.746552e-01 5.597158e-02 -1.434764e-02 -3.612472e-02 6.665395e-02
4.272735e-01 -1.882829e-01 -2.352072e-02 3.826014e-01 7.586962e-02 7.688785e-02 3.840949e-02 -2.034294e-01
3.524207e-01 -2.170679e-02 -3.046408e-02 -4.547498e-02 -1.208155e-01 -2.038209e-02 2.831466e-01 -7.257050e-02
-9.485757e-02 -5.963481e-02 2.327652e-01 1.715490e-01 1.543391e-02 -1.868374e-02 3.235327e-02 4.902788e-02
4.283855e-01 -4.533814e-02 -9.068617e-02 3.497516e-01 1.524681e-01 6.739757e-02 -7.804782e-03 -1.371264e-01
1.930560e-01 -8.266415e-02 3.167028e-02 3.307907e-01 3.585809e-01 -1.066423e-01 6.363163e-02 -9.477344e-02
-7.196230e-02 -8.739489e-02 1.311596e-01 -7.864952e-02 2.468163e-01 -1.145815e-01 -6.176091e-02 -8.605286e-02
5.063985e-01 -1.382960e-01 -1.295187e-01 9.464295e-02 -8.453891e-02 1.360977e-02 7.572971e-02 -1.343424e-01
-7.983749e-02 6.501821e-02 1.598999e-01 -2.572950e-02 4.714345e-01 1.012416e-02 -2.585229e-02 1.693759e-02
-3.813276e-02 -1.465784e-01 1.299084e-01 -5.134427e-02 -1.231841e-01 -1.487368e-01 -5.479292e-03 -7.632920e-02
6.738601e-02 5.045597e-02 -7.356805e-02 -6.284545e-03 -6.857751e-02 2.520511e-02 -5.728202e-02 3.499549e-01
-7.588891e-02 -1.166836e-02 1.573164e-01 -9.791199e-02 -6.649433e-02 -7.450627e-02 2.067233e-02 -1.700617e-02
1.742021e-01 -2.261584e-01 4.410315e-02 2.556384e-01 -3.893914e-02 -2.333219e-02 2.983547e-02 -1.693606e-02
2.654847e-01 8.741992e-02 -5.693235e-02 2.578073e-01 2.754374e-01 1.821833e-01 -1.273226e-01 4.753173e-02
1.705358e-01 -1.256921e-01 1.163164e-02 3.364003e-01 4.405687e-01 6.562845e-02 1.068027e-02 -1.115010e-01
2.419110e-01 -1.932796e-01 -2.026545e-02 4.016309e-01 2.103062e-01 8.166333e-02 9.919747e-02 -1.019844e-01
-3.254857e-02 3.336228e-02 2.938357e-01 2.363077e-02 2.711152e-01 -3.218833e-03 -3.276508e-02 -2.666978e-02
1.985088e-01 -1.353985e-01 -9.482494e-02 7.000801e-03 -9.667120e-02 -6.017801e-02 -2.004374e-02 -7.456068e-02
1.690477e-02 -1.029780e-01 4.054986e-01 1.342543e-02 1.486461e-01 -1.285622e-01 5.145508e-02 -4.083132e-02
-7.876690e-03 -9.398503e-02 3.383485e-01 1.004098e-01 3.553012e-01 -1.913643e-02 1.050532e-01 1.509734e-02
5.704769e-01 -9.145220e-02 -1.532268e-01 3.096220e-02 -1.136600e-01 1.135797e-01 1.789706e-01 -1.479754e-01
3.494008e-01 -1.175297e-01 -1.956023e-02 3.906129e-01 1.896611e-01 -9.880433e-02 8.554335e-02 -1.504450e-01
-9.549257e-02 1.402782e-01 2.450366e-01 -8.004745e-02 3.241090e-01 1.783520e-02 3.508679e-02 1.058768e-01
-3.138802e-02 -6.013000e-02 1.655310e-01 5.520707e-02 4.929772e-01 -5.788351e-02 2.483533e-02 -5.641198e-02
-8.718831e-02 3.255272e-02 1.385709e-01 -1.050450e-01 -7.383713e-02 -2.046406e-02 -9.907973e-02 3.270382e-01
1.478253e-01 6.179985e-02 8.777274e-03 2.345270e-01 4.181426e-01 6.352630e-02 -7.035613e-02 3.049991e-02
2.803323e-01 -4.604732e-02 -1.011312e-01 3.515278e-01 3.843518e-01 1.379401e-01 -6.670824e-02 -5.426246e-02
3.335931e-01 -1.286317e-01 -1.046465e-01 4.062325e-01 3.344796e-01 3.600217e-02 -5.826560e-03 -1.338180e-01
3.804854e-01 8.081707e-02 -9.845114e-02 -7.696668e-02 -5.338983e-02 1.545633e-01 9.445244e-02 2.722267e-02
-1.850486e-02 -1.773405e-01 2.006393e-01 1.760602e-01 -4.635822e-02 -2.225677e-02 1.984281e-03 -2.135754e-02
