4 6 8 32 64
-4.105635e-01 6.746086e-02 1.518461e-01 5.634979e-02 3.689022e-02 9.191812e-02 -3.817382e-02 2.843303e-01
-8.458407e-02 2.068014e-01 -3.262541e-01 7.349344e-02 -6.679170e-02 8.352158e-03 3.289952e-01 -1.923113e-01
-3.183574e-02 2.624797e-03 -2.065008e-02 2.220644e-01 -9.504353e-02 -1.001886e-01 -1.586331e-01 -1.952672e-01
-9.462981e-02 1.900479e-01 -5.478838e-02 -9.976638e-03 3.452852e-02 4.096023e-01 1.795996e-01 -2.459907e-01
-8.241441e-02 1.152127e-01 -1.019210e-01 1.467625e-01 1.430429e-01 6.641299e-02 -2.589875e-01 -5.755832e-02
-3.202800e-02 -5.959326e-02 -3.391530e-01 4.122775e-02 -1.369211e-01 2.122434e-01 2.249257e-01 -1.342036e-01
7.280868e-03 2.086071e-01 -2.220699e-01 3.579651e-01 -1.778470e-01 -2.045009e-01 -1.206764e-01 -2.441792e-01
-9.284192e-03 -6.220903e-02 -9.667274e-02 -1.600355e-02 -1.457979e-01 1.298521e-01 -5.398671e-02 -2.207167e-01
-6.376077e-02 4.029849e-01 -2.788569e-01 4.005854e-01 -2.338795e-01 -1.092385e-01 -1.211132e-01 -1.523953e-01
-9.494741e-02 -2.604101e-01 -1.580319e-01 -1.960091e-02 4.332736e-01 6.935631e-02 1.758223e-01 5.790726e-02
-1.751782e-01 1.774120e-01 -1.352504e-01 1.656500e-01 -5.546936e-02 3.794311e-01 2.053639e-01 -1.220166e-01
-2.396336e-01 -1.181875e-01 1.450741e-01 -2.331303e-02 -1.210295e-01 1.782501e-02 -1.444783e-01 -1.397365e-01
-7.557495e-02 4.784777e-01 -2.518487e-01 3.096590e-02 1.491432e-02 -8.137107e-02 4.970866e-01 -1.393841e-01
1.876742e-01 1.589031e-01 -2.695318e-01 2.302649e-01 5.399762e-02 2.662764e-02 -1.805546e-01 -1.676418e-01
-2.894745e-01 3.840049e-01 -1.199466e-01 -2.077934e-01 7.951130e-02 -1.446056e-01 -6.831589e-02 1.430956e-01
-1.124728e-01 2.357251e-01 -2.348393e-01 5.488136e-02 -3.452705e-02 -5.285042e-02 4.568858e-01 -2.430068e-01
-2.870724e-02 9.871029e-02 -1.629677e-01 2.540851e-01 1.446791e-02 -3.533563e-02 -2.669355e-01 -1.678801e-01
-1.065787e-01 -1.329851e-02 -1.684044e-01 -8.542234e-02 -1.937514e-01 1.247861e-01 -8.037256e-02 -1.037375e-01
-1.451634e-01 -1.698995e-01 -4.709915e-02 -2.297325e-02 -3.302769e-02 1.550379e-01 1.311757e-01 -1.020129e-01
-2.136567e-01 -1.178042e-01 3.501275e-01 1.082148e-02 -3.415917e-02 1.051618e-01 -5.086229e-02 -8.879506e-02
-1.160682e-01 -9.511947e-02 2.545622e-02 -4.022288e-02 1.128395e-01 -3.287428e-02 5.295402e-01 -1.917110e-01
-2.916262e-03 3.177633e-01 -1.477806e-01 2.887144e-01 -2.238101e-01 -8.500893e-02 -3.916096e-02 -2.048304e-01
-1.950594e-01 1.008544e-01 -3.408255e-01 1.011635e-01 -1.511846e-01 2.159891e-01 3.095702e-02 -4.085493e-02
3.625090e-01 4.216352e-01 -1.825283e-01 -7.159230e-02 2.761405e-01 2.273888e-01 2.046810e-01 3.381052e-03
-2.764559e-01 8.521958e-02 1.051794e-01 1.997602e-01 -1.660090e-01 1.949788e-01 -1.074021e-01 -7.316235e-02
1.435395e-01 1.697493e-01 -1.923079e-01 2.992175e-02 2.399421e-01 1.552222e-01 3.528225e-01 -1.122283e-01
-1.078526e-01 -1.119712e-01 1.114441e-01 1.351360e-01 1.251027e-03 1.034291e-01 -1.493551e-01 -1.247968e-01
-1.080455e-01 -6.800914e-02 -2.042693e-01 1.219426e-01 -5.857977e-02 -3.415317e-02 -1.332778e-01 -4.322235e-02
-2.476088e-01 -8.622445e-02 8.100606e-02 -8.709217e-02 2.371430e-02 1.058291e-01 -7.370911e-02 2.211177e-02
1.495264e-02 1.654479e-01 -2.519495e-01 2.947413e-01 6.435697e-02 -1.002790e-02 -1.882252e-01 1.165483e-01
-8.673549e-02 -7.712973e-02 -8.075158e-02 1.279762e-02 -4.366974e-02 -8.981870e-02 4.022382e-01 -2.372634e-01
1.694983e-01 2.300811e-01 -2.723078e-01 2.766927e-01 9.298211e-02 -6.309517e-02 -1.462587e-01 -2.168312e-01
-1.457711e-01 -7.081664e-02 -3.554028e-02 2.044729e-01 -4.475260e-02 -4.086255e-02 -8.900870e-02 -4.837190e-02
-9.172382e-02 3.256179e-01 -3.093463e-02 2.609679e-01 -1.319187e-01 -1.263837e-02 -2.045702e-01 -6.613252e-02
1.462002e-01 3.870730e-01 -2.114178e-01 -1.672428e-02 3.410783e-01 1.542528e-01 3.074060e-01 -3.359514e-02
-2.625375e-02 3.347473e-01 -2.119424e-01 -4.590283e-03 5.128350e-03 2.785982e-02 4.553516e-01 -2.255385e-01
-9.925112e-02 3.969201e-01 -1.999704e-01 4.009728e-01 -3.231897e-01 -5.584255e-02 -9.549458e-02 -7.511755e-02
-4.592063e-02 8.619969e-02 -2.314926e-01 3.134584e-01 -7.102392e-02 -6.380527e-02 -1.678846e-01 1.196844e-01
1.739286e-01 2.509209e-01 -3.478922e-01 2.699925e-01 -1.579562e-01 -6.049642e-02 -5.590520e-02 -4.832933e-02
1.682619e-01 4.760106e-01 -1.626967e-01 -1.203884e-01 2.386963e-01 1.529831e-01 2.818685e-01 -9.481148e-02
-1.646328e-01 -1.567231e-01 7.734215e-02 1.548970e-02 -9.011539e-03 1.912616e-02 -1.940074e-01 -1.533608e-01
7.334659e-02 4.927372e-01 -3.746402e-03 -1.419217e-01 2.455252e-01 3.263406e-01 1.925918e-01 -1.204499e-01
-5.264408e-02 4.488029e-01 -1.294554e-01 -9.171373e-02 1.236138e-02 7.493979e-02 2.621065e-01 -9.709028e-02
-2.784857e-01 3.209813e-02 -2.304053e-01 8.233732e-02 -1.656001e-01 3.306881e-01 2.148130e-01 4.639913e-02
7.809775e-02 1.793655e-01 -1.098170e-01 2.953517e-01 -8.357762e-02 7.703742e-04 -6.752925e-02 -2.797209e-01
7.732920e-02 2.933441e-01 -1.723874e-01 3.612261e-01 -5.649286e-02 -3.384662e-02 -1.443170e-01 -5.048230e-02
-1.249369e-01 -3.397406e-02 7.750012e-02 2.052731e-01 -1.250806e-01 3.452434e-02 -1.995902e-01 -1.910472e-01
-1.201113e-01 1.293475e-01 -2.730761e-01 1.473935e-01 -1.809838e-01 3.092515e-01 2.185315e-01 -1.472517e-01
-8.610352e-02 4.468010e-02 -1.187687e-01 2.302088e-01 1.283354e-01 7.027107e-02 -2.255756e-01 1.033494e-01
-2.160957e-01 -1.871014e-01 8.314756e-02 -6.849623e-02 1.453879e-01 2.850240e-01 1.114548e-01 5.604951e-02
-1.571532e-02 4.279456e-02 -1.144796e-01 2.478826e-01 -1.842944e-01 -1.916728e-01 -6.458431e-02 -2.223717e-01
-1.459881e-01 7.602664e-02 2.441800e-02 1.297769e-01 -5.391767e-02 6.877045e-03 -5.489459e-02 -1.356689e-02
8.065401e-02 1.188056e-01 -9.420194e-02 2.404771e-01 -1.361710e-02 8.816569e-02 -1.122414e-01 -1.401627e-01
-1.011633e-01 7.900743e-02 4.269335e-02 -6.215556e-02 2.995115e-01 2.014868e-01 3.097996e-01 -2.814192e-02
-1.402554e-01 -1.392627e-01 9.072892e-02 -9.345687e-02 -5.750063e-03 2.262849e-01 2.273983e-01 -1.318432e-01
-1.128203e-01 -9.829795e-02 9.807947e-02 1.738386e-01 -1.579199e-02 -2.712322e-02 -7.958028e-02 -1.710193e-01
2.217018e-01 2.605943e-01 -1.749635e-01 -3.065672e-02 2.287263e-01 2.180111e-01 2.601992e-01 -9.071250e-03
-1.870666e-01 -1.558290e-01 1.476107e-01 6.862993e-02 1.690073e-01 3.302668e-03 -1.207635e-01 2.307184e-02
5.883788e-03 1.737866e-02 -2.010079e-01 8.754377e-02 -1.003688e-02 -2.545214e-02 -1.673421e-01 -1.585024e-01
-5.529070e-03 8.403362e-02 -1.142986e-01 -1.265232e-02 6.379112e-02 1.753805e-02 4.493226e-01 -2.507205e-01
-1.127381e-01 -3.032501e-02 -1.311788e-01 2.019840e-01 -1.155154e-01 1.417720e-01 -1.641961e-01 3.831230e-02
-1.714203e-01 -1.326000e-01 -1.729781e-01 -4.202551e-02 1.794425e-01 -1.092640e-01 -5.770803e-02 1.046388e-02
-1.069927e-01 -1.552089e-01 -2.577112e-02 1.284387e-02 1.617008e-01 1.110160e-02 -2.163627e-01 3.933765e-03
-3.622871e-01 -1.641533e-02 -4.768609e-02 5.691422e-02 -7.476349e-02 5.410065e-01 1.210111e-01 9.805731e-02
4.011946e-02 -5.026897e-04 -2.856840e-01 2.224547e-01 -2.144728e-01 -2.767251e-01 3.538232e-01 -1.494623e-01
3.859958e-01 2.314142e-03 -3.189743e-01 -1.618202e-01 -2.611196e-01 -1.367278e-01 -4.401899e-02 -1.874454e-01
2.106356e-03 -8.116581e-02 -2.147625e-01 -5.271733e-02 1.468901e-01 -3.230209e-01 -3.459333e-02 3.084404e-02
-2.528484e-02 -9.920581e-02 -3.125456e-01 -7.964344e-02 -8.889384e-02 -1.108607e-01 6.634700e-02 -5.622126e-02
-7.488064e-02 1.507492e-01 -2.848646e-01 -1.806859e-01 -2.897353e-01 3.121142e-02 2.081082e-01 -2.643850e-01
-6.869642e-02 -4.146287e-02 -2.936791e-01 -4.291240e-02 -1.309211e-01 -2.727187e-01 6.452740e-01 -5.862262e-02
1.812514e-01 -1.246086e-01 -3.036561e-01 -1.443195e-01 4.581504e-02 -3.242980e-01 -1.149193e-02 8.927504e-02
-1.945514e-02 -7.381079e-02 -3.875437e-01 -1.057949e-01 2.235944e-02 -1.592330e-01 -2.968798e-02 -1.592172e-01
2.260523e-01 -1.213313e-01 -2.426651e-01 2.065378e-02 -2.275752e-01 -5.193297e-02 5.247585e-01 1.711522e-01
4.959262e-01 2.099052e-02 -2.859268e-01 -1.534460e-01 -2.003172e-01 -2.450372e-01 -8.152609e-02 2.522435e-01
2.145165e-01 3.734909e-03 -3.558095e-01 -7.508466e-02 6.362517e-02 -1.362046e-02 -2.150160e-01 1.599000e-01
-4.220392e-02 2.215582e-01 -2.137376e-01 4.349474e-01 -6.340864e-02 -4.622714e-01 -1.992330e-01 -1.075126e-01
7.460361e-02 -1.906652e-01 -5.890026e-01 7.614139e-02 -3.062263e-01 -1.250732e-01 1.142662e-01 -2.407712e-01
4.538683e-02 4.173383e-01 -2.476947e-01 -8.472924e-02 -7.504591e-02 -3.203812e-01 9.718555e-03 2.166728e-01
-1.164938e-01 -1.031572e-01 -1.246317e-01 -5.133741e-03 3.921359e-02 -6.305715e-02 7.682550e-02 -1.429960e-01
4.199397e-01 -7.343505e-02 -1.858215e-01 3.753685e-03 -1.048891e-01 -3.311894e-01 -3.122755e-01 3.716541e-01
2.074810e-01 -2.193013e-01 -3.806384e-01 9.341366e-02 -2.144036e-01 -1.094808e-01 2.070589e-01 3.448303e-02
5.462784e-01 7.096753e-03 -2.493356e-01 -1.094459e-01 -2.055736e-01 -2.143293e-01 -3.291396e-03 7.987578e-02
1.440867e-01 -6.004470e-02 -3.363256e-01 -4.637636e-02 -1.376066e-01 1.518043e-02 -2.090324e-01 -2.266929e-01
-1.446119e-01 1.103254e-01 -1.290262e-01 -3.216272e-04 2.317980e-01 -2.485166e-01 -2.277982e-01 -1.059896e-01
3.531014e-01 -1.592056e-02 -3.905862e-01 -1.561284e-01 -7.314666e-02 -1.272199e-01 -2.109565e-01 1.968791e-01
1.153993e-02 5.513959e-02 -3.242407e-01 -1.107534e-01 -1.800738e-01 -1.168661e-02 1.277127e-01 -2.577624e-01
3.952949e-02 7.215023e-02 1.354853e-01 -8.725193e-02 9.653721e-02 -8.900429e-02 -8.770349e-02 2.265564e-02
5.095954e-01 -1.432055e-01 -1.631642e-01 -8.975576e-02 -1.778863e-01 -2.691938e-01 -2.577065e-02 2.242572e-02
2.779147e-01 -1.027442e-01 -2.224543e-01 -2.275848e-02 -4.520017e-02 -2.639241e-01 -3.026389e-01 2.651124e-01
1.102989e-01 1.057003e-01 -2.179560e-01 -2.612813e-01 -1.175485e-01 2.114915e-02 1.888534e-02 -2.546937e-01
-7.810720e-02 2.960315e-01 -1.439283e-01 -4.117486e-02 3.031985e-02 -2.620032e-01 -1.282210e-01 1.262959e-01
-1.409891e-01 8.556053e-03 -3.517135e-01 -1.809626e-02 -1.152602e-01 -1.802753e-01 5.692490e-01 -1.602709e-01
-1.907153e-02 6.585844e-01 -4.461222e-01 -2.108558e-01 -2.009696e-01 -6.269249e-02 2.796169e-02 -1.250638e-02
4.091030e-01 -2.953029e-03 -3.133551e-01 -1.147851e-01 -1.908355e-01 -2.315401e-01 -1.671324e-01 -2.517819e-01
9.406846e-02 -8.208719e-02 -4.350872e-01 -5.685599e-02 -1.576370e-01 -1.100056e-01 6.974873e-02 -1.370959e-01
1.804788e-02 -1.185475e-01 -2.460614e-01 -1.296839e-01 -2.881698e-01 3.523538e-02 2.199330e-01 -1.080907e-01
8.356734e-02 -1.361280e-02 -2.749928e-01 -1.510239e-01 -7.912035e-03 -2.045889e-01 -1.117819e-01 -5.511462e-02
8.940233e-02 -9.056775e-02 -2.695480e-01 -7.996658e-02 -7.133698e-02 -2.298055e-01 -6.757742e-02 -1.043921e-01
-1.400947e-01 -4.119344e-02 -1.964118e-01 -8.589517e-02 -2.968594e-01 -1.230591e-03 4.090358e-01 -7.367771e-02
-9.665290e-02 -5.266086e-02 -1.433596e-01 -9.414253e-02 -2.327969e-02 1.599555e-01 -5.254529e-02 -8.797132e-02
-5.975804e-02 -1.346340e-01 -2.883637e-01 -7.270951e-02 1.396426e-01 -3.020995e-01 5.550994e-02 -7.016379e-02
2.867498e-02 1.750132e-02 -2.869108e-01 -1.221910e-01 1.325297e-01 -3.021262e-01 -1.447156e-01 -2.486326e-02
3.763768e-01 1.752437e-01 -2.359320e-01 -1.583894e-01 -2.596410e-01 -1.198996e-01 -2.248525e-01 -4.276205e-01
2.429848e-02 -5.907973e-02 -3.516009e-01 -6.774019e-02 4.633111e-02 -2.558661e-01 -2.714022e-02 -1.913344e-02
3.461457e-02 7.538492e-04 -4.314506e-01 -6.468504e-03 -3.058715e-01 -6.369634e-02 -3.356939e-02 -3.165301e-01
4.623667e-01 -1.695667e-01 -4.485241e-02 1.403597e-01 -2.904394e-02 -2.676615e-01 -1.258835e-01 3.304896e-01
-1.085782e-01 -2.549676e-02 -5.613909e-02 -6.982037e-02 1.717106e-01 5.358348e-02 -5.460814e-02 -2.090582e-01
2.153480e-02 6.780485e-01 -2.363692e-01 1.953778e-01 -5.983058e-02 -2.060989e-01 -3.101593e-02 6.643716e-02
4.863418e-01 -6.972287e-02 -1.943921e-01 -1.549115e-01 -2.007789e-01 -2.672178e-01 -1.184038e-01 2.906320e-01
2.275223e-01 -1.064075e-01 -3.592835e-01 -9.865982e-02 -1.372693e-02 -3.315852e-01 6.563987e-02 1.870013e-01
2.686913e-03 -1.561673e-01 -3.776176e-01 -2.480680e-02 5.280254e-02 -7.447356e-02 7.761861e-03 -1.476670e-01
7.747101e-02 -1.869471e-01 -2.890955e-01 2.000251e-02 -2.290933e-01 -1.967002e-01 2.997155e-01 1.508645e-01
1.692168e-01 -4.528037e-02 -4.048302e-01 -9.254484e-02 -4.845223e-02 -2.238605e-01 -3.176361e-02 -9.269910e-02
-1.599970e-02 3.416225e-02 -2.906548e-01 -1.222125e-01 -2.995919e-01 5.804497e-02 7.040601e-02 -1.630838e-01
-1.998820e-01 -3.533928e-03 -4.001390e-01 -2.707235e-02 2.197777e-02 -6.937164e-02 1.454103e-02 -2.832049e-01
4.413047e-01 -1.193125e-01 -3.483915e-01 -1.065882e-01 -1.543189e-01 -2.519811e-01 -2.492277e-01 2.946556e-01
7.909155e-02 -8.803829e-02 -3.446577e-01 -1.537547e-02 -1.508167e-01 -1.711821e-01 -2.116215e-02 -1.099312e-01
3.932382e-01 5.187294e-02 -1.348197e-01 -2.028833e-01 -2.187358e-01 -1.555806e-01 -1.067390e-01 -7.072038e-02
2.297752e-01 -1.206760e-01 -3.158993e-01 -6.216462e-02 -1.256442e-01 -1.964452e-01 -2.128966e-02 -1.977485e-01
-1.486016e-03 -7.311494e-03 -1.155753e-01 1.350813e-01 -1.608816e-02 -3.163682e-01 -3.891141e-02 -4.564825e-02
8.012170e-02 4.774962e-02 -2.911656e-01 -1.448160e-01 -2.893056e-01 5.616838e-02 1.332979e-01 -2.048540e-01
1.953895e-02 3.876859e-02 -2.030663e-01 2.072649e-01 -2.170848e-01 -2.964656e-01 3.155918e-01 -1.446869e-01
-8.103371e-02 1.995369e-01 -1.575785e-01 4.336332e-01 -5.729927e-02 -4.291410e-01 1.199450e-02 6.565517e-02
-8.980330e-02 2.410160e-02 -2.887260e-01 5.764405e-02 1.764891e-01 -2.881598e-01 -9.400615e-03 -1.651980e-01
2.986737e-02 3.234979e-01 -3.060476e-01 3.081805e-01 -2.499570e-02 -3.392513e-01 -1.520517e-02 6.615619e-02
-1.939615e-01 2.074815e-02 -3.287402e-01 -3.055051e-02 3.195476e-02 -1.291526e-01 4.771127e-01 -2.776478e-01
3.768053e-01 -6.351512e-02 -2.068135e-01 -5.681663e-02 -1.739006e-01 -2.797379e-01 4.573818e-02 -1.491925e-01
-2.355017e-01 -2.180135e-01 -4.254573e-01 -1.467769e-02 -4.011537e-01 2.502699e-02 4.916609e-01 -1.621151e-01
-1.071073e-01 2.108080e-03 -3.065932e-01 -4.154051e-01 2.122932e-01 1.862614e-01 3.616992e-02 1.382740e-02
-1.666291e-01 -1.569484e-01 1.007659e-01 -2.037249e-01 4.979913e-02 -1.238225e-01 -6.312484e-02 2.532729e-02
6.356719e-01 -2.802566e-01 -3.332443e-03 -7.335601e-02 2.252998e-01 2.045065e-02 2.152110e-01 1.388616e-01
-1.816026e-01 -7.914595e-02 -8.483319e-02 1.847794e-01 3.639288e-01 2.195112e-01 -2.083022e-01 -1.306775e-01
-1.207852e-01 -9.614174e-02 -1.345005e-01 -3.304329e-02 3.312274e-01 5.472582e-02 -1.808976e-01 -1.869322e-01
9.529909e-02 1.025270e-01 3.728108e-01 -2.445532e-01 -1.938853e-01 -1.153876e-01 -1.071108e-01 -1.713783e-01
-3.493500e-01 9.978051e-02 2.603605e-01 2.023309e-01 -5.891033e-02 2.092925e-01 -7.361585e-02 3.371256e-01
-2.852550e-01 -5.306985e-01 2.517354e-01 -1.333062e-01 -1.291528e-01 -8.657746e-02 -1.377216e-01 -3.627864e-02
-1.831318e-01 -7.524872e-02 -1.768487e-01 4.311464e-04 2.995006e-01 -3.341256e-02 -7.167436e-02 -4.130219e-03
-8.941869e-02 -5.141300e-02 -9.558115e-02 1.024491e-01 4.258161e-01 1.905177e-01 -5.676162e-02 -1.969926e-02
-1.833473e-01 -1.095562e-01 3.184386e-01 -1.987419e-01 -5.442455e-02 1.582121e-02 -1.103774e-01 7.568740e-02
-7.041053e-02 -1.930166e-01 -2.278055e-01 2.478334e-01 2.825097e-01 4.008269e-02 -1.848644e-01 -6.656015e-02
-9.608170e-02 -1.730862e-01 -5.861202e-03 2.068714e-01 1.958054e-01 3.828040e-01 -2.254744e-01 -5.521312e-02
-1.214275e-01 -1.145511e-01 -1.404627e-01 -1.952784e-01 2.379208e-01 2.902900e-01 -1.739340e-01 -1.585482e-01
-2.658661e-01 -2.306888e-01 1.655324e-01 -2.355342e-01 -1.872892e-01 -4.216020e-03 -3.098069e-02 9.235590e-02
-2.947684e-01 -3.384876e-01 2.472599e-02 -2.011440e-01 -5.219636e-02 -3.292956e-02 -5.612347e-02 2.981742e-02
7.759485e-02 -1.883835e-02 4.674861e-01 -2.099596e-01 -5.112096e-02 -4.310158e-02 -8.625923e-02 -1.355681e-01
-1.769029e-01 -8.100031e-02 -1.870088e-01 1.818427e-01 3.859415e-01 1.043162e-01 -1.536565e-01 -1.497920e-01
-1.220237e-01 -7.382337e-03 -9.136973e-02 -6.844169e-02 5.605173e-01 1.530617e-01 1.477676e-01 1.077836e-01
-2.570513e-01 -2.120527e-01 4.101940e-01 2.274386e-02 -2.880368e-01 -1.458167e-01 -2.210972e-01 -8.664481e-02
4.315938e-01 -1.846207e-01 2.546767e-01 1.562159e-01 1.681491e-01 1.146176e-01 -1.505161e-01 6.516051e-02
-1.803338e-01 -3.899999e-01 3.543042e-01 -9.287748e-02 -1.259364e-01 -1.766552e-01 -1.695322e-01 1.127474e-01
-1.167571e-01 -9.426256e-02 -1.879863e-01 -5.627304e-02 2.464688e-01 3.446208e-01 -2.318482e-01 -9.850536e-02
-3.257940e-01 4.665882e-02 -1.434077e-01 -1.236255e-01 2.417110e-01 2.847313e-03 -1.272537e-02 3.659258e-01
5.347746e-01 -2.431727e-01 1.008562e-01 1.590004e-01 1.549624e-01 -4.116847e-02 8.529523e-02 3.961710e-02
-1.861552e-01 -9.191574e-02 -1.713898e-01 2.098419e-01 4.745854e-01 2.274594e-02 -1.829983e-01 -9.138447e-02
-1.505255e-01 -8.260501e-02 3.033319e-01 -2.865709e-01 -8.775191e-02 -1.234435e-01 -1.182907e-01 -1.343928e-02
-2.522421e-01 -1.097365e-01 -3.603694e-01 -3.644398e-01 -2.510966e-02 3.321298e-01 -1.745676e-02 5.127070e-03
-2.011947e-01 -2.204656e-01 -1.375279e-01 -5.599192e-02 2.047918e-01 2.478282e-01 -2.873773e-01 -1.936345e-01
-3.566127e-01 -3.913061e-02 -2.359682e-01 -3.387482e-01 1.238097e-01 9.129743e-02 5.283861e-02 1.919048e-01
-2.488775e-01 -4.669378e-01 -4.574641e-02 3.403522e-02 1.777604e-01 -5.656129e-02 -1.385960e-01 -2.152075e-01
-1.945988e-01 -7.326704e-02 6.939942e-02 -1.251050e-01 -1.244689e-03 -1.888872e-01 -2.169743e-01 -7.527046e-02
-3.488238e-01 -1.319345e-01 2.297621e-01 5.610168e-02 -1.154584e-01 -2.930063e-02 -1.259634e-01 1.036510e-01
-3.515461e-01 -3.061094e-01 -1.739980e-01 -2.064474e-01 1.377021e-01 6.906685e-02 -1.489197e-01 4.765720e-02
-2.577924e-01 -3.008565e-02 -1.275541e-01 -4.453088e-02 3.094602e-01 2.512125e-01 -6.473071e-02 -1.004430e-01
-2.682864e-01 -1.488383e-01 -3.206071e-01 -3.803352e-01 1.144578e-01 5.516039e-02 -1.063523e-02 2.272352e-01
2.585840e-01 -4.298748e-01 8.481439e-03 -1.925736e-01 1.327492e-01 5.212326e-02 1.874615e-02 1.719130e-01
-2.717806e-01 -1.827896e-01 -1.754342e-01 -3.785068e-01 1.268387e-01 -1.870697e-02 -6.159010e-03 1.245187e-01
-2.238557e-01 -1.349193e-01 1.233238e-01 -1.642463e-01 -9.272464e-02 -5.855768e-02 -1.035152e-01 1.574970e-01
-2.586913e-01 -2.048152e-01 2.229418e-01 -2.099022e-01 -1.789020e-01 -9.582099e-02 -1.780930e-02 8.210826e-02
-1.300022e-01 -8.950397e-02 -1.852389e-01 1.167320e-01 2.906934e-01 9.438422e-03 -2.961812e-01 -2.168268e-02
-9.679396e-02 -1.442820e-01 -9.626705e-02 5.743291e-01 2.098483e-01 1.691527e-02 -2.911939e-01 1.046425e-01
-3.654699e-01 -4.020225e-01 -4.372217e-02 -8.069129e-02 3.937833e-02 -1.681667e-01 -9.520952e-02 4.194767e-02
-3.718726e-01 5.284556e-01 3.725215e-01 1.156398e-01 -1.411641e-01 -8.798591e-02 -1.633454e-01 -2.145315e-01
-2.562609e-01 -2.108230e-02 -2.364120e-01 -2.780639e-01 1.577826e-01 2.353765e-01 -5.861517e-02 -7.474071e-02
-1.150009e-01 -1.382037e-01 -1.631444e-01 -2.336891e-01 1.295049e-01 1.868573e-01 -2.487152e-01 -2.099148e-01
-2.562656e-01 -2.755285e-01 4.790118e-03 -6.229473e-02 1.490813e-01 -1.232082e-01 -3.619802e-02 -8.417480e-02
-3.012157e-01 -1.977497e-01 -1.261628e-01 8.191095e-02 1.657216e-01 -2.973950e-01 -1.470700e-01 3.616088e-02
-2.178017e-01 1.741458e-01 -1.777416e-01 1.718848e-01 2.208588e-01 -1.230543e-01 -8.755849e-02 1.174197e-01
-2.490202e-01 -8.931303e-02 2.281266e-01 5.493703e-04 -2.476026e-02 1.025216e-01 -1.231761e-01 1.636066e-01
-2.153499e-01 -1.004291e-01 -3.452513e-01 -4.328424e-01 1.201269e-01 4.324470e-02 3.637331e-02 1.032510e-01
-3.021810e-01 1.106941e-01 3.676748e-01 -1.239962e-01 -2.070041e-01 -1.960533e-01 -2.610760e-01 -2.706336e-01
-9.122760e-02 -6.420440e-02 3.855184e-01 -1.930088e-01 -1.455545e-01 -1.476986e-01 -1.146797e-01 -8.741472e-02
-2.499484e-01 -1.078065e-02 -2.278920e-01 -9.321665e-02 3.632628e-01 -8.509764e-03 -1.331923e-01 1.411999e-01
-3.097129e-01 -2.187255e-01 1.228220e-01 -4.904432e-02 3.356165e-02 -1.453382e-01 -8.219583e-02 2.206123e-01
3.035707e-01 -2.678274e-01 -8.108586e-02 5.696357e-02 -3.430376e-02 1.764414e-01 5.381414e-01 2.800835e-01
-2.338753e-01 -3.405770e-01 -1.981329e-02 -1.531097e-01 2.259311e-01 -8.827367e-02 1.284056e-01 2.658907e-02
-3.647402e-01 -1.146294e-01 -1.097243e-01 -4.697846e-03 2.507949e-01 -6.128404e-02 -9.420209e-02 2.617278e-01
-4.964336e-02 -9.523242e-02 -2.562565e-01 1.679204e-01 3.420138e-01 1.500898e-01 -1.447153e-01 9.867697e-02
-2.821253e-01 -2.476785e-01 -3.995501e-01 -1.803016e-01 8.695281e-02 3.880617e-01 -1.118971e-01 8.034497e-02
-3.235281e-01 -1.258138e-01 -9.484546e-02 -5.447904e-02 1.474079e-01 3.928585e-02 -3.345623e-01 -3.022674e-02
-2.099200e-01 -9.119409e-02 2.828476e-01 3.080866e-01 -1.349332e-01 -3.546504e-02 -3.931953e-01 -1.416704e-01
-1.903079e-01 -1.763982e-01 -7.160123e-02 -9.434176e-02 1.947966e-01 -2.473956e-01 -1.427452e-01 -1.474333e-01
-2.979642e-01 -6.236358e-02 -1.910249e-01 -3.023402e-01 1.938783e-01 7.617161e-02 -1.326331e-01 8.013372e-02
1.189655e-02 -2.653345e-01 2.055812e-01 -9.071638e-02 -4.686452e-02 -1.869801e-01 -2.412382e-01 2.270786e-01
3.367791e-01 -1.481814e-01 1.963742e-02 4.765010e-01 2.347075e-01 2.039177e-01 -6.379157e-05 -1.857080e-01
1.008821e-02 -8.403446e-02 1.676021e-01 -3.113035e-04 2.101111e-01 -1.050896e-01 -1.023258e-01 2.443548e-01
6.007094e-01 -1.603184e-01 -4.461948e-02 1.361503e-01 -2.036898e-01 -1.797535e-02 3.964461e-02 -3.975477e-03
-1.082168e-01 -6.890369e-02 3.289725e-01 1.122357e-01 1.592217e-01 -1.925336e-02 -8.988053e-02 -4.316359e-02
5.259863e-01 -1.413755e-01 6.945804e-03 4.564129e-01 3.872177e-01 3.475814e-02 -1.776156e-01 -1.530970e-01
2.430963e-01 -1.726889e-01 1.286465e-01 3.971437e-01 6.032507e-01 2.950890e-01 -1.648463e-01 -2.826997e-01
-1.355355e-01 -7.256433e-02 3.368111e-02 -8.474819e-02 1.459026e-02 -1.064716e-01 -2.595968e-01 6.049727e-01
4.255409e-01 -2.644705e-01 8.601492e-03 3.202199e-01 1.193743e-01 1.767479e-01 8.050349e-02 -2.592528e-01
3.446298e-01 -5.988577e-02 1.774935e-01 -4.027522e-02 3.163837e-02 1.863770e-01 -7.507893e-03 -1.458177e-01
9.067169e-02 -3.053233e-02 2.843391e-01 1.526552e-01 6.420213e-01 1.394214e-01 -2.351671e-01 -2.112148e-01
4.631592e-03 -1.563709e-01 3.675393e-01 2.391035e-01 4.651145e-01 -2.150769e-02 1.089448e-01 -1.229926e-01
7.290134e-01 -1.902028e-01 8.797722e-04 1.078494e-01 -1.553531e-01 1.045444e-01 1.709271e-01 -1.670997e-01
3.710324e-01 -2.773102e-01 7.396899e-03 4.538094e-01 8.624149e-02 1.322511e-01 4.236055e-02 -3.287665e-01
6.975792e-02 -7.402778e-02 1.536489e-01 7.182274e-02 5.665082e-02 -1.394934e-01 -2.075702e-01 2.886563e-01
-1.124965e-01 -3.908371e-01 1.804453e-01 -7.647735e-02 3.421195e-01 -2.929310e-01 -1.302534e-01 -1.037472e-01
3.037395e-01 6.583263e-02 3.597314e-02 3.261027e-01 4.199912e-01 2.670234e-01 -1.120479e-01 -1.595627e-01
2.534110e-01 -2.036345e-01 1.432998e-01 3.971883e-01 -2.800065e-02 2.399356e-02 -4.601938e-02 -5.507199e-02
1.595902e-01 2.741264e-01 1.767565e-02 3.778280e-01 2.402315e-01 2.747291e-01 -1.980439e-01 4.133616e-02
-1.941925e-01 7.590019e-02 2.226369e-01 -2.169026e-01 2.960076e-01 -8.096527e-02 -2.444067e-01 2.360038e-01
6.580781e-01 -2.833334e-01 -9.914410e-02 1.669033e-01 -2.067914e-01 -3.268456e-02 1.203021e-02 -1.029483e-01
-2.586085e-02 -1.879770e-01 4.421712e-01 6.406169e-02 1.916703e-01 -4.961897e-02 -9.239820e-02 -1.179749e-01
1.702489e-01 -2.307203e-01 -5.546205e-03 3.955270e-01 2.132244e-01 3.018198e-01 -1.485087e-01 -3.557304e-01
3.309408e-01 -8.119526e-02 3.844178e-02 2.639049e-03 1.431869e-02 -1.340027e-01 2.245896e-01 -1.209961e-01
-2.340217e-02 -2.759318e-01 2.551839e-01 -4.768431e-02 -8.063307e-02 -1.396713e-01 -1.394252e-01 4.115972e-01
4.082226e-01 -1.237771e-01 -8.289986e-02 3.831384e-01 2.164985e-01 2.305201e-01 -4.938128e-03 -3.087574e-01
-1.722399e-01 8.678640e-02 2.278295e-01 -3.429178e-01 4.388188e-01 -1.548661e-01 -5.594137e-02 3.001831e-01
-2.066128e-01 7.000167e-02 1.214471e-01 9.829088e-02 6.477337e-02 5.755720e-02 -1.978840e-01 2.855249e-01
6.284502e-01 -1.592032e-01 -5.828902e-02 1.589235e-01 1.088532e-01 2.020084e-01 1.192756e-01 -1.796932e-01
9.143323e-02 -1.191552e-01 2.948406e-01 2.605694e-01 6.462781e-01 -2.351677e-03 -7.315440e-02 -2.015203e-01
4.511837e-02 -1.241207e-01 9.906457e-02 9.408788e-02 -6.633406e-03 -8.796771e-02 -4.167707e-02 2.179926e-02
4.849550e-01 -2.772661e-01 1.321180e-02 3.609977e-01 2.836380e-02 2.417726e-02 1.705887e-02 -1.029334e-01
1.535531e-01 -3.315148e-01 4.729899e-02 -1.873575e-01 -1.798625e-01 -1.745097e-01 3.103442e-01 -3.384787e-02
6.433659e-01 -1.667395e-01 -1.169379e-02 1.169415e-01 -1.621514e-01 2.896961e-02 1.208300e-01 -2.320028e-01
4.876671e-01 4.496172e-03 5.481940e-02 4.087488e-01 2.454458e-01 2.264780e-03 -1.232842e-01 -1.077714e-01
2.026345e-01 -8.756056e-02 1.224546e-01 1.747230e-01 5.929295e-02 -6.569338e-02 2.836546e-02 -9.348966e-02
1.741495e-01 -2.893466e-01 -7.674202e-02 -6.020505e-02 -2.267506e-01 -3.063714e-02 4.690895e-03 -1.309121e-01
-6.450859e-02 -2.484658e-01 2.655795e-01 -8.399997e-02 -1.236658e-01 -2.246067e-01 -1.275966e-01 3.530474e-01
4.872551e-01 -1.304063e-01 9.296121e-03 4.195046e-01 4.239277e-01 2.110202e-01 -1.179595e-01 -2.441516e-01
-1.368811e-02 -2.279795e-01 1.909897e-01 3.002756e-02 -3.582813e-02 5.655073e-02 -1.070813e-01 -2.749677e-01
2.155367e-01 1.301360e-01 -2.586463e-02 -1.717167e-01 4.234601e-02 3.534904e-02 1.674144e-02 1.073796e-01
3.572655e-01 -1.424102e-01 -6.369863e-02 5.112682e-01 1.688414e-01 6.402308e-02 -1.310587e-02 -2.699243e-01
7.239983e-03 -9.059940e-02 2.952781e-01 1.174916e-01 7.065975e-01 -8.093821e-02 -9.833828e-02 -1.010775e-01
1.875461e-02 -1.598063e-01 3.738770e-01 4.633352e-02 9.052106e-02 -3.951382e-02 -9.813771e-02 -1.088361e-01
2.411207e-01 -1.574475e-01 6.878864e-02 3.771040e-01 3.568466e-01 -7.101809e-03 5.075690e-02 -1.677377e-01
-9.872220e-02 -1.359910e-01 2.678709e-01 9.178369e-02 4.283641e-01 -7.542231e-02 5.422442e-03 -5.551625e-03
-2.894521e-02 -2.164105e-01 2.284282e-01 1.774310e-01 1.171260e-01 1.028783e-02 -3.344226e-02 -4.177407e-02
4.208719e-01 -3.729782e-02 6.660313e-02 3.499387e-01 2.513088e-01 3.011671e-01 -1.568446e-02 -2.543242e-01
2.152332e-01 -1.551030e-01 1.563815e-01 3.301544e-01 6.260977e-01 -3.265828e-02 -7.156709e-03 -2.140260e-01
1.369468e-01 6.215078e-02 -2.502440e-01 1.394240e-01 2.392345e-02 1.194026e-02 -1.732186e-01 2.594415e-01
2.391624e-01 8.144634e-02 -8.840630e-03 3.498707e-01 2.323040e-01 4.595870e-01 -6.810365e-02 -1.736532e-01
7.283724e-01 -1.821114e-01 -5.649335e-02 1.062872e-01 -1.350717e-01 -3.199801e-02 9.046651e-02 -9.183746e-02
-6.692179e-02 -2.722219e-01 3.816995e-01 9.241939e-02 2.908506e-01 -1.042581e-01 -2.101826e-02 -1.331071e-01
5.445583e-01 -1.386041e-01 -4.205753e-02 4.088923e-01 2.615110e-01 2.172059e-01 -9.334355e-02 -1.678334e-01
3.719358e-01 -9.626557e-02 -6.800085e-02 1.180288e-01 -7.505584e-02 -3.706297e-02 4.881272e-02 -1.685887e-01
-3.960332e-02 -2.761583e-01 3.207377e-01 -1.287183e-01 -2.602021e-01 -7.785532e-02 2.829525e-01 -1.699871e-01
1.329651e-01 -5.604573e-02 2.787869e-01 3.822353e-01 4.202134e-01 1.983049e-01 -1.933828e-02 -2.638139e-01
3.690720e-01 -2.043572e-01 1.657268e-02 5.231347e-01 1.829150e-01 1.897247e-01 -2.396568e-02 -1.432945e-01
1.079234e-01 -3.922968e-03 1.016395e-01 2.870983e-01 5.648573e-01 8.064058e-02 3.024952e-03 -1.186046e-02
3.776824e-01 -2.093453e-01 5.001339e-02 4.002338e-01 4.886736e-01 2.336357e-01 -1.234666e-01 -2.710435e-01
-1.514459e-01 -1.701420e-01 1.869164e-01 1.131493e-01 4.705119e-02 -6.355471e-02 -1.230959e-01 3.575968e-02
-1.421137e-01 -6.847782e-02 1.944139e-01 -1.273875e-02 3.783039e-01 -3.816034e-02 -1.317955e-01 2.663261e-01
4.998953e-01 -1.784419e-01 1.869463e-02 4.028991e-01 1.591667e-01 -2.209958e-02 -2.842441e-02 -1.421127e-01
-1.277505e-02 -1.703530e-01 2.252697e-01 3.912568e-02 6.386147e-01 -1.479033e-01 -8.818079e-02 3.808702e-02
-1.225491e-01 1.716912e-01 -1.510167e-01 4.791699e-01 -2.033221e-02 -2.854172e-02 -1.640816e-01 -2.452410e-01
-7.981154e-02 -1.261145e-01 2.213294e-01 -2.195013e-01 2.440936e-01 1.063766e-01 1.454333e-01 1.128933e-01
-1.383034e-01 -1.732200e-02 -9.682467e-02 3.002159e-01 -6.882046e-02 -5.849826e-02 -1.430071e-01 -6.815205e-02
-7.818065e-02 -1.070257e-01 1.858650e-01 1.682133e-01 -1.116255e-01 -5.785345e-02 -8.089740e-02 -1.127183e-01
-1.865752e-01 -1.164600e-01 -9.059637e-02 -2.849699e-02 -1.440084e-01 2.742402e-01 2.214239e-01 -4.765737e-02
6.225212e-02 3.847247e-01 -2.611108e-01 -5.709010e-02 -2.113775e-02 9.016048e-02 3.841735e-01 -6.809131e-02
-2.075397e-02 -6.458039e-02 -5.693873e-02 -2.282766e-02 3.155168e-01 -1.842494e-03 4.461533e-01 -4.786310e-02
-9.691785e-02 1.383915e-01 -4.097250e-03 2.436828e-01 -9.327456e-02 -6.960164e-02 -1.670444e-01 -1.318657e-01
-1.240643e-01 -7.959612e-02 -5.363714e-02 7.064719e-02 2.196066e-02 1.035710e-04 -1.727856e-01 -1.429375e-01
3.748271e-02 -2.560498e-02 3.340094e-02 1.923409e-01 9.513380e-02 1.359648e-02 -2.286842e-01 5.697398e-02
-1.223252e-01 -6.095365e-02 -5.229397e-02 -5.733826e-02 -1.859531e-01 1.750111e-01 3.237400e-01 -9.791745e-02
-1.084882e-02 -3.285412e-02 -1.782120e-02 -2.943521e-02 7.950128e-02 -4.016731e-02 4.683651e-01 -6.598892e-02
-1.021509e-01 7.790348e-03 7.268921e-02 2.656257e-01 -9.230304e-02 -5.670514e-02 -1.138754e-01 -1.062292e-01
-1.107791e-01 4.816202e-02 -1.085497e-01 4.356830e-01 -6.658161e-02 -8.443336e-02 -1.008608e-01 -1.007651e-01
6.110984e-02 2.035115e-01 -1.461375e-01 -5.016487e-02 -9.002683e-02 3.918969e-01 3.478996e-01 4.896842e-02
-1.222249e-01 3.150620e-01 -2.129509e-01 4.853134e-01 -4.981123e-02 -3.533430e-02 -1.251207e-01 -1.610990e-01
-1.022756e-01 2.604702e-01 -1.129817e-01 1.488514e-01 -1.467409e-01 3.874421e-01 1.725522e-01 -2.759580e-02
-1.309325e-01 -2.359362e-02 -1.152629e-01 1.252263e-01 -1.519596e-01 3.737374e-01 2.177042e-01 -1.412129e-01
-4.579309e-02 -2.601676e-01 1.393871e-01 3.523636e-03 -1.202634e-01 2.833424e-01 1.585834e-01 -1.765345e-02
-9.483794e-04 -1.387593e-01 -4.089253e-02 -4.293246e-03 2.063918e-01 -2.148728e-02 5.377030e-01 -1.025697e-01
-1.256535e-01 -5.212128e-02 -1.208059e-01 -7.300910e-02 -9.298689e-02 -1.201519e-01 -1.213375e-01 -9.120163e-02
-1.079378e-01 -1.012741e-01 -9.916389e-02 1.584316e-01 -9.996863e-02 -6.419870e-02 -1.438161e-01 -1.022234e-01
-2.307362e-02 -7.727501e-02 1.053029e-01 -3.776243e-02 -1.209770e-01 -6.761155e-03 -1.962439e-01 -1.214602e-01
1.524031e-01 1.490240e-01 -1.583351e-01 -2.284063e-02 1.595706e-01 2.628761e-01 3.257061e-01 -2.221344e-02
-1.084570e-01 9.951676e-02 2.104112e-01 2.352450e-01 -6.037738e-02 8.673652e-02 -1.363549e-01 -1.984050e-01
-1.235327e-01 4.971100e-02 1.051037e-01 -2.130789e-01 8.745407e-02 2.429312e-01 3.904641e-01 2.369023e-01
1.210645e-01 3.224807e-01 -1.890106e-01 6.609800e-02 1.943258e-01 1.061109e-02 3.790831e-01 -1.465318e-01
-1.556015e-01 -1.848055e-01 2.449938e-01 -9.780890e-02 -8.869987e-02 1.937104e-01 3.144198e-01 -1.057395e-01
-1.749478e-01 3.951346e-02 -1.929646e-01 4.113040e-02 -2.203312e-01 2.934513e-01 2.556655e-01 4.369654e-02
-5.767542e-03 1.082308e-01 -1.378013e-01 1.212737e-01 2.513879e-02 2.455433e-03 -2.537573e-01 -6.877335e-02
-1.663976e-01 1.452958e-03 2.146242e-01 6.747461e-02 -4.423955e-02 -7.606605e-02 -1.124014e-01 -2.123748e-02
1.278205e-01 2.320720e-01 -6.007358e-02 -1.076010e-01 3.894166e-01 1.534971e-01 1.632844e-01 -4.980788e-02
-1.494998e-01 -1.991322e-01 2.131290e-01 -4.173756e-02 -1.457499e-01 2.707640e-01 1.079958e-01 1.969376e-03
-1.435647e-01 -1.279233e-01 -4.120366e-02 -9.310608e-03 -2.257759e-01 1.677908e-01 2.594627e-01 -6.702936e-02
2.288652e-01 8.638299e-02 -1.661347e-01 -1.276286e-02 2.013574e-01 2.921769e-01 2.313638e-01 -2.140333e-01
-7.830270e-02 -1.023818e-01 -3.666247e-02 -7.404510e-02 1.065951e-01 7.872286e-02 -8.792894e-02 -1.100912e-01
-1.051163e-01 6.604344e-02 -3.408860e-02 2.453929e-01 2.667912e-03 -3.443610e-02 -1.854467e-01 -1.371630e-01
-6.487478e-02 1.926294e-01 -1.567818e-01 3.792613e-01 -5.962577e-02 -6.782196e-02 -2.003591e-01 -9.640367e-02
2.309259e-02 1.555460e-01 -1.837959e-01 2.434278e-02 4.290365e-02 3.758489e-03 4.379948e-01 -1.097084e-01
-1.050159e-01 1.091670e-01 4.091924e-02 3.369569e-01 -4.519877e-02 -1.433453e-02 -1.265731e-01 -1.804008e-01
-6.379335e-02 -1.301871e-01 7.474273e-02 1.648431e-02 -3.955150e-02 3.771953e-02 -1.944131e-01 -1.247230e-01
9.327703e-02 2.980441e-01 -1.639318e-01 -8.932631e-02 -2.197934e-02 3.519826e-01 2.416998e-01 -1.150243e-01
-1.575027e-01 2.561710e-01 -5.088594e-02 3.593549e-01 3.140796e-02 3.107245e-02 -2.674167e-01 -1.827360e-01
-1.074986e-01 3.576318e-02 1.505621e-01 1.786076e-01 -5.530226e-02 -3.311234e-02 -1.311965e-01 -9.004550e-02
-1.139044e-01 -1.351071e-01 1.182748e-01 -7.889540e-02 2.122495e-01 -3.351680e-02 5.459929e-01 -2.853755e-03
-1.197220e-01 5.035299e-01 -2.309937e-02 3.033904e-01 -7.089692e-02 -6.653352e-03 -1.683156e-01 -4.387130e-02
-2.238684e-02 -1.515138e-01 -9.716377e-02 -5.460478e-03 -4.335295e-02 4.750172e-01 2.044439e-01 -9.785164e-02
-1.053142e-01 7.014239e-02 -1.526536e-01 2.713651e-01 -9.274314e-02 -7.530252e-02 -1.276830e-01 1.006323e-01
4.408572e-02 2.964725e-02 -1.386564e-01 1.695816e-01 3.459135e-02 2.989683e-02 -2.800263e-01 -1.811332e-01
5.670835e-02 1.018583e-01 -1.344614e-01 6.436601e-02 3.035363e-01 -1.421271e-02 4.514822e-01 -1.227922e-01
-7.269267e-02 -1.593238e-01 -1.806310e-02 2.293141e-01 -1.670045e-01 -4.785676e-02 -1.262482e-01 -1.407032e-01
1.011863e-01 -6.428245e-02 4.246554e-02 -1.139559e-01 3.323614e-01 2.637729e-01 2.707860e-01 1.534814e-02
-7.789079e-02 2.357779e-02 3.659238e-02 2.913900e-01 3.192505e-04 1.066682e-01 -2.758199e-01 -1.977832e-01
-4.747650e-02 3.434847e-01 -1.959571e-01 3.096544e-01 -6.547316e-02 -5.824237e-02 -2.011672e-01 -5.907280e-02
-1.765013e-01 -1.084807e-01 6.753927e-02 1.919016e-02 -6.884519e-03 -1.245804e-01 -1.231832e-01 -3.877413e-02
-8.998318e-02 -6.717941e-02 -1.001167e-01 1.169306e-01 -1.434058e-02 -7.274883e-02 -1.893467e-01 -5.916288e-02
3.281927e-02 -4.012977e-03 -1.350516e-01 2.067818e-02 3.289277e-02 3.679054e-02 4.185442e-01 -5.503035e-02
-7.125396e-02 -1.147534e-01 6.846471e-02 -9.916843e-02 -1.057934e-01 3.226534e-01 2.567611e-01 -5.410903e-02
1.026726e-01 4.947458e-01 2.707076e-02 -3.241792e-02 3.765068e-02 2.713826e-01 1.821599e-01 -1.246656e-01
-1.586886e-01 1.258384e-01 -1.114132e-01 -1.587948e-01 4.392970e-02 -1.053876e-01 -5.077302e-02 7.248453e-02
-1.252651e-01 -1.080996e-01 1.386685e-01 -3.121843e-03 -1.176424e-01 -8.417723e-02 -1.218847e-01 -4.539081e-02
-1.092146e-01 2.099525e-01 -5.939095e-02 3.533429e-01 -4.474527e-02 -6.028558e-02 -1.672368e-01 -1.881631e-01
-1.075677e-01 -1.456000e-01 3.403929e-01 5.736910e-02 -7.645372e-02 -4.796747e-02 -1.039489e-01 -1.090176e-02
-1.222119e-01 3.708873e-01 -4.400548e-02 9.807248e-02 -5.280382e-02 -9.405935e-02 -1.334181e-01 -1.327871e-02
-8.057773e-02 -8.512792e-02 -3.756939e-01 -7.721312e-02 -3.213643e-01 -7.724780e-02 2.691846e-01 -1.190929e-01
2.190127e-01 -9.095733e-02 1.516474e-01 -5.081328e-02 -1.581251e-01 1.418156e-02 -7.824510e-02 -7.332352e-03
-7.223868e-02 -1.294142e-01 -1.495239e-01 2.124901e-02 1.006227e-01 -2.003670e-01 3.080050e-02 -6.769434e-02
1.934865e-01 -1.266305e-01 -9.810524e-02 -5.751451e-02 3.171424e-02 -1.874233e-01 -1.271820e-01 1.899949e-01
-1.517160e-01 -1.453709e-01 -1.254294e-01 -8.596955e-02 1.162616e-01 -8.224232e-02 6.595200e-02 -1.491185e-01
-4.500846e-02 -1.026272e-01 -2.054500e-01 1.921165e-01 -1.817178e-01 -1.113635e-01 2.636910e-01 -1.865527e-01
-3.324091e-02 -1.100911e-01 -1.515473e-01 -4.713814e-02 -2.019799e-01 -1.605489e-01 5.751026e-01 -1.075012e-02
6.597321e-02 -7.707036e-02 3.210756e-01 -4.552120e-02 2.276321e-02 1.831368e-01 -1.302999e-01 6.731466e-02
4.037553e-01 -5.112275e-02 -1.496396e-02 -2.290867e-02 -1.443150e-01 -1.044571e-01 -5.837504e-02 4.342942e-04
-4.404391e-02 5.370581e-01 -2.556098e-02 8.032706e-03 -9.135599e-02 -1.161210e-01 -3.470176e-02 1.216963e-01
3.504628e-02 -1.644832e-01 7.229612e-03 -1.166339e-01 -9.169031e-02 3.382370e-01 -5.061965e-02 1.189061e-01
7.435859e-02 -1.658274e-01 -9.651015e-02 1.454941e-01 -8.773448e-02 -1.323354e-01 5.481227e-01 1.317467e-03
-1.486046e-01 2.075668e-01 9.986828e-03 5.070810e-01 -4.756163e-02 -1.493443e-01 -1.218994e-01 -1.145719e-01
3.794063e-01 -1.056881e-01 -1.324090e-01 -1.203410e-01 -1.870109e-01 -1.342247e-01 1.442508e-01 1.733657e-01
9.576797e-02 -1.126809e-01 -3.173526e-01 9.933158e-02 -1.854724e-01 -1.273520e-01 1.136070e-01 -1.327341e-01
2.090520e-01 -1.672249e-01 1.559517e-02 7.199808e-03 1.506741e-01 -1.195440e-01 -2.176758e-01 2.744691e-01
1.804739e-01 -1.371365e-01 -2.141941e-02 -8.752471e-02 9.417721e-02 1.083870e-01 -1.661165e-01 2.119420e-01
4.267106e-01 -4.464242e-02 7.028171e-02 1.356578e-01 -2.580255e-01 -2.734142e-01 6.339971e-02 3.041178e-02
1.547466e-01 -6.541543e-02 -2.101135e-01 -2.100499e-01 -1.203510e-01 -1.372163e-01 -3.246939e-02 -9.611305e-02
-1.286232e-01 -1.558106e-01 -1.045145e-01 -6.590112e-02 2.361580e-01 -8.439265e-02 -1.360786e-01 -5.685625e-02
-5.869148e-02 -8.972816e-02 -1.310994e-01 -1.706841e-01 1.314156e-01 -1.434645e-01 -9.951954e-02 -1.156930e-01
-1.637125e-01 -1.540295e-01 -2.042651e-01 -2.425421e-01 -1.194397e-02 -1.025195e-01 4.281625e-01 -2.025611e-01
3.616116e-01 6.390340e-03 -4.509120e-02 -1.732245e-01 -2.414450e-01 -1.994591e-02 -1.595311e-01 -2.629829e-01
3.419279e-01 -1.309157e-01 -6.632115e-02 8.112638e-03 -1.615664e-02 -2.175703e-01 -9.784339e-02 3.006111e-01
8.535776e-02 -2.053596e-01 -4.890460e-03 2.318292e-01 -3.162063e-02 -1.199497e-01 5.094693e-01 1.239773e-01
1.486332e-02 -5.535464e-02 -2.031199e-01 -5.287380e-03 -3.225140e-01 -1.418683e-01 2.775513e-01 -1.661969e-01
-4.771163e-02 -8.633912e-02 -2.608549e-01 2.256747e-01 -1.474014e-01 -5.465251e-02 3.548462e-01 -3.991452e-02
-1.752933e-01 -9.704178e-02 9.575065e-02 -9.358150e-02 1.426162e-01 1.255136e-01 6.361262e-03 -1.814506e-01
-8.295141e-02 1.254217e-01 -1.000042e-01 -1.848664e-01 -1.342121e-01 1.062354e-01 1.308492e-01 -1.509001e-01
4.522552e-01 1.667720e-03 -1.832981e-02 7.991642e-03 -1.226364e-01 -5.887144e-02 -7.531464e-02 5.403965e-02
2.128751e-01 -8.488575e-02 -1.147902e-01 -1.187293e-01 -4.244448e-02 -1.420683e-01 -9.290256e-02 6.728475e-02
-1.730471e-02 3.643727e-02 -2.874098e-01 -1.337165e-01 5.369001e-02 -9.545320e-02 9.485191e-02 -4.484497e-02
2.323933e-02 -1.855477e-01 -1.859915e-01 -1.470855e-01 -3.566914e-02 1.108581e-01 -1.535156e-02 2.499405e-02
-6.190798e-02 4.477542e-01 9.832673e-02 4.883813e-01 7.417591e-02 -3.387310e-02 -2.138882e-01 1.090200e-01
3.677092e-01 -7.950364e-02 1.803386e-02 4.527895e-02 -9.773159e-02 -9.941090e-02 -1.712359e-01 1.219228e-01
-2.058376e-01 1.094050e-01 -1.350768e-01 2.021237e-01 -1.423180e-01 2.691156e-02 3.357975e-01 1.343500e-01
-2.264969e-01 3.647074e-02 -1.341141e-02 -2.893791e-03 8.352170e-02 1.930568e-02 -3.418274e-02 -8.159875e-04
-1.522852e-01 3.424744e-01 1.077623e-02 3.759332e-01 -3.580737e-02 -1.321300e-01 -3.160627e-03 2.069209e-01
4.527515e-02 -8.228829e-02 -7.136680e-02 -9.404709e-02 3.743939e-02 -1.023944e-01 -8.384551e-02 -2.028246e-02
3.205311e-02 -1.563125e-01 -2.651353e-02 -7.924014e-02 1.208245e-01 -1.125887e-01 -1.760428e-01 1.174660e-01
-1.256347e-01 1.340737e-01 -5.975509e-02 -6.591125e-02 3.687622e-02 8.826017e-03 6.039291e-02 -2.043870e-01
3.943521e-01 1.190368e-02 -1.619582e-01 -9.175357e-02 -2.189689e-01 -1.067973e-01 -6.905559e-02 -1.484199e-01
-7.660697e-02 -7.173388e-02 -1.136004e-01 -6.851719e-02 8.945757e-02 -7.451669e-02 3.330278e-02 -6.494968e-02
3.545583e-01 -9.002171e-02 -8.789103e-02 -5.919915e-02 -1.013078e-01 -1.063016e-01 4.456877e-03 1.732294e-01
-3.174130e-01 3.644739e-01 1.710785e-01 1.663819e-01 9.648099e-02 -5.704681e-03 -7.487173e-02 1.326501e-01
2.654653e-01 -8.254352e-02 -1.571586e-01 -1.748777e-01 -1.332104e-01 -7.384832e-02 -6.894314e-02 4.490399e-02
1.072558e-02 8.831875e-02 -2.261828e-02 -1.937645e-01 6.665987e-02 1.442670e-01 -1.061936e-01 -2.304580e-01
-5.796659e-02 -1.214189e-01 -1.804678e-01 -1.387148e-01 -1.457780e-01 -1.288169e-01 4.885810e-01 -1.138640e-01
2.526251e-01 -1.503496e-01 -9.298068e-02 -1.480513e-01 -1.416720e-01 6.010903e-02 -1.936941e-01 1.841034e-01
2.766213e-01 -6.936724e-02 -2.472173e-01 -2.492734e-02 -9.230913e-02 5.648325e-02 -1.432321e-01 -1.894023e-01
3.112817e-01 -1.103068e-01 -1.323585e-01 -9.342027e-02 -7.717951e-02 -1.908887e-01 -2.863080e-03 1.942489e-01
-1.129294e-01 -1.557233e-01 -1.177378e-01 -1.295258e-01 1.722158e-01 2.035233e-01 -2.912373e-02 -7.909006e-02
3.128364e-01 -9.778798e-02 -1.411954e-01 -2.900689e-02 -1.472385e-01 -1.166738e-01 -8.728880e-02 -1.483862e-01
1.602002e-01 -5.342574e-03 -6.083322e-02 -3.312453e-02 -8.925807e-02 1.587897e-01 -4.069837e-02 -9.859664e-02
-1.480843e-01 -1.098575e-01 -6.023794e-03 -6.993110e-02 2.424333e-02 3.093371e-01 -1.837003e-03 -1.027065e-01
4.336211e-01 8.534245e-03 -3.333522e-02 1.571689e-02 -6.993064e-02 -1.024648e-01 -6.722197e-02 7.159679e-02
-3.429549e-03 -9.995775e-02 5.336829e-02 1.330346e-02 -1.034852e-01 2.469663e-01 -1.888738e-01 -1.014108e-01
-2.432344e-02 -1.307764e-01 -1.134042e-01 1.747228e-02 -2.174474e-01 -1.953926e-01 5.056158e-01 5.927204e-02
3.592428e-01 -1.582796e-01 -1.210063e-01 -4.142710e-02 -1.525574e-01 -1.719858e-01 4.568435e-02 2.964669e-01
-1.123145e-01 -2.543837e-02 -4.815871e-02 3.092996e-02 1.754444e-03 1.246815e-01 4.427127e-02 -1.409797e-01
3.911397e-01 -7.001114e-03 -4.622084e-02 -2.193870e-01 -1.878968e-01 -1.096294e-01 -7.161868e-02 -1.945582e-01
2.958235e-01 -1.064167e-01 -2.354153e-01 3.424989e-02 -1.270614e-01 -2.433382e-02 3.222844e-03 -3.581779e-02
-6.041515e-02 6.457629e-02 -1.651759e-01 -9.472346e-02 -1.157765e-02 5.463892e-02 4.108224e-02 -1.648126e-01
2.402101e-01 9.113598e-02 -5.880021e-02 -2.057731e-01 -3.869198e-02 2.388722e-02 -1.235014e-01 -1.306144e-01
-2.925265e-01 -1.385810e-01 1.080540e-01 -6.412594e-02 -7.505784e-03 -2.753028e-02 -1.026030e-01 1.714111e-01
-5.820546e-02 -8.916693e-02 -1.146331e-01 -7.214595e-02 1.666743e-01 3.364830e-01 7.618646e-02 -5.905521e-02
4.247670e-01 -6.931740e-03 2.053817e-01 -9.916065e-02 -6.536920e-02 -1.166451e-01 2.873235e-01 -7.851664e-02
-2.002235e-01 -2.719345e-01 -1.994393e-02 2.611247e-02 1.236605e-01 1.431931e-01 -3.176963e-01 1.647047e-01
1.994229e-02 -3.874117e-01 9.296083e-02 -1.055477e-01 1.141638e-02 -4.888820e-02 2.486471e-02 1.752260e-01
-3.648156e-02 -6.118309e-02 -1.474031e-01 -2.912161e-01 1.884782e-01 1.942770e-01 1.027882e-01 5.398871e-02
-2.271198e-01 -4.263858e-01 -6.975566e-03 -1.037182e-01 -1.756651e-02 -8.873592e-02 -1.971218e-01 -3.208548e-02
-9.174383e-02 2.025935e-01 -9.782705e-02 3.275173e-01 1.050668e-01 -2.333868e-02 -1.125587e-01 1.124733e-01
-2.799350e-01 1.142029e-01 3.019925e-01 -5.226948e-02 1.848690e-02 3.044674e-02 7.386317e-03 2.674539e-01
-1.286424e-01 -2.362173e-01 3.167274e-01 3.073177e-02 -1.186990e-01 -2.158271e-01 -1.866543e-01 -2.627870e-02
-6.416997e-03 -3.970714e-02 3.320608e-01 -9.647359e-03 -2.781889e-01 1.077208e-01 -1.544478e-01 -2.321711e-01
-1.700301e-01 -1.317986e-01 -7.631125e-02 2.679395e-01 4.189336e-01 8.304212e-02 -1.873524e-01 -1.450650e-01
-2.730125e-01 -8.676048e-02 -1.626989e-01 -9.447637e-02 1.887641e-01 1.003686e-01 -1.563240e-01 -5.552730e-02
5.872942e-01 -7.252933e-02 2.234989e-01 -1.348285e-01 -1.383157e-01 -4.234471e-02 2.042694e-01 8.270272e-02
-6.302197e-02 5.439544e-02 2.179012e-01 2.157644e-01 -1.147178e-01 1.277460e-01 -2.654411e-01 -4.001076e-01
-2.590443e-01 1.067318e-01 3.530432e-02 -2.585779e-02 2.215160e-01 -1.840364e-02 -1.377993e-01 -7.450034e-02
-2.318830e-01 -1.369097e-02 -2.506503e-01 6.715903e-02 3.163745e-01 -6.307013e-02 -1.438755e-01 4.080246e-02
-1.486925e-01 -2.907915e-02 -2.701252e-01 2.377195e-01 2.113379e-01 2.623328e-01 1.448888e-02 4.327149e-02
-1.076572e-01 -2.666251e-01 2.659895e-01 5.849426e-02 -1.703254e-02 -3.630246e-01 -1.290496e-01 -1.205142e-01
-1.386554e-01 -5.390905e-01 1.664626e-01 3.598043e-02 -1.035584e-02 -1.097407e-01 -2.242780e-01 2.024768e-02
-2.019853e-01 -2.145069e-02 -1.496917e-01 -2.339990e-01 1.107579e-01 1.037818e-01 8.957117e-02 -5.574071e-02
-2.241130e-01 -2.920984e-02 -1.180545e-01 4.530172e-02 1.929302e-01 -2.189328e-02 -3.524292e-01 -1.039050e-01
-1.349163e-01 7.253091e-02 4.459482e-01 1.263808e-01 -2.092721e-01 -7.302587e-02 -3.613665e-01 -1.294360e-01
-2.689562e-01 -8.076856e-02 -1.010184e-01 -2.215527e-01 1.564450e-01 1.907630e-02 8.769426e-02 1.198317e-01
-2.917325e-01 3.835849e-02 3.934076e-02 -1.158250e-01 1.966343e-01 -1.756610e-01 -2.823822e-01 -8.479387e-02
-1.761917e-01 -1.053763e-01 -3.136493e-02 1.184285e-01 4.003765e-01 1.307758e-01 -1.866921e-01 -8.551697e-02
-1.655354e-01 -2.102736e-01 2.778536e-01 -7.679920e-02 -2.485410e-02 -1.067309e-01 -2.332000e-01 1.600769e-01
-1.438348e-01 1.514556e-02 4.579803e-02 -2.353697e-01 3.338845e-02 1.261960e-01 1.296491e-01 -1.211188e-01
-1.175473e-01 -1.698040e-01 -6.596061e-02 4.437661e-01 3.690542e-01 2.150431e-01 -2.525616e-01 -2.871347e-01
1.093084e-01 -4.241046e-02 -9.522340e-02 -2.008733e-01 2.262532e-01 2.739932e-01 1.612873e-01 -1.236685e-02
-8.697922e-02 -9.164543e-02 -2.152127e-01 -9.904441e-02 3.575533e-01 1.755125e-01 1.368985e-01 4.233110e-02
-3.209137e-01 -2.120560e-01 -8.033906e-02 -1.253025e-01 2.035403e-01 -3.166185e-02 -2.878902e-01 -6.474348e-02
-2.356311e-01 -2.195242e-01 -9.585493e-02 2.149727e-01 3.400445e-01 9.753633e-02 -2.073358e-01 3.084880e-02
-6.001773e-02 -1.951821e-01 -1.869119e-01 -5.199964e-02 2.028282e-01 3.109120e-01 6.735305e-02 1.496345e-03
-1.959085e-01 -1.999193e-01 2.735753e-01 -9.469631e-03 -1.168417e-01 -2.749013e-01 -1.023109e-01 -1.252216e-02
-9.143229e-02 2.029090e-03 3.803685e-02 4.178386e-01 3.088906e-01 2.389952e-02 -3.721264e-01 -2.005375e-01
-2.568802e-01 1.076014e-04 -1.607135e-01 -1.381694e-01 1.511475e-01 -1.480631e-01 -1.452746e-02 1.716849e-02
3.802863e-01 -1.573695e-01 1.143717e-01 -7.792693e-02 8.156042e-02 8.807346e-02 2.071193e-01 4.370108e-02
-1.856001e-01 -1.423814e-01 -1.248138e-01 1.439389e-01 3.762118e-01 1.523570e-02 -1.618243e-01 -6.803150e-02
2.150564e-01 -2.098987e-01 3.260216e-01 1.152527e-01 2.987052e-02 -1.507321e-01 1.700629e-01 -1.887159e-01
-1.882698e-01 -1.164255e-01 -1.974978e-01 2.083961e-01 2.920828e-01 8.137894e-02 -3.352522e-01 -2.009774e-01
3.291028e-01 -2.671483e-01 2.080167e-01 1.903114e-01 6.539290e-02 -7.367856e-02 -6.982307e-02 -9.512588e-02
-2.191321e-01 1.626095e-01 2.824397e-01 -1.333797e-02 -1.303015e-01 -1.591988e-01 -8.246446e-02 4.687457e-02
-2.680948e-01 -3.807041e-01 -1.170705e-01 2.355573e-01 2.052394e-01 -8.410328e-02 -2.582182e-01 -2.071741e-01
-4.793180e-02 -1.020232e-01 -4.734851e-02 -1.417520e-01 1.848733e-01 3.329841e-01 9.537149e-02 -1.073001e-01
-9.512530e-02 -3.608168e-02 -1.933173e-01 3.695640e-01 2.171288e-01 3.542527e-01 4.892097e-03 -6.756268e-05
5.560399e-01 -5.532814e-02 1.988331e-01 -1.452903e-01 -1.690398e-01 -9.467650e-02 1.620958e-01 5.117687e-02
-1.797374e-01 1.886169e-01 3.399545e-01 7.062764e-02 -3.848244e-02 -9.986334e-02 -4.369295e-01 -2.742574e-01
-4.117046e-01 -2.278161e-01 -1.428541e-01 -1.894304e-01 -2.433635e-02 -2.375465e-01 5.049616e-02 8.466666e-02
-2.390615e-01 -1.805377e-01 -1.670756e-01 -2.535423e-02 1.026674e-01 1.234062e-01 -9.562487e-02 4.629601e-02
1.523153e-01 -3.038918e-01 4.360592e-02 3.342981e-02 1.621209e-01 -9.429944e-02 1.669087e-02 2.391515e-02
-2.398013e-01 1.121120e-02 -7.050676e-02 -3.059541e-02 2.884214e-01 -1.076848e-01 -2.747982e-01 -2.219559e-02
-5.049911e-02 -1.060570e-01 -1.805589e-01 5.887118e-03 3.965304e-01 2.710384e-01 1.096028e-02 -1.894961e-02
-2.604637e-01 -2.335410e-01 -2.820616e-01 9.756116e-02 2.286445e-01 3.371818e-01 1.269805e-02 5.100457e-03
-1.134676e-01 -6.567262e-02 -8.668041e-02 -7.169127e-03 3.154541e-01 1.436262e-01 7.709023e-02 5.537768e-02
-2.499358e-01 -1.296899e-01 2.352256e-01 -6.996541e-02 1.327526e-02 -1.883726e-01 -4.826099e-02 1.215457e-02
-1.225344e-01 -9.064490e-02 -1.401827e-01 1.814354e-02 4.059867e-01 1.910127e-01 -9.301937e-02 -4.215436e-02
-3.266741e-01 -1.577944e-01 -1.377410e-01 1.709093e-01 1.995455e-01 -1.886002e-01 -3.476225e-01 -2.109976e-01
-1.854462e-01 -1.620500e-02 -1.360538e-04 6.641283e-02 3.269388e-01 -4.048038e-02 -8.304659e-02 -2.556031e-02
5.029816e-02 -2.160143e-01 3.031407e-01 3.934294e-02 -8.870561e-02 -2.433449e-01 -2.845788e-01 -5.412139e-02
-2.769847e-01 -1.396364e-01 2.245236e-01 -1.222499e-01 -5.988467e-02 -2.773417e-01 3.920537e-02 7.945859e-02
-1.000841e-01 -9.576145e-02 -1.655667e-01 5.607957e-03 1.691325e-01 3.697186e-01 -1.756692e-02 3.730094e-02
4.290157e-01 -2.693098e-01 1.224121e-01 -3.421997e-02 1.830239e-01 -1.362525e-01 -2.165033e-03 -1.037150e-01
-3.604291e-02 -4.639455e-02 -7.989737e-02 -3.126961e-01 1.007523e-01 1.245011e-01 1.699255e-01 1.374600e-01
1.868077e-01 5.224181e-02 5.152918e-02 3.000466e-01 4.714191e-01 6.926426e-03 1.984678e-01 -1.000315e-01
4.914736e-01 -1.687798e-01 7.683812e-02 4.735372e-01 1.051354e-01 1.220523e-01 4.550095e-02 -1.863197e-01
-1.305199e-01 -5.340321e-02 2.550781e-01 -1.053986e-01 -1.591345e-01 -5.910170e-02 3.864276e-03 4.786850e-02
5.775406e-01 -1.293886e-01 -1.221542e-01 -6.290177e-02 1.346126e-02 2.974486e-02 2.308631e-01 -1.049568e-01
-1.371184e-01 5.519741e-02 2.097936e-01 -1.440041e-01 -1.456100e-02 1.098211e-02 -5.492412e-02 2.711629e-01
3.953992e-01 -1.978904e-01 -1.450045e-01 1.436012e-01 -8.062656e-02 -1.244700e-02 4.169943e-02 -2.417026e-01
2.320660e-01 -3.274933e-02 -2.055366e-01 3.235579e-01 3.724592e-01 1.434030e-02 -4.646781e-02 -1.080085e-01
-1.256732e-02 -3.491701e-03 -2.125994e-01 2.322224e-01 -9.471069e-02 -2.078357e-01 5.964062e-02 1.653553e-01
-8.691216e-02 9.955613e-02 5.882232e-02 5.128359e-02 4.946590e-01 1.469714e-01 1.387171e-01 1.722411e-02
-1.366290e-01 -1.064222e-01 3.315262e-01 2.035058e-02 2.817947e-01 -8.210843e-02 1.604108e-02 -1.808673e-01
1.869880e-01 -1.891822e-01 -8.651745e-02 3.100480e-01 2.395410e-01 -1.043465e-01 -3.473436e-02 -2.225199e-01
6.966981e-02 -1.132412e-01 3.412878e-01 1.346409e-01 2.055685e-01 1.630024e-02 8.706107e-03 -1.642970e-01
2.890149e-01 -3.474776e-02 1.766253e-01 -4.104535e-02 -3.746403e-02 2.715960e-02 -9.053453e-02 6.346790e-02
-1.030520e-02 -2.128794e-01 9.898073e-02 2.107358e-01 -1.976426e-01 6.602105e-02 -8.668950e-02 -2.353222e-02
1.576182e-01 -1.277580e-01 1.679017e-03 3.945370e-01 5.461132e-01 -1.217376e-02 8.814341e-02 -1.813855e-01
-2.551910e-02 -2.253717e-01 1.002112e-01 -1.037692e-01 -2.295648e-01 -8.915193e-02 -8.543144e-03 1.262803e-01
-8.868495e-02 -1.623293e-01 4.079314e-01 1.014663e-01 3.283162e-01 -1.611714e-02 -6.808706e-02 1.512821e-01
2.299308e-01 -1.845316e-01 2.923409e-02 3.430888e-01 2.130272e-01 4.886130e-02 1.714739e-01 -7.393351e-02
4.580770e-01 -1.409630e-01 -8.445851e-02 2.133721e-01 -4.185125e-02 -3.674860e-02 1.264835e-01 -1.667334e-01
-1.024374e-01 6.189511e-02 3.101049e-01 -3.850219e-02 5.184785e-01 -3.358154e-02 6.165845e-02 9.638680e-02
-7.497264e-02 1.417686e-01 1.134083e-01 -2.093206e-01 -1.830400e-01 8.233002e-03 -1.665888e-01 4.047715e-01
4.059629e-01 -9.489781e-02 -1.414600e-01 3.700284e-01 9.849456e-02 1.173456e-01 -1.351497e-03 -2.825874e-01
4.708478e-01 -2.488375e-01 5.080848e-03 3.321910e-01 -5.338066e-02 1.311006e-01 1.188436e-01 -1.965843e-01
2.251501e-01 -4.165312e-02 -1.246852e-01 3.695903e-01 5.664628e-01 4.577408e-02 2.838082e-02 -1.167240e-01
1.156417e-01 -2.545933e-01 -3.776795e-02 4.731877e-01 3.683054e-01 -1.023459e-01 1.226553e-01 -2.316655e-01
4.435764e-02 -1.412088e-01 -1.183220e-01 1.051293e-02 -2.101717e-01 -7.732931e-02 3.181823e-02 -1.313780e-01
4.639699e-01 3.351551e-02 -1.262440e-01 -1.431741e-01 -1.319321e-01 -3.505616e-02 1.300668e-01 2.024945e-04
2.183296e-01 -1.196870e-01 -1.128092e-01 3.818299e-01 5.027129e-01 -4.362435e-02 8.073527e-02 -9.097365e-02
4.130261e-01 -1.114903e-01 -2.177726e-01 4.138477e-01 2.438441e-01 1.737155e-01 -1.512278e-02 -1.716115e-01
-1.904268e-01 6.564683e-02 1.646228e-01 -1.702037e-01 2.764859e-01 -2.632139e-01 -1.218746e-01 -4.319613e-02
8.385622e-03 -2.929877e-02 3.264375e-01 1.130927e-01 3.356275e-02 -1.666301e-02 3.118912e-02 -3.364112e-02
3.896403e-02 -1.679808e-01 1.986380e-01 3.413060e-01 4.514076e-01 2.729424e-02 1.573514e-01 -1.850221e-01
-5.937897e-02 1.185659e-01 3.946075e-01 9.517194e-03 3.593256e-01 -2.238877e-02 5.884042e-02 9.858719e-02
3.096020e-01 6.840639e-02 5.883852e-02 2.031650e-01 2.247978e-01 1.453077e-01 -1.133543e-01 2.462179e-03
3.590194e-01 -1.179257e-01 -1.936075e-01 4.283944e-01 3.869299e-01 -5.902489e-03 1.176607e-02 -1.423172e-01
5.233781e-01 -7.789394e-02 -1.529543e-01 -8.308006e-03 -8.765121e-02 1.593207e-02 6.240518e-02 -3.529056e-02
3.914982e-01 8.430689e-03 1.335703e-02 3.336749e-01 2.724693e-02 7.372292e-03 6.228961e-02 -8.008721e-02
-1.177840e-01 -2.416688e-01 8.552091e-02 -6.564406e-02 -1.817770e-01 -1.288123e-01 1.746997e-02 1.014990e-02
-9.169880e-02 -4.403522e-02 1.556466e-01 -1.685150e-01 -7.395744e-02 -8.219419e-02 2.997160e-01 1.716530e-01
1.555618e-01 -5.713886e-02 1.738309e-01 3.700871e-01 3.718749e-01 -1.695265e-01 5.852616e-02 -6.805409e-02
-1.289661e-01 -1.965808e-01 1.855785e-01 2.561723e-01 -8.513752e-02 -6.397236e-02 -2.127695e-02 -1.267915e-01
2.954248e-01 -1.521068e-01 9.819037e-02 3.185392e-01 2.336102e-01 -1.967934e-01 -2.158391e-02 3.623448e-02
2.066570e-01 3.329374e-02 5.357018e-02 3.248251e-01 1.006991e-01 -1.043043e-02 1.523072e-01 -1.621949e-01
1.641055e-01 -3.041418e-01 -1.105068e-01 3.378744e-01 -1.524843e-01 4.319463e-02 -3.671778e-02 -8.969788e-02
4.511999e-01 -1.228990e-01 6.915605e-02 5.201508e-01 2.165474e-01 -1.653687e-01 8.642859e-02 -1.963756e-01
8.650612e-02 2.070841e-02 -2.487336e-01 -2.743914e-01 -2.237975e-01 1.052311e-01 -2.286476e-01 5.657693e-01
-9.187569e-02 3.337751e-04 1.289224e-01 -2.665778e-01 -1.556008e-01 -1.379989e-02 -1.640274e-01 1.902079e-01
1.470934e-01 -9.566253e-02 -1.347515e-01 -1.865879e-01 -1.016010e-01 1.342532e-01 -2.704272e-02 1.804085e-01
-3.103428e-02 -1.740601e-01 -9.997273e-02 -1.815402e-01 -1.971366e-01 4.127827e-02 -2.551162e-01 1.104194e-01
3.210045e-01 -1.412332e-02 -2.118270e-01 3.678824e-01 3.231125e-01 1.966583e-01 -7.346534e-02 -9.379736e-02
3.489117e-01 1.444829e-01 4.957806e-02 -9.460120e-02 3.982835e-02 -1.292259e-01 2.736812e-01 -1.519708e-01
-6.237092e-02 1.985280e-01 2.345436e-01 -1.713365e-01 -7.207504e-02 -4.682749e-02 -5.956034e-02 4.997083e-01
4.348585e-01 -2.048648e-01 -8.688843e-02 3.512390e-01 3.763521e-02 -2.366524e-02 2.469648e-02 -1.161875e-01
-7.167454e-02 -6.583455e-02 2.510521e-01 1.214892e-01 5.852411e-01 -9.168206e-02 9.838691e-02 -1.130990e-01
5.370402e-01 -9.698983e-02 -1.819423e-01 3.683443e-01 4.583618e-02 1.270906e-01 -9.929426e-03 -1.317693e-01
2.895778e-01 -1.275420e-01 7.896547e-03 4.159281e-01 3.896390e-01 -4.299871e-03 1.409900e-01 -1.436302e-01
5.425912e-01 -1.264008e-01 -1.966697e-01 1.268246e-01 -1.069665e-01 8.626638e-02 2.063234e-02 -4.085188e-02
2.268555e-01 -8.916985e-02 -1.878476e-01 2.446028e-01 3.016483e-01 4.030067e-03 -4.624406e-02 -2.159163e-03
-2.530644e-01 3.515584e-01 7.974810e-02 -9.682880e-02 2.371333e-01 5.499268e-03 -8.177578e-02 1.868839e-01
2.500297e-02 -8.706982e-02 2.942470e-01 2.826436e-01 4.037445e-01 -4.143166e-02 5.892894e-02 -2.022430e-01
3.274986e-01 -2.561513e-01 -5.644951e-02 4.312520e-01 1.751505e-01 3.522645e-02 4.292047e-02 -2.325507e-01
3.050829e-02 7.882965e-02 1.369895e-01 1.310373e-01 2.434734e-01 2.355308e-01 2.478383e-01 -1.343104e-01
-4.117930e-02 -1.305429e-01 8.768601e-02 1.705483e-01 6.168553e-01 -5.496779e-02 9.154230e-02 -1.324975e-01
2.119263e-01 -1.526521e-01 1.635942e-01 3.534330e-01 3.379668e-01 5.023486e-03 4.111336e-02 -2.296267e-01
