4 6 8 32 64
-3.016523e-02 9.901905e-03 -3.127486e-02 3.744988e-01 -3.914847e-02 -7.634106e-03 -1.922799e-01 -1.994882e-02
-1.769840e-02 -2.438543e-02 -1.380321e-01 -8.036529e-02 -1.591973e-02 3.175818e-02 3.653777e-01 -1.176683e-01
-8.329736e-02 6.564076e-02 1.065680e-01 2.217747e-01 -9.745511e-02 -6.274869e-02 -1.109701e-01 -8.592242e-02
1.318015e-01 1.135357e-01 -8.079976e-02 -6.163619e-02 1.334611e-01 1.492637e-01 2.249269e-01 -9.906557e-02
-8.878969e-02 3.280174e-01 -8.577130e-02 3.700545e-01 -3.125398e-02 3.012853e-02 -2.570793e-01 -2.008213e-01
-7.277507e-02 -1.235518e-01 -1.434582e-01 5.573618e-02 -1.481631e-01 3.459073e-01 3.030584e-01 -1.365828e-01
-1.045459e-01 -9.078795e-02 -1.809501e-02 2.740839e-01 -1.151358e-01 -8.023142e-02 -1.129185e-01 -1.121120e-01
-1.332097e-01 -8.293920e-02 -5.718364e-02 -8.704016e-02 -3.522876e-02 -2.804142e-02 -6.267572e-02 -8.117410e-02
-1.180345e-01 1.326708e-01 -1.521758e-01 3.235720e-01 -1.267368e-01 -7.309634e-02 -1.113012e-01 -1.105408e-01
1.577872e-01 -2.915005e-02 2.118295e-02 3.288221e-02 3.748628e-01 1.489884e-01 3.240827e-01 -1.711628e-02
-3.429224e-02 3.702154e-01 -1.372757e-01 9.855631e-02 -1.049649e-01 3.794892e-01 1.375408e-01 -1.351769e-01
-1.946511e-01 -1.172799e-01 1.693537e-01 4.548962e-02 -5.730596e-02 -6.151910e-02 -1.356764e-01 -1.021744e-01
-5.030521e-02 2.606272e-01 -1.459731e-01 -7.967253e-02 -2.285615e-02 -6.115594e-03 3.632192e-01 -2.665578e-02
-8.715711e-02 -2.901626e-03 -1.263818e-01 2.535313e-01 2.908128e-02 4.944765e-02 -2.624771e-01 -2.098666e-01
-1.027787e-01 4.563796e-01 -8.344731e-02 2.638996e-02 -4.805107e-02 -6.434853e-02 -1.127670e-01 -5.143186e-03
-9.204929e-02 8.481158e-02 -8.356085e-02 -9.927997e-02 -1.953475e-02 -4.458791e-02 3.781580e-01 -2.470085e-02
-1.202093e-01 -7.646198e-02 -9.909935e-02 2.901959e-01 7.774069e-03 -8.319387e-02 -2.059776e-01 -2.019362e-01
-1.215203e-01 5.996212e-02 -1.463576e-01 -1.234614e-01 2.675573e-03 -6.463564e-02 -1.046398e-01 2.301638e-02
-1.278395e-01 -1.264116e-01 -6.184997e-02 -1.039422e-02 -1.248241e-01 2.318829e-01 2.596422e-01 -1.213444e-01
-1.062404e-01 -9.123646e-02 3.570684e-01 -1.939631e-02 -6.621032e-02 -6.850555e-02 -1.294996e-01 -8.785171e-02
-1.029905e-01 -8.084232e-02 3.843302e-02 -1.038988e-01 2.441985e-01 -2.874698e-02 5.283848e-01 -1.088033e-01
-9.147067e-02 2.735410e-01 -4.191998e-04 2.211135e-01 -9.771441e-02 -6.693844e-02 -9.268883e-02 -8.587737e-02
-1.156734e-01 -6.163016e-02 -2.097049e-01 2.111617e-02 -9.379888e-02 2.663336e-01 2.255755e-01 -1.065473e-01
2.404566e-01 2.090665e-01 -1.666488e-01 -3.204567e-02 2.512124e-01 2.147401e-01 1.181799e-01 -1.385579e-01
-1.469382e-01 1.667453e-01 1.171799e-01 2.022054e-01 -8.059042e-02 6.149631e-02 -1.633954e-01 -1.691000e-01
1.217715e-01 3.157882e-02 -1.314731e-01 -8.177327e-02 3.544582e-01 7.175989e-02 2.917308e-01 -3.540007e-02
-7.038835e-02 -1.621906e-02 1.796572e-01 2.152593e-01 -3.828406e-02 3.068534e-02 -1.732306e-01 -1.849976e-01
-1.125910e-01 -1.077601e-01 -1.136705e-01 1.745176e-01 -1.213509e-01 -6.717601e-02 -1.027875e-01 -9.458917e-02
8.702680e-02 -1.525756e-01 1.209807e-01 1.328852e-01 -4.268236e-02 4.893063e-02 -7.987389e-02 -7.437482e-02
-9.113789e-02 2.591592e-02 -1.829648e-01 3.396904e-01 -8.121341e-02 -5.314077e-02 -1.817731e-01 -8.501178e-03
-1.231472e-01 -8.041568e-02 4.463460e-02 -1.080271e-01 -1.429396e-03 -4.648466e-02 3.785557e-01 -6.263392e-02
-8.591030e-02 4.824631e-02 -1.441854e-01 3.615004e-01 -1.631040e-02 -7.427113e-02 -2.091644e-01 -2.501655e-01
-2.074473e-01 -1.486388e-01 -1.306244e-02 1.480422e-01 -1.997193e-02 -1.260445e-01 -1.467482e-01 -1.123825e-01
-9.896585e-02 5.664208e-01 -8.861730e-02 3.021930e-01 -9.659161e-02 -3.535360e-02 -1.429501e-01 -1.035519e-01
1.257657e-01 2.241132e-01 -1.002988e-01 -1.101262e-03 3.629896e-01 1.257801e-01 2.295094e-01 -2.782395e-03
-1.648089e-02 2.039727e-01 -1.458817e-01 -8.045281e-02 1.714964e-01 8.517906e-02 4.737679e-01 -9.522913e-02
-1.186315e-01 3.218163e-01 -1.543941e-01 3.542832e-01 -1.274761e-01 -8.343698e-02 -1.305075e-01 -1.017672e-01
-1.360718e-01 -4.653259e-02 -1.353791e-01 2.717961e-01 -1.217057e-01 -1.253239e-01 -1.572285e-01 5.197681e-02
-1.098423e-01 -2.914166e-02 -1.253756e-01 2.990764e-01 -1.181565e-01 -7.701018e-02 -1.132966e-01 -1.055138e-01
1.359537e-01 2.476523e-01 -1.349286e-01 -5.244926e-02 1.546701e-01 1.398797e-01 1.797057e-01 -7.421155e-02
-1.609247e-01 -6.421960e-02 2.205957e-02 1.394585e-01 -3.829721e-03 -1.195878e-02 -1.927812e-01 -1.754453e-01
1.852506e-01 4.976130e-01 -5.488858e-02 -2.064881e-02 1.913406e-01 2.063579e-01 1.675949e-01 -6.507824e-02
1.222353e-02 4.780125e-01 -1.389978e-01 -6.855132e-02 2.519894e-03 9.087408e-02 3.176022e-01 -7.945861e-02
-1.373049e-01 -2.538675e-02 -1.967486e-01 9.044719e-02 -1.547131e-01 2.693978e-01 2.029591e-01 -1.538490e-02
-6.327425e-02 2.035438e-01 -3.130224e-02 3.302196e-01 -3.654268e-02 -3.622488e-02 -1.621267e-01 -2.341135e-01
-9.252851e-02 1.942483e-01 -1.517074e-01 3.881271e-01 -9.066828e-02 -5.296445e-02 -1.963590e-01 -3.325373e-02
-1.343168e-01 1.871220e-02 2.982363e-01 9.128198e-02 -9.845462e-02 6.823806e-02 -1.529798e-01 -1.483002e-01
-8.170483e-02 1.202019e-01 -1.632283e-01 7.654252e-02 -1.042908e-01 3.846647e-01 2.208283e-01 -1.156018e-01
-5.396554e-02 8.647134e-02 -1.416850e-01 3.653755e-01 -1.869275e-02 2.486698e-02 -2.312287e-01 -1.213104e-01
-8.598755e-02 -1.376936e-01 5.666815e-03 5.321795e-03 -4.075333e-02 3.600020e-01 2.070981e-01 -1.110476e-01
-1.029845e-01 -9.990270e-02 5.721147e-02 1.506079e-01 -1.300271e-01 -7.934117e-02 -9.407106e-02 -1.103960e-01
-1.126120e-01 9.675507e-02 1.134098e-01 4.700094e-02 -1.055816e-01 -8.974507e-02 -1.239200e-01 -1.242343e-02
-7.892253e-02 3.340359e-02 3.732018e-02 2.483274e-01 1.795758e-02 6.652264e-02 -2.640401e-01 -1.546820e-01
1.259054e-01 5.262993e-02 -3.093278e-02 -1.858058e-02 3.369504e-01 9.929603e-02 3.363072e-01 7.601557e-02
-1.350834e-01 -1.192303e-01 1.523001e-01 -6.724101e-02 -7.723299e-02 2.270225e-01 2.739631e-01 -1.116936e-01
-9.122685e-02 -7.820269e-02 2.211000e-01 1.236451e-01 -1.006512e-01 -6.042050e-02 -1.030057e-01 -1.116971e-01
2.254525e-01 7.083879e-02 -1.451001e-01 -3.256046e-02 3.013074e-01 1.603995e-01 1.996391e-01 -6.975951e-02
-4.188838e-02 3.800547e-02 5.463030e-02 3.001971e-01 -2.532456e-02 -1.219788e-02 -1.608219e-01 -2.020591e-01
6.327818e-03 3.943819e-02 -9.209991e-03 1.379488e-01 -1.309021e-01 2.922778e-02 -1.060098e-01 -1.937627e-01
-6.317982e-02 -2.497840e-02 -1.125568e-01 -7.988963e-02 2.035557e-01 3.161283e-02 5.223817e-01 -1.091773e-01
-9.046962e-02 6.247823e-03 -1.285056e-01 2.362220e-01 -3.665478e-02 -8.877745e-03 -2.205636e-01 -7.496674e-02
-1.208642e-01 -4.797976e-02 -8.696251e-02 -1.072102e-01 1.813690e-01 -2.661139e-02 -1.203377e-01 -6.809209e-02
2.203824e-02 -1.218297e-01 -1.216604e-01 2.840311e-01 6.076882e-02 -1.248601e-02 -2.307547e-01 -7.308333e-02
-3.361157e-02 -5.251048e-02 -1.485349e-01 6.904566e-02 -1.724602e-02 3.956201e-01 1.253960e-01 -1.034147e-01
-1.048865e-02 -9.973319e-02 -1.364268e-01 2.560722e-01 -1.179049e-01 -1.151941e-01 3.005065e-01 -9.879442e-02
4.609995e-01 -1.799043e-02 -1.907823e-01 -1.408318e-01 -2.118129e-01 -1.886523e-01 -6.432603e-02 -7.244977e-02
-4.792039e-03 -1.160152e-01 -4.138754e-02 -1.469966e-02 1.826572e-01 -1.192727e-01 -1.578247e-01 1.392278e-01
1.872072e-02 -8.775347e-02 -1.136538e-01 -1.012950e-01 1.308255e-03 8.545417e-02 -1.135268e-01 6.022922e-02
-3.833733e-02 4.112281e-03 -2.689309e-01 -1.801789e-01 -2.333855e-01 2.353764e-03 1.842283e-01 -2.198859e-01
-4.726451e-02 -6.436229e-02 -1.070256e-01 -3.774653e-02 -1.042719e-01 -8.973564e-02 6.156146e-01 8.837927e-02
2.489298e-01 -1.032044e-01 -1.815283e-01 -8.446795e-02 7.696679e-03 -2.142476e-01 -5.368534e-02 1.860747e-01
-7.438225e-02 -3.184784e-02 -2.154920e-01 -8.544876e-02 3.009990e-02 -1.352618e-01 6.909372e-03 -1.621512e-01
5.619182e-02 -8.367478e-02 -1.051487e-01 1.603781e-01 -1.118629e-01 -5.740019e-02 5.570293e-01 3.408807e-03
3.465083e-01 -5.428776e-02 -1.199951e-01 -1.281776e-01 -6.121435e-02 -8.526474e-02 -1.101146e-01 6.617552e-02
8.082841e-02 -7.976721e-02 -6.552754e-02 -1.269413e-01 -4.393279e-02 3.498340e-01 -1.319069e-01 3.502804e-02
-1.426135e-01 1.630395e-01 8.967426e-03 4.627058e-01 -3.160046e-02 -2.007747e-01 -1.874382e-01 -1.318191e-01
3.515107e-02 -1.029134e-01 -3.892247e-01 9.131371e-02 -3.057576e-01 -9.732182e-02 1.590904e-01 -2.096682e-01
-8.694001e-02 4.809003e-01 -8.252018e-02 2.211883e-02 -1.188180e-01 -1.772985e-01 6.854677e-03 1.430518e-01
-1.193323e-01 -4.804136e-02 -1.094635e-01 -7.017825e-02 3.671949e-02 6.400121e-02 -1.404155e-02 -1.934354e-01
3.904990e-01 -1.447541e-01 -1.120834e-01 -6.615825e-03 -4.465107e-02 -2.332702e-01 -1.199980e-01 3.534255e-01
3.072037e-02 -9.113884e-02 -3.091084e-01 1.009417e-01 -2.464706e-01 -8.772500e-02 2.582254e-01 6.235707e-03
5.188006e-01 -7.000998e-02 -9.407789e-02 -1.107530e-01 -9.191671e-02 -8.286407e-02 -8.406994e-02 -1.728170e-02
2.291492e-01 -2.633457e-02 -1.723823e-01 2.667392e-02 -9.173543e-02 7.179775e-02 -2.559518e-01 -1.086454e-01
-8.812451e-02 6.807426e-02 -1.113362e-01 -1.030708e-01 7.552481e-02 -7.468148e-02 -6.611398e-03 -2.217074e-01
2.438042e-01 -9.190817e-02 -1.155724e-01 -1.303902e-01 -9.046256e-02 1.617378e-01 -1.230334e-01 1.443709e-01
2.948830e-02 1.773184e-02 -2.120393e-01 -1.554812e-01 -4.975263e-02 -4.233921e-02 -1.683749e-02 -1.693090e-01
7.592434e-02 -3.883048e-02 1.605125e-01 -9.994651e-02 -8.388135e-02 8.099091e-02 -9.749296e-02 -5.293530e-02
4.152952e-01 -1.075961e-01 -4.563049e-02 -2.774450e-03 -2.118776e-01 -2.284527e-01 -6.823443e-02 3.125205e-02
2.470894e-01 -1.340574e-01 -3.137440e-02 -3.826577e-03 7.608720e-02 -1.540230e-01 -1.213547e-01 3.016840e-01
8.874563e-02 9.474231e-02 -1.082202e-01 -2.269814e-01 -1.035262e-02 4.658973e-02 -1.369943e-01 -1.868530e-01
-1.606379e-01 3.013937e-01 5.342842e-02 1.256374e-01 2.720821e-02 -1.454532e-01 -1.511052e-01 1.003327e-01
-1.276666e-01 -4.618983e-02 -1.069397e-01 -1.251699e-01 -8.664379e-02 -7.632787e-02 5.538561e-01 -3.384662e-02
-9.398389e-02 5.300565e-01 -9.441072e-02 -1.002792e-01 -4.651674e-02 -5.947878e-02 -7.710910e-02 -2.720219e-02
3.584353e-01 2.546605e-02 -2.186489e-01 -7.255053e-02 -2.104109e-01 -1.955370e-01 -1.377182e-01 -2.368947e-01
1.914456e-01 -5.306836e-02 -2.489657e-01 -1.102709e-01 -9.191515e-02 -1.559149e-01 1.459193e-02 2.701134e-02
3.273003e-02 -4.083037e-02 -1.653104e-01 -8.434139e-03 -3.254702e-01 -4.102691e-02 2.427447e-01 -9.927461e-02
1.027069e-01 -7.428883e-02 -1.180113e-01 -1.235089e-01 3.432365e-02 -9.234469e-02 -9.823927e-02 6.705734e-03
1.938750e-01 -6.295504e-02 -1.027286e-01 -1.301773e-01 -4.060148e-02 -8.916185e-02 -8.978167e-02 4.568645e-02
-3.685530e-02 -3.904443e-02 -2.956264e-01 -1.239318e-01 -2.920281e-01 -4.518830e-02 2.497870e-01 -7.843321e-02
-1.313264e-01 -9.702834e-02 8.592187e-02 -6.990914e-02 5.247855e-02 3.269606e-01 -1.192552e-01 -1.327819e-01
-8.580367e-02 -8.291952e-02 -1.376193e-01 -4.692972e-02 4.993943e-02 -5.721353e-02 -3.010639e-02 -2.798923e-02
-7.274481e-03 -7.194681e-02 -1.114807e-01 -1.151407e-01 9.405360e-02 -8.802936e-02 -1.002358e-01 -3.759282e-02
3.264327e-01 1.054825e-01 -1.171364e-01 -1.644347e-01 -1.863680e-01 -4.114332e-02 -2.250474e-01 -3.151885e-01
-6.223193e-02 -5.844628e-02 -1.677552e-01 -3.838506e-02 9.365061e-02 -2.034758e-01 -3.049870e-03 -5.915887e-02
2.209831e-02 -2.855844e-02 -3.613579e-01 2.627497e-02 -3.037500e-01 -7.797854e-02 7.866912e-02 -2.427105e-01
3.419167e-01 -1.392251e-01 2.659422e-02 8.343060e-02 -6.749016e-02 -2.255724e-01 -8.708047e-02 1.688870e-01
-1.329937e-01 -2.685698e-02 3.911475e-02 -7.722816e-02 9.940893e-02 9.900291e-02 -6.470393e-02 -1.696341e-01
-1.094981e-01 5.774751e-01 -4.427642e-02 2.578842e-01 -7.873137e-02 -1.026393e-01 -2.389238e-02 9.493081e-03
4.626180e-01 -7.461160e-02 -1.059256e-01 -1.253899e-01 -9.247845e-02 -1.014081e-01 -6.840011e-02 1.709641e-01
7.554269e-02 -9.672587e-02 -1.905376e-01 -5.365979e-02 6.165125e-02 -2.190309e-01 -1.502454e-02 9.027719e-02
-9.620996e-02 -1.029968e-01 -1.196727e-01 -1.050801e-01 1.146667e-01 1.672593e-01 -1.185066e-01 -5.618681e-02
1.043027e-02 -1.114064e-01 -2.285590e-01 -3.189906e-03 -2.094149e-01 -1.209060e-01 2.627664e-01 1.399764e-01
5.388705e-02 -4.037951e-02 -2.481134e-01 -7.820711e-02 -3.638196e-02 -1.434394e-01 8.345284e-03 -7.705007e-02
3.097076e-01 -2.001768e-02 -2.083239e-01 -1.772926e-01 -1.764980e-01 -1.424720e-01 1.206139e-02 1.135713e-01
-1.727249e-01 -7.169488e-02 -1.718766e-01 -2.974204e-02 1.269803e-01 -9.919379e-02 -8.209593e-03 -1.628018e-01
3.939409e-01 -1.011629e-01 -1.794044e-01 -1.025611e-01 -1.300463e-01 -2.056014e-01 -6.726202e-02 2.434478e-01
2.982821e-01 -7.468291e-02 -1.205741e-01 -1.431464e-01 -8.502692e-02 -9.980536e-02 -8.010686e-02 2.162593e-01
3.810204e-01 2.309740e-02 -1.336459e-01 -2.248429e-01 -2.274900e-01 -9.855871e-02 -7.763281e-02 -1.620849e-01
2.750576e-01 -8.510049e-02 -1.125488e-01 4.943742e-03 -9.623040e-02 -9.314277e-02 -1.114797e-01 -7.724952e-02
1.348602e-01 -1.045398e-01 -5.180910e-02 2.782662e-02 4.205968e-02 6.417288e-02 -2.060556e-01 2.397406e-01
2.020415e-01 4.359832e-02 -2.056629e-01 -2.082126e-01 -1.494881e-01 -3.047548e-02 -2.755448e-02 -5.676737e-02
-5.710690e-02 -1.087913e-01 -9.964047e-02 1.774430e-01 -1.232521e-01 -7.423901e-02 2.998670e-01 -1.022977e-01
-1.539114e-01 3.585736e-01 -1.512854e-02 3.980069e-01 -4.104628e-03 -1.969954e-01 -2.451761e-02 1.366981e-01
-9.838654e-02 -4.730753e-02 -1.046522e-01 -9.704766e-02 1.738794e-01 -8.328903e-02 -1.011656e-01 -9.626403e-02
-1.020785e-01 1.883880e-01 -5.397430e-02 4.389812e-01 -1.025399e-01 -1.009174e-01 -3.482444e-02 -9.104349e-02
-1.088859e-01 -8.344211e-02 -1.274846e-01 -1.333149e-01 5.835782e-02 -6.137116e-02 3.574196e-01 -9.455910e-02
3.757782e-01 -6.816408e-02 -4.086746e-03 -1.313037e-01 -1.093192e-01 -5.563622e-02 -1.024267e-01 -5.576838e-02
-5.679736e-02 -1.379697e-01 -3.406712e-01 -4.228160e-02 -2.649985e-01 -5.926384e-02 3.621784e-01 -1.228826e-02
2.803524e-02 -3.111003e-02 -1.308759e-01 -1.428606e-01 2.491437e-01 2.188805e-01 1.288366e-01 5.045401e-02
-1.474929e-01 -1.197461e-01 1.656854e-01 -1.028026e-01 1.563469e-02 -1.113261e-01 -1.447916e-01 -1.597124e-02
6.247435e-01 -1.205216e-01 1.997038e-01 -8.428355e-02 -7.021948e-02 -1.074078e-01 1.312275e-01 5.126377e-02
-1.316772e-01 -1.182218e-01 -1.142605e-01 2.252663e-01 3.141479e-01 2.399010e-01 -1.283129e-01 -1.079985e-01
-1.397509e-01 -1.350479e-01 -9.244385e-02 -9.365267e-02 2.792499e-01 -7.829032e-02 -1.090851e-01 -8.638167e-02
3.952518e-01 -2.260840e-01 1.938382e-02 -1.278949e-01 7.849067e-02 -1.427737e-02 6.463284e-02 1.710588e-02
-1.579695e-01 3.128606e-02 3.906562e-01 4.527208e-02 -2.112580e-01 7.091957e-02 -8.325538e-02 1.238484e-01
-2.420306e-01 -4.646036e-01 9.776277e-02 -7.684197e-02 -2.473337e-02 1.282958e-02 -1.783296e-01 2.077328e-02
-2.397912e-01 -6.643549e-02 -1.322021e-01 1.033405e-01 3.155256e-01 -6.594010e-02 -1.505433e-01 -2.367556e-02
-1.943413e-01 -6.559966e-02 -1.053717e-01 5.547271e-02 3.136178e-01 1.925332e-01 -5.701935e-02 7.424846e-03
-1.374817e-01 -8.746743e-03 3.478282e-01 -8.527880e-02 -2.537866e-02 -8.292212e-02 -1.737580e-01 5.289694e-02
-1.995471e-01 -9.231186e-02 -1.023373e-01 2.108273e-01 3.044948e-01 -1.098405e-01 -2.556299e-01 -1.300249e-01
-1.307185e-01 -1.259539e-01 -1.128729e-01 3.229278e-01 2.699569e-01 3.880745e-01 -1.379962e-01 -1.050114e-01
-1.271224e-01 -1.290358e-01 -1.402802e-01 5.683804e-02 3.075862e-01 1.599481e-01 -1.130915e-01 -8.542685e-02
-1.255102e-01 -1.641532e-01 1.171940e-01 -1.378428e-01 -1.386108e-01 8.938860e-02 -1.713434e-02 1.127579e-01
-2.898494e-01 -3.426359e-01 -5.678651e-02 -1.813403e-01 -2.477321e-02 -1.588094e-02 -9.685289e-02 1.903150e-02
3.868247e-01 -2.195156e-01 1.344854e-01 -4.374839e-02 1.071237e-01 -1.211659e-02 7.932140e-02 1.283849e-01
-1.554693e-01 -1.081832e-01 -1.411152e-01 1.748371e-01 3.765360e-01 4.580966e-02 -1.357974e-01 -1.078822e-01
-1.838623e-01 -1.142301e-01 -1.266686e-01 -8.433338e-02 3.140196e-01 1.526981e-01 6.232982e-02 4.594713e-02
-1.094298e-01 -1.521277e-01 3.130557e-01 1.013687e-01 -1.732405e-01 -7.603261e-02 -2.974870e-01 -9.862753e-02
3.979098e-01 -2.535636e-01 3.096882e-01 9.666881e-02 9.112353e-02 8.403507e-03 -1.276600e-01 2.270661e-02
-1.566770e-01 -3.452224e-01 3.461051e-01 -4.157386e-02 -2.892324e-02 -4.522005e-02 -2.060287e-01 1.373373e-01
-1.174188e-01 -1.152104e-01 -1.222678e-01 1.286488e-01 2.494372e-01 3.106861e-01 -1.335578e-01 -7.942712e-02
-1.835741e-01 -3.110642e-02 -6.897084e-02 -1.034840e-01 9.042436e-02 -1.116425e-02 -6.926008e-03 1.534284e-01
3.191211e-01 -9.074872e-02 3.340423e-01 4.635241e-02 5.888329e-02 -1.065812e-01 1.280367e-01 -2.137705e-01
-1.374532e-01 -1.456148e-01 -1.308774e-01 2.022793e-02 3.591842e-01 -4.799987e-02 -1.085987e-01 -1.018131e-01
-8.791903e-02 -1.165302e-01 2.514746e-01 -8.637685e-02 -6.882574e-02 -9.255296e-02 -1.391884e-01 -2.587862e-02
-9.668148e-02 -2.508177e-01 -2.159298e-01 -4.263324e-02 1.362176e-01 2.999293e-01 3.300452e-02 -1.181500e-02
-2.775466e-01 -1.256843e-01 -8.236625e-02 1.252404e-01 3.454936e-01 1.352093e-01 -1.926650e-01 -4.503929e-02
-1.351466e-01 -9.372937e-02 -1.098906e-01 -6.592423e-02 2.393579e-01 3.071083e-01 4.160953e-02 3.450461e-02
-2.770860e-01 -3.412846e-01 -1.548459e-01 1.744988e-01 2.336120e-01 3.098513e-03 -1.838438e-01 -7.270771e-02
-1.367947e-01 -1.235256e-01 -1.060151e-01 -1.002268e-01 1.248210e-01 -2.791582e-02 -1.094293e-01 -5.828550e-02
-1.833626e-01 -5.002024e-02 1.278802e-01 9.186047e-02 -5.704111e-02 1.120913e-01 -2.969241e-01 -9.699354e-02
-2.540861e-01 -3.375341e-01 -1.560490e-01 -9.496461e-02 1.288308e-01 7.479658e-02 -9.228512e-02 2.973850e-03
-2.860094e-01 -1.459902e-01 -8.520860e-02 9.694333e-03 2.890900e-01 2.715209e-01 -5.728360e-02 1.265464e-02
-8.168045e-02 -4.634922e-02 -1.575722e-01 -1.312195e-01 2.233038e-01 1.171711e-01 9.937301e-02 9.778971e-02
3.282892e-01 -4.046442e-01 4.334524e-02 -1.136800e-01 7.672189e-02 5.156619e-02 1.239116e-01 1.055605e-01
-1.927707e-01 -1.455689e-01 -1.386302e-01 -2.257603e-01 1.660516e-01 6.130801e-02 3.322785e-02 9.383484e-02
-2.764963e-01 -1.439206e-01 1.497454e-01 -5.197931e-02 -4.924866e-02 -3.832186e-02 -1.124138e-01 1.123962e-01
-2.469137e-01 -1.662734e-01 1.325082e-01 -1.084868e-01 -6.761210e-02 4.369467e-03 -6.078447e-02 1.399340e-01
-1.466090e-01 -9.649093e-02 -1.160888e-01 2.331752e-01 3.049274e-01 1.287119e-01 -2.699185e-01 -1.681055e-01
-7.842158e-02 3.018263e-02 -7.821543e-02 4.352208e-01 2.528826e-01 6.145378e-02 -1.969480e-01 -6.510592e-02
-3.079227e-01 -4.040273e-01 -9.497998e-02 -8.721070e-02 4.374227e-02 -1.771006e-01 -1.079479e-01 1.202891e-02
-1.837532e-01 4.047635e-01 2.857352e-01 -1.110921e-04 -9.693419e-02 -7.156067e-02 -1.317986e-01 -2.186331e-02
-7.239966e-02 -2.593649e-02 -1.563756e-01 5.228713e-03 2.999050e-01 2.357582e-01 2.080670e-02 -2.241922e-02
-1.270372e-01 -1.390934e-01 -1.290681e-01 -6.369246e-02 2.810386e-01 7.324807e-02 -1.136954e-01 -8.986872e-02
-3.080311e-01 -1.456079e-01 -1.102882e-01 2.211370e-02 3.589246e-01 6.886520e-02 -6.616045e-02 5.231953e-03
-3.031492e-01 -1.374392e-01 -5.739075e-02 1.118192e-01 2.349572e-01 -1.818239e-01 -2.358515e-01 -5.716480e-02
-1.640181e-01 2.037287e-01 -1.056027e-01 1.830290e-01 2.095133e-01 -9.777250e-02 -1.285491e-01 -6.183241e-03
-1.832255e-01 -2.905961e-02 3.678567e-01 1.317027e-01 -1.817176e-01 -7.529282e-03 -2.307633e-01 1.591947e-02
-5.735827e-02 -6.563096e-02 -1.748644e-01 -1.774357e-01 1.541165e-01 1.948974e-01 4.657463e-02 5.492834e-02
-1.536468e-01 1.805374e-01 2.109391e-01 -2.976936e-03 -8.260437e-02 -1.013608e-01 -1.751179e-01 -1.410765e-01
9.384069e-02 -1.207599e-01 2.949750e-01 -7.237611e-02 -9.354635e-02 -1.018632e-01 -1.479517e-01 -8.881700e-03
-1.754541e-01 -5.158386e-02 -1.415313e-01 -2.538968e-02 2.570629e-01 1.119939e-02 -3.689080e-02 6.010193e-02
-2.101707e-01 -2.525401e-01 1.906612e-01 2.323407e-03 -3.173265e-02 -2.507326e-01 -1.236893e-01 3.829155e-02
3.320904e-01 -1.947827e-02 1.663119e-01 -1.002098e-01 -6.589660e-02 -1.093141e-01 3.234070e-01 -4.425680e-02
-2.663426e-01 -1.502281e-01 -1.199914e-01 -1.181315e-01 2.861985e-01 2.736032e-03 2.266197e-02 6.273760e-02
-2.961377e-01 -7.566112e-02 -7.985365e-02 6.165615e-03 1.877535e-01 -1.246092e-01 -1.042442e-01 4.484206e-02
-1.248912e-01 -2.902361e-02 -1.478855e-01 8.463442e-02 3.495439e-01 8.197265e-02 -5.082490e-02 -1.832936e-02
-1.996968e-01 -3.067691e-01 -2.019723e-01 1.080000e-01 2.233823e-01 2.696005e-01 -3.481335e-02 -5.619507e-02
-2.381959e-01 -1.805599e-01 -2.413795e-02 2.744865e-02 2.008482e-01 3.539957e-02 -2.750041e-01 5.916128e-02
-2.738651e-02 5.790652e-02 2.006964e-01 3.179624e-01 8.572879e-03 6.511381e-02 -3.059250e-01 -1.891273e-01
-1.409957e-01 -1.143197e-01 -1.919677e-03 -1.062974e-01 1.975412e-01 -1.105410e-01 -1.271517e-01 -6.399042e-02
-1.139360e-01 -1.328412e-01 -1.382647e-01 -3.839569e-02 1.780792e-01 2.143398e-01 -1.327655e-01 -7.648163e-02
-7.470824e-02 -9.493953e-02 1.055522e-01 -7.097893e-02 -1.072886e-01 -1.291259e-01 2.952743e-03 4.254602e-03
2.500162e-01 -9.473619e-02 -1.937983e-02 4.387400e-01 2.913588e-01 1.241084e-01 3.520978e-02 -4.382648e-02
-3.467756e-02 4.026959e-02 2.905920e-01 5.998041e-02 2.525900e-01 -4.608579e-03 -7.190891e-02 -1.335592e-02
4.981906e-01 1.443757e-02 -6.520943e-02 3.854446e-02 -1.163443e-01 1.041770e-01 1.360778e-01 -4.453906e-02
-8.497300e-02 -1.087086e-01 2.865317e-01 2.090347e-01 -3.274732e-04 -9.358445e-03 2.380714e-02 4.388001e-02
4.132234e-01 -9.425328e-02 -5.532211e-02 4.269398e-01 3.987757e-01 1.856520e-02 -7.895057e-02 -1.466985e-01
1.692785e-01 -9.586067e-02 6.836566e-02 3.147960e-01 5.204108e-01 1.416174e-01 -9.136101e-02 -1.685206e-01
2.126797e-02 1.316449e-01 -1.315084e-02 -6.481551e-02 -2.955456e-02 -1.812277e-03 -8.995925e-02 4.240146e-01
4.679612e-01 -1.480471e-01 -7.269666e-03 4.362400e-01 9.051388e-02 1.120300e-01 -1.576134e-02 -1.655044e-01
3.056716e-01 -1.044599e-01 -1.100933e-01 -4.578128e-03 -1.006019e-01 7.713287e-02 -7.340967e-02 -4.842994e-02
-5.328039e-02 -9.298074e-02 1.433798e-01 2.455064e-02 5.722029e-01 -6.145340e-02 -7.992869e-02 -1.020787e-01
1.115605e-03 -1.628554e-01 3.369724e-01 1.682688e-01 3.377972e-01 -2.478379e-02 9.716383e-02 1.550926e-02
5.299435e-01 -1.293632e-01 -6.256632e-02 8.140033e-03 -1.575346e-01 1.185675e-01 2.643222e-01 -1.339114e-01
3.871308e-01 -2.330408e-01 1.994022e-02 4.067274e-01 6.005229e-02 6.614295e-02 3.676987e-02 -2.355239e-01
1.351507e-01 -7.134294e-04 -2.604137e-03 1.978371e-01 3.673602e-02 3.638638e-04 -5.699764e-02 8.067270e-02
-8.292764e-02 -8.647356e-02 1.183078e-01 -8.197518e-02 3.126088e-01 -9.864275e-02 -5.437123e-02 -1.501620e-01
1.636481e-01 8.914365e-02 5.041476e-02 2.764155e-01 3.596198e-01 2.053525e-03 6.741832e-03 4.191473e-02
1.675571e-01 -2.811221e-01 8.257697e-02 2.741913e-01 -3.870993e-02 1.555694e-03 2.621598e-02 -1.579889e-02
1.747506e-01 1.529749e-01 -2.152793e-02 2.185424e-01 2.642983e-01 1.747427e-01 -1.182734e-01 8.816387e-02
-1.074150e-01 1.416432e-01 2.515123e-01 -4.055369e-02 2.720999e-01 5.405317e-02 -1.090173e-01 7.330997e-02
5.707077e-01 -1.842344e-01 -1.312384e-01 1.208645e-01 -5.611916e-02 7.239447e-02 2.559966e-02 -1.353607e-01
3.749865e-02 -1.051951e-01 3.991567e-01 2.991763e-02 1.426226e-01 -1.252148e-01 3.081716e-02 -1.215112e-02
1.357631e-01 -1.197252e-01 -7.515779e-02 3.320101e-01 2.550564e-01 -6.476211e-03 -6.121922e-02 -1.377040e-01
4.376214e-01 -1.080219e-01 -4.416384e-02 1.218714e-01 1.484126e-02 -1.043514e-01 1.154246e-01 -6.634688e-02
-6.306337e-02 -5.289263e-02 4.105563e-02 -7.820536e-02 -7.461463e-02 -8.514218e-02 -5.046947e-02 4.150982e-01
4.546442e-01 -8.176341e-02 -7.115884e-02 3.881689e-01 2.015930e-01 2.339317e-02 -2.077249e-02 -1.561769e-01
-1.089468e-01 1.809666e-01 1.531862e-01 -1.276084e-01 3.530155e-01 -2.088367e-03 1.969030e-03 1.615714e-01
-8.522192e-02 7.528736e-02 1.827384e-01 -9.578773e-02 -9.291915e-02 1.337876e-02 -1.370084e-01 3.376222e-01
5.757914e-01 -1.119754e-01 -1.058118e-01 5.160053e-02 -1.125342e-01 2.210735e-01 1.533516e-01 -1.628207e-01
9.433067e-02 -1.003872e-01 2.226218e-01 2.619731e-01 5.391781e-01 -5.042032e-03 -9.457010e-02 -1.377542e-01
1.851069e-01 -1.355899e-01 1.763434e-02 2.428659e-01 1.435748e-02 -1.789601e-02 4.903548e-03 -2.644496e-02
4.205745e-01 -1.866435e-01 -8.392905e-02 3.345309e-01 1.296339e-01 8.642586e-02 1.445824e-02 -1.921909e-01
2.695420e-01 -8.530179e-02 6.726944e-02 -8.309031e-02 -1.489345e-01 -1.190728e-02 3.192445e-01 -1.058948e-01
4.605691e-01 -8.325780e-02 -4.909766e-02 -1.367565e-03 -1.252729e-01 -8.039818e-02 2.556558e-01 -1.216743e-01
3.444338e-01 -1.197712e-02 -3.391884e-02 3.900999e-01 2.707685e-01 -6.286450e-02 -1.967464e-02 -6.559648e-02
2.766898e-01 -3.147858e-02 1.835498e-01 2.724461e-01 1.081770e-01 1.440967e-01 -6.790172e-02 -8.446695e-02
1.669488e-01 -9.987818e-02 -6.816386e-02 -2.055071e-02 -7.856554e-02 -4.782226e-02 -6.868804e-02 -1.124283e-01
-9.119379e-02 -1.820330e-02 1.498481e-01 1.572380e-01 4.461716e-02 -2.908446e-02 2.202685e-03 8.803270e-02
3.983946e-01 -9.583100e-02 -9.945309e-02 4.157105e-01 3.899918e-01 2.062024e-01 -9.542266e-02 -1.490829e-01
-6.623217e-02 -9.947999e-02 7.234263e-02 -5.654634e-02 -1.029442e-01 -1.104478e-01 -4.283176e-02 -1.123047e-01
3.035158e-01 1.413671e-01 -3.270343e-02 -6.520820e-02 -5.705563e-02 9.808426e-02 8.033687e-02 6.977932e-02
3.369814e-01 -1.926890e-01 -2.178015e-02 4.325292e-01 1.710365e-01 5.056306e-04 6.469940e-02 -1.717315e-01
-4.498550e-02 -9.248014e-02 3.256168e-01 7.572273e-02 4.848222e-01 -8.391751e-02 -6.494551e-02 -1.332305e-01
-8.198221e-02 -9.026992e-02 2.089992e-01 -7.388531e-02 -7.648892e-02 -1.007805e-01 -9.847643e-03 -1.238993e-01
1.893851e-01 -1.320432e-01 6.151044e-02 3.655422e-01 3.010465e-01 -8.134127e-02 1.161147e-01 -9.574703e-02
-3.601292e-02 -5.029766e-02 3.753229e-01 6.818653e-02 2.984421e-01 -2.859450e-02 7.331353e-02 2.656156e-02
1.931288e-02 -1.875204e-01 2.160274e-01 1.855900e-01 4.346365e-03 1.789418e-02 -8.852607e-03 7.658211e-04
4.287935e-01 -3.236849e-02 -6.903485e-02 3.771020e-01 1.613750e-01 1.272706e-01 -8.724459e-02 -8.121646e-02
2.515191e-01 -9.434196e-02 7.864242e-02 3.712587e-01 4.952463e-01 -6.012249e-02 -8.313003e-02 -1.406594e-01
1.854696e-01 -4.416236e-02 -9.153554e-02 6.058388e-02 -1.091996e-01 5.865679e-02 -4.792013e-02 3.564798e-01
2.895447e-01 6.427281e-02 -6.195588e-02 3.511736e-01 2.478913e-01 1.764848e-01 -8.203267e-02 1.813667e-02
6.071064e-01 -1.068411e-01 -1.399926e-01 3.573155e-02 -1.094775e-01 6.340729e-02 1.390495e-01 -1.568990e-01
3.165147e-02 -1.011485e-01 3.652452e-01 1.522248e-01 2.376519e-01 -6.258460e-02 -1.952443e-02 -1.050109e-01
4.486601e-01 -9.090537e-02 -1.042879e-01 3.811366e-01 2.447885e-01 2.460557e-01 -8.376071e-02 -1.504271e-01
3.205390e-01 -1.496323e-01 -1.087109e-01 6.127172e-02 -1.057977e-01 -5.252158e-02 2.330698e-02 -1.134347e-01
-3.744215e-02 -8.643030e-02 1.390367e-01 -9.430934e-02 -1.404209e-01 -1.038061e-01 2.273301e-01 -1.024647e-01
9.726352e-02 -1.288913e-01 2.280721e-01 3.121036e-01 2.607706e-01 3.367642e-02 2.360507e-02 -7.227940e-02
2.486611e-01 -2.541426e-01 3.343502e-02 4.249297e-01 1.821205e-01 1.194887e-01 6.736191e-02 -7.383693e-02
-1.635954e-02 -2.958779e-02 2.359126e-01 1.136091e-01 3.951178e-01 1.254212e-03 6.608585e-02 6.629729e-02
2.962060e-01 -9.775030e-02 -3.233122e-02 3.841208e-01 4.651463e-01 1.555888e-01 -9.722880e-02 -1.631596e-01
-7.142668e-02 -1.418200e-01 1.565636e-01 1.519338e-01 -4.854827e-02 -7.446455e-02 8.987507e-03 -3.195657e-02
-7.448553e-02 9.260724e-02 2.415975e-01 -2.946977e-02 3.669185e-01 -2.539083e-02 6.566798e-02 1.321986e-01
3.780597e-01 -1.177354e-01 6.343383e-03 4.133191e-01 1.859061e-01 -1.479838e-01 4.932911e-02 -1.397909e-01
-7.346725e-02 -8.948158e-02 2.301256e-01 -2.749077e-02 5.221174e-01 -6.730355e-02 -8.968772e-02 -8.968551e-02
-9.008158e-02 1.002258e-01 -1.197877e-01 3.904010e-01 -1.313608e-02 -7.559242e-02 -2.705040e-01 -2.643134e-01
1.764545e-01 -5.173868e-02 3.393005e-02 3.911785e-02 3.684107e-01 1.373552e-01 3.426988e-01 -5.343777e-03
-8.885800e-02 -1.616321e-03 -1.378967e-01 4.159584e-01 -7.196538e-02 -9.109016e-02 -1.671678e-01 -1.312844e-01
-9.615760e-02 -1.151811e-01 2.837248e-01 1.588561e-01 -7.233538e-02 -7.578520e-02 -1.431043e-01 -1.007334e-01
-1.118974e-01 -6.985215e-02 -1.959838e-01 1.975364e-02 -9.237496e-02 2.603782e-01 2.445941e-01 -1.146231e-01
1.209401e-02 3.548873e-01 -1.907674e-01 -6.639840e-02 -4.538468e-03 1.947691e-02 3.157337e-01 -5.072512e-02
1.542876e-02 -4.816418e-03 -1.151559e-01 -4.021496e-02 3.000041e-01 5.285280e-02 5.295935e-01 -1.048311e-01
-1.255039e-01 2.003019e-01 9.157825e-02 1.435495e-01 -1.088204e-01 -3.827761e-02 -1.533001e-01 -4.967311e-02
-1.621948e-01 -6.864090e-02 -7.984108e-02 2.345074e-01 7.756819e-03 -7.267653e-02 -2.169995e-01 -1.923379e-01
3.375548e-02 -1.044886e-01 -1.150393e-01 3.091896e-01 6.207179e-02 2.219810e-06 -2.455695e-01 -5.066005e-02
-1.354659e-01 -1.550696e-01 -2.199751e-02 -4.423914e-02 -1.835845e-01 2.258397e-01 3.200354e-01 -5.990002e-02
-6.301031e-02 -6.754652e-02 1.690949e-02 -1.231028e-01 1.120481e-02 -3.902053e-02 3.934355e-01 -5.123241e-02
-1.105042e-01 -9.938258e-02 -3.010890e-02 3.424523e-01 -8.623853e-02 -8.160162e-02 -1.572231e-01 -1.286349e-01
-6.833911e-02 1.593900e-01 -1.961899e-01 4.190209e-01 -7.781608e-02 -1.015595e-01 -1.680139e-01 -1.447802e-01
1.645413e-01 9.927253e-02 -6.027062e-02 -4.580543e-02 1.241294e-01 1.611314e-01 2.520061e-01 -1.259102e-01
-7.545723e-02 3.307406e-01 -1.881845e-01 4.478800e-01 -6.451963e-02 -8.340298e-02 -1.602005e-01 -1.414274e-01
-3.967168e-02 3.616552e-01 -1.292651e-01 9.383733e-02 -1.481047e-01 3.865044e-01 1.764483e-01 -1.091637e-01
-9.046277e-02 7.165700e-02 -1.912564e-01 8.958510e-02 -1.524012e-01 3.783576e-01 2.526382e-01 -6.954784e-02
8.899878e-02 -1.331786e-01 1.414060e-01 1.243870e-01 -6.675683e-02 6.240271e-02 -7.606395e-02 -8.529751e-02
-6.364133e-02 -1.138272e-01 -1.616875e-02 -7.331739e-02 2.556342e-01 -2.219242e-02 5.362040e-01 -6.935842e-02
-1.419140e-01 -9.132189e-02 -4.897166e-02 -1.278527e-01 -2.564961e-02 -3.801236e-02 -6.745707e-02 -5.288190e-02
-1.405669e-01 -1.041982e-01 -5.121227e-02 1.682246e-01 -1.503130e-01 -1.209377e-01 -1.409267e-01 -7.311858e-02
1.081247e-02 3.085467e-02 1.807917e-02 1.385195e-01 -1.446471e-01 2.753413e-02 -1.197975e-01 -1.981369e-01
1.659345e-01 8.826526e-02 -1.449051e-01 -3.689665e-02 2.248846e-01 1.175566e-01 2.484249e-01 -4.540560e-02
-7.393967e-02 1.650769e-02 1.444157e-01 2.563131e-01 -4.483100e-02 3.154696e-02 -1.890809e-01 -2.019193e-01
1.049095e-01 1.076406e-02 1.100555e-02 -1.032762e-02 3.130466e-01 7.685686e-02 3.346851e-01 8.108352e-02
1.033561e-01 3.345919e-01 -1.876202e-01 -3.973144e-03 1.203829e-01 1.249960e-01 3.572039e-01 -1.455199e-01
-1.407590e-01 -1.488089e-01 2.004061e-01 -9.717100e-02 -1.269870e-01 2.206072e-01 3.329082e-01 -3.821508e-02
-1.444258e-01 -3.433639e-02 -1.459193e-01 6.727446e-02 -1.688394e-01 2.523048e-01 2.358219e-01 2.088293e-02
-9.753080e-02 5.227638e-02 -1.281413e-01 2.782068e-01 -6.949173e-02 -3.738060e-02 -2.435869e-01 -8.395199e-02
-1.140872e-01 -6.005228e-04 2.101502e-01 5.420358e-02 -1.255921e-01 -7.889343e-02 -1.430912e-01 -1.151817e-02
1.197688e-01 2.281234e-01 -7.778070e-02 -2.075645e-04 3.764644e-01 1.571623e-01 2.359699e-01 -1.980809e-02
-1.119846e-01 5.630421e-03 2.840523e-01 1.217431e-01 -1.119760e-01 5.328989e-02 -1.660102e-01 -1.424520e-01
-8.357567e-02 -1.385236e-01 -1.491749e-01 4.781528e-02 -2.033912e-01 3.294123e-01 3.514673e-01 -9.234522e-02
2.818807e-01 1.251140e-01 -1.289155e-01 -1.679511e-02 2.828669e-01 2.208467e-01 1.556363e-01 -1.204584e-01
-1.394463e-01 -5.625803e-02 -8.454262e-02 -9.787463e-02 1.551325e-01 -3.011647e-02 -1.252017e-01 -8.288290e-02
-9.218584e-02 -4.814893e-02 -1.005983e-01 3.397008e-01 3.432036e-03 -4.498507e-02 -2.459347e-01 -2.335701e-01
-4.944805e-02 7.478739e-02 -1.425273e-01 3.973190e-01 -1.873845e-02 1.781195e-02 -2.643675e-01 -8.675668e-02
-2.546376e-02 1.200216e-01 -1.236672e-01 -9.474083e-02 1.570946e-02 -1.026546e-02 3.623953e-01 -5.783261e-02
-6.051539e-02 1.329876e-01 3.359529e-02 3.289841e-01 -3.505601e-02 -3.198880e-02 -1.713865e-01 -1.782627e-01
-1.627336e-01 -3.971455e-02 4.256197e-02 1.180015e-01 -3.445065e-02 -7.951392e-03 -1.967209e-01 -1.789302e-01
1.727500e-01 2.418638e-01 -1.219552e-01 -3.033123e-02 1.475461e-01 1.745146e-01 1.810049e-01 -1.193923e-01
-9.487215e-02 2.618526e-01 -7.186427e-02 3.956563e-01 -2.583457e-02 2.688547e-02 -3.061408e-01 -1.824425e-01
-6.042052e-02 6.522009e-03 1.491710e-01 2.990772e-01 -5.909954e-02 -5.083017e-02 -1.505914e-01 -1.038039e-01
-9.287652e-02 -1.374554e-01 1.122519e-01 -8.350633e-02 2.411211e-01 -4.649031e-02 5.415737e-01 -6.185232e-02
-9.846923e-02 5.497726e-01 -9.269940e-02 3.698333e-01 -8.326484e-02 -5.291326e-02 -1.790557e-01 -1.054123e-01
-2.027825e-02 -4.450010e-02 -1.488197e-01 7.191128e-02 -3.757316e-02 3.807955e-01 1.525727e-01 -1.082595e-01
-1.078648e-01 2.854333e-03 -1.438449e-01 3.511454e-01 -1.299211e-01 -1.006778e-01 -1.855667e-01 6.021355e-02
-7.529847e-02 1.996317e-02 -1.070805e-01 2.483981e-01 4.260662e-02 6.078399e-02 -3.085748e-01 -1.779637e-01
3.273832e-02 1.937715e-01 -1.363944e-01 -2.142174e-02 2.773075e-01 8.949394e-02 4.910663e-01 -1.099546e-01
-1.172489e-01 -1.281682e-01 9.778707e-02 2.349437e-01 -1.146569e-01 -1.002177e-01 -1.635349e-01 -1.286104e-01
2.113252e-01 1.322593e-02 -1.365015e-01 -4.665196e-02 3.921174e-01 1.385147e-01 2.874461e-01 -7.627460e-02
-8.545213e-02 4.810346e-02 6.019988e-02 2.599409e-01 2.411343e-02 6.529909e-02 -3.231015e-01 -1.767893e-01
-1.272093e-01 2.007500e-01 -1.411133e-01 3.998161e-01 -8.577900e-02 -4.854973e-02 -2.186002e-01 -5.464010e-03
-2.307211e-01 -1.640878e-01 1.045097e-02 1.552207e-01 -4.471112e-02 -1.063167e-01 -1.538065e-01 -1.115376e-01
-1.066370e-01 -5.843234e-02 -1.395707e-01 2.697964e-01 -9.033406e-02 -1.057130e-01 -1.471812e-01 -9.468541e-02
3.369176e-02 -7.977530e-03 -1.611237e-01 -6.460100e-02 1.127474e-02 5.465483e-02 4.009869e-01 -1.092332e-01
-1.003375e-01 -1.531060e-01 1.332282e-02 -3.474347e-03 -8.813006e-02 3.520874e-01 2.549689e-01 -8.528099e-02
1.645644e-01 5.353717e-01 -6.550790e-02 -1.360019e-04 1.252466e-01 2.166576e-01 1.775226e-01 -8.746769e-02
-1.345816e-01 7.704230e-02 -1.533599e-01 -1.269808e-01 2.566632e-04 -5.231232e-02 -9.595460e-02 5.405795e-03
-2.166081e-01 -1.471633e-01 1.538493e-01 6.001981e-02 -9.855750e-02 -7.748137e-02 -1.552222e-01 -1.151220e-01
-8.658976e-02 2.733297e-01 -7.282280e-03 3.217630e-01 -3.890542e-02 -5.806129e-02 -1.526512e-01 -1.365068e-01
-1.010202e-01 -1.378582e-01 4.083600e-01 1.360491e-02 -7.893144e-02 -7.350369e-02 -1.236591e-01 -5.138579e-02
-9.960292e-02 4.587147e-01 -7.194446e-02 3.771067e-02 -6.636349e-02 -7.762926e-02 -1.204355e-01 2.123693e-02
-4.369314e-02 -5.672515e-02 -3.078824e-01 -1.021329e-01 -2.906469e-01 -6.777924e-02 2.797413e-01 -6.889115e-02
2.491638e-01 -7.843866e-02 4.738224e-02 -1.248234e-01 -1.678821e-01 -4.231762e-02 -7.651815e-02 -6.077937e-02
-3.215481e-02 -9.153339e-02 -1.431787e-01 -3.325786e-03 8.237810e-02 -2.134114e-01 -1.594353e-02 -2.004150e-03
2.368441e-01 -1.170440e-01 -1.178069e-01 -4.942054e-02 4.771931e-03 -1.970864e-01 -6.263373e-02 2.033760e-01
-1.765297e-01 -7.705187e-02 -1.338166e-01 -3.639932e-02 1.087007e-01 -9.866192e-02 2.428420e-02 -1.715282e-01
-2.999427e-02 -8.634889e-02 -1.733646e-01 2.552050e-01 -1.649981e-01 -8.530965e-02 2.515022e-01 -1.709655e-01
-7.975248e-02 -8.206999e-02 -1.711419e-01 -1.213470e-01 -1.832712e-01 -9.487887e-02 5.440808e-01 -4.656654e-02
1.303843e-02 -5.198159e-02 2.218439e-01 -1.057691e-01 -7.344591e-02 9.787967e-02 -8.789328e-02 -7.468006e-02
4.544925e-01 -1.055314e-01 -8.764159e-02 -1.434626e-01 -1.978095e-01 -1.105987e-01 -5.750147e-02 -7.381605e-02
-9.158677e-02 5.543996e-01 -7.042789e-02 -1.531039e-02 -1.150980e-01 -1.536640e-01 -1.018113e-02 4.432098e-02
8.319554e-02 -1.370131e-01 -1.851943e-02 -1.029305e-01 -1.543396e-02 3.647961e-01 -1.216814e-01 7.190634e-02
5.330021e-02 -1.557587e-01 -9.842222e-02 1.357758e-01 -1.380106e-01 -1.153205e-01 5.576211e-01 -2.652659e-03
-1.525764e-01 1.716635e-01 4.276588e-03 5.083100e-01 -4.647386e-02 -1.733923e-01 -1.343127e-01 -9.914643e-02
4.067715e-01 -8.647409e-02 -1.517291e-01 -1.443016e-01 -1.960838e-01 -1.448646e-01 -3.105179e-02 1.031492e-01
2.629680e-02 -5.000633e-02 -3.881480e-01 4.945973e-02 -3.155200e-01 -1.029614e-01 9.511992e-02 -2.674678e-01
2.412713e-01 -1.663294e-01 2.860274e-02 -1.945301e-02 1.120089e-01 -1.015702e-01 -1.338527e-01 2.888391e-01
6.204811e-02 -1.588224e-01 -1.917222e-02 -1.132806e-02 1.029392e-01 1.037385e-01 -1.832597e-01 1.874849e-01
4.275414e-01 -1.203396e-01 -1.265640e-02 3.366621e-02 -1.817395e-01 -2.628001e-01 -8.023018e-02 4.963424e-02
1.422450e-01 -3.507298e-02 -1.844981e-01 -1.503894e-01 -1.242713e-01 -9.282020e-02 -2.641803e-03 -6.298269e-02
-1.158849e-01 -1.256976e-01 -4.152678e-02 -4.467606e-02 2.626627e-01 -7.991087e-02 -1.210128e-01 -8.939223e-03
-1.182562e-01 -6.617920e-02 -1.366965e-01 -9.254887e-02 1.622846e-01 -9.694768e-02 -6.772103e-02 -1.296769e-01
-1.367450e-01 -7.166693e-02 -1.192396e-01 -1.359958e-01 5.723266e-02 -7.725196e-02 3.385951e-01 -1.298232e-01
3.455490e-01 8.484248e-02 -9.453029e-02 -1.885408e-01 -1.708197e-01 -2.623552e-02 -2.123922e-01 -3.354125e-01
3.529466e-01 -1.656618e-01 -3.054510e-02 3.948916e-02 -3.597233e-03 -2.286472e-01 -1.112499e-01 3.337520e-01
2.815790e-02 -1.455660e-01 -4.778221e-03 2.341360e-01 -3.079960e-02 -7.390271e-02 4.592787e-01 1.075377e-01
3.866856e-02 -2.032631e-02 -1.678492e-01 1.067701e-03 -3.140832e-01 -4.851123e-02 2.386875e-01 -1.343206e-01
3.850064e-02 -9.456789e-02 -3.107267e-01 1.171854e-01 -2.666756e-01 -1.025985e-01 2.926567e-01 6.242710e-04
-1.599653e-01 -4.734335e-02 5.248319e-02 -8.117761e-02 1.040862e-01 8.944133e-02 -2.687830e-02 -1.854556e-01
-4.194311e-02 1.455856e-02 -2.519159e-01 -2.137370e-01 -2.455994e-01 1.700817e-02 1.802675e-01 -2.259236e-01
5.430132e-01 -1.269876e-01 -5.939513e-02 -1.094141e-01 -1.245026e-01 -1.064542e-01 -7.274399e-02 2.889477e-02
2.227222e-01 -9.648152e-02 -1.233953e-01 -1.194482e-01 -6.152092e-02 -1.249209e-01 -6.513233e-02 5.606497e-02
9.088664e-02 -5.863923e-02 -2.397016e-01 -5.564410e-02 -4.961960e-02 -1.774929e-01 1.996709e-02 -2.163083e-02
8.091746e-04 -9.368856e-02 -1.197210e-01 -9.895828e-02 -1.852101e-02 1.294424e-01 -7.960786e-02 2.642545e-02
-1.482677e-01 4.847920e-01 1.670121e-02 4.083403e-01 1.910150e-02 -1.225844e-01 -1.085617e-01 6.342565e-02
4.555051e-01 -1.312884e-01 2.427047e-02 -4.256070e-02 -1.389453e-02 -8.361353e-02 -1.395645e-01 1.335204e-01
5.101280e-03 -1.016527e-01 -2.112838e-01 4.832882e-02 -2.186085e-01 -1.089503e-01 2.571646e-01 1.324316e-01
-9.158617e-02 -7.557143e-02 -8.360282e-02 -4.924092e-02 3.865201e-02 -3.490319e-02 -4.510809e-02 -5.630639e-02
-1.483247e-01 3.101492e-01 -1.779015e-02 3.538205e-01 -6.814725e-02 -1.983299e-01 2.873234e-02 1.966824e-01
5.777274e-02 -9.041025e-02 -1.181786e-01 -1.029002e-01 5.122421e-02 -1.003765e-01 -4.974458e-02 -3.479911e-02
7.709914e-02 -1.257648e-01 -5.211732e-02 -4.561344e-02 1.031612e-01 -1.140228e-01 -1.266122e-01 1.031176e-01
-9.960262e-02 4.070347e-02 -1.281455e-01 -1.169472e-01 4.797435e-02 -8.519812e-02 9.132529e-03 -2.354263e-01
3.897643e-01 1.491386e-02 -1.895030e-01 -7.694547e-02 -2.015635e-01 -1.817508e-01 -1.294606e-01 -2.459034e-01
-6.576386e-02 -5.566841e-02 -1.940403e-01 -7.862107e-02 2.529213e-02 -1.549047e-01 1.574829e-02 -1.406915e-01
4.162865e-01 -1.430944e-01 -4.907714e-02 -1.168879e-01 -1.020079e-01 -1.358639e-01 -7.715312e-02 2.314408e-01
-1.607148e-01 3.361496e-01 6.455748e-02 9.822734e-02 5.906589e-02 -1.333596e-01 -1.329495e-01 7.613923e-02
2.871094e-01 -1.595056e-02 -1.973514e-01 -1.818932e-01 -2.009361e-01 -1.155740e-01 -9.621833e-03 -5.753942e-03
5.133913e-02 1.001613e-01 -7.854256e-02 -2.443688e-01 -4.753343e-03 5.676529e-02 -1.197897e-01 -2.250519e-01
-1.115615e-01 -2.040654e-02 -2.229349e-01 -1.873127e-01 -1.483590e-01 -6.828299e-02 4.402846e-01 -1.754976e-01
2.368217e-01 -1.494025e-01 -5.413461e-02 -9.039283e-02 -4.608124e-02 1.240068e-01 -1.234766e-01 2.078599e-01
2.454885e-01 -4.883105e-02 -1.618353e-01 3.310177e-02 -7.046151e-02 8.611631e-02 -2.282480e-01 -1.122568e-01
2.823563e-01 -5.824118e-02 -1.999571e-01 -1.136847e-01 -1.369626e-01 -1.827837e-01 -3.154551e-03 1.327747e-01
-1.256871e-01 -1.339710e-01 -1.143266e-01 -1.091447e-01 1.430674e-01 1.477080e-01 -4.436995e-02 -9.207789e-02
3.153458e-01 -1.034660e-01 -1.170399e-01 -9.819528e-04 -1.391630e-01 -1.053744e-01 -8.329841e-02 -1.108742e-01
9.551013e-03 -1.495903e-02 -3.217172e-01 -2.584714e-02 -2.821071e-01 -1.981877e-02 7.474732e-02 -2.982138e-01
-1.533001e-01 -9.018818e-02 -1.829037e-02 -8.900717e-02 5.953640e-02 3.076202e-01 -5.973203e-02 -1.228946e-01
4.903283e-01 -2.974559e-02 -1.808780e-01 -1.392972e-01 -2.154186e-01 -2.029079e-01 -4.894414e-02 -7.533149e-02
-1.483100e-01 -1.108181e-01 1.698479e-01 -4.380936e-02 5.846477e-02 3.634228e-01 -1.230192e-01 -1.630755e-01
-3.992336e-02 -1.414731e-01 -6.899415e-02 -4.121466e-02 -1.062953e-01 -1.121543e-01 5.366660e-01 1.036126e-01
4.154694e-01 -1.482836e-01 -1.497631e-01 -5.632409e-02 -1.100562e-01 -2.349358e-01 -7.625938e-02 2.875131e-01
-1.255477e-01 -5.792055e-02 -9.854042e-02 -8.660743e-02 1.149764e-02 4.502676e-02 8.749584e-03 -2.233519e-01
4.120399e-01 1.646913e-02 -1.022687e-01 -2.380365e-01 -2.047968e-01 -1.008199e-01 -7.226171e-02 -1.816408e-01
3.995688e-02 -8.421122e-02 -4.217091e-01 1.067750e-01 -3.587202e-01 -1.311731e-01 1.878129e-01 -2.061388e-01
2.874973e-02 -1.430471e-02 -1.794308e-01 -1.329892e-01 -4.764328e-02 -6.409257e-02 -5.996778e-03 -1.495830e-01
2.145313e-01 6.324393e-02 -1.637088e-01 -2.537948e-01 -1.349800e-01 9.075701e-03 -4.593467e-02 -9.944057e-02
-2.822269e-01 -1.377464e-01 1.582357e-01 -6.095914e-02 -4.864750e-02 -3.470176e-02 -9.921815e-02 1.202357e-01
-9.201937e-02 -8.010232e-02 -1.347471e-01 6.356864e-02 2.355900e-01 3.106333e-01 -9.354550e-03 -2.193041e-02
3.445498e-01 -2.384488e-02 2.229813e-01 -1.006705e-01 -8.296447e-02 -1.289562e-01 2.182169e-01 -8.174613e-02
-2.194274e-01 -1.491150e-01 -1.896818e-02 4.010671e-02 1.826497e-01 2.019332e-02 -2.971112e-01 5.943878e-02
3.434468e-01 -3.244413e-01 2.347194e-02 -1.450114e-01 3.624513e-02 6.525115e-02 1.381903e-01 1.243380e-01
-6.699511e-02 -1.975152e-02 -1.800045e-01 -1.879712e-01 1.557007e-01 1.496779e-01 9.920470e-02 9.427219e-02
-2.949221e-01 -2.972873e-01 -5.881028e-02 -1.681346e-01 -3.219434e-02 -4.008831e-02 -9.708305e-02 1.587596e-02
-1.648167e-01 1.424281e-01 -9.318997e-02 2.260403e-01 2.032440e-01 -1.001244e-01 -1.201779e-01 -1.950187e-02
-1.720913e-01 4.045589e-02 3.973453e-01 7.608256e-02 -2.176020e-01 4.958295e-02 -1.008682e-01 1.069450e-01
-2.016729e-01 -1.319086e-01 2.695167e-01 7.662850e-03 -8.001116e-02 -1.792763e-01 -1.916618e-01 -5.211936e-02
-1.604075e-01 -1.056936e-01 1.302603e-01 -1.094578e-01 -2.375897e-01 1.370161e-01 2.616674e-02 5.301469e-02
-1.595942e-01 -8.835548e-02 -1.121451e-01 2.122124e-01 3.481882e-01 1.014708e-01 -1.324333e-01 -7.821984e-02
-1.008228e-01 -9.779783e-02 -1.329257e-01 -6.086118e-02 1.407098e-01 1.933600e-01 -9.587396e-02 -3.810972e-02
6.063571e-01 -1.077435e-01 2.826636e-01 -1.298162e-01 -1.082818e-01 -9.090695e-02 1.662459e-01 4.058286e-02
-1.114895e-01 3.598361e-02 1.677804e-01 2.133654e-01 -3.215986e-02 8.519986e-02 -3.033911e-01 -1.407278e-01
-2.097777e-01 -1.153439e-01 -4.020317e-03 -1.025340e-01 1.650120e-01 -1.304517e-01 -9.831955e-02 -3.905946e-02
-1.599590e-01 -9.423465e-02 -1.149718e-01 3.561464e-02 3.169016e-01 1.895559e-02 -1.225919e-01 -4.794236e-02
-1.167338e-01 -8.860043e-02 -1.144454e-01 2.067230e-01 3.266526e-01 2.656152e-01 -8.147513e-02 -5.593817e-02
-1.478087e-01 -1.090443e-01 2.561856e-01 -9.018602e-02 -1.019165e-01 -1.298541e-01 -8.088758e-02 3.453024e-02
-2.396253e-01 -4.132208e-01 1.058618e-01 -6.848399e-02 -3.826562e-02 -7.037559e-03 -1.882902e-01 1.543494e-02
-1.142628e-01 -7.503043e-02 -1.163674e-01 -7.486223e-02 2.422536e-01 9.600376e-02 -2.088496e-02 9.970758e-03
-1.854089e-01 -1.219905e-01 -8.728871e-02 4.594277e-02 3.110951e-01 -1.134630e-01 -1.848308e-01 -1.204650e-01
-1.710768e-01 -3.630846e-02 3.629366e-01 1.529581e-01 -1.762549e-01 -4.184628e-02 -2.767239e-01 -3.264911e-02
-2.325483e-01 -1.266145e-01 -1.402963e-01 -2.127292e-01 1.643424e-01 4.562308e-02 4.724852e-02 9.223127e-02
-2.296784e-01 -1.208896e-01 5.795952e-03 -2.062258e-02 1.962126e-01 -1.746998e-01 -1.966362e-01 -1.268298e-01
-2.514297e-01 -8.115795e-02 -1.225926e-01 -8.059695e-03 2.792904e-01 2.488504e-01 -8.153995e-03 3.519643e-02
-1.844664e-01 -1.500498e-01 1.175519e-01 -1.580498e-01 -8.944513e-02 2.515785e-02 -3.143632e-02 1.442438e-01
-1.210069e-01 -9.952882e-02 -7.571061e-02 -1.507111e-01 1.234632e-01 -6.872052e-03 3.005061e-03 9.476171e-03
-1.160388e-01 -1.004889e-01 -8.528305e-02 3.518802e-01 2.719196e-01 2.692614e-01 -1.741252e-01 -1.373792e-01
3.999729e-02 -5.617508e-03 -1.354857e-01 -1.345579e-01 2.461953e-01 2.021360e-01 1.302430e-01 4.278643e-02
-1.546516e-01 -5.661179e-02 -1.370050e-01 -9.689254e-02 3.067710e-01 8.477414e-02 9.325996e-02 8.098520e-02
-2.928847e-01 -3.149303e-01 -1.458457e-01 -8.949757e-02 1.187716e-01 2.834905e-02 -1.263884e-01 -1.098962e-02
-2.956350e-01 -1.122757e-01 -1.030023e-01 9.263014e-02 3.732800e-01 1.030464e-01 -1.260197e-01 -2.333603e-02
-6.387018e-02 -1.715466e-01 -2.490435e-01 -5.140913e-02 1.196394e-01 3.240229e-01 6.996513e-02 -2.283977e-02
-2.223927e-01 -1.230561e-01 1.805776e-01 -8.005673e-02 -4.761883e-03 -1.582954e-01 -1.047131e-01 -1.845176e-02
-1.053554e-01 2.253380e-02 -4.909734e-02 4.418535e-01 2.314204e-01 2.608177e-02 -2.113689e-01 -1.077945e-01
-3.009819e-01 -8.091791e-02 -5.462159e-02 8.115048e-02 2.308351e-01 -1.751705e-01 -1.713045e-01 1.477955e-02
4.024999e-01 -1.900101e-01 1.645497e-01 -3.464170e-02 7.913944e-02 -1.979106e-02 1.170564e-01 1.280568e-01
-2.342318e-01 -5.234895e-02 -1.195032e-01 1.752860e-01 3.616180e-01 -7.102033e-02 -1.611360e-01 -5.774054e-02
3.174054e-01 -6.416577e-02 3.430837e-01 6.219676e-02 6.899142e-02 -1.039390e-01 1.169457e-01 -2.068353e-01
-1.815885e-01 -1.109481e-01 -1.058170e-01 2.303263e-01 3.036608e-01 2.791186e-02 -2.753798e-01 -1.652997e-01
4.340877e-01 -2.141105e-01 3.218352e-01 9.687967e-02 9.107416e-02 -7.489012e-03 -1.147604e-01 1.757293e-02
-1.991000e-01 3.710229e-01 3.044962e-01 3.875081e-03 -1.129049e-01 -6.939176e-02 -1.324339e-01 -1.357201e-02
-2.726113e-01 -2.880967e-01 -1.659731e-01 1.837663e-01 2.468305e-01 -2.333889e-02 -2.117731e-01 -1.083025e-01
-1.050348e-01 -4.550755e-02 -1.333926e-01 -7.096379e-02 2.081203e-01 3.076079e-01 6.055304e-02 3.512871e-02
-8.287401e-02 -8.739495e-02 -1.200840e-01 2.562508e-01 2.651016e-01 4.131421e-01 -3.024445e-02 -6.229582e-02
5.840154e-01 -9.210871e-02 2.173377e-01 -1.378553e-01 -1.114533e-01 -6.790500e-02 1.750721e-01 6.515095e-02
-1.402816e-01 1.751037e-01 2.383357e-01 3.019035e-02 -8.521350e-02 -9.026425e-02 -2.047163e-01 -1.510978e-01
-3.233587e-01 -3.583135e-01 -1.023594e-01 -5.233419e-02 5.516398e-02 -2.242722e-01 -1.172477e-01 3.578111e-04
-1.827778e-01 -2.533434e-01 -2.253484e-01 -4.458018e-02 1.697690e-01 1.897954e-01 6.497703e-03 -2.470209e-02
3.589892e-01 -3.964614e-01 5.257837e-02 -1.197879e-01 1.056870e-01 2.382575e-02 1.301630e-01 6.646573e-02
-1.600531e-01 -1.030909e-01 -7.916134e-02 -7.798122e-02 2.651305e-01 -6.047766e-02 -6.620022e-02 -2.802168e-02
-7.759894e-02 -1.556842e-02 -1.526795e-01 -2.117562e-02 2.900170e-01 1.999645e-01 8.162501e-02 2.147255e-02
-2.185716e-01 -2.534753e-01 -1.995032e-01 1.550170e-01 2.373786e-01 2.566408e-01 -6.235663e-02 -9.423055e-02
-1.982396e-01 -1.577784e-02 -1.352163e-01 4.369420e-02 2.886251e-01 -3.903545e-02 -4.849327e-02 4.833378e-02
-1.922598e-01 -3.275794e-02 3.810920e-01 -7.376140e-02 -8.633003e-02 -1.187308e-01 -1.058860e-01 8.185128e-02
-1.226058e-01 -7.350288e-02 -1.225959e-01 7.126237e-02 3.422689e-01 1.633099e-01 -3.393751e-02 -2.442098e-02
-2.359160e-01 -1.003746e-01 -6.586220e-02 1.884898e-01 2.694257e-01 -1.639608e-01 -2.828061e-01 -1.303280e-01
-2.824894e-01 -1.196582e-01 -1.259099e-01 -3.961327e-02 3.551743e-01 3.147956e-02 1.218734e-02 4.755386e-02
8.576064e-03 -1.881216e-01 2.982055e-01 3.366402e-02 -1.223401e-01 -1.911517e-01 -2.213859e-01 -8.133327e-02
-2.008186e-01 -2.090239e-01 2.174491e-01 4.194240e-02 -1.624512e-02 -2.682818e-01 -1.399364e-01 3.528115e-02
-1.698695e-01 -7.535755e-02 -8.161797e-02 1.100002e-01 2.515528e-01 2.377802e-01 -2.023089e-01 -4.887137e-02
4.209814e-01 -2.031931e-01 3.737471e-02 -1.279382e-01 4.955752e-02 -2.375412e-03 1.094391e-01 9.237450e-03
-2.134114e-01 5.837153e-03 -7.471970e-02 -5.301914e-02 1.174093e-01 -3.967508e-02 -1.461333e-02 1.433983e-01
8.509269e-02 8.209168e-02 9.729742e-02 1.986407e-01 4.149770e-01 1.535196e-02 2.613441e-03 4.169658e-02
4.348283e-01 -1.279668e-01 -2.454695e-02 4.197313e-01 1.235944e-01 1.192433e-01 2.569456e-02 -1.533352e-01
-5.741594e-02 -6.107618e-02 2.375557e-01 -8.231521e-02 -7.692413e-02 -9.620529e-02 2.153002e-02 -4.131158e-02
5.811025e-01 -1.541547e-01 -1.355481e-01 1.766415e-02 -1.508817e-01 7.838905e-02 2.148806e-01 -1.637865e-01
-7.242969e-02 -1.766504e-02 1.423155e-01 1.555928e-01 6.501278e-02 3.088473e-04 3.005311e-02 9.729746e-02
2.601363e-01 -1.626015e-01 -1.205242e-01 2.979720e-02 -1.299043e-01 -2.164032e-02 -1.188987e-02 -1.073935e-01
3.312910e-01 -6.672562e-02 -1.316174e-01 3.876642e-01 3.978340e-01 1.544622e-01 -4.585226e-02 -1.108727e-01
9.718364e-02 9.980632e-04 -4.603139e-02 4.471300e-02 -4.989996e-02 -1.313986e-01 5.621645e-02 2.821328e-01
-1.110813e-01 1.159788e-01 1.407211e-01 -5.964116e-02 4.421107e-01 3.511968e-02 -5.124877e-02 6.057902e-02
1.848865e-02 -1.180014e-01 4.077222e-01 5.475530e-03 1.375529e-01 -1.408804e-01 5.432951e-02 -2.817162e-02
1.216207e-01 -1.306738e-01 -8.232356e-02 3.003285e-01 2.314822e-01 -3.977384e-02 -2.526760e-02 -1.225574e-01
4.088010e-03 -4.195845e-02 3.298776e-01 8.470345e-02 2.517814e-01 -5.430572e-02 -1.568329e-02 -8.865674e-02
3.502865e-01 1.088717e-01 -7.028773e-02 -7.964586e-02 -5.450995e-02 1.281124e-01 9.536574e-02 3.638952e-02
9.819784e-04 -1.749718e-01 2.024186e-01 1.823594e-01 -2.611069e-02 8.390395e-03 -1.992080e-03 -1.103529e-02
1.302215e-01 -1.357173e-01 6.519099e-02 3.127760e-01 4.539330e-01 4.560970e-02 2.262587e-02 -1.186507e-01
-6.453266e-02 -4.121267e-02 1.062643e-01 -7.664458e-02 -7.797826e-02 -8.947691e-02 2.448285e-02 -2.826418e-02
-3.685341e-02 -5.974789e-02 3.730424e-01 6.119695e-02 3.389797e-01 -2.336355e-02 8.619041e-02 1.854127e-02
2.510235e-01 -2.410043e-01 1.395437e-03 3.861544e-01 1.556147e-01 1.349343e-01 1.046049e-01 -7.889023e-02
4.361840e-01 -8.963875e-02 -7.689349e-02 4.845014e-02 -8.149474e-02 -1.211483e-01 2.028241e-01 -1.013990e-01
-6.659997e-02 1.091651e-02 1.353622e-01 8.614431e-04 5.112119e-01 -4.041513e-02 3.368568e-02 -2.934404e-02
-1.214509e-01 1.015393e-01 1.941759e-01 -1.035284e-01 -7.724724e-02 7.498989e-02 -1.369965e-01 2.952833e-01
4.220436e-01 -1.657912e-02 -1.079202e-01 3.478636e-01 2.198081e-01 3.545059e-02 -3.651312e-02 -1.332714e-01
4.253885e-01 -1.979976e-01 7.564274e-03 3.825003e-01 2.766870e-02 7.869772e-02 4.960382e-02 -2.354352e-01
1.803929e-01 -2.344716e-02 -4.865050e-02 2.592818e-01 4.801154e-01 1.490929e-01 -3.381542e-02 -5.331558e-02
1.953592e-01 -1.392733e-01 3.588812e-02 3.576191e-01 2.709447e-01 -9.791488e-02 1.618436e-01 -1.159111e-01
1.322800e-01 -1.496041e-01 -6.239566e-02 2.549908e-02 -9.811518e-02 -1.262538e-01 1.545043e-02 -1.135947e-01
4.357269e-01 -1.590310e-02 -1.143164e-01 -5.782072e-02 -1.087692e-01 6.971127e-02 2.580644e-01 -5.018900e-02
2.488461e-01 -1.533015e-01 -5.343425e-02 4.034586e-01 4.305277e-01 4.357202e-02 1.376731e-02 -1.297473e-01
4.005150e-01 -1.007003e-01 -1.510143e-01 3.884895e-01 2.252274e-01 2.120285e-01 -7.764190e-02 -1.297980e-01
-7.126062e-02 -8.464495e-02 1.507625e-01 -7.965472e-02 2.805754e-01 -1.132452e-01 -3.543591e-02 -1.003790e-01
-1.023853e-01 -8.924664e-02 2.852736e-01 1.878059e-01 9.097740e-04 -2.819626e-02 3.749714e-02 3.307468e-02
-5.292679e-03 -1.506032e-01 3.107135e-01 1.490980e-01 3.323564e-01 -2.680021e-02 1.073949e-01 7.551915e-03
-7.222438e-02 9.563524e-02 2.447885e-01 -3.099782e-03 3.774870e-01 -1.201909e-02 8.720175e-02 1.195120e-01
3.736478e-01 1.111840e-02 -3.036441e-02 3.346526e-01 1.651359e-01 1.667259e-01 -7.618144e-02 -4.465322e-02
3.621035e-01 -1.427869e-01 -1.366160e-01 4.234115e-01 3.141856e-01 8.895551e-02 -1.315869e-02 -1.407153e-01
5.868536e-01 -3.967660e-02 -1.530778e-01 8.778233e-03 -7.294013e-02 5.178008e-02 1.254588e-01 -1.341927e-01
2.755596e-01 7.971364e-02 -5.474726e-02 3.042127e-01 3.133981e-01 2.795391e-02 -3.359644e-02 1.219398e-02
-3.053435e-02 -1.630591e-01 1.130926e-01 -4.353168e-02 -1.226699e-01 -1.629477e-01 -2.140964e-02 -9.535287e-02
-5.963663e-02 -4.791616e-02 1.378397e-01 -1.205298e-01 -1.274872e-01 -8.650112e-02 2.192716e-01 -6.390341e-02
1.837907e-01 -6.256023e-02 6.726925e-02 3.446686e-01 4.134400e-01 -1.306235e-01 5.208116e-02 -8.098967e-02
-6.459084e-02 -1.484975e-01 1.736045e-01 1.480035e-01 -8.337353e-02 -9.639630e-02 2.801757e-02 -5.299056e-02
3.369452e-01 -8.979818e-02 -8.269320e-02 4.000223e-01 3.557216e-01 -8.943831e-02 -1.636533e-02 -1.002193e-01
1.417781e-01 7.024250e-03 1.520439e-02 1.634114e-01 4.954776e-02 9.243547e-03 -4.120834e-02 8.660241e-02
1.431572e-01 -2.723195e-01 5.136138e-02 2.768702e-01 -5.726991e-02 -4.824452e-03 4.870938e-02 -2.907028e-02
3.880102e-01 -9.873063e-02 -1.154468e-02 3.870962e-01 1.677512e-01 -1.249093e-01 7.325843e-02 -1.338926e-01
7.121912e-02 7.117397e-02 -8.111215e-02 -5.952212e-02 -6.039216e-02 1.012004e-01 -8.389153e-02 3.743953e-01
-1.071282e-01 5.692494e-02 1.618951e-01 -1.372340e-01 -4.092823e-02 -3.203866e-02 -4.084031e-02 3.866499e-02
5.328998e-01 -6.305818e-02 -1.390898e-01 3.222678e-03 -1.048547e-01 1.777402e-01 1.383475e-01 -9.447752e-02
2.188352e-01 -5.049301e-02 -1.215961e-01 -5.828573e-02 -8.517379e-02 4.086714e-02 -6.636443e-02 -8.113005e-03
2.630006e-01 3.339672e-02 -1.049500e-01 2.776601e-01 3.183191e-01 2.535972e-01 -1.218442e-01 -9.321749e-03
2.639963e-01 3.721887e-03 4.481788e-02 -9.629342e-02 -1.128637e-01 -1.315054e-02 3.050210e-01 -7.515832e-02
-6.542455e-02 1.174526e-02 1.115389e-01 -1.095723e-01 -1.022393e-01 -7.010633e-02 -9.148364e-02 3.797293e-01
2.190594e-01 -1.286565e-01 4.265688e-02 2.385469e-01 -8.232429e-03 -1.543637e-02 9.875874e-03 6.536655e-03
-6.051159e-02 -1.958429e-04 2.573736e-01 3.048072e-02 4.552847e-01 -5.767234e-02 1.122081e-02 -3.974821e-02
4.785089e-01 -1.043504e-01 -7.644507e-02 3.375866e-01 1.291609e-01 6.525520e-02 1.521923e-02 -1.837596e-01
2.722770e-01 -8.512239e-02 -3.395105e-02 3.936938e-01 2.816607e-01 1.076192e-01 7.704151e-02 -4.885464e-02
5.285466e-01 -1.756921e-01 -1.317347e-01 8.837248e-02 -9.622841e-02 8.131163e-02 7.254741e-02 -1.471173e-01
1.797370e-01 1.454453e-01 -2.255131e-02 1.774809e-01 2.878037e-01 1.889529e-01 -1.180580e-01 8.387582e-02
-1.257641e-01 1.934150e-01 1.972107e-01 -1.004028e-01 2.773000e-01 4.134950e-02 -4.346514e-02 1.236130e-01
1.700539e-02 -9.578707e-02 2.871962e-01 1.827542e-01 4.375088e-01 -9.742085e-02 2.407868e-02 -9.370141e-02
3.499151e-01 -1.863319e-01 -3.672473e-02 3.915588e-01 1.510322e-01 1.000753e-02 9.454068e-02 -1.928176e-01
-6.640713e-02 9.668719e-02 2.745670e-01 7.043432e-03 2.653432e-01 4.771231e-02 -5.260392e-02 2.035137e-02
-2.876101e-02 -9.412694e-02 1.241585e-01 7.273716e-02 5.123580e-01 -9.843840e-02 4.179212e-02 -9.190080e-02
1.034769e-01 -1.330476e-01 2.256936e-01 2.778709e-01 2.315456e-01 2.220439e-02 4.176714e-02 -1.084907e-01
