4 5 8 32 32
1.626365e-02 1.753446e-01 -1.389376e-01 3.088521e-01 -1.086561e-01 -7.326843e-02 -1.419714e-01 -1.447796e-01
-1.248417e-01 -1.673750e-01 4.686316e-02 -7.734559e-02 6.489865e-02 6.807119e-02 1.673586e-01 -8.119072e-02
1.070043e-01 2.690441e-01 -2.348091e-01 3.772490e-01 -7.947262e-02 -3.653492e-02 -1.283209e-01 -3.678155e-02
1.484463e-01 4.839965e-01 -3.929036e-01 1.670416e-01 -3.684499e-02 -1.084877e-01 4.181052e-01 -2.281481e-01
-1.000106e-01 -1.955672e-01 -6.003929e-03 -1.798115e-02 4.029528e-01 3.147853e-02 2.923757e-01 -1.409755e-01
-1.870283e-01 -1.916246e-01 7.855544e-02 2.414799e-03 -8.207491e-02 -7.634976e-02 -1.490136e-01 -1.257772e-01
-1.030910e-01 1.004045e-02 -8.672190e-02 1.964777e-01 8.757916e-02 6.822160e-03 -2.586261e-01 -2.051696e-01
-1.726811e-01 -1.185756e-01 -9.854990e-02 3.985801e-02 -3.450288e-02 3.319205e-01 1.149211e-01 -6.381365e-02
-1.371386e-01 1.179284e-01 -2.839979e-01 -2.377636e-02 -1.491122e-01 5.263579e-02 1.991420e-01 -1.002617e-01
-2.193405e-01 2.166055e-01 -1.689376e-01 9.201865e-03 -1.972193e-01 4.775146e-01 1.911893e-01 -2.675819e-01
-1.499359e-01 2.407354e-02 -6.156138e-02 -9.257651e-02 1.511199e-01 9.924071e-02 4.609540e-01 -1.568533e-01
-1.547554e-01 1.219517e-02 -6.260363e-03 2.469225e-01 -6.825130e-02 -2.762435e-02 -3.678931e-02 -1.152636e-01
-6.393011e-03 1.728247e-01 -1.104792e-01 4.080814e-01 -6.833088e-02 -5.261760e-02 -2.975893e-02 -6.343737e-02
1.843813e-01 6.952256e-02 -2.003876e-01 2.781830e-01 7.884521e-02 -8.289791e-04 -1.738144e-01 -4.652822e-02
-4.367599e-02 4.032005e-01 -1.497820e-01 4.546229e-01 -1.104488e-01 -1.892656e-01 -9.532756e-02 -5.295940e-02
-1.972547e-01 -1.080984e-01 -1.750277e-01 -3.827096e-02 -1.076358e-01 3.813590e-02 -1.773119e-02 -1.898334e-01
3.429157e-01 2.002521e-01 -8.774354e-02 5.775423e-02 2.120147e-01 2.355793e-01 2.597729e-01 -1.228960e-01
-1.241406e-01 6.069059e-03 -6.917110e-02 2.797106e-01 -2.586939e-02 7.115314e-02 -1.250948e-01 8.543320e-02
-2.008270e-01 -3.705338e-02 -2.744481e-01 7.599557e-02 -1.492093e-01 3.351387e-01 1.966026e-01 -6.714746e-02
2.163254e-01 2.005882e-01 -9.720326e-02 4.007351e-04 2.364361e-01 2.690257e-01 3.362831e-01 -1.825911e-02
1.771360e-01 3.592046e-01 -3.412030e-01 1.480690e-01 -6.218194e-03 -8.593953e-02 5.397637e-01 -2.345509e-01
-2.102341e-01 -2.226570e-01 -8.101232e-02 -3.223392e-02 4.994235e-03 1.073369e-01 7.730960e-02 -1.348196e-01
-8.525620e-02 -1.461512e-01 -1.847916e-01 7.314368e-02 -8.814990e-02 8.127331e-03 -1.898040e-01 -1.246496e-01
-9.838010e-02 2.476611e-02 3.453113e-02 2.164399e-01 8.594345e-02 -2.777343e-02 -1.873534e-01 -1.683910e-01
-1.332043e-01 -1.396288e-01 -1.502820e-01 -8.421790e-02 1.909236e-01 -1.171081e-01 -6.202788e-02 -9.613710e-02
-6.505989e-02 8.502115e-02 -6.979968e-02 3.074662e-01 -4.761005e-02 -4.561715e-02 -1.091061e-01 -9.400009e-02
-2.605692e-01 2.987922e-01 4.964807e-02 8.987171e-02 -2.078780e-02 -2.506144e-02 -2.401479e-01 -7.236536e-02
-1.919032e-01 -4.964964e-02 2.328791e-01 -6.292448e-02 -2.138943e-02 5.322785e-03 -5.140178e-02 -1.570346e-01
-4.642146e-02 -1.311175e-02 -2.553307e-01 5.928673e-02 -9.732006e-02 -1.949416e-02 3.269316e-01 -1.809865e-01
4.887563e-02 4.520831e-01 -2.533584e-01 -2.159013e-01 4.025353e-01 2.783017e-01 1.228841e-02 8.614694e-02
-1.378504e-01 1.792406e-01 -1.655668e-01 -8.598164e-02 -4.157029e-02 5.277708e-01 2.947614e-01 -1.574945e-01
-1.411454e-01 -1.575187e-01 3.115286e-02 2.116958e-02 -1.177829e-02 1.406669e-02 -1.419353e-01 -4.784483e-02
4.625558e-01 -7.496440e-02 -2.121691e-01 -2.137988e-02 -7.523640e-02 -2.280300e-01 -2.199812e-01 3.391628e-01
-1.958009e-01 -1.036309e-01 -1.333754e-01 -5.955111e-02 1.303632e-01 -2.089617e-01 -9.187390e-02 -8.789197e-02
3.755454e-01 6.628742e-02 -2.576950e-01 -2.473978e-01 -2.375858e-01 -9.532484e-02 -1.722142e-02 -1.759677e-01
-5.642686e-03 -9.417706e-02 -2.916430e-02 1.116975e-01 -1.204611e-01 -2.061135e-01 3.572358e-01 -9.532731e-02
8.195159e-02 7.347714e-01 -2.723148e-01 -1.563282e-01 -2.152345e-01 -1.662107e-01 -5.199426e-02 1.219833e-02
-3.587008e-02 -4.980858e-02 -3.178290e-02 -1.723649e-01 -1.541814e-02 -2.372252e-01 -6.538922e-02 -1.398322e-02
5.069369e-02 -1.912085e-01 -3.774153e-01 -4.060964e-02 -3.234020e-01 -6.286399e-02 4.081092e-01 -3.008455e-02
-1.560954e-02 -1.131417e-01 -3.767084e-02 1.735667e-01 -6.206591e-02 -3.213721e-01 2.751637e-01 -2.363452e-01
1.553583e-01 -9.714711e-02 -1.796548e-02 -1.235398e-01 -1.003358e-02 -3.592136e-01 -3.991834e-02 -5.574791e-02
-3.324793e-01 -1.134187e-01 -1.721659e-01 -1.292231e-01 5.935549e-03 -1.381905e-01 5.690976e-01 -2.271541e-01
4.214916e-02 -3.914629e-03 -2.285140e-01 -2.497389e-01 -1.292665e-01 5.380781e-02 9.017571e-02 -2.433951e-01
2.390016e-02 -1.837512e-01 -2.518470e-01 -9.928644e-02 -4.136873e-02 -3.377764e-01 1.560196e-02 -2.355213e-01
6.286327e-03 2.583123e-01 -1.961391e-01 3.869718e-01 -5.134854e-03 -2.328792e-01 -1.916716e-01 1.413286e-02
-1.048856e-01 1.030578e-02 -1.492228e-01 -1.097239e-01 1.085001e-01 -1.880656e-01 -8.188933e-02 -3.645964e-02
-1.617634e-02 -8.262417e-02 -1.156280e-01 -1.399909e-01 1.279980e-01 -3.779673e-01 -3.659517e-02 9.399831e-02
3.530129e-01 3.389251e-02 -1.351436e-01 4.205026e-02 5.250121e-02 2.303649e-01 -3.633955e-01 2.601851e-01
1.424115e-01 -6.773131e-02 -7.886801e-02 -2.373454e-01 -4.258251e-02 -3.224714e-01 1.058656e-02 1.889199e-01
-1.261512e-01 -9.983372e-02 -3.106460e-01 -8.966148e-02 -3.793871e-01 1.047902e-02 4.129615e-01 -2.517694e-01
-1.240334e-02 -1.305430e-01 -3.411550e-01 4.013539e-02 -1.644540e-01 -1.745058e-01 -4.136787e-02 -2.437727e-01
1.567304e-01 -1.260596e-01 -1.001150e-02 5.805881e-02 1.095193e-01 -2.329291e-01 -9.145094e-02 2.017581e-01
1.721307e-01 -1.673188e-01 -7.034949e-02 -9.458140e-02 -3.395876e-02 -2.924913e-01 -1.607970e-01 -2.578650e-01
-1.526982e-01 -6.555625e-02 -8.904211e-02 2.610837e-02 1.868162e-01 -3.348026e-01 -7.974907e-02 -2.686417e-02
3.942620e-01 6.541450e-02 -1.278987e-01 -1.513187e-01 -1.962055e-01 -1.270664e-01 -2.419035e-01 -2.425564e-01
-1.322566e-01 2.136001e-02 -5.891454e-02 8.475789e-02 2.258295e-01 -2.483064e-01 -1.772082e-01 -6.838905e-02
1.219591e-01 -1.169418e-01 1.929486e-02 5.220842e-02 1.488151e-01 -2.038385e-01 1.735552e-02 1.366835e-01
1.119560e-01 -2.350611e-02 -3.833007e-01 -1.317348e-01 -1.812872e-01 -6.685390e-02 1.893394e-01 -2.376433e-01
3.518448e-01 -8.527811e-02 -2.818697e-02 -9.018596e-02 -8.194949e-02 -3.067040e-01 -5.199790e-02 -3.280389e-02
3.663630e-01 -2.111260e-01 -1.500066e-03 -1.022453e-01 -6.001221e-02 -2.812996e-01 -1.193113e-01 -7.078154e-02
2.402692e-02 2.821425e-02 -4.827343e-02 -4.768873e-02 -3.918279e-02 1.698073e-01 -1.566603e-01 -3.584535e-02
-8.495550e-02 2.346756e-01 -9.694372e-02 3.016256e-01 6.123973e-02 -3.443211e-01 -2.451161e-02 1.304854e-02
-2.541691e-01 -1.072728e-01 -2.936253e-02 -1.613686e-01 -4.415292e-02 -1.787819e-01 7.218331e-01 -7.745997e-02
9.623009e-02 1.632930e-01 -3.187450e-01 -1.307501e-01 -4.127636e-01 4.891370e-02 2.164792e-01 -1.301735e-01
-7.226170e-02 -1.891386e-01 1.244907e-02 3.175041e-01 5.926965e-02 7.953845e-02 -2.680369e-01 1.027986e-01
-4.317405e-02 -1.414150e-01 -4.082359e-01 1.531933e-01 3.941470e-01 4.316988e-01 8.085487e-02 3.408994e-02
3.921245e-01 -3.308140e-01 -2.754837e-02 -5.366766e-02 1.425328e-01 2.430313e-01 2.393095e-01 3.040624e-01
-2.044460e-01 -5.542544e-03 3.781228e-01 -1.264808e-01 -2.187534e-01 -5.449275e-02 -2.378480e-01 3.808813e-02
-2.663681e-01 -4.924716e-02 -1.922752e-01 -1.766472e-01 3.384181e-01 -5.991021e-02 -1.779010e-01 8.339099e-02
-1.212625e-01 -6.727584e-02 -4.886095e-02 1.774376e-01 1.716015e-01 5.022206e-01 -2.979124e-01 -6.711194e-02
6.124117e-01 -3.214088e-01 4.844523e-02 -6.665302e-03 9.051573e-02 3.439521e-01 3.895205e-01 2.370595e-01
-3.527201e-01 -2.289249e-01 -1.098013e-01 -2.029207e-01 3.980025e-02 -2.897494e-02 -3.675901e-02 -6.995663e-03
-2.804468e-01 -1.914373e-01 -2.274381e-01 2.096300e-01 3.231213e-01 -1.132341e-01 -1.467927e-01 2.408699e-02
-2.446375e-01 -9.649664e-04 1.526244e-02 -5.688699e-02 8.049883e-02 -7.592055e-02 -1.853981e-01 -9.275703e-02
-3.821290e-01 -9.840273e-03 -2.378776e-01 -2.066355e-01 2.253378e-01 2.879415e-01 -4.325953e-02 -1.250280e-02
-2.562303e-01 -1.120761e-01 1.526110e-01 -2.362995e-01 -3.704785e-03 -1.120855e-01 -1.625081e-01 1.110349e-01
-2.465689e-01 -5.030851e-02 1.283725e-01 2.631868e-02 1.453800e-01 7.169146e-02 -5.992208e-02 2.321625e-01
-4.167483e-01 1.738243e-01 -5.379781e-02 -4.673771e-01 -2.190619e-02 4.343769e-02 -5.252368e-02 6.016750e-03
3.356652e-02 -7.669423e-02 -2.243499e-01 5.441391e-01 3.114131e-01 1.391001e-01 -2.416060e-01 2.384300e-01
-1.519097e-01 -8.232472e-02 -7.027505e-02 1.202559e-01 2.853965e-01 2.584020e-01 -1.124867e-01 -4.956664e-02
-4.125715e-01 -6.741170e-02 -2.103952e-01 -3.791180e-01 1.251768e-01 1.687105e-02 -4.769713e-02 8.182432e-02
-1.448930e-01 -5.987177e-02 2.165149e-02 2.314909e-01 4.637941e-01 2.260281e-01 -1.480106e-01 -9.167363e-02
-1.444695e-01 -3.414074e-01 -1.941130e-01 1.579931e-01 3.176691e-01 7.578714e-02 -1.748166e-01 -4.381476e-02
1.389381e-01 -2.966961e-01 -7.101683e-02 -3.501676e-01 5.955452e-02 1.432789e-01 1.097211e-01 2.806192e-01
-3.059798e-02 -9.161650e-02 3.327199e-01 -8.307598e-02 4.807125e-02 -1.928045e-01 -2.450043e-01 -1.848167e-02
-2.827229e-01 -4.904781e-02 -5.058602e-02 -1.409919e-01 2.974981e-01 2.414942e-04 -2.346731e-01 -1.264893e-02
-2.457611e-01 -1.200549e-01 1.247741e-01 -1.775380e-01 8.669028e-02 -1.882549e-01 -1.242685e-01 -6.289970e-02
-3.329887e-01 -2.291833e-01 1.400721e-01 1.603105e-02 -2.966645e-02 -1.990882e-01 -1.466561e-01 1.629747e-01
-3.442050e-01 -3.328555e-02 -2.507775e-01 -3.102423e-01 -4.677311e-02 2.985126e-01 -2.607558e-01 1.146840e-01
-2.716068e-01 -8.717752e-02 1.843819e-01 2.373035e-01 -1.214962e-01 -3.492342e-02 -3.731857e-01 4.849376e-02
-1.668745e-01 2.597241e-02 3.217952e-03 -1.646964e-01 2.450421e-01 1.722364e-01 -2.079526e-01 -1.216930e-01
-3.975627e-01 -1.153885e-01 1.433635e-02 -2.545695e-01 -7.676142e-02 4.400783e-02 -1.185662e-02 1.943329e-01
-3.091055e-01 -4.857997e-01 2.577195e-01 -1.630618e-01 -1.067601e-01 -2.194334e-01 -9.089181e-02 -3.942157e-02
-3.080539e-01 4.261982e-01 3.695225e-01 5.183291e-02 -2.664681e-01 -4.095826e-02 -7.814085e-02 -5.402905e-02
-2.798204e-01 -2.849335e-01 3.232449e-01 -3.764382e-02 -7.300914e-02 -1.140263e-01 -9.853343e-02 1.603299e-01
-2.184700e-01 -9.878918e-02 -1.122304e-01 1.107843e-01 3.871590e-01 -1.028677e-01 -2.243485e-01 -5.771351e-02
-2.135283e-03 -2.304531e-01 4.223213e-01 2.588849e-02 -1.625031e-03 -1.670573e-01 -1.855654e-01 -2.701665e-01
3.021380e-01 7.220848e-03 2.771912e-01 4.092446e-01 3.227857e-01 -1.857367e-02 9.459355e-02 -4.824808e-02
5.295521e-01 -2.658310e-02 2.388379e-02 3.601267e-01 2.239904e-01 -1.298118e-02 1.910897e-02 -7.359585e-02
1.913426e-01 -8.387006e-02 4.385959e-01 3.067715e-01 3.668571e-01 7.865370e-02 -1.456597e-01 -7.134459e-02
3.451143e-01 -4.601886e-02 8.856907e-03 4.004934e-04 -4.934948e-02 -1.173771e-02 1.471953e-01 -1.451044e-01
9.688433e-02 -2.092270e-01 3.303532e-01 1.672671e-01 5.104274e-01 4.494821e-02 -1.705023e-01 -2.207940e-01
4.047604e-01 -1.886614e-01 2.411793e-01 5.385632e-01 3.045121e-01 1.821147e-01 6.160339e-02 -2.379239e-01
5.433326e-01 -8.485145e-02 8.025953e-02 4.377086e-01 4.156940e-01 1.584257e-01 -1.330376e-01 -2.664246e-01
5.801113e-02 7.495613e-02 2.710778e-01 9.329665e-02 2.114510e-01 2.927934e-02 -3.297722e-02 -2.938653e-02
-6.763500e-02 -1.713902e-03 1.566003e-01 -7.481141e-02 -1.363447e-01 -1.133907e-01 -1.345659e-01 3.786580e-01
1.202109e-01 -1.415380e-01 7.040218e-02 -9.904128e-02 -8.714176e-02 -1.315020e-01 -2.205259e-03 -4.549437e-02
4.557085e-01 -5.295735e-02 1.449837e-01 3.420902e-01 2.630456e-01 3.966080e-01 2.861540e-02 -2.848778e-01
-6.716846e-02 2.631924e-02 1.566235e-01 -1.214525e-01 3.223766e-01 -1.476553e-01 -3.102403e-01 3.159368e-01
6.982071e-01 -1.547751e-01 1.912319e-02 9.374712e-02 -1.682488e-01 -8.595563e-02 1.192150e-02 -2.261090e-01
3.832234e-02 -1.697710e-01 3.924050e-01 -8.528119e-02 3.928312e-01 -2.362174e-01 -1.419208e-01 -2.136409e-01
5.148015e-01 -1.382538e-02 1.506567e-01 4.320402e-01 2.844473e-01 2.624876e-01 -1.055438e-01 -2.439645e-01
4.851684e-01 -8.699749e-02 1.106335e-02 3.253657e-01 9.791931e-02 -1.718448e-01 5.010270e-02 -6.994693e-02
8.320411e-02 -1.679203e-01 3.490337e-01 2.680002e-01 5.461586e-01 -2.287797e-04 -1.814892e-02 -2.189696e-01
4.646114e-01 3.580811e-02 2.648574e-01 1.061108e-01 8.363619e-02 2.407358e-01 4.138324e-02 -1.718346e-01
-7.033408e-02 -4.858254e-02 2.665845e-01 1.002770e-01 3.697051e-01 -8.693550e-02 -4.970242e-02 -1.434740e-01
8.053710e-02 -6.528043e-02 5.198275e-01 9.619536e-02 2.421281e-01 -3.747843e-02 -5.574309e-02 -8.446492e-02
3.954741e-01 -1.820399e-01 2.138901e-01 4.796976e-01 5.314847e-01 2.102780e-01 -1.241928e-01 -2.941737e-01
6.811084e-01 -1.171503e-01 1.026537e-01 2.178517e-01 7.078169e-02 1.141326e-01 1.410439e-01 -2.166738e-01
4.685326e-01 5.692790e-02 2.377955e-01 5.160102e-01 3.452928e-01 2.568343e-01 -1.546862e-01 -7.762893e-02
3.354591e-02 -3.807750e-02 5.201627e-01 1.047101e-01 2.210763e-01 -9.429440e-02 -9.843127e-02 -8.266603e-02
4.920376e-01 -7.780776e-02 1.839059e-01 4.347722e-01 3.673722e-01 -3.661865e-02 -1.098606e-01 -1.635752e-01
2.348566e-02 1.007409e-02 3.290525e-01 1.121055e-01 -3.035638e-02 -6.342188e-02 3.269465e-02 -1.398895e-01
1.078595e-01 -2.443655e-02 2.705224e-01 -1.587640e-01 -2.304090e-01 -1.542780e-01 1.756170e-01 -1.023171e-01
-1.322720e-01 1.291163e-01 3.111736e-01 -3.357515e-02 2.803302e-01 -2.026867e-02 -3.462997e-01 1.562880e-01
3.714709e-01 2.471878e-03 -5.331180e-03 1.153562e-01 6.206514e-02 -1.371205e-01 6.848268e-02 -1.034465e-01
2.395340e-01 -1.667441e-01 4.550395e-01 4.404688e-01 3.532518e-01 1.573295e-01 -1.839223e-02 -1.762482e-01
-6.114905e-02 1.129307e-03 2.476378e-01 -1.212869e-01 -1.011952e-01 -1.400523e-01 -1.827699e-01 2.903049e-01
-8.651222e-02 1.254505e-01 -4.497036e-03 3.424082e-01 -4.869673e-02 -1.888260e-02 -1.744559e-01 -1.943722e-01
1.643897e-03 1.128652e-02 -8.028870e-02 -5.520461e-02 3.070064e-01 -1.986713e-02 3.879747e-01 -6.025276e-02
-9.513725e-02 -1.644825e-02 -9.828359e-02 2.630196e-01 -4.319329e-02 -6.978173e-02 -1.865376e-01 -1.002422e-01
-1.770530e-01 -1.238599e-01 1.057744e-01 8.065758e-02 -1.068216e-01 -1.139312e-01 -1.681510e-01 -8.571637e-02
-1.333888e-01 -5.912410e-02 -1.390187e-01 3.298710e-02 -2.373084e-01 2.461830e-01 3.221297e-01 -2.028655e-02
-1.351606e-01 -9.139318e-02 1.126151e-01 -2.038264e-01 1.922753e-01 -6.558754e-02 4.291958e-01 -9.572554e-02
2.163463e-02 -2.873347e-03 -1.247478e-01 3.824814e-03 5.389144e-02 3.626799e-02 4.431950e-01 -5.976653e-02
-6.959053e-02 -1.047926e-01 -8.337736e-02 -1.383255e-02 -1.239561e-01 3.953693e-01 2.412658e-01 -7.160816e-02
-1.323518e-01 -2.984453e-02 9.192933e-03 8.362377e-02 -1.145097e-03 -4.937804e-02 -1.917814e-01 -1.226546e-01
-1.549899e-01 -9.399312e-02 3.170746e-01 6.786468e-02 -4.576853e-02 -3.993667e-02 -1.033059e-01 -3.512199e-02
1.124416e-01 4.378887e-01 -1.417471e-01 -1.219477e-01 1.019650e-01 1.359920e-01 1.707997e-01 -1.837894e-01
-5.461902e-02 6.829301e-02 -6.948111e-02 1.507167e-01 -2.213911e-02 -3.099078e-02 -2.473043e-01 -1.152811e-01
-7.805372e-02 2.181927e-01 -1.451707e-01 -9.000930e-02 -7.175545e-02 1.385957e-01 4.262548e-01 -3.864068e-02
-7.032344e-02 -1.225140e-02 1.462791e-01 1.598027e-01 -1.075830e-02 9.552407e-02 -2.214121e-01 -1.493607e-01
-9.588911e-02 4.645478e-01 -6.051245e-02 3.336287e-01 -3.247555e-02 9.410264e-03 -1.615810e-01 -4.168327e-02
-1.217347e-01 -7.109465e-02 1.681684e-01 2.287218e-01 -8.996612e-02 -1.669524e-02 -1.326903e-01 -1.222304e-01
-1.733780e-01 1.612831e-01 4.521316e-02 7.299082e-02 -1.135992e-01 -1.260975e-01 -1.277394e-01 -1.369078e-02
1.408507e-02 4.986511e-02 -1.639237e-01 1.966330e-01 4.593364e-02 5.992013e-02 -2.479927e-01 -6.245847e-02
9.329318e-02 1.392234e-01 -2.043247e-02 -1.487337e-01 3.345344e-01 6.366162e-02 -2.300038e-02 -9.893992e-02
-1.365205e-01 -6.738339e-02 4.387782e-02 2.252958e-01 -1.054891e-01 -6.426977e-02 -1.393793e-01 -1.004880e-01
-1.167479e-01 2.421907e-01 2.780728e-02 3.753877e-01 1.736709e-02 2.599807e-03 -2.004501e-01 -1.565641e-01
1.627267e-01 2.236290e-01 -1.155106e-01 7.226243e-02 1.230686e-01 1.176223e-01 3.411070e-01 -1.503002e-01
-1.314825e-01 -7.510788e-02 -6.904417e-02 1.390594e-01 -1.154635e-01 -1.321856e-01 -1.635909e-01 -3.064480e-02
-3.932509e-02 -1.359776e-01 1.631515e-01 -1.548578e-01 1.632283e-01 2.605357e-01 3.435089e-01 7.568370e-02
-1.537035e-01 -2.115220e-02 -4.864653e-02 -1.298173e-01 6.643096e-02 -1.293344e-01 -7.906164e-02 9.513786e-02
-7.683977e-02 -1.518333e-02 -1.871414e-01 -5.564470e-02 8.279246e-02 3.652245e-02 -9.192467e-02 -1.505293e-01
-9.816863e-02 2.684087e-02 -6.147985e-02 3.574311e-01 -4.877746e-02 -4.509761e-02 -1.557871e-01 -8.230920e-02
-6.031839e-02 -6.650608e-02 9.955320e-02 -6.816393e-02 -1.273525e-01 2.469186e-01 3.035975e-01 -7.031034e-02
-1.127711e-01 1.903573e-01 -1.647227e-01 4.761473e-01 -4.546697e-02 -9.160373e-02 -1.453197e-01 -1.522717e-01
-9.221431e-02 7.811147e-02 -1.377836e-01 2.861451e-01 -1.059613e-01 -5.106710e-02 -1.521289e-01 4.458907e-02
-1.269817e-01 2.430440e-01 -9.620011e-02 1.320238e-01 -1.718924e-01 4.115925e-01 2.032987e-01 -5.545852e-02
1.179034e-02 -8.165615e-02 -2.747595e-02 1.052982e-01 -1.526163e-01 4.087257e-02 -1.799638e-01 -2.417087e-01
-1.696085e-01 3.628425e-01 6.315455e-02 3.414514e-01 4.015911e-02 -1.120006e-01 -1.399790e-01 1.837211e-01
2.523409e-01 -7.755236e-02 -1.084298e-01 -1.631137e-01 -6.967015e-02 -4.039444e-02 1.335428e-02 7.543367e-02
-1.111370e-01 -5.217016e-02 -2.244743e-01 1.847511e-01 -2.252782e-01 -1.078686e-01 2.983543e-01 -1.985593e-01
4.644366e-01 -6.974401e-02 -7.775932e-02 -6.440306e-02 -1.597333e-01 -8.876476e-02 -7.485662e-02 -2.980852e-03
2.060744e-01 -1.256951e-01 6.715532e-05 -7.815984e-03 1.480259e-01 -5.552447e-02 -2.296327e-01 2.422062e-01
-1.310702e-01 -1.495733e-01 -1.065594e-01 -7.916422e-02 7.254327e-02 1.455617e-01 6.977880e-03 -1.465711e-01
-1.725592e-01 9.584870e-02 -1.468013e-01 2.193145e-01 -1.135067e-01 4.239646e-03 2.611287e-01 1.304798e-01
-1.279618e-01 -9.481175e-02 -1.267270e-01 -9.634660e-02 1.606718e-01 -7.666084e-02 -8.790016e-02 -1.570360e-01
-1.882044e-02 1.938561e-01 -1.094178e-01 -7.175069e-02 -1.584936e-01 -4.096201e-02 2.194868e-01 9.628295e-03
-5.601837e-02 4.736172e-01 -1.277113e-02 1.366741e-02 -3.073728e-02 -1.144149e-01 -5.388493e-02 1.004185e-01
-4.064779e-02 -1.464071e-01 -1.270594e-01 -6.622585e-04 -1.600105e-01 -1.760829e-01 5.083228e-01 4.441757e-02
-2.736121e-02 2.663952e-01 -4.116185e-02 -1.148738e-01 -9.189168e-02 1.120476e-01 -4.426601e-02 -1.826358e-01
1.657257e-01 -9.019091e-02 -2.791705e-01 -2.712896e-03 -1.409498e-01 -5.581415e-02 3.750139e-02 -1.474148e-01
1.226408e-01 -1.966873e-01 -3.576947e-02 1.806625e-01 -1.339503e-02 -1.056908e-01 5.260378e-01 8.855708e-02
-8.271621e-02 -1.304120e-01 6.004070e-02 -2.239936e-02 -4.251615e-02 2.826938e-01 -7.291820e-02 -9.412226e-02
-8.535681e-03 -1.287549e-01 -3.878256e-02 -7.167852e-02 1.729380e-01 -5.040392e-02 -2.310347e-01 8.702185e-02
3.516775e-01 2.910708e-02 -1.254264e-01 -1.026629e-01 -2.230250e-01 -8.255664e-02 -1.582344e-01 -2.860711e-01
3.143154e-01 -8.988224e-02 -1.759123e-01 -5.690790e-02 -1.562603e-01 -7.493821e-02 -1.130862e-01 -2.055681e-01
-5.677286e-02 -8.644303e-02 -3.046612e-01 -1.133229e-01 -3.122658e-01 -2.396023e-02 2.483419e-01 -1.773837e-01
-7.695008e-02 -1.449901e-01 -1.763633e-01 -1.547550e-01 -8.082346e-02 -1.359293e-01 4.386859e-01 -9.586304e-02
-5.388689e-02 -8.114905e-02 -9.998272e-02 -7.757687e-02 5.955600e-02 -1.194986e-01 3.197519e-02 -6.101569e-02
-1.429148e-01 1.921144e-01 3.156194e-02 5.272212e-01 -1.423740e-02 -1.240988e-01 -1.244056e-01 -1.128986e-01
1.834667e-01 -1.700223e-01 -8.377134e-02 -9.838589e-02 -8.803125e-02 1.905781e-01 -7.520833e-02 1.250856e-01
3.487242e-01 -1.358731e-01 -1.365332e-01 -8.810375e-02 -1.799529e-01 -1.591088e-01 1.015016e-01 1.823181e-01
-1.179017e-01 -3.286491e-02 -1.991418e-01 -1.526335e-01 1.229464e-02 -6.633660e-02 5.278693e-02 -2.042008e-01
3.500907e-01 -1.238051e-01 -1.035116e-01 -4.374456e-02 -9.437884e-02 -2.312474e-01 -2.583696e-02 2.794997e-01
3.665397e-01 -1.562726e-02 -9.915050e-03 -1.563543e-01 -1.594131e-01 5.552995e-02 -1.211204e-01 -2.140872e-01
4.332871e-01 -2.684243e-02 -1.775760e-01 -7.563727e-02 -2.080839e-01 -1.538084e-01 -3.992698e-02 -1.339718e-01
-1.207085e-01 3.030505e-02 3.006458e-01 -5.208986e-02 2.071358e-02 2.468280e-01 -8.540520e-02 1.225697e-02
4.123353e-01 -1.220351e-01 -5.803064e-02 3.395671e-02 -2.601962e-01 -2.844571e-01 3.354163e-02 -1.268601e-02
7.845960e-02 -6.064066e-02 -1.651772e-01 -1.804237e-01 -4.063657e-02 -1.516564e-01 -2.946308e-02 -6.441897e-02
3.410432e-01 -7.717188e-02 -5.930259e-02 -1.281067e-02 -1.397465e-01 -1.153263e-01 -1.123232e-01 1.376173e-01
-2.540807e-01 -2.114747e-01 2.135011e-01 4.756678e-02 -6.317616e-02 -3.130427e-01 -1.584610e-01 -5.645806e-02
-9.766506e-02 -5.527429e-02 -9.702809e-02 -5.249963e-02 2.908872e-01 3.262255e-01 1.390070e-02 -4.659274e-02
3.452492e-01 -1.296013e-01 3.323248e-01 4.320513e-02 -5.934079e-03 -1.226320e-01 2.234491e-01 -1.337231e-01
-2.800082e-01 5.524485e-02 -4.754014e-02 1.020482e-01 2.469128e-01 -9.759664e-02 -2.414631e-01 -1.138030e-01
-2.429404e-01 -2.369440e-01 2.307146e-01 -9.890772e-02 1.702688e-03 -2.258534e-01 -1.010820e-01 1.215209e-01
-1.702105e-01 -4.226558e-02 -1.032879e-01 -2.988713e-01 8.636589e-02 1.393119e-01 4.711930e-02 6.111045e-03
-1.307815e-01 -1.994841e-02 -1.661051e-01 3.251257e-01 3.822917e-01 2.602955e-01 -1.276569e-01 -3.982386e-02
-7.882462e-02 -1.044406e-01 -1.483238e-01 8.652183e-03 4.641783e-01 1.893156e-01 -3.024556e-02 -8.187199e-02
4.666314e-01 -1.591878e-01 1.535146e-01 -1.379452e-01 1.094735e-01 5.971630e-02 1.457469e-01 1.980758e-03
-1.802185e-01 -1.295600e-01 -1.339319e-01 2.696978e-01 3.303800e-01 9.708547e-02 -2.197793e-01 -5.374179e-02
-3.154406e-01 -1.620062e-01 -1.822483e-01 -1.068277e-01 1.028435e-01 -4.719135e-02 -2.566872e-01 -4.652917e-02
5.546870e-01 -5.820376e-02 1.963161e-01 -1.242570e-01 -1.299483e-01 -1.211385e-01 1.095693e-01 5.825177e-02
-2.410790e-01 6.286651e-02 -1.906620e-01 2.772663e-01 1.776268e-01 -8.715826e-02 -4.806933e-03 1.689710e-01
-2.065979e-01 -1.384728e-01 2.127541e-01 -1.767348e-01 -1.203759e-01 -9.353985e-02 7.560255e-02 2.893863e-01
4.174235e-04 -6.860889e-02 -1.838773e-01 -2.338123e-01 2.430891e-01 2.818968e-01 1.339974e-01 5.663824e-02
-2.672490e-01 -5.990644e-03 3.065213e-02 -1.012858e-01 2.467299e-01 -1.450796e-01 -2.643359e-01 -7.237079e-02
-1.419781e-01 -3.059490e-01 3.137943e-01 -3.054481e-02 -1.161895e-01 -2.049674e-01 -2.267298e-01 5.979339e-02
-1.433597e-01 9.606681e-02 -1.372328e-01 5.820661e-02 3.670021e-01 7.827910e-02 1.554711e-01 -1.245262e-04
-2.126378e-01 -1.711827e-01 -6.596912e-02 9.103263e-03 4.036439e-01 1.821718e-01 -5.435545e-02 -1.159417e-02
-2.393125e-01 -7.540892e-02 -1.015344e-01 -5.212733e-02 8.576752e-02 8.337071e-02 -3.855702e-01 -1.699485e-01
-1.129471e-01 -1.687769e-01 -1.614785e-01 1.342649e-01 2.441872e-01 3.400191e-01 7.402221e-03 1.457084e-02
-2.648161e-01 -1.334879e-01 1.288688e-01 -1.684651e-01 1.431708e-01 -4.115468e-03 -2.123474e-01 -7.541437e-02
-2.960981e-01 -2.269587e-01 1.064528e-01 -5.709557e-02 -3.577314e-03 -2.581925e-01 -1.857597e-01 -1.058713e-02
-2.968704e-01 -1.330313e-01 -1.764969e-01 1.184984e-01 2.837739e-01 -1.261693e-01 -3.772920e-01 -1.744454e-01
3.590988e-01 -1.993941e-01 7.768670e-02 -2.593084e-05 2.344381e-02 -1.627025e-02 2.315268e-01 -2.809948e-02
-6.930577e-02 7.046408e-02 -1.353537e-01 4.553713e-01 1.508235e-01 -3.851740e-04 -1.678587e-01 -7.546174e-02
-7.199413e-02 -2.761659e-01 2.619747e-01 5.997763e-02 -1.179289e-01 -2.907623e-01 -2.492442e-01 -1.074872e-01
-1.357620e-01 -1.738245e-01 -2.195779e-01 -8.102327e-02 1.302837e-01 3.018778e-01 4.623899e-02 5.942913e-02
-1.712948e-01 -6.023884e-01 1.977645e-01 -6.679998e-02 -1.664667e-02 -8.706558e-02 -3.144143e-01 1.321464e-02
-1.741289e-01 -5.362062e-02 -4.334870e-02 2.236046e-02 3.178816e-01 9.972137e-02 -7.339215e-02 -1.058305e-01
3.205002e-01 -3.912288e-01 2.962252e-01 1.706410e-01 1.351051e-01 -1.928470e-01 -1.383849e-01 -7.238016e-02
-1.434355e-01 9.809501e-02 4.041995e-01 1.211654e-01 -1.712519e-01 4.503104e-02 -3.773425e-01 -2.003578e-01
1.107483e-01 -2.467099e-01 2.158689e-01 3.654925e-01 3.633836e-01 -3.621237e-02 8.212150e-03 -2.483469e-01
2.911255e-01 -2.600748e-02 -2.327668e-01 3.538221e-01 2.202407e-01 -1.074807e-01 5.232969e-02 -1.295363e-02
4.412269e-01 -1.406491e-01 -8.472188e-02 3.792275e-01 9.846949e-02 5.922891e-02 7.171615e-02 -1.527349e-01
4.525621e-01 -1.504750e-01 3.726289e-02 3.586637e-01 7.305700e-02 4.015066e-02 9.100026e-02 -1.805717e-01
4.018529e-01 -4.242676e-02 1.352447e-01 1.707563e-03 -1.619939e-02 3.024422e-03 6.108477e-02 -9.660044e-02
1.550438e-01 -1.084863e-01 2.869830e-01 2.050691e-01 8.716366e-02 3.570302e-02 1.071647e-01 -1.650075e-01
5.979397e-01 -8.744039e-02 -1.308783e-01 4.092261e-01 1.222446e-01 1.504014e-01 -7.301371e-02 -1.317263e-01
2.082504e-01 2.043546e-02 1.665225e-01 3.021312e-01 3.314564e-01 -1.496581e-01 3.356556e-02 1.396850e-02
-1.543163e-01 1.602608e-02 1.459172e-01 -3.652133e-02 3.203946e-01 -7.828030e-02 -5.036183e-02 -1.659625e-01
5.154389e-01 -1.132957e-01 -2.659238e-01 1.000455e-01 -7.639908e-02 -1.142193e-01 4.442566e-02 -9.301857e-03
-1.084815e-01 9.583500e-02 1.854093e-01 6.440601e-02 4.860583e-01 -1.299642e-01 2.206627e-01 -2.666333e-02
-9.339084e-02 -1.933855e-01 1.222517e-02 -1.775946e-01 -2.806030e-01 -1.306630e-01 -1.514237e-02 1.012421e-01
-1.016971e-01 5.353679e-02 -7.725952e-02 -6.875335e-02 -1.461691e-01 -4.298498e-02 -1.773415e-01 4.796109e-01
-1.294437e-01 4.043483e-02 1.307859e-01 -2.588205e-01 -1.775156e-01 -1.401812e-01 -4.162187e-02 3.287306e-01
1.861243e-01 -2.503577e-01 -4.006288e-03 3.918758e-01 -1.121433e-02 4.819918e-02 -1.324379e-02 -1.534331e-01
3.134577e-01 1.464259e-02 -1.936460e-01 3.617282e-01 1.746041e-01 -4.535916e-02 7.301117e-02 -1.690571e-01
1.663325e-01 -1.274047e-01 1.440021e-02 3.858911e-01 5.550715e-01 -1.016608e-01 1.339657e-01 -1.187853e-01
1.810126e-01 -1.832337e-01 1.030288e-01 3.268046e-01 3.541585e-01 -1.381755e-02 1.664468e-01 -9.502319e-02
-2.588220e-02 1.937873e-01 3.677612e-01 -5.570595e-02 1.017740e-01 -2.123773e-02 6.762685e-02 1.308367e-01
-1.718228e-02 -1.280698e-01 7.988802e-03 7.852130e-02 -3.084867e-01 -7.562597e-02 -2.072282e-01 -2.727696e-02
-9.729009e-02 -1.661944e-01 4.002672e-01 1.920039e-02 2.722547e-01 -5.138136e-02 1.398762e-03 -6.547349e-02
7.228445e-02 -2.458982e-01 3.084848e-01 1.505447e-01 4.107801e-01 8.894620e-04 6.974972e-03 -1.106505e-01
5.685645e-01 -1.190554e-01 -1.648622e-01 3.631097e-02 -6.622887e-04 1.321525e-02 1.361354e-01 -6.909248e-02
3.977497e-01 -1.787546e-01 -5.495230e-02 4.653659e-01 1.843438e-01 -6.486018e-02 6.442304e-02 -1.819958e-01
6.383161e-02 1.795229e-01 9.288073e-02 1.331166e-01 4.095340e-01 -5.628386e-02 2.559220e-01 -9.157121e-02
2.117341e-02 -1.196343e-01 1.092623e-01 1.278891e-01 5.864807e-01 -1.542724e-01 1.187148e-01 -1.480802e-01
-1.130101e-01 1.558972e-01 2.674865e-01 -1.241139e-01 -1.090425e-01 -5.719839e-02 -7.372688e-02 4.252357e-01
2.091914e-01 3.414166e-02 8.862504e-02 3.209853e-01 4.715833e-01 -9.728059e-02 2.010101e-01 -5.779020e-02
2.268705e-01 -2.744408e-02 -2.415751e-01 3.456724e-01 3.608486e-01 -7.219994e-02 7.078124e-02 -2.791107e-02
2.273469e-01 -6.939568e-02 -3.032026e-01 2.940679e-01 3.250313e-01 -8.343816e-02 -6.577106e-02 1.028924e-01
4.810481e-01 -4.673118e-03 8.233797e-02 2.642509e-02 -8.291260e-03 2.334136e-01 1.241700e-01 -1.008748e-01
-1.259890e-01 -3.333486e-01 -6.158201e-02 3.584518e-01 -1.858561e-01 1.255248e-01 -9.608623e-02 -2.171316e-01
