1 5 16 16 32
-3.789911e-01 7.435264e-02 -4.787382e-02 3.235363e-01 3.410492e-01 2.746084e-01 2.923621e-01 1.381369e-01 -2.978352e-02 4.123073e-01 -1.357444e-01 2.717667e-01 2.484721e-01 7.520926e-02 2.819126e-01 -1.306155e-01
-9.093575e-02 3.910041e-01 2.142167e-01 1.487820e-01 8.703350e-02 -1.985548e-01 -2.234746e-02 2.271747e-01 -2.595539e-01 -1.439420e-01 1.133671e-01 3.830179e-01 2.299240e-01 -1.205272e-01 -4.039735e-01 -8.269686e-02
4.353800e-02 -3.407016e-01 2.038046e-01 1.484349e-01 -4.642560e-02 4.263107e-01 -7.079394e-02 3.368640e-02 2.604787e-01 -1.665885e-01 -1.431693e-01 -2.275017e-02 4.435248e-01 -3.186545e-01 2.402879e-02 -2.682453e-01
2.252220e-01 -3.333749e-01 -2.006008e-01 -1.735401e-01 -1.128028e-01 2.821670e-01 4.275623e-02 -1.477017e-01 2.679988e-01 2.952205e-01 -1.410524e-02 -2.611257e-01 -1.929745e-01 2.871920e-02 4.978823e-01 1.200905e-01
7.749731e-02 1.125698e-01 3.521989e-01 -1.171846e-01 -3.628915e-01 -2.634889e-02 -1.214321e-01 1.662472e-01 -4.442489e-02 1.481505e-01 3.346411e-01 5.497754e-02 9.498049e-02 -4.306294e-02 -3.760060e-01 5.185764e-01
-9.486192e-02 2.510660e-01 -6.892014e-02 -1.729478e-01 1.793639e-01 1.413523e-01 3.256209e-01 -1.986893e-01 1.412951e-01 -2.622485e-01 -2.957854e-01 7.301906e-02 3.555628e-01 2.367867e-01 -1.388975e-01 1.907417e-02
-9.885168e-02 2.124837e-01 -2.001234e-01 -1.364091e-02 2.694255e-01 1.363479e-01 -3.445498e-01 -1.143320e-01 1.989003e-02 -2.468960e-01 7.244439e-02 4.060736e-01 -1.156929e-01 5.945896e-02 4.615879e-01 -1.047638e-01
-2.199130e-02 2.589680e-01 5.846291e-02 -2.031090e-01 8.220486e-02 -2.373318e-01 5.427449e-02 1.856473e-01 1.308268e-01 5.563931e-02 7.318369e-02 -1.280582e-01 -3.097747e-01 4.728299e-01 3.918774e-01 -3.248323e-01
5.224848e-02 2.118880e-01 -1.849907e-01 1.766745e-01 -1.020009e-01 8.778051e-02 3.054276e-01 2.027468e-01 5.051647e-02 3.304228e-01 1.844595e-01 -6.533363e-02 2.215164e-01 9.200726e-02 -1.967542e-01 2.918949e-01
-1.217117e-01 -6.815199e-02 6.466614e-02 -1.793242e-01 1.945568e-01 -1.024696e-01 -2.687922e-01 -1.997533e-02 3.760787e-03 -4.175257e-01 -1.345193e-01 3.809296e-01 2.433715e-02 6.060853e-02 4.772036e-01 -2.109406e-01
6.872659e-02 -1.748725e-01 8.129890e-02 2.101295e-01 -1.516276e-01 -1.242491e-01 -2.361354e-01 2.384557e-01 -1.694150e-01 3.771666e-01 3.428583e-01 -1.933518e-01 -2.573410e-01 -1.049182e-01 2.301316e-02 1.478051e-01
7.198594e-04 -2.661336e-01 2.138288e-01 2.338961e-03 -2.067953e-01 -1.702569e-01 3.608718e-01 1.717465e-01 -1.765263e-02 2.426228e-01 -5.667370e-02 -2.021206e-01 1.005121e-01 -8.673382e-02 -3.022700e-01 1.296270e-01
-1.997762e-01 5.573564e-01 2.042992e-02 -2.035606e-02 9.644721e-02 -3.261897e-01 -1.909728e-01 2.017352e-01 -1.839232e-01 1.194582e-01 -5.284032e-02 1.987903e-01 -1.898273e-01 -8.154800e-02 -4.472069e-01 -1.596563e-01
-3.183926e-01 -2.501348e-02 -3.173168e-01 8.179287e-02 2.183887e-01 1.192232e-01 -1.711252e-01 4.288343e-02 1.754460e-01 -2.000644e-01 3.079410e-02 5.640136e-01 -1.443694e-02 -2.055783e-03 3.976284e-01 5.185134e-02
4.023037e-02 2.787656e-01 -1.722240e-01 -9.759828e-02 -4.573574e-02 -2.701102e-01 -1.755291e-02 1.504394e-02 -2.605138e-01 1.622549e-01 3.233975e-01 -8.336657e-02 -2.205608e-01 2.207164e-01 -7.682466e-02 1.748693e-01
8.114208e-02 -3.702980e-01 2.367587e-02 -1.926669e-01 -9.978134e-03 3.989714e-01 2.055473e-01 -2.468090e-01 3.072082e-01 -1.979527e-02 5.554168e-02 -2.194918e-01 -4.324171e-02 1.318765e-01 4.189884e-01 1.613769e-01
-2.076621e-01 8.405286e-04 -5.445393e-02 8.576541e-02 5.598680e-01 1.198116e-01 6.718373e-02 -2.413190e-03 -8.336817e-02 -1.539396e-02 -1.531376e-01 -8.391784e-02 -1.024705e-01 5.061579e-02 5.070331e-01 -4.307748e-01
-1.148050e-01 4.615636e-01 5.733284e-02 1.391981e-01 1.337747e-01 -2.593168e-01 -1.483009e-01 3.189692e-01 -2.515752e-01 1.166544e-01 2.991721e-02 3.691825e-01 2.451121e-02 -2.063871e-01 -3.501420e-01 -9.387713e-02
-2.021695e-01 -2.639379e-01 1.892365e-01 2.368030e-01 1.777242e-01 -1.893685e-02 -6.085277e-02 2.898928e-03 3.988942e-01 -2.426410e-01 -3.185421e-01 3.797064e-01 2.338011e-01 -1.891594e-01 -3.310997e-03 -1.329012e-01
8.428733e-02 -4.787840e-01 -4.570618e-02 -1.158923e-02 -1.568671e-01 1.789270e-01 1.083033e-01 -1.340600e-01 1.853216e-01 1.607278e-01 6.717091e-02 -1.406968e-01 2.111685e-01 1.278811e-01 5.581497e-01 1.672179e-01
-1.741520e-01 1.485691e-01 4.943252e-01 -3.888702e-02 -5.699548e-02 9.244374e-02 -5.439693e-02 2.454729e-01 -1.206665e-01 2.837887e-01 3.253154e-01 5.280430e-02 2.093834e-01 5.342029e-02 -1.416713e-01 4.753830e-01
-2.344771e-01 1.164360e-01 2.755896e-02 -8.838940e-02 6.145118e-01 -1.019776e-01 -2.458273e-01 -3.164632e-02 3.245407e-01 -2.182106e-01 -3.227928e-01 3.025450e-01 -7.915579e-02 9.623434e-02 1.201889e-01 -1.430443e-01
2.171908e-01 1.580828e-01 -1.646386e-01 3.865848e-01 -1.565307e-01 1.834602e-01 -5.986614e-02 1.958608e-01 7.806209e-02 4.301744e-01 3.780279e-01 -1.145051e-01 -9.997503e-02 -1.091989e-01 -1.423244e-01 1.365146e-01
-5.409705e-02 1.872762e-01 2.126070e-01 -1.738528e-01 3.261123e-01 2.153832e-01 -1.809199e-01 -1.913383e-01 2.403071e-02 -4.021882e-02 -2.841640e-01 -1.804979e-03 -2.231939e-01 -1.886388e-01 -2.405673e-02 -1.226261e-01
4.425640e-01 2.460298e-01 -3.524681e-01 3.261968e-02 1.873204e-02 2.153834e-01 -8.616320e-02 -2.027211e-01 -5.457321e-02 -1.571022e-01 -4.318066e-02 -5.863105e-02 -1.179781e-01 3.548221e-02 1.123679e-01 -1.069350e-01
-4.958846e-02 5.031333e-01 2.451479e-01 -6.833944e-02 2.462771e-01 2.830707e-02 1.115950e-02 2.550671e-01 -6.913441e-02 -4.641968e-02 -8.480067e-02 3.307851e-01 -2.093754e-01 -2.360794e-01 -4.011760e-01 -1.499615e-01
-3.283752e-01 5.120719e-02 -2.245245e-01 -1.796707e-01 1.927882e-01 1.197394e-01 2.195830e-01 -6.035909e-02 2.930979e-01 -2.694358e-01 -2.900901e-01 4.545803e-01 3.174516e-01 8.433405e-02 1.057527e-01 3.219212e-06
2.539114e-01 -1.397464e-01 -8.697849e-02 -7.006294e-02 -1.098553e-01 5.825136e-01 3.086368e-02 -1.247499e-01 -6.469911e-02 -5.024540e-02 -3.502129e-02 -1.479053e-01 3.181708e-01 -2.569379e-01 -1.443227e-01 -1.304086e-01
-2.075791e-01 -1.482362e-01 7.247125e-02 2.226456e-01 3.769391e-03 -2.153271e-01 1.817885e-03 -5.178888e-02 -2.525280e-02 2.855991e-03 -4.695836e-02 3.409317e-01 8.991516e-02 -2.650534e-01 -2.757669e-01 3.306863e-01
-9.451164e-02 9.541908e-02 2.327270e-01 5.856001e-02 -2.201764e-01 1.035540e-01 -2.866763e-02 3.760708e-01 -1.798995e-01 2.129835e-01 1.374051e-01 1.461284e-01 4.020727e-01 6.893634e-02 -2.464272e-01 5.000237e-01
-4.198368e-02 3.882183e-01 6.915303e-02 -4.000659e-02 3.112669e-01 -9.948734e-02 3.885325e-02 1.498891e-01 -1.262961e-01 -4.008681e-02 1.690699e-01 5.759361e-01 -1.467071e-02 -1.386319e-01 -3.254434e-01 -2.186787e-01
4.505074e-01 -4.889900e-02 7.145531e-02 -2.644116e-01 -3.283423e-01 -2.049665e-01 -3.081689e-01 -9.656925e-02 9.724677e-02 -4.164903e-01 9.753551e-02 -2.168198e-01 -1.967418e-01 -6.800659e-02 -2.688105e-01 8.830644e-02
3.629108e-02 -6.214769e-02 -6.693883e-02 -9.020361e-03 5.888643e-02 -6.896085e-02 1.583390e-01 -6.495996e-01 -1.019532e-02 3.475580e-01 3.281077e-01 8.924864e-02 1.435818e-02 5.272347e-02 -4.429975e-01 -2.802956e-03
7.358005e-02 1.443997e-01 4.349357e-01 -9.940933e-02 -4.412668e-01 6.184486e-02 -1.772379e-01 -7.607155e-02 -1.042226e-01 -7.930531e-03 4.191041e-01 -1.019171e-01 -1.763896e-01 -5.551469e-02 3.192735e-01 1.358531e-01
-2.200651e-01 -3.366510e-01 -8.634095e-02 1.540011e-01 3.371153e-01 -1.732677e-01 -3.168076e-01 4.812684e-01 -7.905522e-02 -1.784237e-02 -2.336139e-01 1.621293e-01 -3.021010e-01 -3.489449e-03 1.658361e-01 9.758415e-02
1.406735e-01 -1.265168e-02 1.559497e-01 -7.881269e-02 -8.131625e-04 4.836184e-01 -4.852273e-01 -1.967539e-02 1.055954e-01 2.615513e-02 2.324413e-02 -2.298005e-01 -5.083470e-01 1.931745e-01 -4.144701e-02 1.440333e-01
-3.103499e-01 -2.106072e-01 -1.871374e-01 3.000252e-01 2.052882e-01 -2.597142e-01 1.291564e-01 2.834826e-02 -3.352104e-01 1.242858e-01 9.093057e-02 3.736022e-01 1.998361e-01 -1.761085e-01 -1.367001e-01 -9.075699e-02
-9.285229e-02 3.064136e-01 -1.029933e-01 -5.369048e-02 -3.516524e-01 -2.522831e-01 -3.712031e-02 -2.953332e-03 4.657596e-01 -1.276517e-01 1.371345e-01 -4.022532e-02 7.804199e-02 -1.173236e-01 -1.167547e-01 -8.057895e-02
-1.920811e-01 -4.599770e-02 4.502569e-02 -2.485250e-01 -2.551265e-01 -3.092344e-01 5.981896e-02 -4.404703e-01 -3.148276e-01 -5.948088e-02 -6.111687e-02 2.576986e-01 -3.212923e-02 1.074242e-02 4.857987e-02 3.258126e-01
-1.872483e-01 2.091769e-01 -2.454799e-01 7.593098e-02 1.910053e-01 -5.279952e-01 2.686944e-02 -1.732696e-01 1.537068e-01 6.729079e-02 1.397820e-01 -7.208530e-02 -1.443056e-01 -1.210300e-01 1.063347e-01 -2.000457e-01
-1.810791e-01 -4.920862e-02 -2.097205e-01 1.649392e-01 2.190654e-01 1.029129e-01 -4.482773e-02 7.765520e-02 1.319140e-01 7.548987e-02 1.053854e-01 2.459846e-01 1.519317e-01 8.058192e-02 4.906504e-01 1.344835e-01
1.073344e-01 -6.825410e-03 -1.348713e-01 -3.507663e-01 -5.504848e-02 3.308843e-02 -1.110378e-01 -1.607339e-01 3.014687e-02 2.756288e-01 2.750469e-01 -1.889944e-01 9.740989e-02 4.717006e-02 3.451815e-01 5.724731e-02
4.455087e-01 -2.733538e-01 -1.233078e-01 -3.258415e-01 1.663911e-02 -2.115392e-01 -2.482391e-02 8.478165e-03 2.459822e-01 1.000439e-02 -1.527793e-01 -1.596564e-01 2.878691e-01 8.119887e-02 1.311608e-01 9.231291e-02
7.816372e-02 -3.840946e-01 2.584144e-01 -3.505515e-02 2.545013e-01 2.507309e-01 -2.423638e-01 -1.057324e-01 -3.962663e-01 8.937111e-02 -2.110738e-01 1.863096e-02 -4.789535e-02 6.138419e-02 2.175393e-01 7.115282e-03
-2.388955e-02 1.097049e-01 3.668088e-01 -2.266420e-01 -1.204844e-01 9.466651e-02 -3.539674e-02 3.093775e-01 -7.543901e-02 -2.826034e-01 6.314794e-02 -2.075883e-01 -1.646125e-02 -3.308333e-01 -2.342881e-02 3.811673e-01
-1.327690e-01 -5.634465e-02 7.406414e-02 2.988407e-01 -1.557307e-01 -3.389926e-01 -3.046928e-02 -1.316825e-02 4.579429e-01 3.070269e-02 2.569807e-01 1.635334e-01 -6.939823e-03 -4.241253e-01 -8.537064e-02 1.908382e-01
2.998582e-01 -6.995738e-02 -5.066270e-02 3.680775e-01 1.727830e-01 2.532251e-01 -1.419572e-01 4.679397e-01 3.081922e-01 -1.898484e-01 1.114778e-01 -8.394739e-03 5.648706e-03 -1.787591e-01 -1.881340e-01 -1.929823e-01
-2.218280e-02 -5.305931e-02 5.661872e-02 2.069081e-01 2.658596e-02 -1.194042e-01 9.305716e-02 1.207022e-01 2.473394e-01 -2.634289e-01 -4.630080e-01 6.817631e-02 -2.419032e-01 1.021912e-02 -4.194382e-01 -1.441012e-02
1.535517e-02 -1.238343e-01 -4.016522e-02 9.223793e-02 3.218268e-01 -4.068924e-02 -2.420202e-01 -3.223623e-02 -3.077572e-01 1.936475e-01 4.407384e-01 2.028273e-01 -1.030948e-01 -3.467600e-01 -3.379610e-01 -6.347707e-02
9.683744e-02 1.759341e-01 -2.530935e-02 -7.606389e-02 -7.131463e-02 -2.380002e-01 -6.785259e-02 -5.732261e-01 6.723543e-03 1.764384e-01 3.317924e-01 7.856936e-02 1.466127e-01 2.804200e-01 3.063163e-01 -2.253206e-01
9.172267e-02 -7.936380e-02 -2.338585e-02 9.036154e-02 1.351024e-01 2.553662e-02 -5.966435e-02 7.281095e-01 2.460994e-01 -8.094057e-03 -6.535278e-02 -2.988829e-01 3.325226e-03 1.865876e-01 2.717659e-02 -2.793896e-01
1.983716e-01 1.844112e-01 2.735680e-01 -3.471750e-02 -3.354476e-01 1.983996e-01 1.737848e-01 -3.852910e-01 1.360728e-02 -1.816210e-02 2.652076e-01 -1.600666e-01 -1.175967e-01 9.375842e-02 -4.453129e-01 -2.099994e-03
-1.385609e-02 5.574927e-02 -8.997487e-02 1.859119e-01 3.712874e-01 2.316743e-01 2.527336e-01 1.443358e-01 -1.545139e-01 3.400523e-02 1.541681e-01 1.774741e-01 -2.440577e-01 1.530000e-01 1.037289e-01 4.341134e-01
1.659579e-01 3.734937e-01 4.754700e-02 -3.017951e-01 -2.961491e-01 1.535174e-01 2.362081e-01 -3.316049e-01 7.264944e-02 5.497066e-03 1.875746e-01 -1.429121e-01 4.199874e-01 -4.381710e-02 -8.482613e-02 -8.303557e-02
1.282280e-02 -8.625354e-02 -4.092567e-01 1.882278e-01 2.440318e-01 -1.623603e-01 1.065810e-01 -3.229014e-01 3.207080e-02 3.281302e-01 -1.647643e-01 1.440614e-01 5.981986e-02 3.925965e-01 -9.211336e-03 -3.529646e-01
7.897272e-02 2.491316e-03 -1.200485e-01 -1.056132e-01 2.220643e-01 3.917214e-01 1.447318e-02 3.285704e-03 -4.461349e-01 7.340396e-03 -1.403724e-01 -1.636703e-02 6.436132e-02 3.678150e-01 2.171715e-01 -1.969708e-02
2.455793e-01 -9.066354e-02 -9.910036e-02 3.038194e-02 -4.827429e-02 -1.601254e-01 1.962475e-01 3.154654e-01 -1.208375e-02 7.246784e-02 -8.427071e-03 1.037896e-01 4.075118e-01 -9.727019e-02 -4.971908e-01 1.965689e-02
-9.707242e-02 -5.267710e-02 -8.083206e-02 1.132659e-02 4.957447e-02 1.197676e-02 1.105764e-01 -3.782714e-01 -1.988312e-02 3.086260e-01 2.058590e-01 1.538366e-01 2.944335e-01 -1.879765e-02 -6.511512e-01 1.840212e-02
-2.200849e-02 2.535389e-02 4.729668e-01 -5.652971e-02 -1.730383e-01 4.252278e-01 -9.007417e-02 2.498540e-01 1.608776e-02 -3.308648e-01 2.499867e-01 -1.129841e-01 6.486578e-02 -2.873633e-01 1.859299e-01 2.989698e-01
-3.246234e-01 1.679582e-01 1.692328e-01 -2.795643e-02 5.282401e-02 2.848300e-01 -3.450605e-01 -3.717454e-01 4.046089e-03 -9.946174e-02 -1.468842e-02 -9.567200e-02 -3.412601e-01 1.019159e-01 4.000336e-01 -1.053325e-02
4.939282e-02 1.450170e-01 6.026703e-02 -2.916041e-02 -9.665826e-02 5.798039e-02 -1.145564e-01 3.100193e-01 1.320913e-01 -2.552915e-01 -3.179427e-01 -1.061695e-01 -1.424239e-01 7.670135e-02 5.332487e-01 -2.230141e-02
-7.248122e-02 6.874981e-02 3.206507e-03 2.832123e-01 5.491617e-02 1.519004e-01 -7.769122e-02 -2.434907e-01 1.343445e-01 3.571457e-02 8.146300e-03 1.170361e-01 -5.664301e-01 -8.408222e-02 -2.142048e-01 -8.840355e-02
3.267835e-01 -1.037801e-01 -7.680137e-02 -2.160017e-02 -1.361703e-01 6.991407e-01 -1.582206e-01 1.042836e-02 2.741133e-02 -1.095523e-02 -8.964600e-02 -5.776898e-03 5.508702e-02 7.736097e-02 -1.360139e-02 1.052053e-02
-2.242535e-02 1.673130e-01 -6.442429e-02 -3.410205e-01 -1.550133e-02 5.231526e-03 3.268918e-01 4.119898e-02 5.330265e-02 5.087040e-03 5.475674e-02 -9.131371e-02 6.726576e-01 -1.245241e-01 1.733743e-01 4.386941e-03
-5.524070e-02 1.796704e-01 1.016322e-01 -1.312803e-01 -5.029441e-02 -8.232851e-02 -1.087621e-01 1.373037e-01 -4.515189e-02 4.097518e-01 -1.672076e-01 -1.972364e-01 -1.641652e-01 -1.205170e-02 -4.013709e-02 4.877957e-02
-3.280528e-02 1.581002e-01 -3.401453e-02 -2.080808e-01 2.787893e-01 3.072624e-02 1.109071e-01 1.108417e-02 1.687007e-01 2.588023e-01 2.585414e-01 4.213484e-01 -1.116368e-01 2.722427e-02 7.927154e-02 -1.327831e-01
4.815813e-01 -1.962906e-01 -1.436616e-01 1.050033e-01 -6.283629e-02 9.582405e-02 1.580900e-02 -1.217238e-01 3.357710e-02 -1.925507e-01 1.135709e-02 3.049347e-01 2.133743e-01 -8.110679e-02 -1.212893e-01 -1.493189e-01
-2.490812e-01 -1.977378e-02 1.403923e-01 9.335467e-02 4.511408e-01 1.080164e-01 4.023980e-01 1.743760e-01 6.889048e-02 8.621328e-02 3.755230e-02 -2.334707e-01 5.093199e-02 1.542466e-01 2.994292e-01 3.374130e-03
-3.558360e-01 1.956411e-01 3.294178e-01 1.500742e-01 1.438855e-01 2.072500e-01 1.257335e-01 1.395077e-01 5.450404e-02 5.201452e-01 1.506491e-01 2.873831e-01 1.288970e-01 4.645268e-02 1.170798e-01 1.501087e-01
7.542878e-02 -1.254993e-01 2.948242e-01 -1.029798e-01 -1.281645e-01 -1.340706e-01 3.311713e-01 -6.317940e-02 -7.803832e-02 -1.563293e-01 -2.505315e-01 -2.240418e-01 1.951632e-01 8.658252e-02 -2.324712e-01 -2.132648e-02
-6.123707e-02 3.653114e-02 -2.720497e-01 1.172272e-01 1.934604e-02 1.407560e-01 -2.449071e-01 8.893093e-02 2.633355e-02 -2.114768e-02 2.333493e-01 3.327088e-01 -1.937436e-01 -5.672577e-02 4.548624e-01 -1.582353e-02
-1.080831e-02 1.240929e-01 -1.059219e-01 7.791230e-02 2.086284e-01 -1.095567e-01 -2.647274e-02 8.419391e-02 -2.144895e-01 6.687778e-02 4.819653e-01 -8.378646e-02 9.813009e-02 -1.705880e-01 -3.628566e-02 8.670741e-02
3.214487e-01 -2.898576e-02 -1.135281e-01 -1.276823e-01 -4.426517e-03 5.364276e-01 -1.181596e-01 2.742951e-02 -1.039653e-01 -7.895759e-02 -4.105467e-02 -3.353225e-01 1.107061e-01 -1.292791e-02 -1.048419e-02 -2.209462e-01
-1.559410e-01 1.141281e-02 -4.501205e-02 -1.695398e-01 5.539170e-02 7.111008e-02 4.366517e-01 -4.923733e-02 2.328688e-01 -1.039076e-01 -3.389591e-01 1.189092e-01 4.374737e-01 1.346469e-01 -2.475880e-01 9.250532e-02
-2.257290e-01 1.255862e-01 4.262167e-01 3.014620e-02 1.813352e-01 1.706124e-01 5.056437e-02 3.585258e-01 -2.088978e-01 2.075077e-01 2.081314e-01 -6.313248e-02 1.558469e-01 6.035326e-02 1.226947e-01 2.826886e-01
1.212914e-01 -9.659506e-03 6.486156e-02 -3.503434e-02 2.682396e-01 9.453311e-02 1.965609e-01 2.740899e-02 -1.936132e-02 -1.735145e-02 3.177094e-01 6.421275e-01 2.893829e-01 -6.757913e-02 6.961040e-02 -1.234710e-01
1.234026e-01 -3.024622e-01 -1.431568e-01 1.419474e-01 -4.826266e-02 1.336202e-01 1.943924e-01 -8.196778e-02 3.634012e-02 -2.407787e-02 3.525761e-01 3.538705e-01 1.432882e-01 -1.913536e-01 3.155566e-01 -1.086328e-01
-1.040618e-01 2.243280e-01 -1.199018e-01 -8.968263e-02 7.226489e-03 -3.256063e-01 2.201914e-02 -5.317505e-02 -3.014623e-01 2.283966e-01 2.140878e-01 1.046856e-01 -2.669457e-01 5.558185e-02 -2.490343e-01 4.383951e-01
-1.983911e-02 -7.747547e-02 7.458885e-02 -1.508046e-01 -6.489891e-02 2.161305e-01 6.735098e-02 -9.182750e-02 4.179843e-01 -6.114326e-02 -2.099854e-01 2.828778e-01 -2.589884e-02 1.781229e-01 6.162941e-03 -7.923220e-02
-1.224163e-01 1.852568e-01 1.292177e-01 -2.008146e-01 6.124858e-01 1.435465e-02 -2.728834e-01 8.690774e-02 8.374365e-02 -1.306064e-01 -2.531398e-01 4.410991e-02 -6.688157e-02 1.201647e-02 6.052398e-02 -2.567174e-01
2.037893e-01 -2.467173e-01 4.895810e-02 1.362248e-01 -1.155041e-01 4.792363e-01 -6.082515e-02 4.400907e-03 1.689149e-01 -2.068002e-01 -1.037559e-01 -2.083983e-01 2.754466e-01 -1.456470e-01 1.675560e-01 -2.752376e-01
-2.799006e-01 -2.260629e-02 1.128113e-02 1.959857e-02 3.545777e-01 -1.300157e-01 -7.189380e-02 -5.733446e-02 2.577459e-01 -1.471221e-01 -2.554671e-01 4.071585e-01 3.437384e-02 -1.112543e-02 5.938527e-02 1.905228e-02
5.289823e-01 1.638181e-01 -4.554577e-02 4.686032e-02 -7.245047e-02 -6.784432e-03 -5.637430e-03 -6.931364e-02 -1.136598e-01 1.099048e-01 4.325045e-02 -2.086193e-01 -8.108908e-02 -4.606672e-02 -3.771343e-02 -4.343660e-02
-3.480750e-02 -9.373039e-02 1.318715e-01 1.758225e-01 8.091533e-02 -3.521487e-03 1.537910e-01 2.703120e-02 -1.201846e-01 -2.647191e-01 2.296711e-01 3.634011e-01 5.124345e-01 4.275867e-03 -1.367158e-02 -1.395491e-02
9.299771e-02 -1.188978e-01 -5.570063e-02 2.567518e-01 -1.294136e-01 -1.699398e-02 -2.748905e-01 1.759261e-01 -1.240654e-01 1.832269e-01 3.761213e-01 -5.411759e-03 -2.642697e-01 -1.465140e-01 2.956377e-01 -6.170167e-03
1.207616e-01 -1.745019e-02 2.624255e-01 -2.984919e-01 -6.523609e-02 -8.242291e-02 -1.766017e-01 1.185636e-02 -1.817866e-01 -9.944087e-02 4.119132e-01 -1.714172e-01 -1.172933e-01 -1.953273e-01 -1.837710e-01 9.096184e-02
2.814277e-02 2.950993e-01 3.583736e-02 -1.519338e-01 1.022370e-01 1.385252e-01 4.432267e-01 -1.945675e-01 1.699458e-02 -2.449972e-01 -2.479814e-01 5.190713e-02 2.900233e-01 2.798757e-01 -1.791131e-01 2.232275e-03
5.357529e-02 2.080159e-01 2.391703e-01 -9.000288e-02 5.173470e-02 1.290603e-01 -2.069964e-02 1.741643e-01 -1.863547e-02 7.687455e-02 -1.023174e-01 4.835697e-01 2.810916e-02 -1.232254e-01 -1.909553e-01 -1.165424e-01
7.739628e-03 -4.704642e-02 -1.279996e-01 1.796887e-01 -2.938035e-01 -2.024971e-01 9.565749e-02 -1.443704e-01 -2.524462e-01 1.328300e-01 2.170205e-01 1.156478e-01 -4.275872e-02 -1.352034e-01 -2.793468e-01 5.097010e-01
-2.214409e-02 -1.052858e-01 -2.400091e-02 5.314810e-01 -5.096945e-02 -3.161950e-02 2.625852e-02 1.334394e-02 -1.272964e-01 -1.702628e-01 -3.799023e-02 -1.266886e-01 3.261385e-02 -9.405535e-02 6.226250e-02 7.249596e-02
1.572120e-01 -1.214225e-01 -1.095366e-01 7.169407e-03 2.664067e-01 1.333221e-01 1.897151e-01 -1.894656e-01 2.426176e-01 -1.682212e-01 3.510976e-01 4.774247e-01 2.294960e-01 6.308614e-02 1.404016e-02 -1.655265e-01
-2.583186e-01 3.222827e-01 7.145808e-02 -2.613672e-01 1.939854e-01 -1.914823e-01 6.708339e-02 -5.465485e-02 -5.735591e-02 1.384030e-01 -4.518094e-02 -1.340593e-01 1.140563e-01 3.598027e-01 -2.024245e-01 3.982475e-01
-1.739614e-01 -1.211350e-02 -1.511148e-01 1.726603e-01 -1.283114e-01 1.093158e-01 2.628650e-01 1.499334e-01 8.572352e-02 2.405987e-01 2.149424e-02 2.147599e-01 3.802277e-01 7.769507e-02 -9.359930e-02 1.987821e-01
-5.930069e-02 5.319359e-01 -2.250889e-01 -1.028800e-02 1.779101e-01 7.457357e-02 5.339053e-02 4.109105e-02 1.628928e-01 1.634453e-01 -2.343602e-02 1.583196e-02 1.911423e-01 1.606333e-01 -1.471884e-01 2.174900e-01
-3.492985e-01 1.322051e-01 2.552927e-02 2.972429e-01 3.063486e-01 2.370836e-01 2.326657e-01 9.728011e-02 7.725374e-02 4.042502e-01 -1.472643e-01 2.734991e-01 1.334078e-01 1.122908e-01 3.079383e-01 -1.247793e-01
-1.087441e-01 1.104991e-01 -6.800761e-02 -7.853001e-02 1.567467e-01 -1.176011e-01 -7.836796e-03 -1.226970e-01 2.132340e-01 -9.230996e-02 -5.411281e-02 -5.112068e-02 -1.365823e-01 2.313300e-01 4.322740e-01 -7.923115e-02
1.514560e-01 -1.100200e-02 1.033796e-01 -1.250189e-01 2.651515e-01 -8.402478e-03 -1.326557e-01 5.815990e-03 -1.786148e-01 3.019585e-01 4.936573e-01 4.128672e-03 -1.423708e-01 -2.626983e-01 -2.145915e-01 -3.476920e-02
-9.264056e-02 -1.028371e-01 -1.974349e-01 1.633617e-01 3.458260e-01 -1.313745e-01 -2.580984e-01 -5.304710e-02 -2.314620e-01 6.231236e-02 4.092270e-01 3.683480e-01 -5.502264e-02 -3.116464e-01 -1.551350e-01 -5.842194e-02
-4.019921e-02 -6.264445e-02 -3.929756e-01 -4.528113e-03 -2.546779e-01 2.445196e-01 5.426005e-03 1.995493e-01 1.641289e-01 -2.552415e-01 -3.322573e-01 2.580335e-02 -7.382300e-02 2.256466e-02 -2.088868e-01 -2.824381e-02
-1.294233e-02 5.063692e-02 4.112236e-02 -1.515489e-01 -8.097720e-02 -1.772283e-02 1.330267e-01 9.762017e-02 1.521506e-01 7.657640e-02 -1.758581e-01 -2.901485e-01 -5.943317e-02 2.130730e-01 2.618617e-01 7.328899e-03
1.693095e-01 2.672817e-01 5.661124e-02 -4.565183e-01 7.290460e-03 -1.848434e-01 4.106652e-02 -2.365699e-01 -2.220166e-01 9.473799e-02 -4.441806e-02 -2.290262e-01 -3.416844e-02 1.928899e-02 -2.241345e-02 2.970779e-02
-2.049049e-01 2.926460e-01 -2.780391e-01 -1.775054e-01 2.443432e-01 8.318348e-03 -1.398673e-02 -9.895265e-04 3.913355e-02 4.339406e-02 -1.615147e-01 1.342497e-01 3.884822e-01 -1.232111e-01 3.979972e-01 -1.509508e-01
4.800883e-02 1.396450e-01 1.700349e-01 -6.885777e-02 -6.829455e-03 -6.296241e-01 6.541003e-02 -1.378927e-02 -2.621701e-01 1.597427e-01 1.007316e-01 -6.443724e-02 -6.723931e-02 -2.258093e-01 -8.752240e-03 1.109629e-01
-1.425095e-01 1.945429e-01 -1.457624e-02 2.264282e-01 -4.473945e-02 2.322960e-01 -4.172440e-02 -3.505826e-01 -5.820597e-02 1.015823e-01 2.207735e-01 1.357678e-01 -4.473026e-01 -1.227675e-01 -2.562942e-02 -7.035782e-02
-1.152878e-01 -1.091212e-01 -1.382132e-01 4.696375e-01 3.689367e-02 3.107592e-02 -3.361880e-02 1.427194e-01 9.658594e-02 -1.738634e-02 7.155892e-02 2.815330e-01 6.534142e-02 -3.528282e-02 1.371281e-01 7.744609e-02
-1.081747e-01 -1.818605e-03 2.340095e-02 -2.145193e-01 8.337919e-02 -1.907779e-02 6.082471e-02 4.139324e-01 -3.231944e-02 -6.704305e-02 -4.655179e-02 -2.930961e-02 4.142828e-01 -6.246565e-02 -5.333225e-02 8.435923e-02
2.273397e-01 -1.151794e-01 -1.626694e-02 1.982165e-01 -1.085407e-01 4.817990e-02 -4.729043e-02 4.774645e-02 -7.384792e-02 -3.881099e-01 1.256687e-01 4.262177e-01 -6.207299e-02 -3.160916e-01 -2.557809e-01 2.078679e-01
4.942193e-02 1.177482e-01 2.314912e-02 -2.346876e-02 3.581861e-01 1.769951e-01 2.831059e-01 4.224391e-02 -3.150770e-01 -2.569750e-02 -3.727251e-02 -3.303492e-02 -2.820151e-01 1.753333e-01 -1.948692e-01 2.402209e-01
-2.176149e-01 8.219904e-02 1.202128e-01 -8.287475e-02 1.040436e-01 1.457903e-01 -1.438567e-01 -6.160508e-01 6.086642e-02 -4.592507e-02 -2.169357e-02 -9.564377e-02 -2.746110e-01 2.533033e-01 7.026548e-02 1.303482e-01
-3.922873e-02 -1.978418e-02 -2.600414e-01 1.933576e-01 1.443693e-01 9.029811e-02 -2.150213e-02 -4.529773e-01 1.418317e-01 1.521500e-01 -1.037747e-01 1.527688e-01 1.117938e-01 4.665565e-02 1.312438e-01 -3.172510e-01
2.682431e-01 -2.290239e-02 -5.120736e-03 -2.128642e-02 -3.556120e-02 -1.407416e-01 4.398891e-02 -5.961580e-01 3.957465e-02 8.484970e-02 1.418477e-01 -1.169554e-01 -3.614943e-01 1.835816e-01 2.566495e-01 4.896981e-02
-1.616854e-02 1.161894e-01 -3.878623e-01 1.801716e-01 3.750019e-01 -3.265112e-01 7.854026e-02 -1.532257e-01 -1.572321e-01 2.002626e-01 -2.039694e-02 -7.351954e-02 -3.072416e-02 5.546461e-02 1.056154e-01 -8.685265e-02
-7.080537e-02 -4.352245e-02 -1.035331e-01 6.021409e-02 -2.733675e-01 -6.557302e-02 -2.381571e-01 -1.685080e-02 3.345817e-01 4.330462e-02 1.757241e-02 1.209369e-01 3.065270e-01 -8.447723e-02 3.225935e-01 -1.030913e-01
1.010393e-01 -3.160133e-01 -3.283837e-02 2.502793e-01 1.271041e-01 -4.652192e-03 -1.617670e-01 -2.224067e-02 -8.014748e-02 1.469809e-01 1.120574e-01 -1.794107e-01 -1.801940e-01 2.165889e-01 -3.918820e-01 1.574199e-02
2.723139e-03 -7.813567e-02 4.221454e-01 1.238322e-01 3.560979e-01 -1.557688e-02 3.266427e-02 -2.302637e-01 3.141353e-02 2.560874e-02 1.718186e-01 -1.194927e-01 1.911324e-01 -1.930833e-01 1.867871e-01 1.892218e-01
2.295015e-01 -9.096266e-02 1.360356e-02 6.972259e-02 2.408001e-02 -8.000185e-02 7.391394e-02 -2.428552e-02 4.497921e-01 -4.179522e-02 -3.149453e-01 3.212487e-02 -3.976884e-02 -1.549754e-01 -1.762500e-01 -3.056981e-02
3.552561e-01 -7.892545e-02 7.944396e-02 1.439011e-01 3.595332e-01 -1.929563e-01 1.717688e-02 2.854630e-03 1.444763e-01 3.022839e-01 2.823031e-01 -1.870841e-05 -1.553399e-01 2.114845e-02 2.190307e-01 -6.984413e-02
4.811331e-02 1.970740e-01 1.308258e-01 -1.192492e-01 -1.831447e-01 8.736384e-02 -1.005315e-01 -2.081372e-01 2.329997e-02 3.316118e-02 4.396381e-01 -3.339536e-03 8.659197e-02 9.287514e-03 2.216319e-01 -4.962662e-02
-4.388967e-02 -1.416163e-01 -6.244788e-02 1.677851e-02 -3.752524e-02 5.693231e-01 -1.709776e-01 2.556939e-02 2.108581e-01 -6.802297e-02 -1.577526e-03 3.584600e-02 -6.333704e-02 -3.285015e-02 4.126676e-02 -9.211392e-02
1.326885e-02 -2.115280e-01 -6.003206e-02 8.836709e-02 4.727654e-01 1.496061e-01 -2.784625e-01 -7.740132e-02 -1.244750e-01 -7.453887e-03 4.218097e-01 1.462650e-01 -2.892928e-01 -1.213651e-01 -2.399724e-01 5.331679e-02
-2.949869e-02 3.313602e-02 2.150856e-01 9.160614e-02 3.815871e-01 1.639677e-01 1.135445e-01 -7.404777e-02 3.802551e-02 -1.325931e-01 -1.446548e-01 6.699386e-02 5.758548e-01 1.609115e-01 7.876164e-02 7.448300e-03
-5.884310e-02 1.384902e-01 -4.810304e-01 1.173681e-01 3.840729e-01 4.679884e-02 -3.324816e-01 -1.476236e-01 1.261183e-01 6.507246e-02 -6.773271e-02 -4.380367e-02 -4.245358e-02 -5.160768e-02 2.005371e-01 -7.425158e-02
3.563418e-01 -3.291071e-01 -5.179292e-02 -2.060892e-01 4.815405e-02 -2.501355e-01 -4.650652e-04 1.691732e-01 1.651757e-01 -1.334454e-01 -2.946444e-01 -8.975068e-02 3.675203e-01 1.148638e-01 -4.261467e-02 6.634022e-02
5.871101e-02 -3.442467e-02 1.533330e-01 -1.780444e-01 -2.660031e-01 8.047212e-03 3.225057e-02 -2.201255e-02 1.086855e-02 -9.464627e-02 8.469488e-02 -7.032031e-02 -1.879632e-01 6.431517e-02 -4.370773e-01 9.984539e-03
-4.071067e-02 2.316178e-03 2.100999e-01 -2.481526e-02 -3.054183e-02 -3.197888e-03 3.765355e-02 5.209728e-01 -1.201592e-01 -2.698603e-01 -1.049132e-01 -5.324899e-02 -7.269948e-02 -1.460793e-01 -1.438622e-01 2.533673e-01
-2.666784e-01 1.418461e-01 4.567306e-02 1.952750e-02 6.405690e-02 2.496589e-01 -2.048868e-01 -3.275049e-01 -4.993991e-03 1.082811e-01 -2.522246e-02 1.315232e-01 1.475198e-01 4.493045e-02 -5.350245e-01 1.295163e-02
-1.575364e-01 9.142815e-02 -3.673732e-03 -4.615169e-02 2.200856e-02 -1.165667e-02 -4.105202e-02 1.724003e-02 -5.684291e-01 -7.491080e-03 1.354836e-01 -5.697442e-02 9.918098e-02 1.576580e-01 6.731785e-02 -7.616190e-02
2.924366e-01 -9.038464e-02 -6.136651e-02 4.241800e-02 -1.093894e-01 -1.682427e-01 9.188191e-02 5.914171e-01 -9.949554e-03 -5.134524e-02 -7.466573e-02 3.458634e-02 8.019100e-02 -6.421109e-02 8.025958e-02 7.233443e-03
