4 6 8 32 64
-2.844865e-02 1.604288e-02 -3.698222e-02 3.727605e-01 -4.003856e-02 -2.342341e-03 -1.978828e-01 -1.588130e-02
-2.126131e-02 -3.237463e-02 -1.395446e-01 -8.198074e-02 -1.594215e-02 3.558675e-02 3.699798e-01 -1.250151e-01
-8.153472e-02 6.701231e-02 9.867460e-02 2.277833e-01 -1.022337e-01 -6.058990e-02 -1.071168e-01 -9.398089e-02
1.341392e-01 1.225046e-01 -7.867948e-02 -6.840041e-02 1.376476e-01 1.494431e-01 2.290074e-01 -9.910654e-02
-8.723250e-02 3.262779e-01 -7.355124e-02 3.673550e-01 -3.394189e-02 3.078853e-02 -2.559029e-01 -1.865218e-01
-6.965142e-02 -1.165044e-01 -1.487071e-01 5.881154e-02 -1.459375e-01 3.461276e-01 3.004293e-01 -1.370440e-01
-1.013935e-01 -9.619956e-02 -1.049527e-02 2.732069e-01 -1.137203e-01 -8.400159e-02 -1.106136e-01 -1.104300e-01
-1.342663e-01 -7.966328e-02 -6.494922e-02 -8.870514e-02 -3.345446e-02 -2.643174e-02 -5.771270e-02 -7.891358e-02
-1.195436e-01 1.345973e-01 -1.448296e-01 3.266984e-01 -1.185371e-01 -7.479729e-02 -1.110022e-01 -1.133645e-01
1.602914e-01 -3.231942e-02 1.938058e-02 2.428577e-02 3.748951e-01 1.475495e-01 3.258742e-01 -1.964540e-02
-3.578002e-02 3.746911e-01 -1.368888e-01 1.033173e-01 -1.056674e-01 3.801982e-01 1.384474e-01 -1.342611e-01
-1.994733e-01 -1.090041e-01 1.640219e-01 4.937607e-02 -5.867121e-02 -6.135594e-02 -1.369400e-01 -1.023024e-01
-5.037689e-02 2.610370e-01 -1.419366e-01 -8.456642e-02 -2.490520e-02 -1.917815e-04 3.645650e-01 -2.718520e-02
-8.980974e-02 -2.954765e-03 -1.123664e-01 2.467029e-01 2.665830e-02 4.695367e-02 -2.717471e-01 -2.012259e-01
-1.034432e-01 4.553063e-01 -8.466319e-02 3.025064e-02 -5.110003e-02 -6.735928e-02 -1.111578e-01 -6.294289e-03
-8.811940e-02 7.865785e-02 -7.790595e-02 -1.011470e-01 -1.945892e-02 -3.469170e-02 3.843529e-01 -2.349655e-02
-1.236279e-01 -8.021344e-02 -1.033148e-01 2.856542e-01 7.193510e-03 -7.552949e-02 -2.070178e-01 -1.950399e-01
-1.192350e-01 5.897045e-02 -1.482533e-01 -1.243177e-01 3.840340e-03 -6.539834e-02 -1.133510e-01 2.848865e-02
-1.199726e-01 -1.251472e-01 -6.394999e-02 -1.035233e-02 -1.217863e-01 2.337220e-01 2.597955e-01 -1.209418e-01
-1.110455e-01 -8.814472e-02 3.541327e-01 -1.883453e-02 -6.990273e-02 -6.442996e-02 -1.205263e-01 -8.356456e-02
-9.998082e-02 -8.092628e-02 3.268753e-02 -1.049956e-01 2.421474e-01 -2.662259e-02 5.301886e-01 -1.077970e-01
-9.100977e-02 2.711725e-01 6.920842e-03 2.231228e-01 -9.733051e-02 -6.962794e-02 -8.945572e-02 -8.497251e-02
-1.248992e-01 -5.056594e-02 -2.075949e-01 1.081190e-02 -8.835098e-02 2.672547e-01 2.119819e-01 -1.102186e-01
2.468012e-01 2.136394e-01 -1.618915e-01 -3.752684e-02 2.512265e-01 2.059199e-01 1.284588e-01 -1.359602e-01
-1.465949e-01 1.566689e-01 1.306420e-01 2.050149e-01 -9.144528e-02 6.368318e-02 -1.602660e-01 -1.597859e-01
1.198735e-01 3.377785e-02 -1.294631e-01 -7.640221e-02 3.623746e-01 7.528275e-02 2.955548e-01 -3.781249e-02
-6.197156e-02 -1.715169e-02 1.850555e-01 2.094564e-01 -4.264917e-02 2.775398e-02 -1.588491e-01 -1.725361e-01
-1.104392e-01 -1.117439e-01 -1.146142e-01 1.712046e-01 -1.174705e-01 -6.515082e-02 -1.042684e-01 -9.147707e-02
9.267133e-02 -1.505541e-01 1.197606e-01 1.298431e-01 -3.323642e-02 5.360007e-02 -7.714931e-02 -7.025453e-02
-7.820009e-02 2.568525e-02 -1.750334e-01 3.321689e-01 -7.126806e-02 -4.053541e-02 -1.845791e-01 -5.653077e-04
-1.144190e-01 -8.213574e-02 4.907529e-02 -1.127081e-01 1.398652e-03 -4.608143e-02 3.793490e-01 -6.006702e-02
-8.710938e-02 5.386407e-02 -1.382626e-01 3.545640e-01 -1.148213e-02 -7.185347e-02 -2.131782e-01 -2.428391e-01
-2.107880e-01 -1.468461e-01 -1.182597e-02 1.532900e-01 -1.873332e-02 -1.289725e-01 -1.539258e-01 -1.143505e-01
-1.057432e-01 5.653802e-01 -8.093539e-02 3.039869e-01 -9.552509e-02 -3.889130e-02 -1.419279e-01 -1.068896e-01
1.258453e-01 2.210541e-01 -9.179698e-02 -6.594246e-03 3.652120e-01 1.319546e-01 2.377667e-01 6.308594e-03
-1.634306e-02 2.063110e-01 -1.443697e-01 -7.148027e-02 1.708264e-01 9.154242e-02 4.806082e-01 -1.041011e-01
-1.173446e-01 3.212929e-01 -1.436469e-01 3.517875e-01 -1.248981e-01 -7.925902e-02 -1.206823e-01 -1.008512e-01
-1.269933e-01 -3.840968e-02 -1.318495e-01 2.745252e-01 -1.197624e-01 -1.211409e-01 -1.525163e-01 6.002851e-02
-1.079791e-01 -3.106514e-02 -1.119880e-01 3.019673e-01 -1.142363e-01 -8.195239e-02 -1.119207e-01 -1.039219e-01
1.243197e-01 2.480274e-01 -1.345430e-01 -5.192595e-02 1.515441e-01 1.423482e-01 1.749937e-01 -7.268786e-02
-1.634498e-01 -6.118190e-02 2.241657e-02 1.362717e-01 -6.370990e-03 -1.495398e-02 -1.819636e-01 -1.714709e-01
1.787156e-01 4.930649e-01 -5.569584e-02 -2.172758e-02 1.897638e-01 2.175409e-01 1.642862e-01 -6.637752e-02
1.229632e-02 4.809876e-01 -1.383906e-01 -6.673103e-02 2.721532e-04 9.742901e-02 3.202912e-01 -8.134538e-02
-1.266387e-01 -2.048211e-02 -1.930701e-01 8.850365e-02 -1.532990e-01 2.821103e-01 1.998638e-01 -9.979514e-03
-5.849301e-02 2.045924e-01 -2.158759e-02 3.247840e-01 -3.800306e-02 -3.582379e-02 -1.662510e-01 -2.271253e-01
-9.388956e-02 1.944546e-01 -1.538958e-01 3.846190e-01 -8.511425e-02 -4.790580e-02 -1.975180e-01 -2.176421e-02
-1.296745e-01 1.568471e-02 3.034396e-01 9.498515e-02 -1.009157e-01 6.400648e-02 -1.480876e-01 -1.364789e-01
-8.451708e-02 1.249289e-01 -1.617017e-01 7.157579e-02 -9.827375e-02 3.872338e-01 2.155277e-01 -1.104148e-01
-5.784474e-02 8.664925e-02 -1.430866e-01 3.516378e-01 -1.482596e-02 2.437533e-02 -2.455181e-01 -1.157297e-01
-7.791622e-02 -1.321104e-01 2.609830e-03 8.289391e-03 -4.314699e-02 3.636910e-01 2.089806e-01 -1.125073e-01
-1.057247e-01 -9.768920e-02 5.578767e-02 1.516182e-01 -1.293432e-01 -8.147754e-02 -9.584779e-02 -1.132020e-01
-1.153097e-01 1.039434e-01 1.114221e-01 5.431607e-02 -1.091561e-01 -9.310961e-02 -1.198830e-01 -9.414610e-03
-7.889250e-02 3.404161e-02 4.776963e-02 2.374303e-01 1.621054e-02 6.348453e-02 -2.719869e-01 -1.492663e-01
1.228464e-01 5.903553e-02 -2.901138e-02 -2.668719e-02 3.385152e-01 1.000410e-01 3.238735e-01 7.276919e-02
-1.287082e-01 -1.146818e-01 1.491052e-01 -6.514864e-02 -7.982167e-02 2.262246e-01 2.797529e-01 -1.117242e-01
-9.430310e-02 -7.552332e-02 2.171781e-01 1.234650e-01 -1.009315e-01 -6.380869e-02 -1.021298e-01 -1.117800e-01
2.295144e-01 6.834958e-02 -1.390912e-01 -2.853977e-02 3.007986e-01 1.725833e-01 2.069220e-01 -6.695514e-02
-3.980232e-02 3.476086e-02 6.703478e-02 2.962080e-01 -3.189646e-02 -1.176310e-02 -1.611353e-01 -1.949099e-01
1.357615e-03 4.115729e-02 -7.117195e-03 1.396776e-01 -1.273866e-01 3.197056e-02 -1.072953e-01 -1.958811e-01
-6.564990e-02 -3.629823e-02 -1.079095e-01 -8.713928e-02 2.156506e-01 2.807829e-02 5.187725e-01 -1.144912e-01
-9.107010e-02 1.930271e-04 -1.217674e-01 2.357973e-01 -3.923986e-02 5.255595e-03 -2.205027e-01 -8.165041e-02
-1.171319e-01 -5.048860e-02 -8.788827e-02 -1.002781e-01 1.747827e-01 -2.130327e-02 -1.145887e-01 -6.971877e-02
2.079062e-02 -1.196040e-01 -1.208520e-01 2.751439e-01 6.268542e-02 -1.055581e-02 -2.310018e-01 -7.320010e-02
-3.428066e-02 -5.447601e-02 -1.429000e-01 6.464414e-02 -1.287984e-02 3.930232e-01 1.247576e-01 -9.810444e-02
-1.195287e-02 -1.074106e-01 -1.353550e-01 2.632054e-01 -1.155256e-01 -1.095176e-01 2.908887e-01 -1.023575e-01
4.610811e-01 -1.935711e-02 -1.891569e-01 -1.476527e-01 -2.070337e-01 -1.775728e-01 -6.778842e-02 -7.342266e-02
-4.845598e-03 -1.342142e-01 -4.248672e-02 -2.388889e-02 1.837235e-01 -1.163201e-01 -1.460398e-01 1.361192e-01
1.880146e-02 -8.498809e-02 -1.195995e-01 -1.024990e-01 -1.703778e-03 9.464396e-02 -1.168270e-01 6.290688e-02
-2.842127e-02 4.518638e-03 -2.736101e-01 -1.749890e-01 -2.288956e-01 3.147487e-03 1.755943e-01 -2.221428e-01
-4.766862e-02 -6.588268e-02 -1.061380e-01 -3.219089e-02 -1.090547e-01 -8.519411e-02 6.131378e-01 8.891351e-02
2.557659e-01 -1.030365e-01 -1.834589e-01 -8.367163e-02 -1.613190e-03 -2.037719e-01 -5.079735e-02 1.852671e-01
-8.058382e-02 -3.672140e-02 -2.059273e-01 -8.708291e-02 3.489746e-02 -1.299303e-01 1.784493e-02 -1.621948e-01
5.508159e-02 -8.069491e-02 -1.048756e-01 1.626459e-01 -1.129724e-01 -6.478956e-02 5.578377e-01 1.585019e-03
3.411114e-01 -5.958179e-02 -1.226928e-01 -1.291893e-01 -5.877740e-02 -8.415461e-02 -1.085322e-01 6.743998e-02
8.048835e-02 -8.006196e-02 -6.754232e-02 -1.228412e-01 -4.911884e-02 3.466422e-01 -1.309957e-01 3.074951e-02
-1.395241e-01 1.597884e-01 1.085232e-02 4.610181e-01 -2.633609e-02 -1.958584e-01 -1.873256e-01 -1.256693e-01
2.772708e-02 -1.038999e-01 -3.864539e-01 8.839960e-02 -2.986124e-01 -9.551180e-02 1.619932e-01 -2.104596e-01
-8.495244e-02 4.776234e-01 -8.342136e-02 2.145401e-02 -1.207879e-01 -1.666069e-01 1.049983e-02 1.445033e-01
-1.172183e-01 -5.545311e-02 -1.052809e-01 -7.456740e-02 4.964845e-02 7.335862e-02 -1.267227e-02 -1.916044e-01
3.882076e-01 -1.385376e-01 -1.062820e-01 -3.490171e-03 -4.719383e-02 -2.206637e-01 -1.223364e-01 3.513374e-01
3.610888e-02 -8.930966e-02 -3.268088e-01 1.039708e-01 -2.553173e-01 -9.508058e-02 2.661514e-01 9.514765e-03
5.228499e-01 -6.695244e-02 -9.663291e-02 -1.111028e-01 -9.180662e-02 -8.366337e-02 -8.512273e-02 -1.484855e-02
2.289456e-01 -2.869454e-02 -1.729953e-01 2.670866e-02 -9.304912e-02 7.631753e-02 -2.539576e-01 -1.082889e-01
-8.817582e-02 6.404857e-02 -1.139395e-01 -1.065398e-01 7.568770e-02 -7.220615e-02 -6.531580e-03 -2.204792e-01
2.406352e-01 -8.941934e-02 -1.134836e-01 -1.283392e-01 -8.940883e-02 1.630224e-01 -1.202263e-01 1.432320e-01
2.829919e-02 1.313719e-02 -2.143671e-01 -1.554678e-01 -4.737374e-02 -3.862057e-02 -1.675263e-02 -1.622164e-01
8.118339e-02 -3.665144e-02 1.616302e-01 -9.228399e-02 -8.545937e-02 7.945326e-02 -9.356705e-02 -5.499913e-02
4.099640e-01 -1.088356e-01 -3.891206e-02 -1.363596e-02 -2.051780e-01 -2.282467e-01 -6.624592e-02 3.407301e-02
2.501905e-01 -1.291114e-01 -2.865090e-02 7.034788e-03 7.302546e-02 -1.529717e-01 -1.178190e-01 2.995560e-01
8.946834e-02 9.981042e-02 -1.098109e-01 -2.292198e-01 -1.046667e-02 4.829570e-02 -1.345559e-01 -1.841387e-01
-1.633920e-01 3.018486e-01 5.592406e-02 1.229397e-01 2.640488e-02 -1.408862e-01 -1.510164e-01 1.015543e-01
-1.251244e-01 -4.666405e-02 -1.135322e-01 -1.235260e-01 -9.062877e-02 -7.506047e-02 5.526806e-01 -3.127922e-02
-1.050440e-01 5.269797e-01 -9.400871e-02 -1.023849e-01 -4.726960e-02 -5.545726e-02 -7.593105e-02 -2.959204e-02
3.543471e-01 1.896616e-02 -2.171975e-01 -6.570579e-02 -2.074714e-01 -1.849604e-01 -1.385282e-01 -2.353509e-01
1.848330e-01 -5.313806e-02 -2.556427e-01 -1.123094e-01 -9.334183e-02 -1.593147e-01 1.909909e-02 3.107448e-02
3.007342e-02 -3.990838e-02 -1.622662e-01 -4.174044e-03 -3.137270e-01 -4.069655e-02 2.431002e-01 -1.026318e-01
1.015030e-01 -7.046074e-02 -1.138315e-01 -1.220956e-01 3.600876e-02 -9.643660e-02 -9.691485e-02 1.049745e-02
1.931965e-01 -7.024423e-02 -1.099702e-01 -1.344792e-01 -3.632762e-02 -9.595574e-02 -8.720507e-02 6.238967e-02
-3.166919e-02 -3.960221e-02 -2.957959e-01 -1.176927e-01 -2.842451e-01 -4.480422e-02 2.471263e-01 -7.791319e-02
-1.256562e-01 -9.713410e-02 8.165809e-02 -7.078321e-02 5.638122e-02 3.278288e-01 -1.208644e-01 -1.315263e-01
-9.223112e-02 -7.827642e-02 -1.305310e-01 -4.857858e-02 5.293635e-02 -5.937378e-02 -2.477154e-02 -3.448767e-02
6.568912e-03 -7.280874e-02 -1.154829e-01 -1.138105e-01 9.083853e-02 -8.633321e-02 -1.038070e-01 -3.359479e-02
3.237059e-01 9.923635e-02 -1.189886e-01 -1.619643e-01 -1.873958e-01 -3.664300e-02 -2.203944e-01 -3.151444e-01
-6.236152e-02 -6.061962e-02 -1.730880e-01 -3.264703e-02 9.337039e-02 -2.091854e-01 -9.052407e-03 -7.185664e-02
2.441353e-02 -3.028824e-02 -3.658354e-01 2.793265e-02 -2.963476e-01 -7.257824e-02 7.185619e-02 -2.458566e-01
3.402847e-01 -1.430874e-01 3.032233e-02 7.698869e-02 -6.693166e-02 -2.164035e-01 -8.292919e-02 1.732289e-01
-1.329881e-01 -3.112050e-02 4.363765e-02 -7.444555e-02 1.032979e-01 9.800570e-02 -6.430680e-02 -1.690052e-01
-1.090999e-01 5.769479e-01 -4.385277e-02 2.585345e-01 -7.824276e-02 -1.057322e-01 -2.092957e-02 9.660772e-03
4.540714e-01 -7.956614e-02 -1.068858e-01 -1.265346e-01 -9.254529e-02 -9.473326e-02 -6.803060e-02 1.676510e-01
6.733153e-02 -9.511474e-02 -1.893630e-01 -5.340941e-02 6.129962e-02 -2.168822e-01 -1.691081e-02 7.593846e-02
-9.440995e-02 -1.004920e-01 -1.128824e-01 -1.020520e-01 1.151180e-01 1.645550e-01 -1.128499e-01 -5.567109e-02
-1.483164e-04 -1.108315e-01 -2.315034e-01 1.345348e-03 -2.138682e-01 -1.136929e-01 2.712315e-01 1.334057e-01
4.703898e-02 -4.452098e-02 -2.515190e-01 -8.351848e-02 -3.435100e-02 -1.390533e-01 1.797823e-02 -7.110022e-02
3.132648e-01 -2.203005e-02 -2.025593e-01 -1.749547e-01 -1.704922e-01 -1.325163e-01 1.435378e-02 1.147772e-01
-1.693281e-01 -7.652671e-02 -1.748772e-01 -3.547855e-02 1.261294e-01 -9.243301e-02 -1.147115e-02 -1.643194e-01
4.036187e-01 -1.026318e-01 -1.856053e-01 -1.035023e-01 -1.349003e-01 -2.083365e-01 -6.641789e-02 2.536253e-01
3.002956e-01 -7.778563e-02 -1.220480e-01 -1.448574e-01 -8.647460e-02 -1.038463e-01 -7.863958e-02 2.111334e-01
3.789358e-01 1.844385e-02 -1.270871e-01 -2.207674e-01 -2.231805e-01 -9.826518e-02 -8.741113e-02 -1.697798e-01
2.733398e-01 -8.848707e-02 -1.124267e-01 2.432172e-03 -9.258621e-02 -9.705145e-02 -9.972361e-02 -7.553716e-02
1.392745e-01 -1.093771e-01 -5.778012e-02 2.984700e-02 3.713369e-02 5.924491e-02 -2.057431e-01 2.323799e-01
2.108587e-01 4.280392e-02 -2.116870e-01 -2.041987e-01 -1.542507e-01 -2.853567e-02 -2.070112e-02 -6.269408e-02
-5.965758e-02 -9.873836e-02 -1.001256e-01 1.812087e-01 -1.245482e-01 -7.576720e-02 2.962598e-01 -1.031050e-01
-1.479286e-01 3.562749e-01 -1.692409e-02 3.976359e-01 -3.812095e-03 -1.949824e-01 -2.713347e-02 1.419865e-01
-9.819858e-02 -4.695095e-02 -1.060774e-01 -9.780028e-02 1.749784e-01 -8.496162e-02 -9.991785e-02 -9.691344e-02
-1.106845e-01 1.848063e-01 -4.836948e-02 4.377300e-01 -9.923311e-02 -9.595846e-02 -3.357716e-02 -8.783571e-02
-1.086237e-01 -8.355806e-02 -1.340643e-01 -1.370907e-01 5.997329e-02 -5.642501e-02 3.572775e-01 -9.330061e-02
3.849353e-01 -6.958072e-02 -5.001020e-03 -1.352981e-01 -1.067258e-01 -5.078102e-02 -1.053144e-01 -5.346182e-02
-5.209859e-02 -1.352955e-01 -3.366221e-01 -3.510585e-02 -2.575389e-01 -6.126930e-02 3.615798e-01 -1.212715e-02
2.526980e-02 -2.813047e-02 -1.315947e-01 -1.301013e-01 2.519979e-01 2.149312e-01 1.289839e-01 5.135889e-02
-1.413547e-01 -1.116806e-01 1.659386e-01 -9.915559e-02 1.212010e-02 -1.045595e-01 -1.418265e-01 9.559776e-04
6.238688e-01 -1.196402e-01 1.991954e-01 -8.251991e-02 -6.851368e-02 -1.101151e-01 1.321717e-01 5.223630e-02
-1.366591e-01 -1.211509e-01 -1.174779e-01 2.240151e-01 3.168595e-01 2.415676e-01 -1.281652e-01 -1.114597e-01
-1.379489e-01 -1.258759e-01 -9.069693e-02 -8.653411e-02 2.774937e-01 -9.132225e-02 -1.211608e-01 -8.912503e-02
3.948050e-01 -2.305682e-01 1.695912e-02 -1.343903e-01 7.768520e-02 -1.957376e-02 7.241601e-02 1.341156e-02
-1.520023e-01 3.286032e-02 3.881540e-01 4.298839e-02 -2.109819e-01 7.340722e-02 -8.276083e-02 1.209857e-01
-2.376772e-01 -4.651206e-01 9.879801e-02 -7.649150e-02 -2.645263e-02 1.953479e-02 -1.804795e-01 1.549313e-02
-2.470813e-01 -6.747124e-02 -1.258444e-01 1.072075e-01 3.176571e-01 -7.592459e-02 -1.585270e-01 -2.188580e-02
-2.007996e-01 -5.884194e-02 -1.172770e-01 5.546485e-02 3.063499e-01 1.914453e-01 -5.065943e-02 9.098027e-03
-1.312590e-01 -8.283550e-03 3.468648e-01 -8.897080e-02 -2.589582e-02 -7.605787e-02 -1.690591e-01 6.115808e-02
-2.090618e-01 -9.484795e-02 -9.662693e-02 2.117946e-01 3.022195e-01 -1.133489e-01 -2.615342e-01 -1.360167e-01
-1.274486e-01 -1.240847e-01 -1.138528e-01 3.250135e-01 2.702678e-01 3.893920e-01 -1.379813e-01 -1.028455e-01
-1.294962e-01 -1.223058e-01 -1.423970e-01 5.842989e-02 3.047763e-01 1.540859e-01 -1.131357e-01 -9.033406e-02
-1.203098e-01 -1.634969e-01 1.162354e-01 -1.396664e-01 -1.355656e-01 9.272057e-02 -1.290138e-02 1.190648e-01
-2.904852e-01 -3.345947e-01 -5.831715e-02 -1.815723e-01 -2.275160e-02 -1.449881e-02 -9.150691e-02 2.427885e-02
3.814451e-01 -2.239612e-01 1.386149e-01 -4.881749e-02 1.064586e-01 -1.223516e-02 8.284248e-02 1.202254e-01
-1.578362e-01 -1.101653e-01 -1.414984e-01 1.714654e-01 3.782002e-01 5.043489e-02 -1.343340e-01 -1.092383e-01
-1.866719e-01 -1.218375e-01 -1.286323e-01 -8.383469e-02 3.081635e-01 1.404601e-01 4.648046e-02 4.408420e-02
-1.101183e-01 -1.517666e-01 3.114191e-01 1.048137e-01 -1.777670e-01 -7.182659e-02 -2.959864e-01 -9.728350e-02
3.994563e-01 -2.541993e-01 3.089324e-01 9.479792e-02 8.600700e-02 1.170275e-02 -1.217755e-01 1.936217e-02
-1.454795e-01 -3.455639e-01 3.400014e-01 -4.232955e-02 -3.163681e-02 -4.545110e-02 -2.031979e-01 1.368415e-01
-1.217062e-01 -1.177381e-01 -1.233286e-01 1.285224e-01 2.551313e-01 3.049039e-01 -1.310497e-01 -7.748061e-02
-1.791441e-01 -3.144422e-02 -7.089920e-02 -1.129378e-01 8.280804e-02 -1.676958e-02 8.041138e-03 1.567900e-01
3.196521e-01 -8.981049e-02 3.314362e-01 4.998265e-02 5.700437e-02 -1.044051e-01 1.269773e-01 -2.154621e-01
-1.401496e-01 -1.531623e-01 -1.344797e-01 2.535332e-02 3.625185e-01 -5.541285e-02 -1.064960e-01 -1.105682e-01
-8.785079e-02 -1.154706e-01 2.508545e-01 -8.328965e-02 -6.510799e-02 -9.043226e-02 -1.314189e-01 -1.200119e-02
-9.859952e-02 -2.440563e-01 -2.166056e-01 -3.387074e-02 1.370804e-01 3.007461e-01 3.449177e-02 -9.436042e-03
-2.775020e-01 -1.303434e-01 -8.349331e-02 1.247130e-01 3.488905e-01 1.415322e-01 -1.887003e-01 -4.907661e-02
-1.451540e-01 -7.999850e-02 -1.230646e-01 -6.702729e-02 2.203478e-01 3.028035e-01 4.444052e-02 4.610769e-02
-2.748178e-01 -3.517257e-01 -1.574112e-01 1.649605e-01 2.326803e-01 5.699201e-03 -1.845480e-01 -7.671152e-02
-1.363974e-01 -1.270008e-01 -1.073259e-01 -1.115250e-01 1.170430e-01 -2.474814e-02 -1.113040e-01 -6.201487e-02
-1.795868e-01 -5.137193e-02 1.310213e-01 8.700875e-02 -5.726202e-02 1.104552e-01 -2.876703e-01 -8.990116e-02
-2.511727e-01 -3.361873e-01 -1.604697e-01 -9.343403e-02 1.264227e-01 7.408255e-02 -8.122425e-02 9.833110e-03
-2.915704e-01 -1.528816e-01 -8.681282e-02 9.257790e-03 2.908705e-01 2.643954e-01 -6.121900e-02 1.683734e-02
-7.993887e-02 -5.109373e-02 -1.527527e-01 -1.292962e-01 2.255637e-01 1.101937e-01 1.035720e-01 1.067157e-01
3.349914e-01 -4.069306e-01 4.204919e-02 -1.179296e-01 7.225214e-02 5.083187e-02 1.280266e-01 1.053003e-01
-1.888629e-01 -1.438220e-01 -1.447231e-01 -2.285278e-01 1.606952e-01 6.177796e-02 3.735190e-02 9.302209e-02
-2.748826e-01 -1.436173e-01 1.463125e-01 -5.540657e-02 -4.814172e-02 -3.439708e-02 -1.067583e-01 1.142738e-01
-2.375443e-01 -1.627602e-01 1.250871e-01 -1.221361e-01 -7.108030e-02 7.720667e-03 -5.029327e-02 1.440853e-01
-1.369564e-01 -9.172844e-02 -1.158054e-01 2.360306e-01 3.065179e-01 1.244683e-01 -2.713955e-01 -1.672109e-01
-7.642384e-02 2.870934e-02 -7.887775e-02 4.315548e-01 2.570596e-01 5.919858e-02 -1.934645e-01 -6.681227e-02
-3.240272e-01 -4.026564e-01 -9.302449e-02 -8.222985e-02 5.016475e-02 -1.807520e-01 -1.156136e-01 1.297015e-02
-1.762662e-01 4.083242e-01 2.852881e-01 -8.639579e-05 -9.585334e-02 -7.183951e-02 -1.369451e-01 -2.080004e-02
-6.993487e-02 -1.693405e-02 -1.581009e-01 1.219130e-02 3.048113e-01 2.358876e-01 2.327063e-02 -1.024017e-02
-1.174628e-01 -1.471174e-01 -1.335100e-01 -5.903792e-02 2.883964e-01 6.667273e-02 -1.124853e-01 -9.295674e-02
-3.121943e-01 -1.455870e-01 -1.066708e-01 2.508119e-02 3.575426e-01 5.206713e-02 -7.031117e-02 1.029234e-02
-3.076578e-01 -1.438509e-01 -5.478654e-02 1.097647e-01 2.363147e-01 -1.788317e-01 -2.452309e-01 -6.213814e-02
-1.582506e-01 1.992658e-01 -1.066713e-01 1.840329e-01 2.120327e-01 -9.630461e-02 -1.256180e-01 -6.981664e-03
-1.847141e-01 -2.755344e-02 3.654311e-01 1.320957e-01 -1.841605e-01 -8.667069e-03 -2.260116e-01 1.537100e-02
-5.546761e-02 -6.456545e-02 -1.826007e-01 -1.814106e-01 1.490369e-01 1.854258e-01 4.983157e-02 5.400898e-02
-1.557824e-01 1.864444e-01 2.074824e-01 3.384497e-03 -8.649420e-02 -9.585141e-02 -1.753100e-01 -1.307356e-01
9.250453e-02 -1.170096e-01 3.035823e-01 -7.076477e-02 -9.245982e-02 -1.006762e-01 -1.448561e-01 -1.534235e-03
-1.762188e-01 -5.209136e-02 -1.414446e-01 -2.521803e-02 2.565083e-01 1.512106e-03 -4.434892e-02 6.147634e-02
-2.037157e-01 -2.508081e-01 1.890850e-01 3.034296e-03 -3.329049e-02 -2.504896e-01 -1.130309e-01 5.293456e-02
3.326347e-01 -1.283997e-02 1.630045e-01 -9.653823e-02 -6.682403e-02 -1.020009e-01 3.247935e-01 -3.936965e-02
-2.751991e-01 -1.541550e-01 -1.242118e-01 -1.102085e-01 2.886592e-01 -3.367697e-03 1.224183e-02 6.475276e-02
-2.953463e-01 -7.778855e-02 -7.334509e-02 2.473486e-03 1.920733e-01 -1.257870e-01 -1.139524e-01 4.131430e-02
-1.348546e-01 -2.713550e-02 -1.427780e-01 9.145378e-02 3.497605e-01 7.423654e-02 -5.013659e-02 -9.028213e-03
-1.967176e-01 -3.114744e-01 -2.027782e-01 1.066094e-01 2.202756e-01 2.689302e-01 -3.035065e-02 -5.382380e-02
-2.354556e-01 -1.799538e-01 -2.516405e-02 2.316422e-02 2.014102e-01 4.060645e-02 -2.774856e-01 5.949523e-02
-3.165822e-02 5.555457e-02 2.040525e-01 3.194157e-01 8.597494e-03 6.566949e-02 -3.124616e-01 -1.919211e-01
-1.394761e-01 -1.139452e-01 -6.051155e-04 -1.072331e-01 1.972849e-01 -1.123422e-01 -1.290375e-01 -5.921837e-02
-1.143570e-01 -1.362602e-01 -1.417914e-01 -4.590772e-02 1.720250e-01 2.142424e-01 -1.355846e-01 -6.937349e-02
-8.084867e-02 -9.752657e-02 1.000581e-01 -7.485122e-02 -1.134172e-01 -1.306026e-01 4.048722e-03 5.611809e-03
2.464542e-01 -9.135810e-02 -2.624872e-02 4.359667e-01 2.792123e-01 1.208491e-01 4.644387e-02 -4.036129e-02
-3.970888e-02 4.218676e-02 2.817186e-01 6.131064e-02 2.512340e-01 -3.422183e-03 -7.123476e-02 -1.273898e-02
4.890323e-01 1.125799e-02 -6.841617e-02 3.497549e-02 -1.168961e-01 9.814718e-02 1.400838e-01 -4.128354e-02
-7.652735e-02 -1.151986e-01 2.908980e-01 2.092558e-01 -8.744325e-03 -1.105931e-02 2.806233e-02 3.570399e-02
4.092827e-01 -9.582568e-02 -5.122603e-02 4.215710e-01 3.970534e-01 2.121777e-02 -8.570515e-02 -1.419750e-01
1.603888e-01 -1.049408e-01 5.171039e-02 3.081599e-01 5.287935e-01 1.423468e-01 -8.456242e-02 -1.660182e-01
1.901191e-02 1.356882e-01 -1.405176e-02 -6.619778e-02 -3.927422e-02 -3.229223e-03 -8.593782e-02 4.238020e-01
4.699110e-01 -1.437916e-01 -1.078228e-02 4.365225e-01 9.004084e-02 1.125057e-01 -2.244517e-02 -1.575511e-01
3.110628e-01 -1.061980e-01 -1.109555e-01 1.513128e-03 -1.027455e-01 7.581769e-02 -7.514758e-02 -4.604441e-02
-5.637510e-02 -8.922618e-02 1.423875e-01 2.375484e-02 5.695163e-01 -5.851947e-02 -7.896677e-02 -1.117019e-01
8.376949e-04 -1.689385e-01 3.373533e-01 1.680867e-01 3.297952e-01 -2.634638e-02 1.023982e-01 1.321619e-02
5.316360e-01 -1.280004e-01 -6.193459e-02 9.660362e-03 -1.656384e-01 1.205039e-01 2.627989e-01 -1.290309e-01
3.919641e-01 -2.382127e-01 1.687368e-02 4.108275e-01 6.712703e-02 6.515850e-02 1.902757e-02 -2.348124e-01
1.325099e-01 8.164367e-03 1.917017e-03 1.921029e-01 3.464263e-02 -1.063877e-02 -6.010896e-02 8.019871e-02
-8.104150e-02 -8.157010e-02 1.136432e-01 -7.386104e-02 3.131595e-01 -9.589111e-02 -5.255314e-02 -1.505207e-01
1.544340e-01 8.140294e-02 3.799327e-02 2.766857e-01 3.541555e-01 -4.966450e-03 7.135674e-04 4.401498e-02
1.583669e-01 -2.799008e-01 8.311205e-02 2.659879e-01 -3.604671e-02 2.775944e-03 2.078672e-02 -5.917779e-03
1.807614e-01 1.506682e-01 -2.655174e-02 2.133383e-01 2.656407e-01 1.719809e-01 -1.269923e-01 8.335877e-02
-1.085562e-01 1.385836e-01 2.451178e-01 -3.842756e-02 2.778142e-01 5.341977e-02 -1.089692e-01 7.160944e-02
5.745423e-01 -1.843166e-01 -1.291860e-01 1.243312e-01 -7.118896e-02 7.345215e-02 2.336242e-02 -1.356603e-01
4.012697e-02 -1.041950e-01 4.014146e-01 2.718012e-02 1.431275e-01 -1.271700e-01 2.916682e-02 -1.601707e-02
1.337493e-01 -1.201207e-01 -8.167422e-02 3.290522e-01 2.572457e-01 -5.229630e-03 -5.743407e-02 -1.328510e-01
4.445238e-01 -1.108953e-01 -4.686979e-02 1.242444e-01 4.127222e-03 -1.055189e-01 1.166693e-01 -7.269008e-02
-5.861849e-02 -4.966884e-02 3.457603e-02 -7.472745e-02 -7.941821e-02 -8.464103e-02 -5.040807e-02 4.144882e-01
4.509556e-01 -8.223914e-02 -7.511395e-02 3.912763e-01 1.951308e-01 2.636712e-02 -1.943345e-02 -1.513723e-01
-1.120176e-01 1.750640e-01 1.534083e-01 -1.218614e-01 3.501403e-01 7.156331e-04 3.020635e-03 1.568703e-01
-8.575677e-02 7.462148e-02 1.821847e-01 -9.555420e-02 -9.241521e-02 1.777923e-02 -1.370130e-01 3.377587e-01
5.707299e-01 -1.118274e-01 -1.091419e-01 4.567291e-02 -1.156635e-01 2.152300e-01 1.538552e-01 -1.609593e-01
8.978158e-02 -9.377220e-02 2.165781e-01 2.573387e-01 5.301983e-01 5.313564e-05 -9.143492e-02 -1.393190e-01
1.909851e-01 -1.421510e-01 1.553566e-02 2.457967e-01 8.561838e-03 -3.178580e-02 -3.671543e-03 -1.616826e-02
4.105980e-01 -1.864037e-01 -8.798379e-02 3.341154e-01 1.327399e-01 8.996465e-02 1.722982e-02 -1.904631e-01
2.822055e-01 -9.027503e-02 6.932423e-02 -7.331127e-02 -1.504801e-01 -6.407731e-03 3.165413e-01 -1.104471e-01
4.646383e-01 -8.644921e-02 -5.143926e-02 -1.415856e-03 -1.242653e-01 -8.129901e-02 2.524400e-01 -1.208542e-01
3.363178e-01 -7.315826e-03 -4.228817e-02 3.752213e-01 2.739235e-01 -7.900827e-02 -2.548058e-02 -5.362396e-02
2.750822e-01 -3.332257e-02 1.809861e-01 2.715988e-01 1.036575e-01 1.403769e-01 -6.882511e-02 -8.258441e-02
1.523280e-01 -9.746078e-02 -7.060874e-02 -3.327158e-02 -8.744569e-02 -5.735083e-02 -6.750102e-02 -9.927575e-02
-9.292594e-02 -1.599632e-02 1.501785e-01 1.573163e-01 3.987546e-02 -2.081045e-02 1.433787e-03 8.218984e-02
3.968597e-01 -9.679824e-02 -9.903118e-02 4.052524e-01 3.936567e-01 2.043978e-01 -9.612834e-02 -1.494629e-01
-6.865252e-02 -9.801811e-02 6.822786e-02 -5.726719e-02 -1.017101e-01 -1.158341e-01 -4.220315e-02 -1.066999e-01
3.068318e-01 1.322549e-01 -2.384961e-02 -6.398411e-02 -5.783305e-02 1.024462e-01 8.003203e-02 5.898555e-02
3.381772e-01 -2.046048e-01 -2.228823e-02 4.296253e-01 1.746465e-01 -4.203582e-03 6.641676e-02 -1.751983e-01
-4.821130e-02 -8.891252e-02 3.207123e-01 7.584245e-02 4.839639e-01 -8.138681e-02 -5.653194e-02 -1.447494e-01
-8.179107e-02 -9.371336e-02 2.030559e-01 -7.269136e-02 -8.298361e-02 -9.769458e-02 -1.532053e-02 -1.172878e-01
1.835143e-01 -1.313015e-01 5.516157e-02 3.665210e-01 2.968484e-01 -8.595192e-02 1.290591e-01 -8.832004e-02
-3.852030e-02 -5.539585e-02 3.764522e-01 7.041728e-02 2.942159e-01 -2.738929e-02 7.445756e-02 2.607819e-02
1.779882e-02 -1.915540e-01 2.233406e-01 1.874104e-01 1.061945e-03 1.740568e-02 -4.829793e-03 7.313571e-05
4.257908e-01 -3.165369e-02 -5.995225e-02 3.765637e-01 1.560264e-01 1.273045e-01 -7.416185e-02 -8.729216e-02
2.494383e-01 -8.990129e-02 7.276045e-02 3.668956e-01 4.883590e-01 -5.943200e-02 -8.503947e-02 -1.341679e-01
1.865570e-01 -4.526909e-02 -8.990712e-02 6.180782e-02 -1.091152e-01 5.550162e-02 -4.205589e-02 3.569207e-01
2.851532e-01 5.905297e-02 -5.788061e-02 3.534068e-01 2.499678e-01 1.838250e-01 -8.580421e-02 1.909917e-02
6.087266e-01 -1.007008e-01 -1.459380e-01 3.358075e-02 -1.118346e-01 6.457575e-02 1.380499e-01 -1.532690e-01
2.503682e-02 -9.617488e-02 3.637671e-01 1.452573e-01 2.363382e-01 -6.693019e-02 -2.448066e-02 -9.917503e-02
4.470854e-01 -8.585879e-02 -9.782459e-02 3.785814e-01 2.549897e-01 2.488325e-01 -8.456687e-02 -1.502442e-01
3.206477e-01 -1.460268e-01 -1.078996e-01 6.027665e-02 -1.174382e-01 -5.433329e-02 2.388904e-02 -1.070971e-01
-4.161222e-02 -8.879805e-02 1.361179e-01 -8.997653e-02 -1.411317e-01 -1.027750e-01 2.333380e-01 -1.076331e-01
1.036915e-01 -1.246329e-01 2.199274e-01 3.173613e-01 2.566712e-01 3.647476e-02 3.793234e-02 -6.896857e-02
2.530122e-01 -2.481981e-01 3.350044e-02 4.198722e-01 1.781892e-01 1.147154e-01 7.130593e-02 -6.777773e-02
-2.238768e-02 -3.862893e-02 2.365999e-01 1.201417e-01 3.877668e-01 -2.663361e-03 7.656725e-02 5.833551e-02
2.900753e-01 -9.664001e-02 -3.245022e-02 3.774936e-01 4.780550e-01 1.519984e-01 -9.651458e-02 -1.628452e-01
-6.934348e-02 -1.461451e-01 1.548755e-01 1.462618e-01 -5.809061e-02 -8.548532e-02 1.046984e-02 -3.275890e-02
-7.300035e-02 9.234945e-02 2.433099e-01 -2.446343e-02 3.769680e-01 -1.735605e-02 6.660683e-02 1.286284e-01
3.721710e-01 -1.207563e-01 6.585904e-03 4.026772e-01 1.966749e-01 -1.552138e-01 5.105370e-02 -1.391459e-01
-8.216474e-02 -8.481376e-02 2.266514e-01 -2.616064e-02 5.269163e-01 -5.718355e-02 -8.833531e-02 -9.488963e-02
-8.899400e-02 1.098975e-01 -1.155318e-01 3.911785e-01 -9.350528e-03 -7.046273e-02 -2.671911e-01 -2.651127e-01
1.798496e-01 -5.277687e-02 3.187087e-02 3.938345e-02 3.698298e-01 1.395764e-01 3.449821e-01 -7.471812e-03
-9.130275e-02 -1.912461e-03 -1.359478e-01 4.139300e-01 -6.828265e-02 -8.750632e-02 -1.656249e-01 -1.294866e-01
-9.059107e-02 -1.103091e-01 2.708921e-01 1.597532e-01 -6.968395e-02 -6.983200e-02 -1.377628e-01 -1.079929e-01
-1.222745e-01 -7.071383e-02 -2.003218e-01 2.098710e-02 -1.009569e-01 2.598357e-01 2.465325e-01 -1.135820e-01
1.254735e-02 3.515012e-01 -1.882409e-01 -6.683975e-02 -1.113654e-02 1.542141e-02 3.112645e-01 -4.997527e-02
1.837943e-02 -6.223025e-03 -1.190098e-01 -4.060590e-02 3.023918e-01 5.401788e-02 5.305486e-01 -1.061702e-01
-1.281475e-01 1.981827e-01 8.260040e-02 1.480896e-01 -1.017944e-01 -3.700261e-02 -1.550286e-01 -5.128283e-02
-1.686983e-01 -7.974648e-02 -7.701409e-02 2.292711e-01 1.151029e-02 -6.832956e-02 -2.194224e-01 -1.892928e-01
3.698693e-02 -1.054192e-01 -1.161354e-01 3.107656e-01 6.469099e-02 2.240899e-03 -2.434992e-01 -5.121932e-02
-1.381181e-01 -1.624561e-01 -1.465727e-02 -4.896684e-02 -1.802038e-01 2.293141e-01 3.189172e-01 -5.198201e-02
-6.618837e-02 -6.894827e-02 1.919552e-02 -1.222433e-01 1.577608e-02 -3.912381e-02 3.945230e-01 -4.695365e-02
-1.062042e-01 -1.015656e-01 -2.366481e-02 3.408937e-01 -7.639299e-02 -8.027613e-02 -1.521468e-01 -1.201972e-01
-7.333685e-02 1.544815e-01 -1.935726e-01 4.163438e-01 -7.530634e-02 -9.697600e-02 -1.663154e-01 -1.416357e-01
1.641449e-01 1.017724e-01 -6.187218e-02 -4.161461e-02 1.247348e-01 1.683982e-01 2.526582e-01 -1.300844e-01
-7.727784e-02 3.293771e-01 -1.899462e-01 4.451442e-01 -6.083641e-02 -7.681004e-02 -1.573016e-01 -1.412417e-01
-3.748155e-02 3.630271e-01 -1.309827e-01 9.543524e-02 -1.490840e-01 3.854369e-01 1.778657e-01 -1.104755e-01
-9.127863e-02 6.998167e-02 -1.916743e-01 8.754012e-02 -1.544117e-01 3.785197e-01 2.545498e-01 -6.651499e-02
9.397641e-02 -1.366179e-01 1.430735e-01 1.219346e-01 -6.629103e-02 5.882307e-02 -7.762352e-02 -8.801378e-02
-6.456170e-02 -1.084542e-01 -1.431289e-02 -7.593954e-02 2.537901e-01 -6.869112e-03 5.345832e-01 -7.803206e-02
-1.436768e-01 -9.870088e-02 -3.777555e-02 -1.344837e-01 -2.436592e-02 -3.836484e-02 -6.583171e-02 -4.426209e-02
-1.404240e-01 -1.036334e-01 -5.270041e-02 1.703292e-01 -1.491681e-01 -1.222197e-01 -1.433781e-01 -7.600437e-02
5.648126e-03 2.397724e-02 2.258805e-02 1.368189e-01 -1.458086e-01 2.404551e-02 -1.188958e-01 -1.958734e-01
1.527509e-01 7.671423e-02 -1.360494e-01 -4.401588e-02 2.222999e-01 1.170532e-01 2.432390e-01 -3.102517e-02
-7.023594e-02 2.213524e-02 1.466423e-01 2.561509e-01 -4.458746e-02 4.132706e-02 -1.892154e-01 -2.031123e-01
1.066090e-01 1.116367e-02 4.601447e-03 -8.111328e-04 3.191050e-01 8.536656e-02 3.379032e-01 7.573625e-02
1.010510e-01 3.312664e-01 -1.839888e-01 -7.450821e-03 1.175150e-01 1.200611e-01 3.547619e-01 -1.421617e-01
-1.428535e-01 -1.501988e-01 2.008154e-01 -9.835656e-02 -1.283325e-01 2.212503e-01 3.328087e-01 -3.949791e-02
-1.442781e-01 -2.862463e-02 -1.459742e-01 6.573747e-02 -1.716830e-01 2.507978e-01 2.349218e-01 2.016147e-02
-9.882434e-02 5.024822e-02 -1.314155e-01 2.727409e-01 -5.846268e-02 -3.090612e-02 -2.387429e-01 -8.391463e-02
-1.141698e-01 -7.139501e-04 2.105064e-01 5.813091e-02 -1.256773e-01 -8.132476e-02 -1.447747e-01 -1.148679e-02
1.229967e-01 2.257756e-01 -7.964806e-02 -2.185689e-03 3.790612e-01 1.526846e-01 2.354270e-01 -1.417173e-02
-1.183888e-01 -8.010835e-04 2.890594e-01 1.225997e-01 -1.116411e-01 5.096253e-02 -1.637642e-01 -1.392241e-01
-8.638985e-02 -1.433638e-01 -1.489402e-01 4.426498e-02 -2.020724e-01 3.392996e-01 3.597347e-01 -9.195609e-02
2.743436e-01 1.264449e-01 -1.257998e-01 -1.649123e-02 2.814864e-01 2.191627e-01 1.544235e-01 -1.186864e-01
-1.393618e-01 -5.519092e-02 -9.366894e-02 -9.384817e-02 1.546577e-01 -2.458126e-02 -1.253119e-01 -8.994873e-02
-8.346718e-02 -5.472691e-02 -8.693968e-02 3.353141e-01 1.042418e-02 -3.847222e-02 -2.437017e-01 -2.314127e-01
-4.390797e-02 6.931718e-02 -1.237713e-01 3.938693e-01 -1.348415e-02 2.857776e-02 -2.584330e-01 -8.204703e-02
-3.039586e-02 1.164807e-01 -1.183018e-01 -9.386013e-02 1.419135e-02 -1.438076e-02 3.561067e-01 -5.565515e-02
-5.324511e-02 1.374950e-01 3.098220e-02 3.327691e-01 -3.427161e-02 -3.764690e-02 -1.753445e-01 -1.837911e-01
-1.610532e-01 -4.102993e-02 4.219951e-02 1.179602e-01 -3.785127e-02 -9.075877e-03 -2.037222e-01 -1.808486e-01
1.673092e-01 2.376503e-01 -1.146746e-01 -3.297439e-02 1.474824e-01 1.762015e-01 1.742142e-01 -1.159232e-01
-9.046938e-02 2.567964e-01 -7.037542e-02 3.992620e-01 -3.017959e-02 1.603962e-02 -3.084817e-01 -1.888405e-01
-5.544233e-02 1.197151e-02 1.446027e-01 2.993800e-01 -5.792053e-02 -5.286077e-02 -1.515106e-01 -1.095195e-01
-9.355769e-02 -1.400439e-01 1.121056e-01 -8.304760e-02 2.422652e-01 -4.572337e-02 5.395714e-01 -6.027492e-02
-1.044319e-01 5.457833e-01 -8.722593e-02 3.644274e-01 -7.659902e-02 -4.772194e-02 -1.736857e-01 -1.021572e-01
-2.478925e-02 -4.611954e-02 -1.606762e-01 7.979189e-02 -4.088388e-02 3.795345e-01 1.570243e-01 -1.128860e-01
-1.047496e-01 1.323275e-03 -1.428119e-01 3.504438e-01 -1.294450e-01 -1.031990e-01 -1.826012e-01 6.313746e-02
-7.343783e-02 1.956682e-02 -1.124849e-01 2.510411e-01 3.971881e-02 5.728566e-02 -3.110279e-01 -1.774315e-01
2.869978e-02 1.911232e-01 -1.329420e-01 -2.112223e-02 2.720031e-01 8.201724e-02 4.843011e-01 -1.076066e-01
-1.268405e-01 -1.298117e-01 1.009550e-01 2.338574e-01 -1.113248e-01 -9.314886e-02 -1.572488e-01 -1.251426e-01
2.073692e-01 1.106790e-02 -1.300012e-01 -4.689135e-02 3.905761e-01 1.347112e-01 2.835178e-01 -7.476561e-02
-9.009369e-02 4.530277e-02 5.051722e-02 2.559708e-01 2.673758e-02 6.724914e-02 -3.204972e-01 -1.735264e-01
-1.187433e-01 1.978869e-01 -1.428884e-01 3.965685e-01 -9.724375e-02 -5.452123e-02 -2.266813e-01 -1.010132e-02
-2.326773e-01 -1.623729e-01 8.157418e-03 1.587870e-01 -4.553304e-02 -1.056619e-01 -1.553007e-01 -1.218272e-01
-1.058550e-01 -5.751100e-02 -1.413776e-01 2.703675e-01 -8.993442e-02 -1.027564e-01 -1.458736e-01 -9.545296e-02
2.817900e-02 -9.408804e-03 -1.589100e-01 -6.533309e-02 3.870726e-03 5.515403e-02 4.007277e-01 -1.098278e-01
-1.007169e-01 -1.524656e-01 1.173802e-02 -6.006236e-03 -9.055467e-02 3.506821e-01 2.540126e-01 -8.521381e-02
1.648894e-01 5.363781e-01 -6.414621e-02 -4.671780e-03 1.291988e-01 2.144692e-01 1.794460e-01 -8.655036e-02
-1.385929e-01 7.442617e-02 -1.495085e-01 -1.296750e-01 -1.625366e-03 -4.683164e-02 -9.628890e-02 5.488931e-03
-2.144549e-01 -1.469624e-01 1.460550e-01 5.961884e-02 -9.176326e-02 -7.646225e-02 -1.515296e-01 -1.131785e-01
-8.327643e-02 2.748438e-01 -2.439831e-03 3.194630e-01 -3.796525e-02 -5.952441e-02 -1.559824e-01 -1.383930e-01
-1.040304e-01 -1.361358e-01 4.111141e-01 7.248562e-03 -8.274131e-02 -7.058344e-02 -1.232674e-01 -5.305157e-02
-9.677479e-02 4.584211e-01 -7.443072e-02 4.070986e-02 -6.576584e-02 -7.588065e-02 -1.165271e-01 2.072022e-02
-4.372336e-02 -5.711103e-02 -3.076475e-01 -1.007376e-01 -2.919688e-01 -6.735945e-02 2.788034e-01 -7.034302e-02
2.436200e-01 -7.727967e-02 4.417764e-02 -1.234502e-01 -1.655935e-01 -4.048491e-02 -7.924011e-02 -6.394010e-02
-2.808085e-02 -9.603540e-02 -1.395777e-01 1.950236e-03 8.084801e-02 -2.101604e-01 -9.081713e-03 6.044509e-04
2.394944e-01 -1.132257e-01 -1.181488e-01 -5.339534e-02 8.842568e-03 -1.957674e-01 -6.335605e-02 2.048518e-01
-1.771851e-01 -7.582009e-02 -1.325490e-01 -3.343955e-02 1.095846e-01 -9.667628e-02 2.453632e-02 -1.718202e-01
-2.095777e-02 -8.997218e-02 -1.676059e-01 2.576509e-01 -1.620704e-01 -8.278538e-02 2.500332e-01 -1.660244e-01
-7.739408e-02 -7.894678e-02 -1.657816e-01 -1.165544e-01 -1.792679e-01 -8.998141e-02 5.395797e-01 -4.148788e-02
1.170566e-02 -5.732464e-02 2.292410e-01 -1.016492e-01 -7.311496e-02 9.956410e-02 -8.898059e-02 -6.726227e-02
4.487459e-01 -1.074791e-01 -9.229837e-02 -1.459951e-01 -2.014289e-01 -1.145006e-01 -5.123318e-02 -7.574259e-02
-9.686050e-02 5.594356e-01 -6.984568e-02 -1.034366e-02 -1.144067e-01 -1.505270e-01 -8.751719e-03 4.294498e-02
8.517598e-02 -1.416515e-01 -1.765950e-02 -1.080363e-01 -1.243945e-02 3.695678e-01 -1.175567e-01 7.302337e-02
6.894080e-02 -1.595113e-01 -1.048004e-01 1.243255e-01 -1.408763e-01 -1.202790e-01 5.628614e-01 -7.918034e-03
-1.525920e-01 1.719027e-01 2.058629e-03 5.071184e-01 -4.719381e-02 -1.747872e-01 -1.350457e-01 -9.693328e-02
4.040874e-01 -8.805574e-02 -1.514119e-01 -1.409688e-01 -1.915043e-01 -1.396496e-01 -3.067265e-02 1.043586e-01
2.718209e-02 -5.007988e-02 -3.855062e-01 5.371666e-02 -3.130820e-01 -1.009933e-01 9.440010e-02 -2.687325e-01
2.464067e-01 -1.629776e-01 2.870748e-02 -1.299617e-02 1.087705e-01 -1.083657e-01 -1.331181e-01 2.882318e-01
5.272890e-02 -1.466430e-01 -2.116466e-02 1.995270e-03 9.988552e-02 1.027488e-01 -1.849788e-01 1.790587e-01
4.268309e-01 -1.196115e-01 -1.437552e-02 3.501214e-02 -1.900722e-01 -2.634397e-01 -8.001956e-02 4.050802e-02
1.401461e-01 -3.651473e-02 -1.844851e-01 -1.538214e-01 -1.210637e-01 -9.584728e-02 -1.190681e-02 -6.075075e-02
-1.165874e-01 -1.264780e-01 -4.565259e-02 -4.620585e-02 2.677939e-01 -7.383570e-02 -1.208291e-01 -1.026633e-02
-1.165497e-01 -6.866095e-02 -1.385365e-01 -9.607339e-02 1.603899e-01 -1.009185e-01 -6.644621e-02 -1.294115e-01
-1.435357e-01 -7.250626e-02 -1.247987e-01 -1.392967e-01 5.218559e-02 -8.074332e-02 3.378198e-01 -1.329827e-01
3.470646e-01 8.743325e-02 -8.951482e-02 -1.843503e-01 -1.672141e-01 -2.422033e-02 -2.135918e-01 -3.343164e-01
3.533786e-01 -1.632665e-01 -2.838719e-02 4.392947e-02 -6.855543e-03 -2.234417e-01 -1.136490e-01 3.327877e-01
2.799045e-02 -1.524692e-01 -8.343526e-03 2.350337e-01 -3.642245e-02 -8.057848e-02 4.623694e-01 1.008434e-01
4.144279e-02 -2.807223e-02 -1.625493e-01 1.024516e-02 -3.074172e-01 -4.087812e-02 2.314043e-01 -1.352246e-01
3.994795e-02 -9.460073e-02 -3.100093e-01 1.196414e-01 -2.625143e-01 -9.695154e-02 2.925706e-01 -3.758864e-03
-1.658399e-01 -4.430878e-02 5.526907e-02 -7.916306e-02 1.068541e-01 9.450372e-02 -2.838101e-02 -1.790571e-01
-4.064028e-02 7.696446e-03 -2.459911e-01 -2.157613e-01 -2.384782e-01 2.882205e-02 1.815482e-01 -2.198648e-01
5.415828e-01 -1.308275e-01 -6.534321e-02 -1.144486e-01 -1.307009e-01 -1.125723e-01 -6.892623e-02 2.341999e-02
2.254003e-01 -9.418834e-02 -1.098945e-01 -1.114675e-01 -5.686904e-02 -1.156951e-01 -6.765541e-02 6.645212e-02
8.869547e-02 -5.354345e-02 -2.440247e-01 -5.448338e-02 -5.558240e-02 -1.852542e-01 1.683263e-02 -2.868644e-02
2.936654e-03 -9.055544e-02 -1.162149e-01 -9.702501e-02 -1.459759e-02 1.301234e-01 -8.215531e-02 3.092871e-02
-1.475798e-01 4.825067e-01 1.939151e-02 4.082122e-01 2.003066e-02 -1.194347e-01 -1.085377e-01 6.261330e-02
4.531810e-01 -1.299796e-01 2.325347e-02 -3.840935e-02 -1.330334e-02 -7.824222e-02 -1.423663e-01 1.314853e-01
5.727970e-03 -9.553804e-02 -2.087523e-01 4.622817e-02 -2.224868e-01 -1.092779e-01 2.560797e-01 1.351267e-01
-9.792045e-02 -7.192199e-02 -8.875757e-02 -5.074072e-02 3.559744e-02 -3.805328e-02 -5.217156e-02 -6.054246e-02
-1.477358e-01 3.128469e-01 -2.081275e-02 3.556947e-01 -7.384615e-02 -1.990571e-01 3.188269e-02 2.001301e-01
4.937777e-02 -8.827514e-02 -1.271359e-01 -1.068388e-01 4.684445e-02 -1.078090e-01 -5.395614e-02 -4.225406e-02
8.526596e-02 -1.230299e-01 -5.136794e-02 -4.386837e-02 1.176981e-01 -1.080652e-01 -1.253385e-01 1.090080e-01
-9.697816e-02 3.552058e-02 -1.303835e-01 -1.218920e-01 5.059515e-02 -8.933339e-02 1.072099e-02 -2.307575e-01
3.941569e-01 1.047341e-02 -1.890447e-01 -7.582172e-02 -1.973258e-01 -1.809242e-01 -1.279156e-01 -2.409977e-01
-6.458199e-02 -5.747287e-02 -1.951917e-01 -7.878406e-02 2.576355e-02 -1.543868e-01 1.200505e-02 -1.430521e-01
4.188108e-01 -1.435802e-01 -5.157811e-02 -1.206506e-01 -1.001177e-01 -1.321836e-01 -7.573794e-02 2.305506e-01
-1.576212e-01 3.334559e-01 6.207641e-02 8.560436e-02 5.987523e-02 -1.351398e-01 -1.361956e-01 8.450877e-02
2.923035e-01 -2.155574e-02 -1.933506e-01 -1.806815e-01 -1.964803e-01 -1.129536e-01 -2.307570e-02 -2.878754e-03
4.826299e-02 9.783134e-02 -7.814531e-02 -2.431711e-01 -5.856721e-03 6.467344e-02 -1.170024e-01 -2.258668e-01
-1.060041e-01 -2.668677e-02 -2.146779e-01 -1.736047e-01 -1.368822e-01 -6.559339e-02 4.391169e-01 -1.674961e-01
2.365441e-01 -1.481788e-01 -5.491780e-02 -9.051582e-02 -4.555566e-02 1.285162e-01 -1.248061e-01 2.072432e-01
2.424376e-01 -4.770904e-02 -1.594323e-01 3.430308e-02 -7.008849e-02 8.454432e-02 -2.326237e-01 -1.095847e-01
2.849101e-01 -6.056968e-02 -1.926489e-01 -1.136332e-01 -1.300705e-01 -1.810548e-01 -7.526992e-03 1.407491e-01
-1.312051e-01 -1.286108e-01 -1.150682e-01 -1.065873e-01 1.415322e-01 1.482342e-01 -4.974072e-02 -9.403095e-02
3.152004e-01 -1.037546e-01 -1.200147e-01 -4.831139e-03 -1.393805e-01 -1.080388e-01 -8.476941e-02 -1.160730e-01
1.348563e-02 -2.437319e-02 -3.216158e-01 -2.362272e-02 -2.804210e-01 -2.538456e-02 7.576519e-02 -3.001525e-01
-1.512081e-01 -9.040300e-02 -1.744163e-02 -9.079303e-02 6.052069e-02 3.063630e-01 -5.779157e-02 -1.210415e-01
4.919250e-01 -3.290381e-02 -1.766449e-01 -1.366972e-01 -2.184200e-01 -2.016462e-01 -5.190297e-02 -7.204010e-02
-1.512702e-01 -1.104206e-01 1.701013e-01 -4.547891e-02 5.734384e-02 3.640891e-01 -1.243928e-01 -1.640526e-01
-4.311399e-02 -1.427173e-01 -6.981876e-02 -4.015838e-02 -1.036983e-01 -1.118047e-01 5.356386e-01 1.040737e-01
4.138069e-01 -1.463245e-01 -1.462864e-01 -5.807804e-02 -9.435868e-02 -2.260137e-01 -7.728741e-02 2.951296e-01
-1.286269e-01 -5.633745e-02 -9.881210e-02 -8.958730e-02 1.143462e-02 5.195022e-02 8.527041e-03 -2.155861e-01
4.165922e-01 1.911037e-02 -9.597339e-02 -2.362021e-01 -2.054223e-01 -9.280791e-02 -7.636422e-02 -1.796137e-01
4.630505e-02 -8.328113e-02 -4.126180e-01 1.163011e-01 -3.486381e-01 -1.213371e-01 1.766980e-01 -2.053392e-01
2.641954e-02 -1.380713e-02 -1.831076e-01 -1.393349e-01 -5.104117e-02 -6.726555e-02 -2.186016e-03 -1.531451e-01
2.129513e-01 6.534484e-02 -1.662596e-01 -2.533166e-01 -1.363011e-01 4.811965e-03 -5.805293e-02 -1.033592e-01
-2.826707e-01 -1.380238e-01 1.589064e-01 -5.961852e-02 -5.311803e-02 -3.930807e-02 -9.720351e-02 1.198109e-01
-9.010883e-02 -7.956427e-02 -1.379480e-01 7.132743e-02 2.438883e-01 3.132641e-01 -1.165427e-02 -2.365562e-02
3.463095e-01 -2.316298e-02 2.236482e-01 -9.884299e-02 -8.192205e-02 -1.258860e-01 2.186465e-01 -8.617684e-02
-2.160981e-01 -1.545850e-01 -1.597938e-02 4.342428e-02 1.757284e-01 2.452957e-02 -2.961422e-01 5.963868e-02
3.470556e-01 -3.261284e-01 2.799819e-02 -1.444253e-01 3.184935e-02 6.287161e-02 1.354838e-01 1.229457e-01
-6.324454e-02 -1.659936e-02 -1.766235e-01 -1.886262e-01 1.540134e-01 1.484719e-01 9.855622e-02 9.231942e-02
-2.963924e-01 -3.050636e-01 -5.256405e-02 -1.728885e-01 -2.851877e-02 -3.774053e-02 -1.009152e-01 1.600998e-02
-1.729931e-01 1.470990e-01 -9.358289e-02 2.278563e-01 2.058759e-01 -1.039024e-01 -1.248183e-01 -1.887441e-02
-1.752717e-01 4.346640e-02 3.961841e-01 7.652361e-02 -2.170753e-01 5.265702e-02 -9.877773e-02 1.082499e-01
-2.031024e-01 -1.308779e-01 2.692469e-01 1.300772e-02 -7.983190e-02 -1.794030e-01 -1.924200e-01 -5.195184e-02
-1.463982e-01 -1.130837e-01 1.473441e-01 -1.015906e-01 -2.262063e-01 1.344206e-01 8.573526e-03 3.940200e-02
-1.562153e-01 -9.409194e-02 -1.206893e-01 2.118840e-01 3.558474e-01 1.070735e-01 -1.285336e-01 -8.311483e-02
-1.036040e-01 -9.693937e-02 -1.355163e-01 -6.048475e-02 1.437656e-01 1.923099e-01 -9.435333e-02 -3.560397e-02
6.090147e-01 -1.096125e-01 2.851255e-01 -1.324358e-01 -1.075928e-01 -8.980437e-02 1.680913e-01 3.920672e-02
-1.042487e-01 4.068004e-02 1.584582e-01 2.160124e-01 -3.069497e-02 8.761094e-02 -3.015552e-01 -1.454822e-01
-2.103409e-01 -1.121889e-01 -1.341494e-02 -1.018819e-01 1.680632e-01 -1.294861e-01 -8.482651e-02 -4.099021e-02
-1.590490e-01 -9.506916e-02 -1.174674e-01 3.649966e-02 3.138177e-01 1.916460e-02 -1.224413e-01 -4.831282e-02
-1.189246e-01 -8.863338e-02 -1.104054e-01 2.025651e-01 3.248213e-01 2.629840e-01 -8.188204e-02 -5.593106e-02
-1.431744e-01 -1.113023e-01 2.556343e-01 -9.639820e-02 -9.648722e-02 -1.307289e-01 -8.749343e-02 3.922651e-02
-2.433758e-01 -4.139909e-01 1.037445e-01 -7.329489e-02 -3.016513e-02 -2.872246e-03 -1.843602e-01 1.994189e-02
-1.034177e-01 -8.543285e-02 -1.180370e-01 -9.252594e-02 2.467414e-01 1.039921e-01 -1.391733e-02 -3.175675e-03
-1.786161e-01 -1.260613e-01 -9.500383e-02 4.967710e-02 3.076817e-01 -1.104786e-01 -1.853704e-01 -1.266046e-01
-1.745097e-01 -4.029729e-02 3.620785e-01 1.537440e-01 -1.765240e-01 -3.821680e-02 -2.718264e-01 -3.548409e-02
-2.287091e-01 -1.320244e-01 -1.318462e-01 -2.076433e-01 1.685337e-01 3.764776e-02 3.973095e-02 8.728430e-02
-2.263675e-01 -1.219353e-01 2.057881e-03 -2.325435e-02 1.970222e-01 -1.776198e-01 -1.929570e-01 -1.263606e-01
-2.356614e-01 -9.744363e-02 -1.153204e-01 -1.373299e-03 2.837837e-01 2.454298e-01 -1.626754e-02 2.602108e-02
-1.848419e-01 -1.400507e-01 1.164130e-01 -1.489048e-01 -8.610129e-02 2.635990e-02 -2.408070e-02 1.441583e-01
-1.148830e-01 -1.047406e-01 -7.168110e-02 -1.489657e-01 1.189747e-01 -2.970481e-03 -1.109098e-04 2.997434e-03
-1.187708e-01 -9.790582e-02 -8.302829e-02 3.524161e-01 2.672009e-01 2.676339e-01 -1.768127e-01 -1.328343e-01
4.139126e-02 -4.715258e-03 -1.310154e-01 -1.304407e-01 2.472160e-01 1.955909e-01 1.292235e-01 4.152840e-02
-1.486791e-01 -5.368955e-02 -1.376368e-01 -9.946974e-02 2.990535e-01 8.615144e-02 9.325170e-02 7.856885e-02
-2.913421e-01 -3.069675e-01 -1.428514e-01 -8.934657e-02 1.220433e-01 2.934257e-02 -1.209406e-01 -1.155836e-02
-2.951978e-01 -1.164030e-01 -1.077915e-01 9.073740e-02 3.680810e-01 1.062956e-01 -1.195667e-01 -2.738314e-02
-6.485099e-02 -1.710196e-01 -2.506172e-01 -5.071874e-02 1.207233e-01 3.259760e-01 7.074089e-02 -2.082605e-02
-2.178151e-01 -1.210814e-01 1.745244e-01 -7.822051e-02 -2.433757e-03 -1.580371e-01 -1.130990e-01 -1.269650e-02
-1.031134e-01 2.310492e-02 -4.645144e-02 4.454228e-01 2.367568e-01 2.650909e-02 -2.140838e-01 -1.129357e-01
-2.974172e-01 -8.265254e-02 -5.268454e-02 8.752275e-02 2.340064e-01 -1.794861e-01 -1.713915e-01 6.654697e-03
3.926892e-01 -1.888756e-01 1.618718e-01 -3.920004e-02 7.303853e-02 -2.806869e-02 1.142536e-01 1.283633e-01
-2.300483e-01 -4.812679e-02 -1.207100e-01 1.717790e-01 3.641595e-01 -7.111028e-02 -1.586528e-01 -6.224218e-02
3.191978e-01 -5.769425e-02 3.440511e-01 6.873864e-02 6.798960e-02 -1.031818e-01 1.202859e-01 -2.072164e-01
-1.792268e-01 -1.054394e-01 -1.033071e-01 2.376123e-01 3.056096e-01 2.894231e-02 -2.754174e-01 -1.665874e-01
4.296792e-01 -2.170233e-01 3.158466e-01 9.857114e-02 8.760437e-02 -9.443590e-03 -1.058835e-01 1.762139e-02
-1.997263e-01 3.724063e-01 3.004618e-01 5.748551e-03 -1.058631e-01 -6.956147e-02 -1.277150e-01 -1.398423e-02
-2.783214e-01 -2.901377e-01 -1.683627e-01 1.787693e-01 2.467042e-01 -1.726651e-02 -2.096886e-01 -1.050774e-01
-1.117532e-01 -5.074461e-02 -1.397445e-01 -7.798734e-02 2.049106e-01 3.109819e-01 6.799749e-02 4.221817e-02
-8.201924e-02 -8.828048e-02 -1.245686e-01 2.627030e-01 2.666098e-01 4.145830e-01 -2.603320e-02 -6.405625e-02
5.820347e-01 -8.896080e-02 2.207290e-01 -1.392623e-01 -1.081601e-01 -7.001586e-02 1.741553e-01 6.611125e-02
-1.433252e-01 1.758015e-01 2.363979e-01 3.058822e-02 -9.198955e-02 -8.753854e-02 -2.045424e-01 -1.474520e-01
-3.265243e-01 -3.538892e-01 -9.671991e-02 -5.421931e-02 4.914309e-02 -2.263932e-01 -1.239114e-01 6.710406e-03
-1.800285e-01 -2.569059e-01 -2.226272e-01 -4.459840e-02 1.707852e-01 1.897669e-01 5.363488e-03 -2.508539e-02
3.585503e-01 -3.963583e-01 5.124393e-02 -1.195651e-01 1.057422e-01 2.266722e-02 1.312283e-01 6.631993e-02
-1.713958e-01 -9.395645e-02 -8.609175e-02 -7.789147e-02 2.597778e-01 -7.043044e-02 -6.621584e-02 -2.938263e-02
-7.137512e-02 -1.508525e-02 -1.484703e-01 -1.236005e-02 2.942760e-01 2.067992e-01 7.697801e-02 1.925080e-02
-2.253760e-01 -2.587202e-01 -2.076696e-01 1.464046e-01 2.215424e-01 2.648534e-01 -5.727797e-02 -9.379128e-02
-1.939923e-01 -1.273103e-02 -1.370434e-01 5.253819e-02 2.855291e-01 -4.178053e-02 -4.734001e-02 4.786053e-02
-1.985520e-01 -3.116255e-02 3.838012e-01 -7.328113e-02 -8.651302e-02 -1.285005e-01 -1.044471e-01 7.950214e-02
-1.191030e-01 -7.611758e-02 -1.266103e-01 7.155037e-02 3.455716e-01 1.676916e-01 -3.348749e-02 -2.897217e-02
-2.288295e-01 -9.578943e-02 -6.373499e-02 1.984242e-01 2.694038e-01 -1.585893e-01 -2.875355e-01 -1.312506e-01
-2.808283e-01 -1.232927e-01 -1.266675e-01 -3.757934e-02 3.526422e-01 2.826826e-02 1.061353e-02 4.258551e-02
1.167029e-02 -1.898708e-01 2.999174e-01 3.479434e-02 -1.264314e-01 -1.961465e-01 -2.183094e-01 -8.351142e-02
-2.034341e-01 -2.123320e-01 2.154206e-01 4.401489e-02 -2.216250e-02 -2.644616e-01 -1.349155e-01 3.651748e-02
-1.661511e-01 -7.400035e-02 -8.915722e-02 1.138349e-01 2.500085e-01 2.390717e-01 -2.016043e-01 -4.804155e-02
4.228223e-01 -1.948589e-01 3.787474e-02 -1.258016e-01 5.941914e-02 -4.685200e-03 1.057429e-01 8.043033e-03
-2.082448e-01 5.562596e-03 -6.966710e-02 -5.300407e-02 1.200897e-01 -4.686861e-02 -1.501530e-02 1.376342e-01
8.111088e-02 7.874514e-02 9.668577e-02 1.990521e-01 4.151200e-01 2.643031e-02 1.512207e-03 3.382912e-02
4.300815e-01 -1.283054e-01 -2.564417e-02 4.123987e-01 1.126491e-01 1.162622e-01 2.690379e-02 -1.479309e-01
-5.948866e-02 -5.604374e-02 2.374712e-01 -8.140849e-02 -6.646097e-02 -1.013774e-01 2.417341e-02 -3.948537e-02
5.741862e-01 -1.463358e-01 -1.337781e-01 1.997045e-02 -1.575233e-01 8.278794e-02 2.132008e-01 -1.612270e-01
-7.929014e-02 -1.072284e-02 1.424831e-01 1.619144e-01 6.181579e-02 -3.268442e-03 2.800545e-02 8.982084e-02
2.645901e-01 -1.588684e-01 -1.240417e-01 3.546376e-02 -1.201944e-01 -2.502405e-02 -6.392297e-03 -1.067460e-01
3.242676e-01 -6.655543e-02 -1.143604e-01 3.798430e-01 3.876153e-01 1.559294e-01 -5.230073e-02 -9.264170e-02
9.088419e-02 3.697656e-03 -4.190686e-02 4.422767e-02 -5.607800e-02 -1.282794e-01 5.480053e-02 2.876330e-01
-1.103806e-01 1.131045e-01 1.426909e-01 -6.381133e-02 4.425148e-01 3.425004e-02 -5.989574e-02 5.697801e-02
2.060790e-02 -1.198070e-01 4.080065e-01 5.937135e-03 1.359020e-01 -1.392788e-01 5.083463e-02 -2.756280e-02
1.225089e-01 -1.344702e-01 -8.470253e-02 2.949163e-01 2.345504e-01 -4.321599e-02 -2.408293e-02 -1.231115e-01
9.898783e-03 -4.674669e-02 3.310768e-01 8.869343e-02 2.474953e-01 -5.697658e-02 -1.636581e-02 -8.681913e-02
3.592414e-01 1.071770e-01 -7.595500e-02 -7.510596e-02 -5.475060e-02 1.275353e-01 9.247486e-02 2.544822e-02
-1.861321e-03 -1.729245e-01 2.046615e-01 1.847706e-01 -2.708494e-02 1.441150e-02 -2.595386e-03 -9.841151e-03
1.216180e-01 -1.274303e-01 7.229602e-02 3.106833e-01 4.542394e-01 4.945997e-02 2.724990e-02 -1.127423e-01
-6.369722e-02 -4.627088e-02 9.741357e-02 -7.108346e-02 -7.991884e-02 -9.442916e-02 1.613514e-02 -3.358942e-02
-3.454003e-02 -5.307490e-02 3.705711e-01 6.306983e-02 3.358507e-01 -2.238159e-02 8.158052e-02 1.654113e-02
2.439167e-01 -2.454570e-01 1.859648e-03 3.987295e-01 1.566688e-01 1.314873e-01 1.026525e-01 -8.923873e-02
4.318452e-01 -8.969077e-02 -7.795187e-02 5.121637e-02 -8.494782e-02 -1.182621e-01 2.038752e-01 -9.989449e-02
-6.093915e-02 1.132465e-03 1.418415e-01 -6.882911e-03 5.064287e-01 -3.806534e-02 2.361938e-02 -2.770366e-02
-1.260737e-01 1.036883e-01 1.956939e-01 -9.728757e-02 -8.097027e-02 6.786201e-02 -1.425083e-01 2.921247e-01
4.289300e-01 -1.623744e-02 -1.083298e-01 3.593643e-01 2.125568e-01 3.401663e-02 -4.183369e-02 -1.271952e-01
4.356982e-01 -2.077686e-01 9.012126e-03 3.809677e-01 3.420811e-02 7.721745e-02 5.066479e-02 -2.400011e-01
1.720914e-01 -8.012387e-03 -4.357925e-02 2.722460e-01 4.791857e-01 1.394178e-01 -3.549558e-02 -5.725997e-02
1.936745e-01 -1.566093e-01 2.921995e-02 3.726705e-01 2.646089e-01 -8.926026e-02 1.597420e-01 -1.188440e-01
1.211637e-01 -1.470020e-01 -5.443924e-02 2.151142e-02 -9.662947e-02 -1.174028e-01 1.692042e-02 -1.055095e-01
4.371859e-01 -1.775808e-02 -1.138273e-01 -5.019114e-02 -1.185731e-01 6.943233e-02 2.564653e-01 -5.044549e-02
2.481205e-01 -1.583252e-01 -5.524585e-02 4.032449e-01 4.256921e-01 4.828242e-02 7.430449e-03 -1.336273e-01
4.095162e-01 -1.075885e-01 -1.475602e-01 3.861025e-01 2.235323e-01 2.143795e-01 -8.053960e-02 -1.245239e-01
-6.966903e-02 -8.456536e-02 1.496117e-01 -7.798050e-02 2.798467e-01 -1.142394e-01 -3.719855e-02 -1.018002e-01
-1.035307e-01 -9.351654e-02 2.877567e-01 1.834912e-01 1.153032e-03 -3.041818e-02 3.797518e-02 3.364609e-02
4.944177e-03 -1.544308e-01 3.057932e-01 1.447826e-01 3.251892e-01 -2.047035e-02 1.115302e-01 1.574448e-02
-6.446666e-02 9.186031e-02 2.462439e-01 -2.975134e-03 3.795420e-01 -1.015607e-02 8.383167e-02 1.170512e-01
3.775885e-01 9.025330e-03 -3.615109e-02 3.286136e-01 1.689464e-01 1.612495e-01 -7.879456e-02 -4.389070e-02
3.648265e-01 -1.414179e-01 -1.360392e-01 4.219345e-01 3.115529e-01 7.881898e-02 -1.463978e-02 -1.410546e-01
5.881216e-01 -4.695551e-02 -1.558874e-01 1.629150e-02 -7.955809e-02 5.272732e-02 1.295801e-01 -1.399796e-01
2.701615e-01 8.670064e-02 -6.006909e-02 2.956687e-01 3.057405e-01 3.494000e-02 -3.171493e-02 2.418944e-02
-3.387050e-02 -1.601145e-01 1.180799e-01 -4.441598e-02 -1.143650e-01 -1.591120e-01 -1.922724e-02 -9.241899e-02
-5.894515e-02 -5.033413e-02 1.363673e-01 -1.203311e-01 -1.298712e-01 -8.558188e-02 2.188395e-01 -6.277341e-02
1.874991e-01 -6.701786e-02 6.834058e-02 3.428582e-01 4.124842e-01 -1.283330e-01 4.056565e-02 -7.815218e-02
-5.959006e-02 -1.587636e-01 1.706049e-01 1.403802e-01 -8.425891e-02 -8.136439e-02 3.563875e-02 -4.855227e-02
3.350759e-01 -9.184815e-02 -7.246950e-02 3.946357e-01 3.487293e-01 -9.505878e-02 -2.316713e-02 -9.342550e-02
1.412325e-01 1.074110e-02 1.580589e-02 1.563022e-01 4.804780e-02 4.635155e-03 -4.825457e-02 8.941607e-02
1.464614e-01 -2.685992e-01 5.069187e-02 2.667802e-01 -4.782617e-02 -4.744607e-03 4.716462e-02 -1.967845e-02
3.907226e-01 -9.707016e-02 -1.146472e-03 3.901603e-01 1.687928e-01 -1.328245e-01 7.365688e-02 -1.287789e-01
7.031895e-02 7.311692e-02 -7.840570e-02 -6.568948e-02 -6.138492e-02 1.000508e-01 -8.926474e-02 3.826217e-01
-1.115052e-01 5.872714e-02 1.627042e-01 -1.310169e-01 -4.204866e-02 -3.343900e-02 -4.667099e-02 3.354603e-02
5.252758e-01 -6.478452e-02 -1.322664e-01 8.786458e-03 -1.088657e-01 1.768089e-01 1.351927e-01 -9.493985e-02
2.103205e-01 -5.423641e-02 -1.251600e-01 -6.166152e-02 -8.854442e-02 2.934107e-02 -6.754630e-02 -4.196227e-03
2.725303e-01 3.358430e-02 -1.095397e-01 2.886412e-01 3.153800e-01 2.558166e-01 -1.140072e-01 -4.106288e-03
2.662947e-01 -1.007014e-04 4.684414e-02 -9.889542e-02 -1.155951e-01 -1.117758e-02 3.041841e-01 -7.722689e-02
-6.476094e-02 8.781359e-03 1.113961e-01 -1.061244e-01 -1.038968e-01 -6.720157e-02 -9.249455e-02 3.741493e-01
2.185260e-01 -1.291965e-01 4.238188e-02 2.406677e-01 -9.636573e-03 -1.815253e-02 1.116808e-02 3.240487e-03
-5.694787e-02 4.958676e-03 2.582743e-01 2.923849e-02 4.627649e-01 -6.488279e-02 6.656388e-03 -4.988899e-02
4.757748e-01 -1.122108e-01 -7.109959e-02 3.324618e-01 1.202375e-01 7.526649e-02 1.518325e-02 -1.778152e-01
2.710491e-01 -7.987013e-02 -2.291896e-02 3.922000e-01 2.825443e-01 9.880598e-02 7.433213e-02 -4.299051e-02
5.301753e-01 -1.798243e-01 -1.299106e-01 9.420127e-02 -9.910233e-02 8.210115e-02 7.620562e-02 -1.481382e-01
1.699192e-01 1.618467e-01 -1.897452e-02 1.842268e-01 2.854809e-01 1.751798e-01 -1.237414e-01 8.743648e-02
-1.312953e-01 1.912736e-01 1.951680e-01 -9.767594e-02 2.759587e-01 3.798226e-02 -4.822065e-02 1.098628e-01
2.463826e-02 -9.451076e-02 2.849692e-01 1.802685e-01 4.397491e-01 -1.033609e-01 2.223249e-02 -9.384001e-02
3.477103e-01 -1.916620e-01 -4.225216e-02 3.941463e-01 1.561396e-01 1.026389e-02 9.214306e-02 -1.944971e-01
-6.648167e-02 9.619564e-02 2.800073e-01 4.203302e-03 2.662236e-01 4.828494e-02 -4.645461e-02 2.469409e-02
-3.273568e-02 -8.925812e-02 1.244870e-01 7.125860e-02 5.166952e-01 -9.592912e-02 4.563090e-02 -9.099979e-02
1.081651e-01 -1.239103e-01 2.290097e-01 2.786264e-01 2.309807e-01 1.958884e-02 4.235618e-02 -1.086172e-01
