1 4 16 16 16
-3.881430e-02 2.662691e-01 7.197571e-02 -1.816464e-01 8.603803e-02 -2.568755e-01 5.112338e-02 1.933787e-01 1.194051e-01 5.942366e-02 6.152967e-02 -1.237146e-01 -3.240941e-01 4.614496e-01 3.827888e-01 -3.147217e-01
-5.648762e-02 1.147780e-01 3.577589e-01 -4.144665e-02 -2.149191e-01 5.189178e-02 -6.658542e-02 2.384672e-01 -9.989160e-02 2.139314e-01 2.701883e-01 7.467530e-02 2.097847e-01 3.086900e-02 -2.695582e-01 5.036629e-01
-6.260514e-02 4.221678e-01 1.591479e-01 -1.361763e-03 2.466045e-01 -9.556185e-02 2.376319e-03 1.991886e-01 -1.376834e-01 -6.432757e-02 8.432608e-02 4.875310e-01 1.141012e-02 -1.495114e-01 -3.712177e-01 -1.722385e-01
1.312893e-01 -3.938837e-01 -7.336561e-02 -1.041070e-01 -1.111612e-01 2.826854e-01 1.057084e-01 -1.711826e-01 2.438910e-01 1.616358e-01 3.169592e-02 -2.094826e-01 1.414604e-02 9.554587e-02 5.052546e-01 1.544163e-01
-1.980541e-01 -1.541298e-02 -6.247167e-02 9.566012e-02 5.632229e-01 1.256782e-01 8.820511e-02 -1.114505e-02 -7.463527e-02 -2.160257e-02 -1.674799e-01 -7.780787e-02 -1.093889e-01 5.074760e-02 4.815989e-01 -4.411900e-01
2.799518e-01 1.894516e-01 -1.981901e-01 -4.219120e-02 5.118613e-02 3.543851e-01 -1.358164e-02 -2.269017e-01 -4.839201e-02 -1.387466e-01 -9.752341e-02 -6.738868e-02 6.722511e-03 -5.682649e-02 -2.382195e-02 -1.344063e-01
7.017083e-02 -1.777171e-01 8.351600e-02 2.062645e-01 -1.658193e-01 -1.203236e-01 -2.335682e-01 2.417204e-01 -1.616115e-01 3.782555e-01 3.382839e-01 -1.899670e-01 -2.561502e-01 -1.066324e-01 2.385524e-02 1.498581e-01
-2.208025e-01 3.597809e-02 -1.873106e-01 -4.306916e-03 2.498667e-01 7.204989e-02 -2.479828e-01 3.084776e-04 8.730050e-02 -2.642819e-01 2.175067e-02 4.705946e-01 -3.480176e-02 1.538309e-02 4.306198e-01 -5.591396e-02
1.893608e-01 1.983034e-01 -1.690310e-01 3.434125e-01 -1.407993e-01 1.753128e-01 4.957779e-03 1.780841e-01 8.805571e-02 4.276630e-01 3.164502e-01 -1.383146e-01 -3.580188e-02 -3.936833e-02 -1.846802e-01 1.792246e-01
1.787238e-01 1.488206e-01 -1.238055e-01 -9.916364e-02 -1.331092e-01 -2.144574e-01 -8.214258e-02 -3.529547e-02 -1.801825e-01 7.508057e-03 2.802915e-01 -1.507631e-01 -1.854502e-01 1.480221e-01 -1.328144e-01 1.783757e-01
-3.712259e-01 7.639456e-02 -3.067430e-02 3.109696e-01 3.312660e-01 2.685901e-01 2.787160e-01 1.511331e-01 -3.950014e-02 4.154249e-01 -1.255951e-01 2.684650e-01 2.480824e-01 8.030780e-02 2.781754e-01 -1.079577e-01
4.507126e-02 -3.081725e-01 1.822576e-01 1.246296e-01 -3.208916e-02 3.971627e-01 -7.284679e-02 6.635258e-03 2.342726e-01 -1.588929e-01 -1.612689e-01 1.493030e-02 4.025804e-01 -3.031938e-01 1.642445e-02 -2.399197e-01
-2.590688e-01 1.012413e-01 -1.774830e-01 -1.808161e-01 2.105675e-01 1.037084e-01 2.755558e-01 -7.599126e-02 2.345336e-01 -2.519386e-01 -2.910283e-01 3.665328e-01 3.346098e-01 1.236984e-01 3.489069e-02 2.630328e-02
-3.720320e-02 -2.224774e-01 1.149218e-01 9.591440e-02 -1.606119e-01 -1.443405e-01 2.772623e-01 1.107840e-01 -2.420391e-02 1.543020e-01 -3.214836e-02 -1.731355e-02 1.567548e-01 -1.361841e-01 -2.678522e-01 1.869862e-01
-2.352981e-01 3.127262e-02 9.076878e-02 -3.965519e-03 4.616493e-01 -1.287672e-01 -1.793518e-01 -3.336333e-02 2.949016e-01 -1.817362e-01 -3.091823e-01 3.434142e-01 -2.403205e-02 -2.309873e-03 3.618468e-02 -9.503132e-02
-1.715159e-01 5.005307e-01 6.262325e-02 5.413668e-02 1.172582e-01 -2.841001e-01 -1.689557e-01 2.435479e-01 -2.139060e-01 8.521233e-02 -2.292096e-02 2.567034e-01 -1.024719e-01 -1.442509e-01 -3.991586e-01 -1.189645e-01
-8.213839e-03 6.759250e-02 -3.322751e-02 -8.889973e-02 -2.942601e-02 -1.639630e-02 -1.109035e-01 2.193914e-01 1.317701e-01 -1.006678e-01 -2.281221e-01 -9.958288e-02 -4.626193e-02 8.954456e-02 5.070022e-01 9.017277e-03
1.650866e-01 1.520237e-01 -2.428771e-02 -3.069499e-01 -1.593874e-01 1.157184e-02 1.700823e-01 -1.065573e-01 7.643003e-02 -4.754811e-03 8.027487e-02 -1.370281e-01 4.315248e-01 -3.780735e-02 7.463837e-03 -4.745619e-02
-1.973841e-01 -2.891389e-01 -8.085330e-02 1.808367e-01 3.238103e-01 -1.503441e-01 -2.552138e-01 4.481220e-01 -7.253630e-02 -9.223791e-03 -1.574625e-01 1.477180e-01 -3.261954e-01 3.065402e-03 1.520243e-01 1.206334e-01
-7.109340e-03 -4.197386e-02 -6.287903e-02 8.408397e-03 -1.464042e-02 -1.534827e-02 1.310356e-01 -3.490690e-01 -2.233979e-02 2.553831e-01 2.024599e-01 1.293747e-01 2.437169e-01 -2.111203e-03 -6.139668e-01 1.182045e-02
1.255291e-01 4.750511e-03 1.255015e-01 -5.729460e-02 -3.373263e-02 4.804099e-01 -4.613755e-01 -3.913170e-02 1.105427e-01 2.371984e-02 5.132305e-03 -2.080264e-01 -4.582199e-01 1.733101e-01 -1.780382e-02 1.163261e-01
-1.887798e-01 2.113513e-01 -2.395437e-01 7.142793e-02 1.864962e-01 -5.159763e-01 2.082595e-02 -1.758164e-01 1.448013e-01 6.528706e-02 1.397372e-01 -5.879985e-02 -1.353853e-01 -1.335917e-01 1.036042e-01 -1.806741e-01
-3.657537e-03 4.381064e-02 4.546624e-01 -9.896250e-02 -1.942790e-01 3.387132e-01 -9.076145e-02 2.436442e-01 -2.597841e-02 -2.853771e-01 2.210536e-01 -1.125791e-01 2.237432e-02 -2.740172e-01 1.483071e-01 2.988150e-01
-2.955802e-01 -2.372720e-01 -1.809445e-01 2.989026e-01 2.106201e-01 -2.756540e-01 1.283141e-01 2.660118e-02 -3.337787e-01 1.102973e-01 9.355681e-02 3.693380e-01 2.001987e-01 -1.567607e-01 -1.245490e-01 -8.583334e-02
2.231292e-01 -8.105031e-02 -4.982965e-02 2.078888e-01 1.397541e-01 1.032605e-01 -6.935440e-02 5.965140e-01 2.594495e-01 -9.704399e-02 8.979947e-03 -1.711399e-01 1.178283e-02 2.077402e-02 -8.774389e-02 -2.207595e-01
-3.564008e-02 -3.139949e-04 5.050158e-02 2.282310e-01 3.123119e-02 -4.670167e-02 7.551808e-02 4.672034e-02 2.388508e-01 -2.000858e-01 -3.681593e-01 7.633302e-02 -2.893680e-01 -3.826072e-02 -3.814903e-01 -3.926433e-02
5.917211e-02 -9.357572e-02 -4.606133e-02 2.374745e-02 2.633798e-01 3.296288e-01 -9.574743e-03 -1.082125e-02 -3.338512e-01 3.493588e-02 -7.398193e-02 8.306943e-02 -2.864552e-02 2.100594e-01 1.938430e-01 1.424140e-01
-1.179827e-01 1.151483e-01 -1.487768e-02 1.517954e-01 -2.272270e-01 -3.036873e-01 -1.864006e-02 1.049118e-02 4.757868e-01 -3.677785e-02 2.257625e-01 9.256458e-02 2.291896e-02 -2.651847e-01 -7.490943e-02 9.084139e-02
2.905549e-02 -1.016411e-01 -3.692611e-02 1.047265e-01 3.006592e-01 -9.458899e-03 -2.201323e-01 -4.570737e-02 -2.921536e-01 1.742035e-01 4.408724e-01 1.986831e-01 -9.927408e-02 -3.463134e-01 -3.198088e-01 -5.677459e-02
1.232067e-02 -8.034273e-02 -4.023460e-01 1.959995e-01 2.350428e-01 -1.570875e-01 9.928831e-02 -3.290298e-01 3.056007e-02 3.370150e-01 -1.610837e-01 1.589023e-01 5.133202e-02 3.937399e-01 -3.060763e-03 -3.543159e-01
1.001537e-01 1.165257e-01 -2.208993e-03 -1.093795e-01 -1.168159e-01 -1.240627e-01 -1.023149e-01 -4.911786e-01 -1.338384e-02 2.202428e-01 3.628552e-01 2.368944e-02 9.843408e-02 1.934779e-01 3.399633e-01 -1.204995e-01
-1.846856e-01 -3.780374e-02 4.310943e-02 -2.474411e-01 -2.445325e-01 -2.894694e-01 6.989177e-02 -4.437681e-01 -3.248458e-01 -5.472098e-02 -4.291360e-02 2.690741e-01 -2.050435e-02 -3.011026e-03 2.703531e-02 3.163280e-01
2.265466e-01 1.563488e-01 9.240558e-02 -6.374846e-02 -5.492468e-02 -6.447272e-02 -4.866504e-02 1.092003e-02 -9.646226e-02 2.318957e-01 -8.051661e-02 -2.276392e-01 -1.229590e-01 -2.810214e-02 -6.609192e-02 -2.071228e-02
4.777228e-01 -1.395578e-01 -1.230566e-01 9.000583e-02 -6.819135e-02 9.828120e-02 1.618270e-02 -1.039576e-01 2.386995e-02 -1.481725e-01 -9.505354e-03 2.782683e-01 1.712659e-01 -7.952110e-02 -1.065573e-01 -1.359263e-01
-3.867251e-02 1.035322e-01 3.362829e-02 -1.482602e-01 3.119770e-02 6.943911e-02 4.423210e-01 -1.030781e-01 1.009915e-01 -1.773194e-01 -2.897590e-01 3.453328e-02 3.514772e-01 1.954034e-01 -2.186173e-01 4.055691e-02
-1.690176e-01 1.507312e-01 6.633088e-02 -1.485133e-01 5.254571e-01 -4.653649e-02 -1.785387e-01 1.768449e-02 1.542802e-01 -1.318583e-01 -2.510546e-01 1.175897e-01 -6.607124e-02 4.839505e-02 1.399915e-01 -1.935027e-01
-2.393640e-01 3.017351e-03 1.876177e-01 6.620966e-02 4.224110e-01 1.041791e-01 3.285108e-01 1.888046e-01 1.213241e-02 1.002626e-01 8.996087e-02 -2.320569e-01 6.380235e-02 1.329730e-01 2.705282e-01 5.286268e-02
2.518499e-02 -3.426445e-02 -1.551202e-01 1.938420e-01 -6.635915e-02 3.333121e-02 -2.475442e-01 1.030748e-01 -4.427716e-02 8.321169e-02 3.082244e-01 1.123387e-01 -2.373933e-01 -8.159302e-02 3.874213e-01 -3.033239e-03
2.731219e-01 -1.278722e-01 -4.133910e-02 -1.739759e-03 -6.485495e-02 5.059518e-01 -8.563993e-02 1.114091e-02 3.068307e-02 -1.411680e-01 -6.759808e-02 -2.835318e-01 1.754140e-01 -6.493463e-02 8.456948e-02 -2.407813e-01
-3.664126e-02 -1.234349e-01 -1.339235e-02 3.901725e-01 -9.402144e-02 -4.870322e-02 1.022208e-01 4.188446e-02 -6.017917e-02 -1.576048e-01 2.031752e-02 -4.735763e-02 2.110892e-01 -3.532192e-02 2.010453e-02 6.160648e-02
-3.359301e-01 1.330472e-01 2.741765e-02 2.830260e-01 2.555090e-01 2.264317e-01 2.222639e-01 1.013560e-01 7.089407e-02 4.180444e-01 -1.181505e-01 2.867163e-01 1.608913e-01 9.575254e-02 2.544624e-01 -8.234210e-02
-1.923751e-01 3.985032e-01 -4.446793e-02 -1.792021e-01 1.966231e-01 -1.000950e-01 6.944019e-02 -1.859382e-02 1.407291e-02 1.544807e-01 -3.793441e-02 -6.347901e-02 1.394215e-01 2.907761e-01 -1.866373e-01 3.315955e-01
-8.086795e-02 -2.315862e-02 2.603796e-02 -9.402143e-02 3.452341e-02 1.289392e-01 3.001556e-02 -3.019182e-02 3.441258e-01 -3.328174e-02 -1.608317e-01 3.843593e-01 1.911785e-02 7.834341e-02 -2.007313e-03 -3.492042e-02
2.274473e-02 9.462780e-02 4.639612e-02 -6.995147e-02 5.296549e-02 -9.812173e-02 -1.081951e-01 9.820063e-02 -2.070980e-01 4.089133e-02 4.623978e-01 -1.064789e-01 -1.134907e-02 -1.665599e-01 -9.896638e-02 1.156148e-01
-2.643757e-01 1.866371e-01 3.375955e-01 6.537421e-02 1.150167e-01 1.677418e-01 7.988020e-02 2.385987e-01 -6.542218e-02 3.744108e-01 1.750569e-01 1.863691e-01 1.209287e-01 2.360398e-02 5.837311e-02 2.042848e-01
1.022697e-01 1.561018e-02 6.042842e-02 -2.460814e-02 2.694004e-01 8.508417e-02 1.791518e-01 1.609856e-02 1.411842e-03 -5.076332e-02 3.044423e-01 5.874757e-01 2.796256e-01 -2.363315e-02 1.756292e-02 -1.124376e-01
-4.940023e-02 5.593549e-02 -1.344316e-01 7.610596e-02 -1.694312e-01 -2.628640e-01 7.991596e-02 -1.219036e-01 -2.684474e-01 1.747788e-01 1.973322e-01 1.374872e-01 -1.215358e-01 -6.921152e-02 -2.824240e-01 4.938688e-01
1.144705e-01 -2.592824e-01 -1.423675e-01 7.925999e-02 4.912312e-02 1.199431e-01 1.975926e-01 -1.350760e-01 1.016258e-01 -5.870418e-02 3.532863e-01 3.862252e-01 1.570515e-01 -1.141630e-01 2.378144e-01 -1.323999e-01
-1.354674e-02 1.804816e-01 1.526390e-01 -2.267549e-01 -1.734981e-01 3.717647e-02 1.027493e-02 7.226244e-04 -4.351095e-02 3.672523e-02 2.311126e-01 -1.565005e-01 1.878422e-03 8.379473e-02 1.140215e-01 3.940127e-02
2.499969e-01 -6.555886e-02 8.790516e-02 5.846706e-02 3.162156e-01 -1.205927e-01 -4.099048e-02 2.173655e-03 1.842849e-02 3.083597e-01 3.689966e-01 -5.228803e-03 -1.422995e-01 -6.520595e-02 5.915002e-02 -4.949544e-02
-7.203725e-02 -6.519114e-02 -9.677332e-02 1.501652e-01 -1.854439e-01 -1.543214e-02 -1.828960e-01 1.908854e-02 3.133711e-01 2.877531e-02 4.079315e-02 1.420824e-01 2.335437e-01 -7.928899e-02 3.081022e-01 -5.588671e-02
-6.347661e-02 8.359286e-02 -4.273379e-01 2.129214e-01 3.500090e-01 -7.821361e-02 -1.129370e-01 -1.826643e-01 1.683849e-02 1.345528e-01 -8.387935e-02 -1.506409e-02 -1.634388e-02 3.039646e-02 1.487000e-01 -1.286545e-01
2.004655e-01 -1.135991e-01 -1.715365e-02 2.087141e-01 -1.011190e-01 4.781256e-02 -4.740398e-02 5.478651e-02 -6.724394e-02 -3.631599e-01 1.187022e-01 4.202172e-01 -5.717234e-02 -3.063650e-01 -2.330165e-01 1.926018e-01
-1.315741e-01 9.025696e-02 -3.858766e-02 8.814393e-02 3.032154e-02 2.941347e-01 -1.356408e-01 -4.394595e-01 6.919692e-02 9.210987e-02 1.238462e-01 9.027421e-02 -1.423893e-01 -2.678611e-02 -1.467759e-02 -1.250506e-01
5.891342e-02 1.559855e-01 1.194438e-01 -1.068140e-01 2.915181e-03 -5.752527e-01 7.128723e-02 -4.901218e-02 -2.615333e-01 1.532736e-01 6.847260e-02 -8.079031e-02 -7.321996e-02 -1.772086e-01 -1.096940e-02 8.735547e-02
-1.710118e-01 2.455037e-01 -2.402568e-01 -1.474369e-01 2.022762e-01 -9.341009e-03 -2.903724e-02 -3.481414e-03 -5.966602e-03 4.616472e-02 -1.673441e-01 9.973040e-02 3.574551e-01 -7.812197e-02 3.769685e-01 -1.747755e-01
-3.382049e-02 -6.099390e-02 -2.798414e-01 2.276872e-02 -2.262313e-01 2.700869e-01 -2.751149e-03 1.624461e-01 1.943935e-01 -1.976321e-01 -2.691211e-01 4.056585e-02 -7.743607e-02 2.211168e-02 -1.702439e-01 -2.745181e-02
9.956296e-03 1.055429e-01 5.136877e-03 -4.118967e-02 2.544919e-01 1.171049e-01 1.863291e-01 7.797286e-03 -4.100588e-01 -4.100686e-02 -3.202805e-02 -4.566791e-02 -1.689778e-01 1.734564e-01 -1.380071e-01 1.368869e-01
1.202725e-01 4.679995e-03 3.689586e-02 -5.629540e-02 1.510543e-02 -6.519222e-02 4.851334e-04 -5.873255e-01 4.906388e-02 4.031350e-02 7.938443e-02 -1.287354e-01 -3.316664e-01 2.172542e-01 2.110952e-01 8.346105e-02
-2.334508e-02 -2.351078e-02 2.915094e-01 1.073736e-01 3.803116e-01 9.623925e-02 7.960689e-02 -1.401012e-01 4.024478e-02 -6.101346e-02 -5.240839e-03 -2.140107e-02 4.053820e-01 -9.769566e-03 1.278104e-01 9.108870e-02
-4.747821e-02 -1.363297e-01 -1.305529e-01 1.285986e-01 3.856058e-01 -2.220771e-02 -2.588327e-01 -5.855132e-02 -1.962567e-01 4.938605e-02 4.207987e-01 2.752346e-01 -1.443020e-01 -2.425202e-01 -1.870686e-01 -7.059196e-03
3.682552e-02 -1.710499e-01 3.576837e-02 8.808298e-02 2.962404e-02 4.802773e-02 -1.100052e-01 -5.345780e-02 -5.758324e-02 4.514710e-02 7.823408e-02 -9.523652e-02 -1.181890e-01 1.293510e-01 -5.062940e-01 1.763865e-02
-2.781674e-04 -4.216740e-02 9.831538e-02 -2.793471e-02 -1.521172e-02 -5.596309e-02 5.157527e-02 5.451303e-01 -8.511220e-02 -1.679468e-01 -1.155290e-01 -1.454211e-02 8.069590e-02 -7.466426e-02 -8.528784e-02 1.489595e-01
3.439959e-01 -2.301870e-01 -3.356924e-02 -1.254012e-01 2.607479e-02 -2.047850e-01 5.779690e-02 1.119452e-01 2.432920e-01 -8.943988e-02 -2.986591e-01 -7.095730e-02 2.245011e-01 3.406806e-02 -5.477225e-02 1.640878e-02
