4 4 8 32 16
-8.354321e-02 -7.819466e-02 9.718455e-03 -1.019614e-01 -1.972701e-02 5.223820e-03 3.521596e-01 -7.434852e-02
-8.018611e-02 1.835207e-01 -1.230070e-01 3.380680e-01 -8.599252e-02 -7.073247e-02 -1.728627e-01 -1.016946e-01
-4.922087e-02 6.378303e-02 6.544269e-02 1.982193e-01 -6.617517e-02 -1.368222e-02 -1.456129e-01 -1.332316e-01
9.076944e-02 4.773616e-01 -1.024548e-01 -5.319428e-02 1.202462e-01 1.296309e-01 2.123708e-01 -5.327838e-02
-4.378522e-02 3.142589e-01 -1.494454e-01 1.136592e-01 -1.152699e-01 3.870456e-01 1.636193e-01 -1.305296e-01
-9.856047e-02 -1.401398e-02 -1.157489e-01 2.794649e-01 -1.043009e-01 -8.911251e-02 -1.309381e-01 -4.405364e-02
-6.694811e-02 -9.791587e-03 -1.064210e-01 2.647515e-01 2.232465e-03 -7.965524e-03 -2.334132e-01 -1.674873e-01
-1.990337e-02 2.208832e-01 -1.368295e-01 -8.455727e-02 2.722546e-02 1.923955e-02 3.771109e-01 -5.427542e-02
-6.180906e-02 -4.831760e-02 -5.657146e-02 -9.865905e-02 2.307520e-01 -3.495652e-03 5.346543e-01 -1.026485e-01
-1.310647e-01 -1.139880e-01 2.762519e-03 1.573833e-01 -8.320857e-02 -9.172354e-02 -1.214150e-01 -1.031921e-01
1.546629e-01 2.378697e-02 -2.631026e-02 -1.186402e-02 3.551115e-01 1.274593e-01 3.042091e-01 6.060571e-03
-7.481062e-02 -8.197197e-02 -1.178608e-01 3.968531e-02 -1.043762e-01 3.006649e-01 2.286799e-01 -1.044035e-01
-9.296548e-02 4.110788e-01 -8.842154e-02 2.909443e-01 -1.120480e-01 -6.616693e-02 -1.434196e-01 -9.304126e-02
1.762942e-01 1.640918e-01 -1.125687e-01 -5.099879e-02 1.934933e-01 1.555336e-01 1.831494e-01 -8.232641e-02
-9.550998e-02 -8.561347e-02 2.455347e-01 5.910418e-02 -7.782833e-02 -3.921289e-02 -1.128783e-01 -1.046497e-01
-1.271314e-01 -3.639958e-02 -8.341700e-02 -9.857901e-02 3.988741e-02 -3.163436e-02 -9.400994e-02 -5.579032e-02
8.172357e-03 -1.172944e-01 -1.276947e-01 2.416323e-01 -1.173105e-01 -1.102603e-01 2.967147e-01 -9.299744e-02
3.788771e-01 6.053792e-02 -1.718258e-01 -1.854987e-01 -1.887659e-01 -1.262558e-01 -1.614358e-01 -2.430578e-01
1.391483e-01 -8.319989e-02 -9.831070e-02 -1.167668e-01 -2.571185e-02 2.026610e-01 -1.596414e-01 9.414560e-02
3.046212e-01 -1.232469e-01 -8.297817e-02 -1.206451e-02 -1.410935e-02 -1.695604e-01 -1.104444e-01 2.797080e-01
-1.087442e-01 -5.393462e-02 -1.225797e-01 -1.142193e-01 -5.867873e-02 -8.111890e-02 5.287541e-01 5.625982e-03
3.603339e-01 -6.763516e-02 -1.429788e-01 -1.312024e-01 -1.008346e-01 -1.154010e-01 -6.654896e-02 1.762569e-01
-9.648014e-02 -1.531033e-02 -1.670409e-01 -9.467569e-02 6.400426e-02 -1.068841e-01 7.094434e-03 -1.629815e-01
8.125441e-03 -4.592105e-02 -2.665596e-01 -4.709165e-02 -2.695735e-01 -5.796433e-02 2.627681e-01 -4.074040e-02
-1.059042e-01 3.737672e-01 -3.209436e-02 2.228191e-01 -4.068676e-02 -1.689118e-01 -8.409596e-02 2.159126e-02
-1.581101e-02 -6.767321e-02 -1.041894e-01 -8.914287e-02 1.228848e-01 -7.661093e-02 -8.957059e-02 -1.282068e-02
3.322743e-02 -6.010127e-02 -4.010218e-01 5.599484e-02 -3.241197e-01 -9.365092e-02 1.063434e-01 -2.416300e-01
8.775626e-02 -6.596553e-04 -2.484337e-01 -1.423449e-01 -6.999367e-02 -1.174326e-01 1.562752e-02 -5.504165e-02
3.434336e-02 -9.744281e-02 -1.140935e-01 1.415401e-01 -8.096049e-02 -9.025722e-02 5.541375e-01 1.461323e-02
-1.206800e-01 -4.327878e-02 -2.537968e-02 -1.017264e-01 8.436468e-02 1.592528e-01 -1.045257e-01 -1.132375e-01
1.889352e-01 -6.765348e-02 -1.059071e-01 -1.154982e-01 -5.924658e-03 -8.928964e-02 -9.873012e-02 4.545397e-02
5.039197e-01 -8.164164e-02 -1.093668e-01 -1.091046e-01 -1.226105e-01 -1.431782e-01 -7.914718e-02 -1.351284e-02
-1.377696e-01 -1.407312e-01 -8.363915e-02 -5.268824e-02 2.401821e-01 -6.818263e-02 -1.276223e-01 -7.249625e-02
6.196662e-01 -1.398507e-01 2.036585e-01 -8.099886e-02 -3.698817e-02 -1.245993e-01 1.242318e-01 4.168957e-02
-2.439578e-01 -1.772123e-01 1.553165e-01 -6.492628e-02 -5.536099e-02 -6.686811e-02 -9.561146e-02 9.415658e-02
-1.235299e-01 -1.193818e-01 -1.250145e-01 2.516449e-01 2.762408e-01 3.011554e-01 -1.423957e-01 -8.816925e-02
3.562635e-01 -3.419092e-01 5.688456e-02 -1.004902e-01 7.804792e-02 1.829757e-02 1.260355e-01 8.671134e-02
-1.626983e-01 -1.438200e-02 3.437319e-01 1.245825e-01 -1.376778e-01 -2.396252e-03 -2.331828e-01 -1.119871e-02
-1.438130e-01 -2.242503e-02 -1.158639e-01 2.462361e-01 3.020784e-01 -1.901622e-02 -2.074082e-01 -9.385598e-02
-2.724506e-01 -1.552785e-01 -1.015991e-01 1.165573e-01 2.553647e-01 -1.030772e-01 -2.020254e-01 -5.362907e-02
-1.019136e-01 -1.300153e-01 2.263822e-01 -6.448232e-02 -3.104291e-02 -1.133128e-01 -1.697953e-01 -1.450994e-04
-1.853591e-01 -2.195148e-01 -1.904019e-01 7.445325e-03 1.865084e-01 2.435410e-01 -2.448692e-02 -1.276923e-02
-2.524213e-01 -7.849208e-02 -1.299666e-01 -2.013823e-03 2.831368e-01 1.807706e-02 -5.597702e-02 3.465542e-02
-2.866008e-01 -3.757779e-01 -1.506626e-02 -1.070071e-01 1.887159e-03 -2.852728e-02 -1.365119e-01 5.045675e-03
-1.057173e-01 -7.018344e-02 -1.618059e-01 -5.051871e-02 2.588462e-01 2.455470e-01 4.839200e-02 4.185271e-02
3.393310e-01 -1.559754e-01 3.055141e-01 4.705087e-02 6.563655e-02 -8.381611e-02 1.706090e-02 -8.875361e-02
-1.681057e-01 -1.061770e-01 -1.577230e-01 -1.505485e-01 2.051681e-01 8.312809e-02 5.557662e-02 9.492724e-02
-1.615678e-01 -1.045713e-01 -1.391652e-01 9.848793e-02 3.155935e-01 1.238260e-01 -1.189917e-01 -6.944934e-02
-7.230043e-02 9.989621e-02 2.437015e-01 -1.541459e-02 3.346474e-01 2.941232e-02 -1.425786e-02 8.722485e-02
3.816515e-01 -8.422486e-02 -8.335908e-02 3.934037e-01 3.180398e-01 1.883129e-01 -6.148032e-02 -1.476237e-01
1.941611e-01 -1.980527e-01 4.576771e-02 2.547350e-01 -1.384785e-02 -2.104447e-03 4.606957e-03 -4.164612e-03
-6.848372e-02 -9.354831e-02 1.553219e-01 -6.965738e-02 -9.990787e-02 -1.000416e-01 -2.971626e-02 -9.339066e-02
-4.032455e-02 -9.653222e-02 2.587150e-01 2.941903e-02 5.453393e-01 -4.718817e-02 -8.765650e-02 -1.063051e-01
2.387939e-01 7.296455e-02 7.345719e-04 3.048784e-01 2.758779e-01 1.566620e-01 -7.700771e-02 3.081326e-02
5.699378e-01 -1.053915e-01 -1.149941e-01 5.300819e-02 -1.034144e-01 1.170662e-01 1.338050e-01 -1.330505e-01
2.806150e-02 -1.046152e-01 3.767054e-01 1.138842e-01 2.722775e-01 -4.549295e-02 4.750253e-02 -1.505348e-02
2.495210e-01 -8.069402e-02 -6.923442e-02 -1.060769e-02 -8.422485e-02 1.725593e-02 -2.471184e-02 -4.697773e-02
1.976591e-01 -1.118205e-01 5.559532e-02 3.435889e-01 5.178798e-01 8.644510e-02 -6.519915e-02 -1.411333e-01
4.293772e-01 -1.467829e-01 -3.602917e-02 3.911335e-01 1.025236e-01 8.518993e-02 6.352047e-03 -1.758939e-01
-1.780041e-02 2.444759e-02 9.026646e-02 -6.934625e-02 -7.185224e-02 1.118571e-03 -9.060673e-02 3.845685e-01
4.007852e-01 -7.182463e-02 2.122212e-02 -1.828486e-02 -9.883170e-02 -5.339517e-03 2.557600e-01 -7.922206e-02
-2.940917e-02 -1.354433e-01 2.462794e-01 1.968823e-01 1.317835e-02 -1.746671e-03 9.250783e-03 1.065837e-02
-6.101698e-02 -9.484293e-02 1.420142e-01 -7.580663e-02 3.048438e-01 -8.457524e-02 -8.686872e-02 -1.372273e-01
2.997326e-01 -1.191015e-01 3.556871e-02 4.209029e-01 2.404837e-01 -2.927009e-02 4.864251e-02 -1.110459e-01
-1.473693e-01 -2.536571e-02 -7.501274e-02 -1.211695e-01 3.867124e-02 -4.115852e-02 -1.043025e-01 -3.938371e-02
-5.788271e-02 7.228523e-02 8.408418e-02 2.326613e-01 -5.646683e-02 -5.209756e-03 -1.737681e-01 -1.411775e-01
-3.908122e-02 8.958644e-03 -6.847993e-02 -1.213032e-01 1.824371e-02 -2.133199e-02 3.711728e-01 -5.304942e-02
-5.434663e-02 3.151138e-01 -1.456819e-01 8.005866e-02 -1.601235e-01 3.877707e-01 1.967447e-01 -9.068474e-02
-8.417345e-02 2.988593e-01 -1.109595e-01 4.023074e-01 -5.484391e-02 -5.193699e-02 -1.865777e-01 -1.327806e-01
4.037280e-02 1.114470e-01 -1.434836e-01 -2.898625e-02 2.678539e-01 7.088463e-02 4.839105e-01 -1.150153e-01
-1.388212e-01 -1.138934e-01 -1.750106e-02 2.031268e-01 -7.979690e-02 -9.065819e-02 -1.573085e-01 -1.140425e-01
-9.970243e-02 -5.282556e-02 -1.844874e-01 4.772413e-02 -1.302228e-01 3.290392e-01 2.511432e-01 -6.497514e-02
-1.028688e-01 1.704971e-02 -1.399372e-01 3.577889e-01 -8.994145e-02 -8.518825e-02 -1.817261e-01 -8.893839e-02
-1.400170e-01 -1.641449e-01 6.369013e-02 -5.104183e-02 -1.437996e-01 2.464447e-01 3.155487e-01 -6.207693e-02
1.955351e-01 1.491687e-01 -1.240752e-01 -4.387765e-02 2.090590e-01 1.543435e-01 2.107826e-01 -9.923205e-02
-1.154961e-01 -1.122074e-01 2.739742e-01 6.897528e-02 -9.666339e-02 -2.582162e-02 -1.247375e-01 -6.743728e-02
-7.258181e-02 -1.273208e-01 2.151291e-02 -9.006074e-02 2.533193e-01 -2.994131e-02 5.385314e-01 -7.234833e-02
-8.072568e-02 1.279613e-02 -9.956824e-02 2.877927e-01 7.915244e-03 1.044259e-02 -2.793449e-01 -1.871572e-01
6.137105e-02 3.687172e-01 -1.509867e-01 -4.154918e-02 6.796755e-02 7.050487e-02 2.696496e-01 -7.055366e-02
1.787009e-01 2.141201e-02 -3.650665e-02 6.550158e-03 3.820609e-01 1.281413e-01 3.434244e-01 -9.406290e-03
-1.567608e-01 2.503561e-01 2.010080e-02 4.696203e-01 -2.486905e-02 -1.554604e-01 -1.034339e-01 -2.055190e-02
1.325086e-01 -5.566632e-02 -1.860458e-01 -9.707706e-02 -8.445724e-02 -1.257415e-01 -1.476263e-02 -4.171684e-02
2.719993e-02 -6.553622e-02 -3.614972e-01 7.333782e-02 -2.889237e-01 -1.023168e-01 1.239562e-01 -2.297488e-01
-1.123536e-01 -5.064829e-02 -1.484446e-01 -7.516456e-02 7.850975e-02 -9.301682e-02 -1.387212e-02 -1.520666e-01
-2.221564e-03 -9.852080e-02 -1.823088e-01 2.419315e-01 -1.727917e-01 -9.539939e-02 2.411383e-01 -1.411256e-01
3.477679e-01 -1.420930e-01 -4.861865e-02 -2.547559e-02 -2.206499e-02 -1.703923e-01 -1.120143e-01 2.520161e-01
1.408248e-01 -1.305720e-01 -3.849430e-02 -6.555734e-02 -1.806990e-02 1.773359e-01 -1.320454e-01 9.326347e-02
-4.004407e-02 -4.886551e-02 -2.521804e-01 -8.362243e-02 -2.549416e-01 -7.977264e-02 3.280557e-01 -8.399806e-02
3.321218e-02 -1.542819e-01 -8.266156e-02 1.205732e-01 -9.943620e-02 -1.175181e-01 5.124301e-01 4.370084e-02
-1.298328e-01 -8.051462e-02 1.197558e-02 -7.059190e-02 7.558197e-02 1.796719e-01 -5.717428e-02 -1.196622e-01
3.153265e-01 -5.669531e-02 -1.623314e-01 -1.368615e-01 -1.583543e-01 -1.461134e-01 -3.000198e-02 1.033904e-01
3.820146e-01 1.448977e-02 -1.388669e-01 -1.678985e-01 -1.954413e-01 -9.929444e-02 -9.902868e-02 -1.931230e-01
4.767917e-01 -1.081904e-01 -5.960629e-02 -7.099016e-02 -1.483468e-01 -1.500769e-01 -7.652572e-02 1.504239e-02
-1.269121e-01 4.883202e-01 -2.412409e-02 5.512791e-02 -4.635226e-02 -1.454544e-01 -4.362110e-02 6.682990e-02
4.102250e-02 4.473775e-02 -1.580132e-01 -1.954662e-01 -6.941342e-02 5.888570e-03 -3.525636e-02 -1.812196e-01
3.052971e-02 -1.213166e-01 -6.571061e-02 -4.417348e-02 1.199879e-01 -1.137787e-01 -8.114115e-02 7.003260e-02
3.408151e-01 -1.212827e-01 3.161597e-01 5.837239e-02 3.665671e-02 -9.120826e-02 2.431603e-02 -8.386178e-02
-2.016067e-01 -9.857137e-02 -1.281357e-01 1.226402e-01 3.220790e-01 1.043774e-01 -1.300421e-01 -4.719646e-02
-1.819730e-01 -1.236437e-01 2.597356e-01 -2.416212e-02 -7.673129e-02 -1.840758e-01 -1.237106e-01 7.697727e-03
-1.291244e-01 -8.823838e-02 -1.599608e-01 3.856776e-03 2.328322e-01 2.608303e-01 -2.534562e-03 -1.920555e-02
5.942982e-01 -9.527885e-02 2.283449e-01 -1.225435e-01 -8.601207e-02 -7.704741e-02 1.760182e-01 4.511853e-02
-3.079036e-01 -3.526907e-01 -3.930289e-02 -1.217411e-01 9.320102e-03 -2.580501e-02 -1.410169e-01 -9.847007e-04
3.650098e-01 -3.075426e-01 7.094003e-02 -1.286507e-01 6.846397e-02 3.156010e-02 1.339239e-01 8.042843e-02
-2.356531e-01 -1.218092e-01 -4.675227e-02 -1.544005e-03 2.410495e-01 -1.206244e-01 -1.828882e-01 -7.545025e-02
-1.907504e-01 -4.075387e-02 -1.215344e-01 8.212351e-03 3.116280e-01 4.372892e-02 -1.536030e-02 3.729584e-02
-1.706720e-01 -8.078208e-02 -8.388843e-02 -1.218262e-01 1.768337e-01 -8.326388e-03 -2.109011e-02 3.886029e-02
-5.916687e-02 -2.859753e-02 -1.659149e-01 -1.139282e-01 2.229125e-01 1.888975e-01 9.305075e-02 4.634076e-02
-1.396960e-01 9.477698e-04 2.741456e-01 1.327335e-01 -1.319041e-01 -3.651981e-02 -2.707019e-01 -1.053994e-01
-1.153841e-01 -8.681874e-02 -1.189507e-01 2.446414e-01 2.874749e-01 2.991920e-01 -8.692219e-02 -7.658693e-02
-1.896989e-01 -6.782213e-02 -1.156887e-01 2.437746e-01 3.107268e-01 -4.227066e-02 -2.359514e-01 -1.123164e-01
-1.644698e-01 3.831591e-02 3.928173e-01 5.569454e-02 -1.922294e-01 -1.352136e-02 -1.208955e-01 6.656707e-02
-2.196456e-01 -1.215982e-01 1.476475e-01 -9.893539e-02 -5.433319e-02 -2.554637e-02 -5.678019e-02 1.130626e-01
-3.969522e-02 4.717823e-02 6.570311e-02 -7.299415e-02 -6.449270e-02 7.045480e-04 -7.736456e-02 3.265259e-01
2.758452e-01 -1.042152e-01 -2.697097e-02 3.757074e-01 2.488833e-01 -6.773509e-02 7.251158e-02 -1.064183e-01
-8.519752e-02 1.290078e-01 2.189430e-01 -6.647579e-02 3.343646e-01 2.781373e-02 -1.772095e-02 7.317016e-02
2.498995e-01 -8.234724e-02 -8.092840e-02 -5.555939e-03 -8.801024e-02 -2.869718e-02 4.395338e-02 -5.806484e-02
1.116041e-02 -8.307852e-02 3.770743e-01 3.313946e-02 1.739289e-01 -1.061758e-01 2.132544e-02 -6.495649e-02
1.545445e-01 -8.239368e-02 3.752581e-02 3.198576e-01 4.345756e-01 -7.243577e-03 3.931373e-03 -7.838076e-02
3.919782e-03 -9.641150e-02 3.369430e-01 1.408901e-01 3.394567e-01 -3.997942e-02 8.909668e-02 -1.316535e-02
5.181758e-01 -7.642198e-02 -1.363663e-01 1.489252e-02 -1.208159e-01 7.985695e-02 1.696845e-01 -1.151660e-01
3.950432e-01 -7.515644e-02 -1.203778e-01 3.723236e-01 2.257539e-01 1.664747e-01 -6.700619e-02 -1.165159e-01
-4.511561e-02 -1.370910e-01 2.094748e-01 1.780132e-01 -5.175527e-03 -1.084272e-02 5.754738e-03 2.535178e-02
-5.235358e-02 -3.935185e-02 1.733171e-01 -2.789854e-03 4.252112e-01 -8.680476e-02 2.243408e-02 -7.289943e-02
2.899297e-01 -1.016339e-01 -1.066927e-01 3.957392e-01 3.772923e-01 8.094053e-02 -3.562742e-02 -9.153104e-02
1.770353e-01 -1.678768e-01 1.922048e-02 2.267877e-01 -1.821526e-02 -1.766142e-02 2.838439e-03 -4.942984e-03
-5.196319e-02 -8.947439e-02 1.309082e-01 -6.980488e-02 -8.594439e-02 -1.068627e-01 1.209117e-02 -5.264520e-02
2.458256e-01 6.003333e-02 -4.455193e-02 2.654357e-01 3.100444e-01 1.491399e-01 -1.135667e-01 1.715339e-02
4.105009e-01 -1.643040e-01 -2.638015e-02 3.816036e-01 9.994423e-02 8.090859e-02 5.296681e-02 -1.978624e-01
