32
9.43331242e-01 5.64658232e-02 3.17365676e-02 -4.93030846e-02 8.37151706e-03 4.85601127e-02 4.17390354e-02 1.36622498e-02 -9.09516811e-02 -5.80036417e-02 8.07694644e-02 1.67079382e-02 -2.47450732e-02 8.36513638e-02 5.07083870e-02 -1.36320755e-01 2.73972787e-02 1.78651381e-02 7.67746754e-03 -6.09445153e-04 -4.62599136e-02 8.37635770e-02 9.82407480e-03 8.23891163e-02 -5.12953624e-02 6.24694750e-02 -8.15905407e-02 -6.65028617e-02 -9.89694893e-02 1.57811008e-02 3.53484452e-02 -7.65626505e-02
1.10144923e-02 9.71254528e-01 -6.25000848e-03 1.13323526e-02 -2.18067542e-02 -1.06279431e-02 -4.18728106e-02 2.63631232e-02 6.31828755e-02 5.56798838e-02 -5.33878207e-02 1.55181373e-02 -1.75782479e-02 -5.16285561e-02 -3.42853926e-02 9.65993851e-02 -4.55528386e-02 1.15362136e-02 5.44133072e-04 -4.99133170e-02 3.59763056e-02 -6.83640316e-02 -1.44587243e-02 -2.57570446e-02 4.36381325e-02 -4.26523127e-02 6.14432991e-02 -3.64330970e-03 5.96923605e-02 -3.48481461e-02 3.74853462e-02 6.66280463e-02
-6.72902912e-02 4.01075371e-02 9.74809289e-01 -4.51052375e-03 -9.23795998e-03 -3.02263722e-02 -7.21744169e-03 -4.13524173e-02 -1.81842800e-02 -4.25435789e-02 5.86216226e-02 -2.57488359e-02 1.42439045e-02 -7.58825196e-03 -3.13218287e-03 -7.06713125e-02 5.30030243e-02 -4.09826450e-02 1.14871431e-02 4.77251336e-02 -1.12769697e-02 6.01989031e-02 3.07559478e-03 7.79933110e-02 -2.53104139e-03 -1.12303011e-02 -3.94868180e-02 1.90779492e-02 4.83792610e-02 1.60280038e-02 -2.05948055e-02 -8.66309255e-02
7.08451122e-02 -2.42315754e-02 1.16351917e-02 9.74780023e-01 -4.21012491e-02 -3.55756246e-02 1.88842993e-02 3.81888002e-02 9.25095472e-03 -3.91817205e-02 -2.11884715e-02 9.31040850e-03 5.66290040e-03 4.36024368e-02 -1.11756884e-02 3.26308087e-02 2.48010121e-02 2.39372929e-03 -1.07906351e-03 -9.38534737e-02 -7.21442252e-02 2.01657433e-02 9.15917289e-03 -1.01714376e-02 1.56650431e-02 -6.79825470e-02 4.50903922e-02 8.06568116e-02 6.66758940e-02 2.78821774e-02 6.66091964e-03 5.25721908e-03
-2.85050576e-03 2.40216907e-02 3.36376694e-03 4.76275943e-02 9.81991529e-01 1.76480357e-02 1.91970542e-02 5.25886286e-03 2.13564257e-03 -4.22719307e-02 -4.06823643e-02 -4.65774126e-02 6.83487300e-03 -4.78069251e-03 1.72673129e-02 4.81056497e-02 -2.33571809e-02 -3.28405872e-02 -3.16073932e-02 4.09410000e-02 5.91274202e-02 2.11743973e-02 -1.28930807e-03 -5.60252974e-03 8.30253288e-02 1.51221668e-02 -3.93526591e-02 4.18202430e-02 -1.64226945e-02 4.24087234e-03 1.96309388e-02 -6.67320937e-02
-2.27493290e-02 -7.06234481e-03 2.37030815e-02 9.81994998e-03 -2.77223457e-02 9.76534426e-01 -4.64684330e-03 4.91796806e-03 8.29048827e-02 -4.15906236e-02 -4.83267605e-02 -7.34354779e-02 -3.90143730e-02 4.68730554e-02 -1.78423710e-02 2.18651481e-02 2.87107714e-02 -4.00184244e-02 -1.80300884e-02 -4.28911075e-02 -6.82974793e-03 -2.15242021e-02 1.21461442e-02 2.44055018e-02 3.45210247e-02 -4.47142310e-02 3.67884450e-02 4.36446257e-02 9.70101207e-02 -8.12722836e-03 2.65865810e-02 -3.18884626e-02
-5.36201075e-02 4.05571908e-02 -1.22954603e-03 -1.62765440e-02 -1.37531590e-02 -5.57484571e-03 9.87105370e-01 -2.18485519e-02 2.01869383e-03 2.80085392e-02 8.25708732e-03 -1.96706392e-02 -6.02049790e-02 3.94967273e-02 8.30552075e-03 -4.86014001e-02 -2.28241039e-03 5.97537728e-04 1.96378138e-02 -3.43144983e-02 1.49888517e-02 -1.17165390e-02 9.16825980e-03 1.41878165e-02 1.53332530e-03 -6.74994364e-02 -2.30594911e-02 -1.78730302e-02 1.90028157e-02 -5.32631613e-02 2.12912969e-02 -1.71184097e-03
-8.56790915e-02 2.32376121e-02 9.30897146e-03 -5.48299495e-03 -3.05885915e-03 1.42600192e-02 1.02193896e-02 9.66872811e-01 -3.81181724e-02 -9.25367139e-03 4.99306060e-02 -1.10273464e-02 -2.43101716e-02 7.21590519e-02 9.36397072e-03 -1.03773542e-01 2.14683097e-02 -7.16965937e-04 1.32281780e-02 8.68401155e-02 -1.70987695e-02 5.09895682e-02 -5.17703779e-03 3.38913612e-02 -6.11567944e-02 3.95518132e-02 -6.11714795e-02 -5.95900565e-02 -8.15757811e-02 -1.53020825e-02 -7.81736895e-03 -6.51298538e-02
6.10268041e-02 -2.91668288e-02 -1.19587006e-02 -4.50609103e-02 -2.08148547e-02 -9.71922576e-02 1.17539046e-02 3.69061902e-02 9.38962638e-01 -9.26379487e-02 5.46889082e-02 -6.63505346e-02 6.91116974e-02 5.75582683e-02 4.11221869e-02 5.17606437e-02 1.95606723e-02 -5.62141696e-03 -9.19253081e-02 -4.36349958e-02 -7.52082020e-02 1.00049011e-01 7.36105144e-02 5.39592765e-02 3.52420248e-02 5.93550876e-03 -9.18711424e-02 6.66308776e-02 3.74559648e-02 1.00215890e-01 7.72996480e-03 -1.06575117e-01
9.58065242e-02 -6.78592697e-02 5.75240329e-02 3.79388593e-02 1.84230581e-02 2.94032898e-02 3.63653875e-03 3.81336547e-02 6.80739433e-02 9.55195606e-01 -2.67741289e-02 -9.94279236e-02 7.91542456e-02 -4.85290848e-02 7.90371373e-03 6.33952022e-02 -3.09612937e-02 -5.80518954e-02 -8.54309276e-02 6.52818084e-02 3.03214695e-02 -1.17472466e-02 2.74327006e-02 -2.70092618e-02 3.53727862e-02 9.86571610e-02 6.48011733e-03 -2.59379158e-03 5.69223128e-02 7.10117519e-02 8.62908456e-03 2.52997242e-02
-6.40551746e-02 4.04059216e-02 -6.43798038e-02 4.88841832e-02 3.60561386e-02 4.75566126e-02 -3.43349129e-02 -5.98662011e-02 1.86619777e-02 6.47781417e-02 9.53419685e-01 2.47294400e-02 -1.00331292e-01 -1.97098851e-02 -3.00470125e-02 -8.66232142e-02 7.51495222e-03 -4.48755771e-02 7.21972659e-02 4.63965163e-02 1.12628654e-01 -1.73170008e-02 -6.10588901e-02 -3.91376093e-02 5.04701585e-02 -8.70993957e-02 4.90512513e-03 1.23229029e-03 -5.94099890e-03 -8.92761201e-02 -2.30278857e-02 1.90405222e-03
2.75334436e-02 -4.13551703e-02 5.18206991e-02 6.56637596e-03 3.32004912e-02 7.21369386e-02 4.34167571e-02 3.67145985e-02 9.27840397e-02 2.83729471e-02 -1.53884180e-02 9.55332220e-01 6.79510310e-02 -5.61811253e-02 2.39719041e-02 7.45066330e-02 -5.92311323e-02 -6.94950521e-02 -5.02762347e-02 9.15471539e-02 5.70260137e-02 -3.31704728e-02 -2.98718922e-02 -5.39744943e-02 2.39374153e-02 8.68339092e-02 5.49494922e-02 -5.20026870e-02 5.51603995e-02 2.20452771e-02 1.35220750e-03 6.54428452e-02
-7.33974129e-02 8.53914917e-02 -6.22661114e-02 2.73994319e-02 -6.88791554e-03 5.93454279e-02 3.94284576e-02 -5.41934706e-02 -7.51851276e-02 -3.41361836e-02 7.77058601e-02 -2.11135484e-02 9.38533127e-01 7.35209957e-02 4.10886221e-02 -1.90399557e-01 2.41948832e-02 -3.31883915e-02 1.72905494e-02 6.71203434e-02 -3.55697833e-02 6.43575415e-02 2.13804524e-02 6.47788197e-02 -5.23235053e-02 2.62751672e-02 -5.81129864e-02 -2.87300199e-02 -8.74350145e-02 -8.29419121e-03 2.21638456e-02 -6.89445511e-02
-5.80963083e-02 2.58277524e-02 1.68613680e-02 -3.48763987e-02 2.73165535e-02 -4.22690362e-02 -6.26500621e-02 -6.38212711e-02 2.69106380e-03 9.55809206e-02 -3.46832164e-02 7.78194666e-02 -5.64228706e-02 9.61044431e-01 -3.33085172e-02 -5.01948707e-02 2.83841770e-02 5.90995401e-02 7.07279369e-02 -3.74340899e-02 5.20982109e-02 -5.34078591e-02 -1.06907235e-02 -4.37988937e-02 3.40026915e-02 -8.13761652e-02 1.93001870e-02 -2.85086501e-02 1.80595294e-02 -6.43698126e-02 -5.31218722e-02 5.04844002e-02
-7.11064413e-02 4.31371480e-02 -1.56338271e-02 2.73435190e-02 -2.11169999e-02 1.50477951e-02 -2.93769035e-02 -3.44377048e-02 -1.79262515e-02 2.66134907e-02 -1.17918439e-02 4.03846335e-03 -8.06080773e-02 1.26498481e-02 9.82016504e-01 -6.98505715e-02 1.79150999e-02 -7.55548058e-03 3.82531397e-02 2.03274842e-02 4.33488600e-02 2.29827221e-02 -4.26917057e-03 3.07771880e-02 -1.35419250e-03 -1.84021965e-02 -2.18979195e-02 2.45389007e-02 -1.30244857e-02 -5.69880903e-02 2.47290060e-02 -3.48183215e-02
1.01415347e-02 -4.51645022e-03 2.95470208e-02 -6.66249124e-03 -4.83849831e-02 1.99091136e-02 5.40316924e-02 1.48898270e-02 -1.25194877e-01 -5.30532151e-02 1.44577280e-01 -3.69786806e-02 8.15424025e-02 1.14411198e-01 6.79060444e-02 8.97421300e-01 4.68543656e-02 1.56584848e-02 -4.63052168e-02 8.24359357e-02 -9.47307274e-02 1.00718871e-01 8.33939239e-02 6.81517571e-02 -9.29579660e-02 8.62362459e-02 -1.41210079e-01 -9.17158723e-02 -1.58043861e-01 2.15506367e-02 4.57617408e-03 -1.03034630e-01
8.67114216e-03 1.71091314e-02 -4.38068360e-02 -2.57024355e-02 2.50843596e-02 -2.92805023e-02 -8.29462137e-04 5.65193500e-03 3.98628693e-03 3.60937156e-02 -3.16498578e-02 5.08305766e-02 8.89235456e-03 -5.73714152e-02 -1.89702548e-02 1.51610654e-02 9.81856525e-01 3.18930708e-02 2.97051156e-03 -6.63633505e-03 9.29585546e-02 -2.62782611e-02 -4.39634249e-02 3.67411319e-03 3.19252983e-02 -4.76000644e-02 1.61354672e-02 1.25652254e-02 6.73588216e-02 -1.64662525e-02 9.12750885e-03 4.10328545e-02
-2.32111104e-02 -7.37622101e-03 5.05918674e-02 3.85689698e-02 3.04047428e-02 6.70518726e-02 7.35536916e-03 -1.65675525e-02 5.08196577e-02 4.05249149e-02 2.62123588e-02 3.18666026e-02 2.41165143e-02 -6.35900497e-02 4.71299235e-03 -2.75462400e-02 -3.05797700e-02 9.72137868e-01 5.70924534e-03 7.05291480e-02 7.76730254e-02 -1.34493820e-02 -1.65624376e-02 -5.19893654e-02 -4.30837348e-02 7.70737231e-02 -4.10080738e-02 -5.61635531e-02 -6.60200715e-02 -1.46000814e-02 -1.22167990e-02 2.71651372e-02
6.41496181e-02 -4.33100313e-02 2.10673995e-02 -9.91642755e-03 3.21186967e-02 4.61685611e-03 5.44350920e-03 3.92273888e-02 1.04126394e-01 2.12411135e-02 -4.86307368e-02 -2.17857007e-02 6.43770695e-02 -6.38495237e-02 1.17210345e-03 1.18186057e-01 -2.14974042e-02 -1.69440415e-02 9.55576599e-01 1.40834767e-02 1.40795987e-02 -5.41638546e-02 -1.20809283e-02 -6.34303614e-02 3.40520358e-03 5.89153320e-02 6.97227791e-02 -3.39627005e-02 1.21634722e-01 4.17655259e-02 -3.90246548e-02 7.47442469e-02
2.01545842e-02 4.26109806e-02 -6.20096847e-02 7.14980811e-02 -6.77131265e-02 1.54828816e-03 2.37161200e-02 -7.26731047e-02 3.41475233e-02 -6.59936741e-02 -7.41298273e-02 -7.51992539e-02 -7.64185339e-02 4.54340130e-02 -4.07950841e-02 -3.70882377e-02 2.48236954e-03 -3.99581417e-02 -6.89514738e-04 9.56591845e-01 3.25306281e-02 1.54287964e-02 -3.59538347e-02 2.03243885e-02 9.27200764e-02 -2.20201556e-02 4.68931422e-02 1.12217329e-01 5.46578728e-02 7.20779877e-03 4.20165770e-02 -4.92203273e-02
8.01676363e-02 -5.45290783e-02 1.63673069e-02 1.93411838e-02 -8.59809294e-02 -2.80248914e-02 7.97024928e-03 6.46435395e-02 -1.92241056e-03 -8.04886073e-02 -5.11491224e-02 -6.98821396e-02 8.73902813e-02 5.22738509e-03 -1.16557116e-02 1.14706039e-01 -8.81636217e-02 -3.27081904e-02 -4.32829820e-02 -7.29891583e-02 9.36745107e-01 4.65448722e-02 8.39807093e-03 5.80601990e-02 7.59563372e-02 -1.72279961e-02 4.78551909e-02 1.14375435e-01 6.16543069e-02 1.09871432e-01 6.18988201e-02 -4.80858013e-02
-7.87442923e-02 5.43196797e-02 -5.45456260e-02 -1.00278780e-02 -7.67079554e-03 2.88766697e-02 -1.20766787e-02 -5.71217239e-02 -3.58443148e-02 7.14676231e-02 -4.59196679e-02 6.29647970e-02 -7.95836151e-02 -3.29649705e-03 -5.35508581e-02 -5.41889258e-02 8.49448051e-03 1.26532353e-02 8.39365497e-02 -2.93909963e-02 2.76682363e-03 9.63581502e-01 -7.63855875e-02 -4.08715494e-02 3.33547592e-02 -7.15492964e-02 3.25461663e-02 -4.04009735e-03 -4.25596870e-02 -6.80248290e-02 -8.01857747e-03 3.00566480e-02
-4.60399725e-02 3.47554609e-02 -2.90594101e-02 1.07324431e-02 5.11230621e-03 2.49578804e-03 -2.82305516e-02 -2.93461271e-02 -5.09663224e-02 2.52424460e-02 1.44088287e-02 7.51220733e-02 -7.19602033e-02 -1.90080423e-02 -3.39461677e-02 -1.02098458e-01 3.90936062e-02 1.09330928e-02 6.76522627e-02 3.03447247e-02 3.88890021e-02 3.75978574e-02 9.70724463e-01 4.39912416e-02 -8.53167847e-03 -4.52846549e-02 -5.01926728e-02 7.63350911e-03 -4.34694923e-02 -4.98050563e-02 8.82011838e-03 -6.60204217e-02
-7.62066171e-02 1.07950978e-02 -6.88802823e-02 2.75685675e-02 2.57101152e-02 -1.13268308e-02 -2.80336980e-02 -4.26196083e-02 8.05348437e-03 7.29225725e-02 -7.61850085e-03 7.03422800e-02 -7.34933689e-02 -2.49017822e-03 -5.21052778e-02 -3.06550879e-02 -1.72144976e-02 4.15709391e-02 7.73990601e-02 -1.83991715e-02 -7.16738543e-03 -1.41144264e-02 -7.27127939e-02 9.69806492e-01 -8.57841596e-03 5.98677667e-03 5.43696284e-02 -4.57061529e-02 -3.39012556e-02 -6.22122884e-02 -1.18097188e-02 3.16109881e-02
4.69313152e-02 -4.24800925e-02 1.70475636e-02 -5.12272790e-02 -6.91016242e-02 -2.95836572e-02 1.67562589e-02 7.97338188e-02 -8.07154849e-02 -4.03022170e-02 1.77687202e-02 -1.10442396e-02 7.64250979e-02 -5.02784457e-03 3.19985971e-02 6.38800561e-02 -1.69365369e-02 7.46074915e-02 -1.08849239e-02 -7.34217614e-02 -1.30765870e-01 -6.30768063e-03 4.00384292e-02 3.06461919e-02 9.58234668e-01 2.33539045e-02 7.83538744e-02 5.46834134e-02 -3.50962766e-02 2.57164519e-02 -1.26770530e-02 1.59657262e-02
-1.03216901e-01 7.05751702e-02 -2.53290739e-02 7.77155235e-02 -3.26271206e-02 2.43916661e-02 3.48749422e-02 -7.91016668e-02 -1.72822690e-03 -5.79311699e-02 3.69681641e-02 -4.25512977e-02 -9.84701440e-02 7.56309330e-02 -2.79546455e-02 -1.11334816e-01 6.17565587e-02 -7.27097094e-02 5.75813558e-03 -3.09175234e-02 4.76260446e-02 4.09824960e-02 2.05484475e-03 -1.75028984e-02 2.43921988e-02 9.47739005e-01 -6.10246360e-02 4.35066931e-02 -2.03239340e-02 -7.98512697e-02 5.07113747e-02 -7.27447271e-02
5.31342737e-02 -3.63913253e-02 4.32263315e-02 -4.89069931e-02 4.73913066e-02 -2.90107764e-02 4.36701477e-02 5.15253507e-02 3.12285274e-02 -5.25266640e-02 7.53734037e-02 -7.93979391e-02 6.07843660e-02 3.45664322e-02 6.05273768e-02 6.35018349e-02 1.33267753e-02 3.63328271e-02 -9.83741432e-02 -5.97906241e-04 -6.57615140e-02 3.82743068e-02 9.61992592e-02 -9.36712418e-03 -1.16812386e-01 1.00595765e-01 9.45833325e-01 -7.39981458e-02 3.96276079e-03 7.10817352e-02 3.69610971e-05 2.05281563e-02
4.09962349e-02 7.07614934e-03 1.17195596e-03 -9.70008150e-02 -5.40388050e-03 -1.66903380e-02 2.38607842e-02 5.85550033e-02 -7.36591443e-02 3.21008414e-02 4.36173044e-02 7.35455826e-02 3.40984501e-02 3.08750253e-02 -4.69610142e-03 5.63626923e-02 -5.47423633e-03 6.96008727e-02 4.02409434e-02 -6.39267936e-02 -1.14086628e-01 2.12157355e-03 -4.08956912e-05 3.63566391e-02 -1.12531975e-01 1.76795933e-03 4.12340201e-02 9.57169712e-01 -7.20440894e-02 1.08607132e-02 2.02868581e-02 6.54810295e-02
4.35390063e-02 -1.95798669e-02 -6.18057027e-02 -8.05349499e-02 1.73455998e-02 -7.11657554e-02 -5.51393488e-04 6.39138520e-02 -1.37382731e-01 -5.94491400e-02 8.72233436e-02 -2.16394421e-02 6.53159544e-02 3.65641266e-02 3.86322029e-02 5.46513535e-02 -4.38740440e-02 9.65471789e-02 -9.66379717e-02 -2.25565042e-02 -1.07620686e-01 9.31711420e-02 5.79554737e-02 7.12876469e-02 -3.15836109e-02 5.30638918e-02 -7.74070770e-02 1.85954962e-02 9.31671381e-01 8.63259807e-02 1.27000231e-02 -4.26930748e-02
-9.95249152e-02 8.15258473e-02 -4.59672026e-02 -4.26788907e-03 1.45654345e-03 2.97554825e-02 2.99270395e-02 -4.58058417e-02 -9.81866047e-02 -5.78825083e-03 6.82128891e-02 3.70052978e-02 -8.40540081e-02 5.94528206e-02 2.02963538e-02 -1.00955904e-01 3.96388434e-02 1.49903577e-02 3.81968021e-02 -7.32576847e-03 -5.80739565e-02 3.38541158e-02 -1.30506314e-03 3.66424285e-02 -1.45295719e-02 1.86816938e-02 -5.57366163e-02 -2.64165457e-02 -1.09832764e-01 9.52904165e-01 4.72514108e-02 -6.83903322e-02
-3.45130488e-02 -4.55116555e-02 2.38970593e-02 -1.36183733e-02 -5.58321504e-03 -3.03762034e-02 -3.19011845e-02 5.12819737e-03 2.21398054e-03 1.57736763e-02 1.67596564e-02 1.64570455e-02 -1.58694331e-02 3.25434320e-02 -2.85559874e-02 1.63313781e-03 -7.32128834e-03 2.14383435e-02 4.92233746e-02 -3.32782939e-02 -5.31167500e-02 -9.66349989e-03 -1.66815314e-02 -6.63300976e-03 6.85842941e-03 -5.26372008e-02 1.20829549e-02 -3.45484018e-02 -6.19218918e-03 -5.49461469e-02 9.88169849e-01 -8.59712809e-03
4.45878394e-02 -3.58083434e-02 7.37388656e-02 6.32780697e-03 4.25287001e-02 2.97138356e-02 2.05223970e-02 4.75233085e-02 4.57279161e-02 -9.01044458e-02 5.10405675e-02 -1.01452246e-01 5.46466671e-02 1.45146139e-02 5.67336641e-02 2.60291100e-02 -1.12859849e-02 -4.45695184e-02 -9.05594006e-02 6.73360601e-02 1.87189039e-02 4.46666963e-02 9.67498124e-02 2.85410788e-02 -1.86871141e-02 8.19875076e-02 -9.93435085e-02 -4.78786863e-02 -4.96963458e-03 8.27309489e-02 3.17331515e-02 9.49316621e-01
9.89670515e-01 3.44318785e-02 1.90345794e-02 -5.30208200e-02 -3.48416879e-03 1.26946616e-04 -2.95759309e-02 2.78009418e-02 -9.87247378e-03 -9.98022500e-03 3.27382572e-02 -4.66420129e-03 9.20145214e-03 3.19064297e-02 -2.84916852e-02 2.82566492e-02 -1.89375319e-02 3.31329484e-03 -1.03472471e-02 2.63631884e-02 -2.76608858e-02 -1.60618741e-02 -2.12750565e-02 -4.34208699e-02 -1.80046037e-02 5.05786911e-02 -1.76186170e-02 3.01607344e-02 1.82623584e-02 3.31704654e-02 -1.61567386e-02 1.41363656e-02
-4.70743775e-02 9.90183890e-01 1.62853077e-02 -1.77986380e-02 -2.89121661e-02 1.52535932e-02 -1.38103561e-02 3.59156542e-03 3.19994688e-02 -1.85977481e-02 6.65680878e-03 -2.07543056e-02 7.74726132e-03 -6.39643660e-03 -4.28632982e-02 2.92554852e-02 -1.37723610e-03 -3.07997018e-02 -6.88190619e-03 -4.37090639e-04 -1.42995939e-02 -3.48996483e-02 -1.85524356e-02 -4.22209688e-02 -1.21119283e-02 6.41039088e-02 -1.45015651e-02 2.47362652e-04 3.20762545e-02 2.70000789e-02 -4.81238682e-03 5.64348698e-03
-2.11063828e-02 -2.25733444e-02 9.92025197e-01 -1.64492242e-02 -4.87248134e-03 -1.17600197e-02 1.97956525e-03 -2.94246674e-02 1.94478389e-02 7.62288831e-03 -3.71237751e-03 4.65891324e-03 -2.92839203e-02 1.82980746e-02 -1.71718723e-03 3.92885171e-02 3.87889855e-02 -4.19256184e-03 1.05681662e-02 -6.62713079e-03 7.36877322e-03 -4.84968834e-02 1.28892876e-04 -1.68838706e-02 -2.13126820e-02 -1.88314244e-02 -2.01762421e-03 9.95960273e-03 6.95140213e-02 4.91856923e-03 -1.18425969e-05 1.67409163e-02
5.09923622e-02 1.76425092e-02 2.31882893e-02 9.87845719e-01 -2.96235606e-02 2.47534015e-03 -1.10532586e-02 3.21432017e-02 1.16196705e-03 -3.06568313e-02 1.66297925e-03 1.56317968e-02 2.12495513e-02 1.71157774e-02 1.95538765e-03 -5.77434115e-02 -8.18802323e-03 -1.95418075e-02 2.58246548e-02 -5.12908362e-02 -7.35895261e-02 1.62093472e-02 2.19751266e-03 2.87345834e-02 -5.64718386e-03 3.63658965e-02 2.42532119e-02 -2.10539233e-02 9.99537762e-03 1.78120155e-02 1.27801299e-02 -1.34209525e-02
-4.88719670e-03 1.76933724e-02 1.45732705e-03 3.58521305e-02 9.85921741e-01 2.50776112e-02 1.78585462e-02 -3.75575647e-02 2.20259782e-02 -8.22758488e-03 7.34031806e-03 -2.27362271e-02 -1.91213819e-03 3.15929651e-02 -4.15632948e-02 3.22734192e-02 -6.04474209e-02 -3.07196323e-02 -4.03052382e-02 3.77050065e-03 3.48653235e-02 -1.53876087e-02 -5.88331223e-02 -2.94989180e-02 1.68478489e-02 2.59194691e-02 -2.21879091e-02 4.88530323e-02 3.37821767e-02 3.69019732e-02 2.53078267e-02 9.09298379e-03
-8.73949938e-03 -2.18298547e-02 1.07259136e-02 -3.02987406e-03 -3.19653451e-02 9.91926551e-01 -1.93557013e-02 3.18687446e-02 4.77980822e-03 -1.62497591e-02 3.60192023e-02 -3.00806500e-02 1.65577978e-02 1.54204415e-02 -2.18212623e-02 2.61343829e-02 -3.59421968e-02 5.99938706e-02 -1.03169316e-02 -2.53678765e-02 -4.56296001e-03 -1.94184687e-02 -3.36278230e-02 -1.36420857e-02 -1.37868375e-02 -3.82957456e-04 -1.42846126e-02 1.57494135e-02 7.61164818e-03 2.66423859e-02 1.72351603e-03 -7.95743242e-03
2.41253786e-02 7.32431700e-03 -3.26413056e-03 4.46966896e-03 -2.45312732e-02 1.35625703e-02 9.95609164e-01 4.13481612e-03 2.63533555e-02 -2.92669069e-02 4.31568408e-03 -2.90771015e-02 8.24260153e-03 1.10520190e-02 -9.48981196e-03 -9.38584970e-04 -1.10972794e-02 1.66082557e-03 -1.04092471e-02 -2.57815178e-02 -3.19508798e-02 -1.72152501e-02 -2.90510501e-03 -1.33881429e-02 -5.98766608e-03 2.26682518e-02 -4.33291448e-03 2.78418530e-02 2.47284044e-02 1.35472976e-02 -1.12889602e-03 -7.30131846e-03
-2.83794794e-02 -1.80714845e-03 2.13548876e-02 -1.91461351e-02 3.92721854e-02 -3.07165235e-02 -1.26459822e-03 9.89681542e-01 1.24286171e-02 8.78939684e-03 1.69726629e-02 -1.19744157e-02 -2.19876803e-02 -2.94574797e-02 4.97206971e-02 2.53527015e-02 2.27510035e-02 5.45918103e-03 -3.51648852e-02 2.42842492e-02 2.70479005e-02 -9.09736101e-03 2.73533575e-02 -2.06125956e-02 -2.57742666e-02 -5.16398661e-02 -6.45666500e-04 4.57469635e-02 2.88148113e-02 4.17695381e-03 -1.88471340e-02 1.71619598e-02
8.52393825e-03 -3.61892395e-02 -2.27416009e-02 -1.05952965e-02 -2.34302469e-02 -6.25264132e-03 -3.01369745e-02 -6.05607871e-03 9.92146909e-01 3.45544133e-04 -1.31252566e-02 3.22483554e-02 -5.61832311e-03 -2.24599848e-03 -6.17640000e-03 -7.03713624e-03 -1.68989357e-02 -2.92954352e-02 3.38679776e-02 -4.93414812e-02 -3.46826650e-02 -3.17309564e-03 -2.79520676e-02 7.94710405e-03 1.50174974e-02 2.44951583e-02 2.30776127e-02 1.82100404e-02 4.13117297e-02 1.99372899e-02 -1.04189301e-02 -8.82425997e-03
1.49467709e-02 2.14488637e-02 -4.56848880e-03 2.78478675e-02 1.16137620e-02 1.78650524e-02 2.91063953e-02 -4.94099176e-03 4.70951200e-03 9.94065523e-01 1.90351810e-02 -2.47050859e-02 1.48025909e-02 3.91084515e-03 1.46400335e-03 1.38634238e-02 1.20705571e-02 -1.13432836e-02 5.28614921e-03 -3.50745507e-02 -1.76588260e-02 -3.25223454e-03 1.64428335e-02 1.52169606e-02 -2.63384730e-02 -1.14714187e-02 -1.49977151e-02 -4.65724841e-02 -3.98265161e-02 -1.65683795e-02 1.08236140e-02 7.12066609e-03
-2.75931172e-02 -5.44194924e-03 -3.84349399e-03 5.74929640e-03 -5.14236977e-03 -3.22802365e-02 -3.40193626e-03 -3.06550264e-02 1.35658588e-02 -1.57005452e-02 9.91535246e-01 -1.52172605e-02 -3.74514423e-02 -4.14150357e-02 3.24087292e-02 7.43725663e-03 2.76486836e-02 -2.00220570e-02 -1.53855169e-02 7.34725222e-03 1.33685926e-02 1.30797112e-02 2.33590882e-02 -4.95873205e-03 -2.28082724e-02 -4.77509759e-02 7.49158720e-03 3.03290766e-02 4.46815528e-02 -5.63848438e-03 -2.41876449e-02 -1.86598357e-02
5.29610319e-03 2.59070005e-02 -3.35688260e-03 -1.31659983e-02 2.47770511e-02 3.24988402e-02 3.12397722e-02 8.54240265e-03 -2.46005319e-02 1.98927224e-02 1.62955225e-02 9.93995070e-01 9.04231146e-03 1.92808770e-02 3.86594096e-04 -1.11201359e-02 3.22514549e-02 2.06750887e-03 -2.71273851e-02 -2.63297837e-03 7.59374024e-03 1.30790286e-02 2.77721640e-02 -1.92525075e-03 -1.58141162e-02 -3.95334028e-02 -2.92171445e-02 -4.13967442e-04 -1.76320225e-02 1.98724363e-02 1.61777958e-02 1.01184435e-02
-1.19693959e-02 -8.67358409e-03 2.49518976e-02 -1.45317027e-02 1.86846161e-03 -1.67498868e-02 -7.16196001e-03 1.02108549e-02 1.03107728e-02 -1.04507310e-02 2.90667955e-02 -1.09074274e-02 9.94261146e-01 -9.94618889e-03 1.34600941e-02 1.39366253e-03 2.44074669e-02 -1.17623135e-02 -2.66164951e-02 5.31878024e-02 2.42529325e-02 -3.37710185e-03 1.27543230e-02 3.31988349e-03 -1.33092571e-02 -3.17606404e-02 -8.40719417e-03 3.04290690e-02 2.97619402e-02 6.15144940e-03 -1.83130074e-02 2.32786103e-03
-3.53386104e-02 3.49481427e-03 -2.62576696e-02 -2.82198377e-03 -3.37692387e-02 -2.11498402e-02 -1.10325450e-02 1.63072199e-02 7.96530955e-03 5.05514909e-04 3.26857716e-02 -2.10218281e-02 8.08412617e-04 9.88333225e-01 3.55072715e-03 2.04864368e-02 2.01851223e-02 3.20993848e-02 -2.86465175e-02 1.91423781e-02 5.28295450e-02 -3.42916511e-02 2.54530739e-02 -6.07173033e-02 5.05878311e-03 -5.19947931e-02 -3.15067195e-03 2.97297668e-02 2.48800423e-02 -4.86640027e-03 -3.68695855e-02 2.65684109e-02
2.47848686e-02 4.14154269e-02 2.28403276e-03 -3.17444652e-03 3.29137109e-02 2.45492924e-02 6.94371900e-03 -4.75264415e-02 4.17498639e-03 1.58759300e-03 -3.03061809e-02 1.44822930e-03 -1.02736391e-02 1.80945429e-03 9.93301868e-01 -2.38272771e-02 -2.49180868e-02 8.07270687e-03 3.40250903e-03 1.08832354e-02 -4.79109911e-03 1.51525019e-03 -3.89353260e-02 -2.19752379e-02 4.87815868e-03 3.64259258e-02 1.21862506e-02 2.27755476e-02 2.19695047e-02 4.63179173e-03 -2.50545610e-03 5.32613927e-03
-1.94450002e-02 -2.68134754e-02 -4.20243777e-02 6.16249442e-02 -3.84591557e-02 -2.43214443e-02 1.02896011e-04 -2.84898188e-02 -5.90061944e-04 -8.10606591e-03 -1.84550211e-02 1.57001037e-02 -3.08573712e-03 -2.64092665e-02 2.43231300e-02 9.88080859e-01 -8.80355760e-03 -2.98081264e-02 -6.77870214e-03 -2.40547843e-02 1.93224549e-02 3.30477208e-02 -9.97619424e-03 -9.69273597e-03 4.40846682e-02 -3.69960479e-02 -3.56922811e-03 4.77476977e-02 4.90112044e-02 7.90430605e-03 -2.17885058e-02 -2.01861076e-02
2.07186975e-02 3.96830583e-04 -4.04345319e-02 7.95607828e-03 5.98758124e-02 4.04565223e-02 8.93297605e-03 -2.21195631e-02 1.66874230e-02 -1.73766036e-02 -2.68153735e-02 -3.24385129e-02 -2.03870609e-02 -1.39664793e-02 1.95154641e-02 1.35840895e-02 9.91930902e-01 -1.64423492e-02 1.68703459e-02 -1.46054430e-03 -3.19370404e-02 -2.77926717e-02 5.23648970e-03 4.69263922e-03 -2.42973547e-02 2.25254055e-02 5.29219303e-03 -1.42414980e-02 -5.48988674e-03 4.06391593e-03 9.90890432e-03 2.74656899e-02
-2.24878080e-03 3.21844257e-02 1.11229427e-03 2.71010455e-02 2.72445790e-02 -5.77199273e-02 2.32818729e-06 -1.48602845e-02 3.04758381e-02 1.50051881e-02 1.11659821e-02 -1.30047905e-04 5.93110966e-03 -3.91069651e-02 -1.01116821e-02 2.08784994e-02 1.97926965e-02 9.91656840e-01 4.56493523e-04 1.31196575e-02 2.79611088e-02 3.05475071e-02 -1.55440951e-02 -6.74577849e-03 1.70385167e-02 -2.27323081e-02 8.62404797e-03 3.93186696e-02 3.56211588e-02 7.29399791e-04 -2.88126767e-02 8.42056423e-03
3.57039738e-03 7.70629756e-03 -6.82014739e-03 -2.41045337e-02 3.84224355e-02 7.76921632e-03 1.24296863e-02 3.57686281e-02 -3.03307679e-02 -6.05179975e-03 2.30688658e-02 2.13368163e-02 2.63590477e-02 2.86392923e-02 -2.48973770e-03 1.32082589e-02 -1.65376347e-02 2.23700050e-03 9.93862808e-01 1.65070277e-02 1.01896338e-02 -4.82228212e-03 -8.80817417e-03 -6.52495073e-03 1.02164047e-02 -1.72971352e-03 -3.60328816e-02 -9.34693613e-04 -3.26110907e-02 3.58656794e-02 -1.48969499e-04 1.93035398e-02
-2.00654157e-02 -1.88141037e-03 3.68378591e-04 5.92107922e-02 -1.18212886e-02 2.74337325e-02 2.59112660e-02 -2.70780474e-02 5.03312871e-02 3.26102152e-02 -1.19757019e-02 3.79874394e-03 -5.34111522e-02 -2.11897455e-02 -1.21886283e-02 1.88721325e-02 -2.66220444e-03 -1.66914444e-02 -1.09390030e-02 9.91067231e-01 1.10012302e-02 -2.93279197e-02 -1.96758155e-02 1.83600727e-02 -1.44802770e-02 -1.89714041e-02 -1.49860419e-02 3.67774372e-03 1.00507326e-02 -1.09080859e-02 -7.56375352e-03 2.86320727e-02
4.22424711e-02 2.25902852e-02 -1.92212139e-03 6.90583885e-02 -3.14393379e-02 1.41550424e-02 3.21655795e-02 -2.33819298e-02 3.71100232e-02 9.11492947e-03 -1.61518529e-02 -9.24210902e-03 -2.15103328e-02 -4.54824828e-02 5.52753499e-03 -2.45439410e-02 2.78366096e-02 -3.10531650e-02 -2.53806100e-03 -2.20330358e-02 9.85858142e-01 4.11640853e-02 2.18617469e-02 6.91716075e-02 -1.09265500e-03 -8.90703220e-03 -1.05122207e-02 1.64719403e-03 -3.07690743e-02 -3.27239409e-02 7.87141826e-03 4.25833650e-02
1.13741737e-02 3.29064727e-02 5.28230332e-02 -2.39013974e-02 2.06671823e-02 2.32581794e-02 1.67951230e-02 1.32379513e-02 1.00846589e-02 -3.15833418e-03 -6.66014245e-03 -1.80393774e-02 4.35223710e-03 4.36759777e-02 -2.33733794e-03 -1.65776443e-02 2.39252020e-02 -2.21129544e-02 2.02892534e-03 3.38047482e-02 -4.06522229e-02 9.89656389e-01 2.54615303e-02 -3.46322497e-03 -3.95989567e-02 2.87631676e-02 2.67057680e-03 -4.30047922e-02 -4.74948585e-02 5.17097441e-03 1.66552141e-02 -2.36628670e-02
1.65977441e-02 1.35884611e-02 -2.38883984e-03 -1.98692665e-03 5.39392382e-02 3.42014134e-02 -2.20569293e-03 -3.00953761e-02 2.55834553e-02 -1.35755092e-02 -2.59190407e-02 -2.35720519e-02 -1.28652612e-02 -2.10734531e-02 2.86267474e-02 1.13194212e-02 -1.53452465e-02 1.41164949e-02 1.11636482e-02 1.83683783e-02 -1.80075187e-02 -2.78018098e-02 9.89702880e-01 -2.51292577e-03 -1.80889461e-02 5.97447418e-02 3.35580437e-03 3.56411710e-02 3.32009383e-02 1.70347579e-02 -3.15861702e-02 -4.28492837e-02
3.24039795e-02 4.04167995e-02 1.74663812e-02 -3.85209210e-02 3.08991037e-02 8.82730726e-03 8.92138295e-03 2.32933015e-02 -5.63628739e-03 -2.15741750e-02 1.23643037e-02 -3.32422042e-03 -2.07737627e-04 6.86723739e-02 2.01458316e-02 2.56652329e-02 -1.05128800e-02 1.58691518e-02 -4.61022690e-04 -1.15349917e-02 -6.14639930e-02 -1.16701564e-02 -2.11644080e-03 9.87264693e-01 -7.12510049e-02 1.82494856e-02 -1.48469405e-02 -2.64847279e-02 -1.77923311e-02 3.16259265e-02 2.15628371e-02 -1.45773003e-02
2.11755540e-02 1.89426411e-02 3.00213099e-02 -1.45561562e-03 -9.30038281e-03 1.77436080e-02 8.38276837e-03 2.95698121e-02 -1.04488665e-02 2.24272683e-02 2.64622699e-02 9.48782172e-03 1.18129095e-02 2.94195698e-03 -7.59538962e-04 -3.85283865e-02 2.86381003e-02 -1.37315737e-02 -1.22559611e-02 1.74965523e-02 -7.78183946e-03 3.10573839e-02 2.24994831e-02 6.86926842e-02 9.91592646e-01 5.64771646e-04 -1.89881008e-02 -1.69299578e-03 -3.72586176e-02 -1.36997900e-03 1.63316429e-02 -3.02589461e-02
-6.15943968e-02 -7.15394542e-02 1.16448542e-02 -2.86427289e-02 -3.24463695e-02 -1.21997418e-02 -2.13699229e-02 4.75239903e-02 -2.97421608e-02 2.24537700e-02 4.92427237e-02 4.22572345e-02 2.50826534e-02 4.05520387e-02 -3.03708222e-02 3.37286554e-02 -9.62277036e-03 2.15930250e-02 -4.23097890e-03 2.13192198e-02 2.73106359e-02 -1.90551095e-02 -5.31106703e-02 -1.39233079e-02 3.80301615e-03 9.83111739e-01 2.02654512e-03 5.40236495e-02 3.44745070e-02 1.15307001e-02 -1.77665595e-02 6.73385337e-03
1.66886430e-02 1.59005001e-02 1.94302632e-03 -2.55704671e-02 2.29414068e-02 1.72429811e-02 7.97547214e-03 4.71707480e-03 -2.27645673e-02 1.39445383e-02 -1.02654018e-03 2.64696945e-02 1.08288089e-02 7.86391646e-03 -1.35610076e-02 9.92109999e-03 -7.03689130e-03 -6.01904467e-03 3.08122057e-02 1.74003039e-02 1.33834155e-02 -5.48694329e-03 -8.57211009e-04 1.17019657e-02 1.77119821e-02 -1.41840603e-03 9.94766951e-01 -4.74182442e-02 1.45355519e-02 1.87554248e-02 3.41876745e-02 2.19962597e-02
-1.85109358e-02 6.90821093e-03 -6.71082502e-03 1.74044129e-02 -4.39969301e-02 -7.95193017e-03 -2.29620803e-02 -4.06793989e-02 -2.25682762e-02 4.67766933e-02 -3.47496793e-02 1.32613350e-03 -2.72405092e-02 -2.26902682e-02 -2.27549654e-02 -5.52599020e-02 1.81515720e-02 -4.01715599e-02 1.01583991e-02 -7.30038155e-03 -1.24717457e-02 4.41888496e-02 -2.77356431e-02 3.57242599e-02 -4.20225272e-03 -4.85816449e-02 4.84526269e-02 9.86415505e-01 -2.06833482e-02 -1.29928635e-02 3.11249029e-02 -2.80407723e-02
-7.61048868e-03 -2.40307115e-02 -6.56406209e-02 -1.05933156e-02 -3.03734280e-02 -5.49638760e-04 -1.87028833e-02 -2.10617241e-02 -4.88401912e-02 4.38028648e-02 -4.60457094e-02 1.66605916e-02 -2.51861960e-02 -1.87866669e-02 -2.16445737e-02 -6.07242286e-02 9.43773240e-03 -3.47065516e-02 3.47609594e-02 -9.25224740e-03 2.56643351e-02 5.50661087e-02 -2.59373095e-02 2.96805166e-02 3.26361246e-02 -3.37046236e-02 -1.71584599e-02 -3.97714874e-04 9.84176338e-01 1.97211727e-02 2.70798281e-02 -3.64445709e-02
-3.25401351e-02 -2.78342962e-02 -5.46299713e-03 -9.71035752e-03 -3.85673344e-02 -2.92084776e-02 -1.10751800e-02 -8.11161008e-03 -1.75313093e-02 1.99218635e-02 1.79555046e-03 -2.00294070e-02 -9.61864367e-03 -3.42130219e-03 -7.23836594e-04 -1.24240387e-02 2.69018137e-03 -1.36592390e-03 -3.51721309e-02 1.05493236e-02 3.61674204e-02 -1.19936012e-03 -1.11849252e-02 -2.49252170e-02 2.54488084e-03 -1.87570378e-02 -1.45035330e-02 8.55323952e-03 -2.56949738e-02 9.94622886e-01 -6.42952695e-03 -1.06746610e-02
9.35847592e-03 7.77069421e-04 -7.01881479e-04 -1.20073278e-02 -2.53697801e-02 -8.42487812e-03 -1.74763938e-03 1.87261421e-02 1.51998475e-02 -1.35464342e-02 2.80629843e-02 -1.75804626e-02 1.74903218e-02 3.09739821e-02 6.51269685e-03 2.87036318e-02 -9.19166766e-03 3.29402722e-02 -3.87405348e-03 1.07702976e-02 -2.80865096e-03 -2.06626188e-02 3.30888852e-02 -2.92491913e-02 -1.50113907e-02 1.56072807e-02 -3.40452753e-02 -1.94996484e-02 -1.66332405e-02 5.57130529e-03 9.94412363e-01 1.40870130e-02
-1.32722091e-02 -7.10129039e-03 -1.66479293e-02 1.08335409e-02 -1.15980310e-02 7.13133067e-03 3.37265502e-03 -1.80354659e-02 4.11956478e-03 -6.78064628e-03 1.41796209e-02 -9.39680450e-03 -2.20048521e-03 -2.63539553e-02 -4.30719275e-03 1.14235217e-02 -2.79083401e-02 -1.06299799e-02 -1.65268742e-02 -3.01729143e-02 -4.72388193e-02 2.98075732e-02 4.10913043e-02 1.84026510e-02 3.06947641e-02 -4.71762288e-03 -1.87206771e-02 2.81185452e-02 3.51168513e-02 1.23289395e-02 -1.28935091e-02 9.93366361e-01
