4 4 8 32 16
-1.640316e-03 -9.444071e-02 -5.502333e-02 -5.462590e-02 -1.039026e-02 -4.027032e-02 3.574324e-01 -1.655165e-01
-8.134101e-02 1.324057e-01 -1.578532e-01 2.704831e-01 -2.650099e-02 -5.331312e-02 -1.643712e-01 -1.211281e-01
-6.429522e-02 -1.336348e-02 -2.328859e-02 1.675398e-01 -1.130603e-01 5.171427e-03 -1.606882e-01 -2.015429e-01
1.473462e-01 5.570862e-01 -1.010154e-01 2.911631e-02 2.687301e-01 7.464036e-02 2.758876e-01 -2.550798e-02
-1.105908e-01 1.835524e-01 -9.820757e-02 3.937581e-02 -1.635973e-01 3.739787e-01 3.022184e-01 -1.490299e-01
-3.099733e-02 -2.968925e-03 -1.697092e-01 3.165685e-01 -1.647566e-01 -4.531113e-02 -5.717319e-02 -6.096436e-02
-4.835127e-02 -2.002878e-02 -1.098950e-01 2.570664e-01 -2.178042e-02 -8.624083e-02 -2.002513e-01 -1.893919e-01
-2.798728e-02 8.754335e-02 -1.200181e-01 -8.858066e-02 -4.065344e-02 6.285185e-02 3.945206e-01 -8.210416e-02
-1.115713e-01 -6.598492e-02 -1.956176e-01 -2.189434e-01 1.511602e-01 9.632874e-02 5.503193e-01 -1.613469e-01
-8.415166e-02 -1.161421e-01 -6.245369e-02 1.443301e-01 -1.533380e-01 -9.162677e-02 -1.355893e-01 -1.728341e-01
2.488056e-01 6.397267e-02 -7.058784e-02 -1.614987e-01 4.589647e-01 1.415609e-01 3.993270e-01 -7.601935e-02
-3.817189e-02 -7.368907e-02 -9.133817e-02 1.451501e-01 -8.647073e-02 3.230165e-01 1.514477e-01 -7.289431e-02
-5.884126e-02 4.482653e-01 -2.086006e-02 3.208933e-01 -8.993247e-02 -7.185190e-02 -2.066080e-01 -7.896930e-02
2.797348e-01 2.585450e-01 -1.615380e-01 2.205648e-02 2.078909e-01 1.386175e-01 2.786902e-01 -1.158273e-01
-8.725491e-02 -1.716808e-01 1.871184e-01 5.601905e-02 -1.196062e-01 -3.405967e-03 -7.373183e-02 -2.055976e-01
-1.412612e-01 -6.697729e-02 -5.205685e-02 -2.259135e-01 9.020805e-02 -1.341913e-02 -1.101530e-01 -1.260123e-01
9.542267e-02 -5.485575e-02 -2.363437e-01 2.616407e-01 2.426496e-03 -2.587795e-01 3.335647e-01 -1.306961e-01
3.695914e-01 7.731197e-02 -2.168925e-01 -2.038335e-01 -1.997333e-01 -1.145246e-01 -7.255471e-02 -2.295213e-01
1.533800e-01 5.717951e-03 -2.379440e-01 -2.687489e-01 6.898269e-02 2.326414e-01 -3.002046e-01 7.273345e-02
3.288792e-01 1.712684e-02 -6.301560e-02 6.611683e-02 -3.632703e-02 -1.593950e-01 -2.094380e-01 3.965315e-01
-2.477825e-01 -4.014289e-02 -1.093015e-01 -1.413962e-01 -7.113194e-02 -6.427409e-02 6.204865e-01 -7.231161e-02
4.337360e-01 -3.105552e-02 -1.747051e-01 -7.890356e-02 -6.249128e-02 -1.922576e-01 -8.185159e-02 1.843380e-01
-1.161148e-01 -2.266479e-03 -1.769514e-01 -6.610625e-03 9.678167e-02 -1.754047e-01 1.052352e-01 -2.065204e-01
-2.898475e-03 -1.330413e-02 -3.153498e-01 -1.264903e-01 -3.116000e-01 -4.674098e-02 3.028454e-01 -1.399583e-01
-1.151176e-01 3.688220e-01 -9.937425e-02 2.679436e-01 -3.387410e-04 -2.236002e-01 -1.367176e-01 7.379301e-02
9.111185e-02 -6.756721e-02 -1.887943e-01 -6.104650e-02 1.281396e-01 -1.626202e-01 -1.318931e-01 -1.375902e-01
8.668686e-02 -3.494619e-02 -3.750791e-01 -4.101900e-02 -3.980195e-01 -1.819786e-02 8.733580e-02 -2.397031e-01
1.628582e-01 5.119596e-02 -3.100739e-01 -1.008245e-01 -1.287315e-01 -1.581654e-01 -6.137544e-02 5.427547e-02
1.111955e-01 -1.282900e-01 -2.421001e-01 8.459254e-02 -1.166532e-01 -1.939366e-01 6.941282e-01 1.470521e-02
-1.222641e-01 -7.045999e-02 -1.966332e-01 -1.626133e-01 1.266517e-01 1.771049e-01 -2.110466e-01 -1.266978e-01
1.749944e-01 -1.306214e-01 -2.446021e-01 -2.231376e-01 5.352017e-02 -1.751738e-01 -5.117974e-03 -4.493306e-02
5.449595e-01 -5.670824e-02 -1.784935e-01 -1.566146e-01 -2.011724e-01 -1.830698e-01 -5.062745e-02 1.429154e-02
-2.052419e-01 -2.468410e-01 1.313876e-02 -9.361989e-02 3.007462e-01 -1.076803e-01 -1.833652e-01 -1.291317e-01
6.991894e-01 -1.996369e-01 3.031560e-01 -4.603443e-02 7.050483e-02 -1.359843e-01 -4.259224e-02 9.320319e-03
-3.743502e-01 -2.320816e-01 2.691007e-01 -1.651709e-01 -8.979601e-02 -1.061000e-01 -1.941981e-01 1.403591e-01
-4.516557e-02 -1.277849e-01 -2.187480e-02 3.456416e-01 2.995114e-01 3.911891e-01 -2.388873e-01 9.799483e-03
3.764967e-01 -4.558993e-01 -4.656705e-02 -3.618100e-02 1.856901e-01 5.566093e-02 2.878679e-01 6.358124e-02
-2.785561e-01 -2.137800e-02 4.426827e-01 1.032732e-01 -1.938829e-01 -5.687746e-02 -3.835264e-01 1.877840e-02
-4.795680e-02 -1.062772e-01 -1.254276e-01 3.205533e-01 4.169073e-01 -1.341567e-01 -1.953484e-01 -4.855345e-02
-3.429216e-01 -1.430715e-01 2.872529e-02 7.629003e-02 2.486610e-01 -2.247041e-01 -2.881665e-01 -9.744854e-02
-2.480996e-01 -1.751305e-01 2.798925e-01 -1.759880e-02 3.753429e-02 -2.624401e-01 -2.481357e-01 1.910914e-02
-2.307469e-01 -3.272821e-01 -1.408088e-01 -3.743980e-02 1.516800e-01 2.665634e-01 -2.165448e-02 4.628814e-02
-2.916016e-01 -1.254881e-01 -1.122471e-01 2.801121e-02 3.168436e-01 8.024254e-02 -8.628806e-02 1.357167e-01
-2.593872e-01 -3.363681e-01 3.326209e-02 -1.071576e-01 4.039838e-02 -1.190070e-01 -1.901322e-01 -7.659759e-02
-6.797553e-02 -1.151361e-01 -1.496085e-01 -1.008462e-01 3.450213e-01 2.241508e-01 -9.883730e-02 1.153666e-01
4.622872e-01 -2.916974e-01 3.431024e-01 1.343905e-01 1.575563e-01 -2.066147e-01 1.274081e-02 -1.530012e-01
-2.241200e-01 -1.501981e-01 -2.184741e-01 -2.473763e-01 2.498917e-01 1.494545e-01 7.917938e-02 2.519607e-01
-1.224320e-01 -1.614242e-01 -8.832594e-02 4.159606e-02 3.966925e-01 1.541703e-01 -1.554589e-01 -3.412602e-02
3.452227e-02 1.061001e-01 2.535774e-01 -1.372851e-01 3.659367e-01 8.381862e-03 -9.449174e-02 1.880787e-01
4.010961e-01 -6.316525e-02 -2.238654e-01 4.773563e-01 3.973108e-01 6.670291e-02 -1.333784e-01 -3.132065e-01
1.977370e-01 -3.328187e-01 6.465565e-02 2.308864e-01 2.295499e-02 -3.217529e-02 -6.974564e-02 1.215732e-02
1.832592e-02 -2.772202e-01 3.014283e-01 -1.309513e-02 -1.018359e-02 -1.080728e-02 -7.630038e-02 -1.318896e-01
-3.799084e-03 -2.185467e-01 3.583681e-01 -7.945035e-02 5.405672e-01 -1.847799e-01 -1.424097e-01 -9.181421e-02
3.478732e-01 1.410158e-01 1.502642e-01 3.664633e-01 2.635739e-01 1.727203e-01 -1.279709e-01 1.983442e-01
6.684150e-01 -1.605012e-01 -1.315157e-01 -1.467705e-02 -1.487758e-01 1.307040e-01 1.289140e-01 -1.721253e-01
3.938476e-02 -1.240013e-01 3.927262e-01 1.700861e-01 3.371609e-01 -5.583809e-02 8.828628e-03 -5.270287e-02
3.319271e-01 -2.475834e-01 -4.474359e-02 -9.525199e-02 -5.779563e-02 1.243251e-01 -1.710560e-01 -1.221547e-01
2.052316e-01 -7.834518e-02 1.031641e-01 3.770241e-01 5.360959e-01 7.627044e-02 2.417401e-04 -1.038752e-01
4.822752e-01 -1.642424e-01 -3.992088e-02 4.073877e-01 2.083959e-01 1.435066e-01 -1.247774e-01 -1.741980e-01
5.153223e-02 -7.956120e-03 1.963926e-01 -5.919288e-02 -1.906010e-02 1.276561e-02 -1.479173e-01 5.121216e-01
4.709783e-01 -1.486055e-01 1.243442e-01 -5.398646e-02 -1.047411e-01 2.187306e-02 2.536968e-01 1.849522e-02
2.880811e-03 -2.653334e-01 2.823454e-01 1.378202e-01 2.452894e-02 -4.441958e-03 -2.524289e-03 1.267415e-01
5.689666e-02 -2.403381e-01 2.822245e-01 -8.741087e-02 2.175977e-01 -2.508793e-02 -2.336927e-01 -2.195073e-02
3.342421e-01 -1.442358e-01 8.060637e-02 4.750471e-01 3.510274e-01 -4.492671e-02 4.709903e-02 -1.297952e-01
-1.422388e-01 -1.082193e-02 -8.928558e-02 -1.183750e-01 -4.559306e-03 -1.017192e-01 -1.176153e-01 -2.015397e-02
-3.232999e-02 4.265216e-02 1.033314e-01 2.094112e-01 -6.323808e-02 -6.774148e-03 -1.306511e-01 -1.122544e-01
-3.314225e-02 -3.811384e-04 -6.914286e-02 -4.529965e-02 6.326413e-02 -2.572942e-02 3.454801e-01 -7.927593e-02
-2.174670e-02 2.378514e-01 -1.559336e-01 3.385399e-02 -1.817551e-01 3.523281e-01 2.157606e-01 -8.735899e-02
-1.227552e-01 2.704021e-01 -1.349398e-01 3.495685e-01 -4.608743e-03 -3.332196e-02 -1.805010e-01 -1.043485e-01
-1.680098e-03 1.341141e-01 -1.313903e-01 3.053861e-02 2.193266e-01 1.914605e-03 3.972045e-01 -5.842695e-02
-1.090990e-01 -1.061713e-01 1.785230e-02 1.081413e-01 -4.122164e-02 -4.254378e-02 -1.281638e-01 -6.496554e-02
-1.233268e-01 2.642970e-02 -6.398427e-02 -6.736525e-03 -1.672267e-01 2.827824e-01 2.777700e-01 -6.938560e-02
-1.199833e-01 2.688773e-02 -6.434436e-02 2.515056e-01 -6.421674e-02 -5.998312e-02 -1.313411e-01 -8.084119e-02
-1.502498e-01 -1.688683e-01 2.067328e-02 -5.282406e-02 -9.204178e-02 2.654591e-01 2.412716e-01 -9.487322e-02
1.505820e-01 5.767510e-02 -6.128538e-02 1.438688e-02 1.039586e-01 2.273766e-01 1.960836e-01 -1.108637e-01
-1.137169e-01 -1.359621e-01 1.632984e-01 1.101894e-01 -6.963234e-02 -1.783841e-02 -8.052628e-02 -4.407278e-02
-7.193721e-02 -1.400085e-01 8.222763e-02 -4.509465e-02 1.465097e-01 7.162536e-03 4.693025e-01 -1.864222e-02
-7.392810e-02 1.246844e-01 -9.217186e-02 2.233744e-01 3.182027e-02 -2.924224e-02 -2.129285e-01 -1.401317e-01
6.553278e-02 3.994837e-01 -1.577868e-01 -3.430113e-02 1.047818e-01 9.335236e-02 2.668662e-01 -5.719726e-02
1.283923e-01 -6.599668e-03 -4.015673e-02 4.251701e-02 3.202134e-01 8.843203e-02 2.240753e-01 9.220893e-03
-1.494123e-01 2.634781e-01 7.485667e-02 4.620614e-01 -2.105612e-02 -8.676367e-02 -1.479264e-01 1.309672e-02
1.821593e-01 -3.206974e-02 -1.415762e-01 -1.218613e-01 -1.189592e-01 -7.218345e-02 -3.723806e-02 -1.731506e-02
-6.343551e-03 -7.051163e-02 -2.656456e-01 6.351243e-02 -1.613237e-01 -3.866814e-02 1.208577e-01 -1.953259e-01
-6.884935e-02 -7.100571e-02 -1.316751e-01 -1.249663e-01 6.810030e-02 -9.493168e-02 -5.533818e-02 -1.455316e-01
6.767977e-02 -1.048383e-01 -1.797428e-01 1.300796e-01 -1.681359e-01 -1.101324e-01 3.142324e-01 -7.528437e-02
3.058049e-01 -1.219321e-01 -7.768152e-02 -4.387963e-02 2.113512e-02 -1.176244e-01 -7.782678e-02 1.924607e-01
1.321462e-01 -1.611507e-01 -3.371213e-02 -8.148980e-03 3.050005e-02 1.437081e-01 -1.076199e-01 1.085139e-01
-7.675072e-02 -6.543071e-02 -2.925581e-01 1.097344e-02 -2.064599e-01 -6.028377e-02 3.225289e-01 -1.752679e-01
5.838859e-02 -1.996374e-01 -6.801702e-02 1.362139e-01 -1.107078e-01 -1.295382e-01 3.971080e-01 9.212394e-02
-2.089348e-02 -7.249182e-02 7.559485e-03 -6.652999e-02 3.566871e-02 1.843972e-01 -1.078450e-01 -9.771295e-02
2.888217e-01 -7.587359e-02 -1.213817e-01 -1.191974e-01 -1.582458e-01 -1.363107e-01 -6.812648e-02 1.274151e-01
3.746918e-01 1.952737e-02 -1.233556e-01 -1.145301e-01 -2.013388e-01 -8.705854e-02 -9.991989e-02 -1.206179e-01
3.851743e-01 -5.441961e-02 -7.014507e-02 -1.096522e-01 -1.151131e-01 -9.131777e-02 -5.829865e-02 -1.726465e-02
-1.408291e-01 4.671454e-01 -2.351556e-02 9.527472e-02 -2.884337e-02 -9.946763e-02 1.194458e-03 6.807537e-02
1.167973e-01 2.346431e-02 -1.356768e-01 -1.563513e-01 -8.618514e-02 8.335840e-03 -7.089414e-02 -1.241321e-01
5.506806e-02 -1.782517e-01 -8.246623e-02 1.175406e-02 1.352204e-01 -9.669928e-02 -4.831274e-02 9.178683e-02
3.432355e-01 -1.664804e-01 3.070149e-01 1.413423e-01 8.515768e-02 -1.281044e-02 4.682158e-02 -5.865853e-02
-1.455782e-01 -9.891748e-02 -1.007632e-01 1.622750e-01 3.651787e-01 9.331553e-02 -9.427515e-02 -4.771581e-02
-1.730599e-01 -1.167723e-01 2.601514e-01 -7.141010e-02 -8.057003e-02 -1.684397e-01 -1.611603e-01 5.118571e-02
-9.680962e-02 2.048670e-02 -2.214628e-01 -1.022978e-02 3.065871e-01 2.138377e-01 8.288950e-02 -2.221685e-02
5.836884e-01 -6.955360e-02 2.195187e-01 -7.914818e-02 -8.536428e-02 -6.639500e-02 1.578708e-01 1.892596e-03
-2.032148e-01 -2.764585e-01 1.434903e-02 -4.376862e-02 -5.512537e-02 -1.283454e-01 -1.928198e-01 -8.866772e-03
3.741916e-01 -2.935078e-01 6.531177e-02 -1.265865e-01 8.533986e-02 1.310992e-02 1.891485e-01 6.598987e-02
-2.543231e-01 -6.458190e-02 2.046959e-02 2.711354e-02 2.224131e-01 -1.434343e-01 -1.205448e-01 1.885743e-02
-1.968274e-01 5.152185e-03 -1.212485e-01 -5.375416e-03 2.734818e-01 7.535969e-02 -3.590205e-04 5.501765e-02
-2.584325e-01 -6.028040e-02 -1.558747e-02 -1.387578e-01 1.509945e-01 -3.929121e-02 5.651386e-03 5.051330e-02
-1.665762e-01 -5.796323e-02 -1.538617e-01 -1.896183e-01 1.780117e-01 1.511922e-01 1.378115e-01 8.947971e-02
-1.319445e-01 -4.153986e-03 2.088466e-01 6.004602e-02 -1.027824e-01 -4.893645e-02 -2.579434e-01 -1.215639e-01
-8.207866e-02 -8.531635e-02 -9.428461e-02 2.286618e-01 2.646988e-01 3.278414e-01 -1.158231e-01 -6.030488e-02
-1.509913e-01 -9.395503e-02 2.127393e-02 2.454380e-01 1.669059e-01 -2.958778e-02 -2.288081e-01 -8.871916e-02
-1.135355e-01 -3.341661e-02 3.978150e-01 9.863400e-02 -1.824067e-01 -2.458124e-02 -2.028148e-01 -5.885336e-03
-2.630596e-01 -9.715083e-02 1.014168e-01 -1.126306e-01 2.701748e-02 -8.094382e-02 -6.326304e-02 5.728852e-02
-5.016766e-02 4.870804e-02 9.872311e-02 -9.027968e-02 -5.914271e-02 4.643422e-02 -7.120177e-02 2.828535e-01
2.856855e-01 -1.289117e-01 1.976562e-02 3.409248e-01 2.598704e-01 -4.325809e-02 7.334629e-02 -2.081362e-01
-9.501758e-02 1.171351e-01 1.861053e-01 -9.875356e-02 3.435235e-01 2.640764e-02 -8.817408e-02 6.906182e-02
2.138574e-01 9.974455e-03 -7.023812e-02 -7.283375e-02 -6.006867e-02 -5.762056e-02 2.968695e-02 -3.740599e-02
4.588582e-03 -3.578794e-02 3.814302e-01 3.286306e-02 1.471395e-01 -4.052676e-02 5.214201e-02 -2.858822e-02
9.526595e-02 -1.501585e-01 7.157490e-02 3.258558e-01 3.105437e-01 -1.370312e-02 5.559404e-02 -7.762752e-02
-3.226487e-03 -8.390558e-02 2.752169e-01 1.388840e-01 3.734961e-01 -2.321388e-02 5.011860e-02 2.575321e-02
5.058058e-01 -9.738202e-02 -1.212931e-01 1.742204e-02 -1.255785e-01 1.091918e-02 1.447490e-01 -1.308039e-01
4.270572e-01 -1.006444e-02 -1.128694e-01 3.726354e-01 2.857224e-01 1.559178e-01 -3.156263e-02 -1.598594e-01
-2.146425e-02 -1.117087e-01 1.543323e-01 8.012486e-02 -3.181304e-02 7.772433e-03 -8.483848e-03 7.353199e-02
-8.096343e-02 -4.636256e-02 1.474082e-01 1.115145e-02 3.630059e-01 -8.494391e-02 3.512667e-02 -1.021027e-01
2.956184e-01 -6.240482e-02 -8.961132e-02 3.702640e-01 3.275023e-01 1.497891e-01 -6.364632e-02 -2.067176e-02
1.249915e-01 -1.586424e-01 5.205838e-03 2.732734e-01 -4.876607e-02 -1.079174e-01 8.485180e-02 6.943257e-03
-9.170026e-02 -7.197140e-02 1.314724e-01 -6.294385e-02 -3.341856e-02 -1.348583e-01 2.747962e-02 -1.968014e-02
1.551000e-01 5.949081e-02 -1.603187e-02 1.714351e-01 3.386274e-01 9.749469e-02 -1.242838e-01 6.328949e-02
3.628882e-01 -1.770446e-01 -2.130479e-02 3.638947e-01 9.543686e-02 1.115816e-01 4.981242e-02 -1.865982e-01
