32
3.82340580e-01 9.08858478e-02 2.73288637e-01 -2.14226648e-01 1.73680819e-04 2.57795364e-01 1.69425097e-03 1.67954102e-01 5.23538366e-02 -8.10278952e-02 1.15993522e-01 -1.82901639e-02 -1.88040242e-01 6.36141747e-02 -9.39114317e-02 -2.22791821e-01 1.57849491e-01 1.84683874e-01 1.23735957e-01 -9.99296736e-03 -2.70158015e-02 6.77240789e-02 -1.92520499e-01 -5.09644389e-01 2.28264257e-02 1.15145370e-03 1.52947633e-02 6.97504133e-02 -1.68779809e-02 3.03566754e-01 1.84806004e-01 2.41563544e-02
1.91297546e-01 3.56672734e-01 6.32534698e-02 -1.67987332e-01 -1.47514880e-01 -8.89732465e-02 -2.67319292e-01 5.42276390e-02 1.43564463e-01 4.67298366e-02 -1.80735052e-01 1.37092188e-01 2.49562606e-01 -6.43593073e-02 -4.20573577e-02 1.35479152e-01 -9.60428566e-02 -7.88233429e-02 1.79473296e-01 -2.62731999e-01 2.79172182e-01 -1.01588756e-01 5.00567555e-02 2.86360495e-02 4.49665397e-01 -5.58270216e-02 1.74547080e-02 -2.92782277e-01 -1.87676236e-01 3.83602194e-02 -4.40358594e-02 -2.92756874e-02
-6.20896332e-02 1.89273357e-01 5.62867522e-01 -1.15290463e-01 -1.49544209e-01 -1.27056977e-02 -9.78815928e-02 -2.72956610e-01 -7.48544931e-02 -7.31333578e-03 -2.20542952e-01 -1.66732967e-01 6.10255217e-03 -4.72645871e-02 2.74274617e-01 -8.68447300e-04 1.31620541e-01 -5.21996394e-02 4.82354313e-02 1.46411106e-01 2.59111226e-01 1.59213588e-01 1.13700517e-01 1.27242342e-01 -1.34845540e-01 -1.24108039e-01 7.96688348e-02 3.67854148e-01 8.23563561e-02 -5.15724416e-04 -1.23277828e-01 3.68185900e-02
-4.49719885e-03 1.92173526e-01 1.62803605e-02 6.70601368e-01 -6.93629608e-02 -3.87097001e-02 -1.98486790e-01 -2.59850770e-02 -1.34867460e-01 1.56707466e-01 -3.48775759e-02 -2.18454316e-01 2.93960162e-02 1.60640597e-01 -4.65628244e-02 2.73283515e-02 -1.16951242e-01 1.70875013e-01 1.79804340e-01 -2.86469489e-01 -1.57817960e-01 9.44082160e-03 -6.82527572e-02 -4.94072773e-02 -7.87595585e-02 -9.04414896e-03 1.07722610e-01 2.15688765e-01 -2.45323718e-01 1.61106810e-01 3.87291089e-02 -6.33343235e-02
2.24280264e-03 2.02235714e-01 -7.28703663e-02 2.91548699e-01 5.08026600e-01 -8.15505311e-02 2.19075099e-01 -6.94328323e-02 1.50960207e-03 5.09819482e-03 -1.35190591e-01 1.28365839e-02 9.96636972e-03 2.48866938e-02 -1.66702401e-02 7.43925720e-02 6.04015775e-02 -4.74630333e-02 -4.37912159e-02 2.63135254e-01 1.62448183e-01 8.61127600e-02 1.58599108e-01 -3.76812160e-01 2.33360201e-01 -9.66969579e-02 -1.28265679e-01 -1.54657941e-02 5.92424273e-02 1.13221489e-01 -3.65433544e-01 1.33620605e-01
-4.17983174e-01 1.33658126e-01 -1.56236202e-01 -3.90200764e-02 -1.01059854e-01 3.38663042e-01 -1.34486966e-02 1.00684293e-01 4.97346520e-02 -3.10800463e-01 -2.51547635e-01 -1.00138433e-01 -1.34252489e-01 -8.77853259e-02 -1.28298387e-01 -3.33688706e-01 -3.33528936e-01 6.50545731e-02 -4.26784419e-02 -5.76156788e-02 -1.40911005e-02 5.59192002e-02 7.78284967e-02 -1.35767274e-02 1.28588840e-01 -3.92434210e-01 2.03613713e-02 4.80044298e-02 2.76590195e-02 2.16466971e-02 2.91031059e-02 1.21800840e-01
8.05784613e-02 -2.84393318e-02 -3.34246717e-02 8.13351423e-02 -2.89988339e-01 -2.38823965e-02 6.15643322e-01 -8.65305662e-02 1.63619127e-02 1.68000430e-01 -6.12002201e-02 -7.70480856e-02 -4.19472419e-02 -2.34440774e-01 1.54155925e-01 1.54497042e-01 8.74319151e-02 2.51295418e-01 1.13920346e-01 -1.01244085e-01 3.11218090e-02 5.99036254e-02 6.53180927e-02 1.21677957e-01 3.03519395e-04 -2.02923596e-01 -7.81473592e-02 -2.20049337e-01 -4.72143851e-02 2.26339325e-01 1.56299815e-01 2.82883048e-01
-1.05933093e-01 1.03240468e-01 3.82425971e-02 2.33874217e-01 -1.98743954e-01 -1.66220710e-01 1.67925388e-01 5.86024523e-01 -4.40323837e-02 -9.41533409e-03 -4.19418141e-03 1.06921837e-01 -1.09930195e-01 1.86579913e-01 1.15233049e-01 -1.81775942e-01 3.16935956e-01 -5.17867170e-02 -2.10377306e-01 3.02985199e-02 2.92141914e-01 -1.71312749e-01 -1.78157240e-02 1.19195342e-01 1.15645461e-01 -5.79575039e-02 6.15542307e-02 5.47071919e-02 1.41713768e-01 4.10895050e-02 4.05553207e-02 -2.28156447e-01
-1.88930050e-01 -1.80306919e-02 -1.19538521e-02 7.42745446e-03 -2.59146452e-01 -2.58977234e-01 -5.68676740e-02 -1.20922275e-01 5.37639976e-01 -1.64652452e-01 -4.62362356e-03 5.63139282e-02 9.37268659e-02 1.55059725e-01 1.73403844e-01 -6.56703906e-03 4.90945280e-02 8.15599486e-02 -2.35638723e-01 1.07976645e-01 -2.30884269e-01 4.90446426e-02 2.05248117e-01 -1.77986950e-01 1.40979648e-01 1.95628867e-01 -2.21919030e-01 1.65870339e-01 -1.93922982e-01 1.88163042e-01 1.22248210e-01 2.77639087e-02
-2.96077188e-02 -2.37821862e-01 -1.11606129e-01 1.04052037e-01 -1.28541468e-02 4.73730892e-01 -2.89649457e-01 2.22755107e-03 9.92858931e-02 4.11370844e-01 3.85632366e-02 -1.86147287e-01 -4.63528521e-02 -1.29893035e-01 1.11884192e-01 -8.26077163e-02 1.64505690e-01 -1.61813155e-01 -2.51717001e-01 8.65413994e-02 2.44334951e-01 1.39976501e-01 1.09693073e-01 6.20232038e-02 3.95113453e-02 5.06700911e-02 -1.07273564e-01 -1.50428265e-01 -1.98988065e-01 2.42062643e-01 -1.86693929e-02 -3.37028876e-02
-1.53896987e-01 2.53240168e-01 -2.97950115e-02 -1.66973695e-02 -1.06194690e-01 -2.72563705e-03 -7.69038626e-04 -8.82069767e-02 1.77590176e-01 3.01489029e-02 7.29850352e-01 -7.73303807e-02 -1.42238110e-01 7.02153519e-02 -5.38110062e-02 2.17539862e-01 -8.24968293e-02 -2.35492811e-01 -4.92104329e-02 -1.19457155e-01 1.07438020e-01 7.31778741e-02 1.56230282e-03 -2.75621004e-02 2.66516991e-02 -1.72055438e-01 1.99218541e-01 4.02489975e-02 1.93977505e-01 9.76135805e-02 -8.37671086e-02 1.51837289e-01
1.55953884e-01 -5.96808530e-02 -2.55646388e-04 2.27752164e-01 -1.46006480e-01 2.91107774e-01 1.06790952e-01 -1.37532339e-01 2.15604529e-01 7.65878409e-02 -2.03719303e-01 5.17552614e-01 8.42801332e-02 3.33687477e-03 2.31805146e-02 2.04468042e-01 -2.38095820e-01 -2.44189743e-02 -1.93431810e-01 3.60385068e-02 7.03832805e-02 1.31047517e-01 -9.48969498e-02 -1.33283585e-01 -7.18546361e-02 -1.90203153e-02 3.35159212e-01 9.36466902e-02 2.44400412e-01 -3.12245823e-02 8.22201967e-02 -1.83579713e-01
1.75842032e-01 2.11631462e-01 7.34105110e-02 1.03537783e-01 5.22111244e-02 1.12448663e-01 5.63299507e-02 9.90623161e-02 1.92132682e-01 7.51185641e-02 2.62480646e-01 1.05552308e-01 3.31240416e-01 1.50512725e-01 4.14370839e-03 -3.11224997e-01 -6.41799644e-02 1.86210290e-01 7.05266967e-02 9.57670137e-02 6.48934990e-02 2.26788178e-01 2.61040419e-01 9.65331867e-02 -2.98524261e-01 -1.81540996e-01 -2.33340517e-01 -1.30005598e-01 -9.13598537e-02 -3.70707691e-01 3.56737897e-02 -3.83120142e-02
7.61917010e-02 -2.27618873e-01 -1.19188940e-03 6.27300143e-02 -8.69321153e-02 -3.95718776e-02 -7.22352043e-02 -3.46549340e-02 2.42831588e-01 7.23917317e-03 -1.90332308e-01 -1.81784779e-01 -2.54901629e-02 3.83831382e-01 1.13260165e-01 -1.66456718e-02 1.51356041e-01 -1.70977369e-01 -8.07758607e-03 -1.74654424e-02 3.33143771e-02 -1.96222156e-01 -2.20921174e-01 -1.95977867e-01 -1.29469320e-01 -2.74638385e-01 2.14341745e-01 -2.14918107e-01 -9.91782248e-02 -3.15306365e-01 -7.77007267e-02 3.93168747e-01
-1.88656189e-02 2.92481221e-02 -3.93782198e-01 -5.42200282e-02 8.29782560e-02 1.17587857e-01 -7.45628402e-02 -2.64156967e-01 -1.15344241e-01 -9.40504372e-02 1.23688586e-01 -5.60446307e-02 -4.28731041e-03 1.94576293e-01 4.97198433e-01 -4.66373414e-02 1.23411968e-01 3.33684802e-01 2.13605836e-01 7.36255124e-02 1.77372679e-01 -8.03323649e-03 -1.91574302e-02 -2.45221145e-02 2.86192864e-01 1.99267063e-02 1.62523374e-01 4.63034175e-02 9.58846211e-02 -1.41912296e-01 2.12152287e-01 -1.46844730e-01
-8.37729722e-02 -2.27876492e-02 1.08593203e-01 -1.60537452e-01 1.61986887e-01 6.99430853e-02 -2.04636715e-02 4.01407719e-01 -2.52035022e-01 -3.55825620e-03 5.64561747e-02 6.62483126e-02 7.94684142e-02 1.88289490e-02 3.86354715e-01 4.38558906e-01 -1.63853794e-01 2.28284728e-02 -2.25573257e-01 -4.58973832e-02 -1.41051650e-01 1.56938776e-01 1.94772985e-02 -1.45828202e-01 7.41050765e-03 -2.12286741e-01 -3.45373852e-03 9.15559530e-02 -3.41639698e-01 -9.79287699e-02 1.08369753e-01 6.88406974e-02
-8.59144330e-02 -9.74193811e-02 -4.28675786e-02 -4.43720818e-02 2.47180462e-01 1.20731527e-02 3.53588983e-02 1.23909742e-01 3.45043480e-01 -1.35693043e-01 -8.11178461e-02 -1.99368656e-01 1.29190028e-01 -1.39409706e-01 -3.01486850e-01 2.34662205e-01 4.42815483e-01 1.31492808e-01 9.16444585e-02 -1.25374153e-01 -2.53108274e-02 2.96689361e-01 5.85162416e-02 1.20020561e-01 2.34218612e-02 -1.26971558e-01 3.28761101e-01 1.04284137e-01 -6.50107563e-02 -7.72089511e-02 7.10241199e-02 -2.01850608e-01
-2.53728777e-01 -1.50767341e-01 2.67289281e-01 -1.91681739e-02 1.06541120e-01 6.04676735e-03 -2.12364271e-01 6.66580126e-02 1.55491188e-01 2.88505554e-01 5.98994195e-02 2.77492881e-01 -2.08739817e-01 8.72936398e-02 -5.33697158e-02 7.10541829e-02 -4.24907915e-03 5.68659842e-01 7.20716044e-02 3.17995548e-02 -6.08469173e-02 -6.54196590e-02 -1.48605838e-01 1.71502084e-01 1.57373205e-01 -7.60340020e-02 -7.07110390e-02 -5.56229763e-02 1.26556680e-01 -6.22365111e-03 -2.63806254e-01 1.40323997e-01
7.41478503e-02 -3.12663317e-01 -1.36381000e-01 6.24208376e-02 -7.35789463e-02 -3.69876884e-02 -8.55540261e-02 3.01414192e-01 1.46514609e-01 4.06399481e-02 4.26837429e-02 1.58534825e-01 -1.35570476e-02 -1.38004526e-01 1.34404778e-01 -6.36984408e-03 -1.03776738e-01 -2.46489123e-01 6.42928958e-01 1.78826287e-01 1.88488362e-03 5.75857796e-03 1.81380078e-01 -6.96624070e-03 2.19358392e-02 -8.28083754e-02 -1.29993679e-02 3.12959492e-01 2.47509591e-02 7.96976835e-02 -6.92732185e-02 1.21767052e-01
2.36060008e-01 3.18928242e-01 -4.26216610e-02 3.29569243e-02 -4.15221862e-02 1.40647471e-01 -4.35840748e-02 1.43055379e-01 1.57694489e-01 -2.04746481e-02 -1.57671809e-01 -2.43750900e-01 -3.85852605e-01 1.90299898e-01 -3.19909602e-02 3.17503303e-01 -1.20587163e-01 -4.04543690e-02 6.34183139e-02 4.38343287e-01 -2.08358631e-01 5.32277338e-02 -1.39409536e-03 2.93269306e-01 4.41253707e-02 9.03360248e-02 -8.10310170e-02 -1.17129385e-01 7.27736279e-02 -6.73711672e-02 1.10313244e-01 -4.79711704e-02
3.98208527e-03 -2.29390040e-01 -8.93532708e-02 -5.03971335e-03 -1.72546640e-01 -3.31284553e-02 -8.89618099e-02 1.27724797e-01 -6.58990964e-02 -3.38759422e-01 5.73544763e-04 -1.95206642e-01 1.99343622e-01 2.04405397e-01 -1.41082317e-01 2.80301958e-01 -2.09344015e-01 2.63316751e-01 1.77549664e-02 8.04269016e-02 4.72600073e-01 1.36533633e-01 -7.55544901e-02 -4.97053526e-02 -2.36676365e-01 1.21939227e-01 -1.50047883e-01 -8.46881196e-02 1.01017967e-01 2.11952314e-01 -1.45198688e-01 1.26456944e-02
-2.48569548e-02 9.06931162e-02 -4.76770774e-02 -7.74046853e-02 1.47560686e-01 -1.42637938e-01 -4.60436344e-02 1.77565381e-01 9.52836424e-02 2.27708127e-02 -1.60718933e-01 -2.64303479e-03 -1.93493694e-01 5.34608550e-02 3.24899942e-01 -1.76108479e-01 -9.88688394e-02 -1.42183732e-02 4.04254571e-02 -3.46646100e-01 -6.63126260e-02 3.84757459e-01 1.71808183e-01 4.38148808e-03 -2.18158424e-01 3.37450653e-01 2.37405762e-01 -2.69810170e-01 2.06056401e-01 1.19975299e-01 -1.45906925e-01 1.10910691e-01
1.84341669e-01 -6.77252188e-02 -1.20271735e-01 -6.27609342e-02 -3.20128240e-02 -2.46018693e-01 -1.99898794e-01 -1.28507003e-01 -1.90407544e-01 -4.18645255e-02 4.79849940e-03 2.25481883e-01 -3.43428075e-01 6.58436269e-02 -1.92915827e-01 -5.04097156e-03 3.32222134e-02 1.47941992e-01 -1.26260161e-01 1.29019290e-01 9.05393511e-02 -6.26965165e-02 5.10933936e-01 1.16366369e-03 -1.67817235e-01 -2.50421435e-01 2.75073081e-01 -6.68947101e-02 -2.32860729e-01 1.33763030e-01 6.86442852e-02 -2.63432949e-03
2.61567265e-01 -1.66034445e-01 1.52055010e-01 7.05697984e-02 4.02568460e-01 -1.38753164e-03 1.53331846e-01 -7.45927840e-02 2.25034222e-01 -2.70057827e-01 9.22149122e-02 1.24228308e-02 -7.39338621e-02 8.83687288e-02 1.42307892e-01 -1.52770832e-01 -2.58452654e-01 -5.14381565e-02 -1.12881489e-01 -1.18626684e-01 1.63828492e-01 -1.29744306e-01 -1.44726858e-01 4.42395836e-01 8.94714370e-02 -3.52313705e-02 5.29489405e-02 1.26479283e-01 -2.41337836e-01 2.25291029e-01 3.18967514e-02 3.20219137e-02
2.30416715e-01 -2.32523307e-01 6.63124993e-02 9.69924405e-02 -2.77408570e-01 -2.18765903e-02 2.38202307e-02 -3.36272269e-02 -2.62544632e-01 -1.51739225e-01 1.04033493e-01 6.78745378e-03 5.30386530e-02 1.36084273e-01 -7.34575614e-02 -1.47677645e-01 4.51639853e-02 -5.11289202e-02 -9.20929313e-02 5.38178459e-02 -2.31813729e-01 4.97127801e-01 -3.24345678e-02 1.32119268e-01 4.58589137e-01 -3.64097059e-02 8.52183700e-02 -4.37182933e-02 -2.53323168e-02 -7.83833936e-02 -2.87698895e-01 5.26478626e-02
-1.61079451e-01 -2.06920817e-01 3.66047353e-01 1.40192017e-01 2.86915936e-02 2.32576713e-01 1.73295826e-01 -1.34452097e-02 -5.99174760e-02 -7.69178569e-02 4.85240072e-02 -5.12960739e-02 -1.36453643e-01 1.73033521e-01 -1.44785121e-01 1.06740221e-01 -7.27265850e-02 -5.48988916e-02 1.26490936e-01 -1.54554740e-01 1.43042803e-01 -1.12560712e-01 4.44982320e-01 -1.04844950e-01 2.23322660e-01 3.47564667e-01 2.44832896e-02 -8.15826282e-02 -8.27245787e-03 -2.64518678e-01 2.30129659e-01 7.61950165e-02
-4.85867122e-03 -7.13775530e-02 1.23447075e-01 -1.07883275e-01 -1.86482761e-02 -9.88304392e-02 1.27463445e-01 1.27622455e-01 5.48882782e-02 2.37090230e-01 7.18879625e-02 -3.60132962e-01 2.95866102e-01 -8.01452324e-02 2.51859110e-02 -1.49072737e-01 -3.28938901e-01 1.55342013e-01 -6.23314939e-02 3.26680183e-01 -1.11321211e-01 -2.21699700e-01 1.15346812e-01 -9.03306752e-02 1.00073166e-01 5.41211218e-02 4.79053020e-01 -9.00173485e-02 1.96734425e-02 8.83383900e-02 -9.39936638e-02 -1.44706234e-01
-3.04081943e-02 2.07054898e-01 -2.21345916e-01 -2.03860432e-01 1.06235435e-02 1.61737487e-01 1.15604088e-01 7.95711055e-02 -1.08409874e-01 1.94257736e-01 -8.34846571e-02 1.37474924e-01 2.30817109e-01 2.84283787e-01 -2.16371715e-01 -4.12774719e-02 9.69106108e-02 3.26582603e-02 -5.05957194e-02 6.46970794e-02 5.51039837e-02 1.59384450e-03 9.26321745e-03 1.92934200e-01 9.81511432e-04 2.93165296e-01 1.84859201e-01 3.37808400e-01 -1.29752144e-01 8.70650783e-02 1.90819819e-02 4.95120317e-01
2.83938318e-01 -1.24304481e-01 -7.18411207e-02 -1.29071906e-01 5.97793795e-02 6.37720749e-02 -5.08452952e-02 2.20180787e-02 1.09355722e-03 1.51189268e-01 -1.01650283e-01 -1.90337732e-01 1.41043305e-01 2.45582521e-01 2.98950728e-03 8.52236226e-02 -6.25900086e-03 2.43066791e-02 -1.62851378e-01 -3.36500853e-01 -1.77977383e-01 -1.70638666e-01 3.24640870e-01 4.65470403e-02 8.17662403e-02 -2.50472337e-01 -2.21778989e-01 2.21304029e-01 4.74701315e-01 1.02999255e-01 -2.32694987e-02 -4.10972871e-02
-2.08446026e-01 3.24890837e-02 1.55719444e-01 4.75502685e-02 6.68767244e-02 2.42648259e-01 -3.27791311e-02 -6.29665926e-02 -1.25699610e-01 -2.32897133e-01 2.55375262e-02 1.90639809e-01 2.95260847e-01 2.48129323e-01 8.97789076e-02 5.96841611e-02 2.23547459e-01 -1.48720503e-01 1.94323927e-01 1.23312235e-01 -2.92707235e-01 -1.40818492e-01 8.12991112e-02 1.35887653e-01 -1.15877554e-01 -1.08964808e-01 8.19223598e-02 -3.50049138e-01 6.00805916e-02 4.19618100e-01 -5.45951212e-03 -5.72845154e-02
-1.23553507e-01 -9.64418799e-02 1.04413383e-01 4.21062931e-02 1.86563998e-01 -3.27042222e-01 -1.44448653e-01 -2.68639065e-02 -7.27763921e-02 2.03725025e-01 -5.86935431e-02 -6.40534190e-03 1.13015272e-01 1.02691390e-01 -1.29688799e-01 -8.72604772e-02 -1.21967465e-01 -1.32845223e-01 8.54948536e-03 1.48497537e-01 9.53106806e-02 3.00503224e-01 -1.42275169e-01 2.17479561e-02 1.22019097e-01 -1.47679538e-01 -4.34214249e-02 -1.00249954e-01 2.29363605e-01 1.17325760e-01 6.25673532e-01 1.41940907e-01
1.92098200e-01 6.03025332e-02 4.14740145e-02 2.88871706e-01 2.30468605e-02 3.93789895e-02 -3.12180996e-01 1.20084919e-01 -1.61404870e-02 -2.98108459e-01 9.19555649e-02 -1.07576046e-02 1.50043979e-01 -4.52102154e-01 9.18359011e-02 1.85072068e-02 1.30672023e-01 1.49886727e-01 -1.99210897e-01 7.44242966e-02 -5.99372387e-02 -1.61849454e-01 7.65335560e-02 5.44775762e-02 2.57507805e-02 1.08722091e-01 9.31858495e-02 -3.23980227e-02 2.48009861e-01 -7.95696303e-02 1.30152419e-01 4.43366796e-01
7.11242497e-01 1.68318599e-01 -5.96547946e-02 -7.28191957e-02 -2.14964934e-02 -1.18999453e-02 -6.02451265e-02 7.26728514e-02 -1.35691136e-01 -1.48386449e-01 -1.19326580e-02 -2.21241005e-02 9.29784998e-02 1.03421658e-01 -1.53998747e-01 1.56763911e-01 -1.46570250e-01 1.55591920e-01 2.26985365e-01 1.04822606e-01 -1.05173014e-01 -1.17016971e-01 -2.05596730e-01 -2.39797547e-01 -5.50552160e-02 9.26961824e-02 6.71969354e-02 -2.41017621e-02 -8.66382755e-03 2.87685432e-02 -2.50001222e-01 1.60874769e-01
-1.83164850e-01 7.74864793e-01 -2.51311902e-02 2.21487880e-03 -7.17113316e-02 1.31218120e-01 -6.69580474e-02 -7.97590539e-02 -2.30105400e-01 1.57356414e-03 -9.39191058e-02 1.15655467e-01 4.40693982e-02 -1.25057861e-01 -2.48220731e-02 -1.26697853e-01 -3.86399180e-02 2.33830109e-01 6.41254848e-03 -1.16285965e-01 1.35627821e-01 -2.04773322e-02 1.45700434e-02 -6.10586219e-02 2.17658162e-01 2.27618873e-01 -2.24470664e-02 8.20962712e-03 9.65965912e-02 1.35787157e-02 1.33946806e-01 -5.56205623e-02
-7.01676533e-02 -3.33775617e-02 6.55370831e-01 -1.53913172e-02 3.43239829e-02 -8.37020278e-02 -6.20728135e-02 5.72224781e-02 -1.68711692e-01 -4.37611677e-02 -1.88045412e-01 -1.61586329e-01 1.65432066e-01 9.03867111e-02 -1.87797900e-02 7.88358897e-02 -8.59611407e-02 -1.10476976e-02 -1.95777357e-01 7.73981959e-02 2.75415361e-01 7.54584819e-02 -9.83890593e-02 -3.16324532e-01 1.23941191e-01 -2.06704512e-01 -1.68710887e-01 2.01881945e-01 2.98806597e-02 4.49579954e-02 -1.57378286e-01 -1.29762501e-01
-7.29931965e-02 8.27035308e-02 1.52729541e-01 7.09547997e-01 5.60959391e-02 1.08627416e-01 -2.80208094e-03 1.47446141e-01 1.37206346e-01 -1.51805757e-02 7.51376897e-02 1.01561937e-02 5.24447449e-02 -3.47299166e-02 1.17984623e-01 -8.07122141e-02 -1.50494603e-02 8.88740942e-02 1.16444863e-01 1.27014473e-01 -5.58121726e-02 -8.83314088e-02 6.86271265e-02 -2.17137143e-01 -1.10908195e-01 1.59119535e-02 9.53501184e-03 -2.30894849e-01 -2.88855821e-01 -3.45181525e-01 -7.66217932e-02 1.21482331e-02
-8.92673656e-02 1.94681466e-01 -1.15773305e-01 2.84102410e-02 8.16199005e-01 2.07467237e-03 -1.18452884e-01 7.01588765e-02 2.10992470e-02 -1.30171170e-02 -1.42483369e-01 -1.10650137e-01 -1.00465469e-01 -5.01251817e-02 -7.85664394e-02 1.92536831e-01 2.46200357e-02 -1.41956031e-01 8.77461489e-03 5.95708564e-02 -2.12683171e-01 5.46714738e-02 -4.74423915e-02 1.20883115e-01 8.49146098e-02 -2.75830943e-02 6.69903681e-03 1.50630102e-01 -4.00235429e-02 -5.91787882e-03 -1.86483935e-01 -9.58335176e-02
-1.56981453e-01 -1.47048622e-01 -7.18292743e-02 -2.79376246e-02 -7.87316263e-02 7.96335757e-01 -6.99718622e-03 5.82153052e-02 1.27437681e-01 -2.26688817e-01 -2.24252068e-03 -1.62961990e-01 5.88110946e-02 8.18253160e-02 5.13708889e-02 1.79454699e-01 -7.34810233e-02 1.32997498e-01 1.41832396e-01 3.36942188e-02 -8.12254772e-02 -9.69467461e-02 -7.38910660e-02 -4.62372005e-02 8.40091631e-02 -4.18433100e-02 -8.08189958e-02 4.46016677e-02 1.38803884e-01 1.74069867e-01 -1.85373612e-02 -1.72180817e-01
-1.99861676e-02 -1.11161629e-02 2.51968671e-02 -4.24381047e-02 1.07070535e-01 4.44472395e-03 8.88096452e-01 6.72089607e-02 -1.20096028e-01 1.44152436e-02 -1.58752903e-01 6.01283126e-02 -6.37654029e-03 -4.85291472e-03 1.73649024e-02 1.25328049e-01 -9.46556106e-02 1.64105162e-01 -1.91811007e-02 -1.87068451e-02 4.34558205e-02 -3.18572037e-02 2.22213995e-02 1.22228831e-01 1.87378156e-03 6.45992532e-02 -1.31215557e-01 -1.16075091e-01 6.68532848e-02 -1.22717388e-01 -1.52263239e-01 1.66648738e-02
-8.24772492e-02 5.21041527e-02 -2.02993512e-01 2.55572628e-02 -1.11670293e-01 -1.38398245e-01 -1.61411222e-02 7.41416216e-01 4.65363860e-02 -1.06704310e-01 -1.82415709e-01 -1.49781629e-01 -1.21854562e-02 5.24771698e-02 -3.30892671e-03 7.19926283e-02 6.70145527e-02 2.76607603e-01 -5.03270216e-02 -4.13429625e-02 9.17831883e-02 2.25913167e-01 1.27703786e-01 -2.26099067e-03 -1.24314822e-01 -1.03891544e-01 1.95334524e-01 1.93444237e-01 7.20415032e-03 7.51269013e-02 1.13581501e-01 9.07905996e-02
-8.53649601e-02 2.15910882e-01 -1.55148551e-01 -1.29622906e-01 -1.38725907e-01 -2.50018388e-02 5.81751354e-02 -2.38773935e-02 5.83843112e-01 1.53837770e-01 -2.10868903e-02 1.59024313e-01 2.33193219e-01 8.05570781e-02 1.08286202e-01 -1.06932953e-01 8.99528041e-02 -1.54564502e-02 -7.14758188e-02 1.62672564e-01 2.54229307e-02 1.47623137e-01 -1.22826591e-01 -5.52314818e-02 5.22136763e-02 -1.11191440e-02 -2.28737518e-01 1.68043837e-01 -1.45853311e-01 9.34778526e-02 -4.42060679e-01 1.33343652e-01
1.44117951e-01 1.44106641e-01 8.46437514e-02 1.38424262e-01 4.54604998e-02 -5.95610356e-03 1.27099440e-01 1.14901597e-02 2.52915353e-01 6.49896681e-01 1.36389107e-01 -9.56712589e-02 -4.29875739e-02 7.27167949e-02 3.37299518e-02 1.72832012e-01 -1.02172449e-01 2.55085416e-02 -6.08072709e-03 -1.49018809e-01 -1.27473950e-01 -5.42425849e-02 1.30334469e-02 -2.25254029e-01 -9.48077142e-02 -1.15034305e-01 1.36454582e-01 3.34847569e-02 3.07033777e-01 2.23330796e-01 2.00125918e-01 -1.78673118e-01
1.31510288e-01 1.13985300e-01 -4.14700247e-02 1.72808189e-02 1.37837484e-01 3.67685184e-02 6.06506243e-02 -9.66224913e-03 -7.30945319e-02 -1.66245565e-01 7.15407431e-01 1.44190550e-01 1.24200754e-01 8.85244235e-02 2.41602361e-02 1.70350686e-01 3.74369845e-02 1.48681924e-01 -1.60217777e-01 -1.19713448e-01 1.94309488e-01 1.44867435e-01 1.86804697e-01 1.01631828e-01 1.32439226e-01 -3.46994191e-01 -2.23841704e-02 4.14998569e-02 -1.17181793e-01 2.15542167e-02 -2.82296594e-02 -4.98844609e-02
2.56845832e-01 -1.17480375e-01 -1.10500276e-01 1.10465132e-01 4.07039560e-02 6.99940100e-02 -1.40509801e-02 7.56333917e-02 6.02779724e-02 -1.06106117e-01 -2.42300600e-01 6.61200643e-01 -1.02089625e-02 -1.05981171e-01 -9.43505391e-02 -9.76704881e-02 4.35162149e-03 -5.84715009e-02 -1.01740018e-01 1.12794407e-01 -2.57503614e-02 1.12938657e-01 1.28573179e-01 -1.48022130e-01 4.33642492e-02 -1.24895237e-01 -1.17531285e-01 1.39674485e-01 2.03733489e-01 -9.47924629e-02 1.45861581e-01 -3.76609266e-01
1.28054023e-01 -1.64652281e-02 -8.93996097e-03 7.39057958e-02 9.79328975e-02 8.08384866e-02 -5.11574075e-02 -1.60950646e-01 -4.86626625e-02 1.13670476e-01 -2.92067111e-01 -4.95967790e-02 7.32786894e-01 1.60312116e-01 8.20161924e-02 -7.87316263e-02 -4.22599539e-02 4.83126231e-02 6.57164603e-02 -7.66896009e-02 -1.01792021e-02 1.32764792e-02 1.47444919e-01 3.49670082e-01 -5.54389209e-02 -1.74064219e-01 1.37455672e-01 3.81976999e-02 1.42173432e-02 -9.70565975e-02 1.55347884e-01 9.16435644e-02
1.08575456e-01 8.53646174e-03 -4.24555056e-02 2.51919180e-01 -1.80082880e-02 8.31379963e-04 -9.57707614e-02 -1.68161929e-01 -1.90773122e-02 -7.21794665e-02 -1.43367290e-01 -9.95125808e-03 -3.54402840e-01 6.72060370e-01 1.98057905e-01 -8.17962661e-02 -6.97854459e-02 1.16632909e-01 -2.14549050e-01 -2.15436384e-01 1.54085681e-02 4.01975252e-02 1.11394309e-01 1.56557411e-01 -7.72353541e-03 1.33988678e-01 -9.50976610e-02 1.29541546e-01 1.22750908e-01 -2.05716919e-02 -1.62801623e-01 1.28170578e-02
6.78596795e-02 -7.32857361e-02 7.10351020e-02 2.65221205e-02 1.94248147e-02 -1.43354014e-01 4.57088202e-02 1.00774527e-01 -1.64243519e-01 -4.07119915e-02 1.99231226e-03 1.42411351e-01 4.22966629e-02 -8.28793570e-02 7.46752322e-01 -1.83162633e-02 5.40738702e-02 3.07473727e-02 1.35824010e-01 7.17402482e-03 -2.25426808e-01 -5.17415218e-02 -1.25834137e-01 6.69399789e-03 2.77823836e-01 8.45348537e-02 8.17235634e-02 8.81282091e-02 -1.62939876e-01 3.25648874e-01 4.36481573e-02 -1.02615975e-01
-1.89687628e-02 -3.12716551e-02 -2.69547343e-01 1.36529058e-01 -1.56571105e-01 -1.18994722e-02 -8.68595093e-02 -3.54088873e-01 -9.10581797e-02 7.38593489e-02 -3.05987328e-01 1.26057630e-03 -9.62994844e-02 -2.26562619e-01 1.31706432e-01 6.05895042e-01 3.93711925e-02 1.10945031e-01 -1.20583765e-01 -7.26585984e-02 1.17780015e-01 1.79760352e-01 1.99855585e-02 -1.48655728e-01 -1.93699654e-02 -1.95348203e-01 -1.37883509e-02 -6.54687285e-02 -2.05110565e-01 -2.63073156e-03 -2.79273987e-02 9.54910666e-02
1.64541885e-01 1.26251671e-02 9.67074037e-02 5.17350063e-02 1.69133022e-02 8.82937238e-02 3.05498950e-02 -3.30990739e-02 -3.31763402e-02 2.12823320e-02 -1.57680102e-02 -1.01426058e-01 -1.71783641e-02 -7.68746734e-02 4.90970053e-02 -1.37591166e-02 9.03274059e-01 9.28358212e-02 1.94034521e-02 -5.95009960e-02 4.05158922e-02 -7.39720240e-02 -5.76095060e-02 2.89956364e-03 -2.25768536e-02 -1.05424337e-02 -3.53696905e-02 4.66059782e-02 2.57462472e-01 -1.16448589e-01 -7.55489692e-02 3.54134180e-02
8.03350657e-02 -1.67272747e-01 1.98831156e-01 -7.18664452e-02 9.26410705e-02 -6.33185506e-02 -1.12130962e-01 -1.41680852e-01 2.04065561e-01 7.08915070e-02 -5.81025817e-02 -5.75190336e-02 -1.73615754e-01 -1.94017664e-01 -1.24511510e-01 -2.13367119e-01 -7.35864118e-02 7.08086669e-01 7.43773356e-02 1.34068006e-03 -1.71031162e-01 2.10901469e-01 -4.53689769e-02 1.67914972e-01 2.04882711e-01 -1.18740492e-01 -6.32603467e-02 -1.17160678e-01 -5.06816283e-02 -3.99128115e-03 1.78563856e-02 -2.08178051e-02
-5.96823096e-02 7.34395012e-02 1.05180882e-01 4.49398682e-02 -8.62245858e-02 -1.99952707e-01 4.76710163e-02 -8.83146226e-02 1.26592115e-01 -7.85346851e-02 -3.32823917e-02 2.50926111e-02 -1.10404357e-01 1.53278112e-01 -9.94597077e-02 1.78153440e-01 5.39265312e-02 -8.22594464e-02 7.94907689e-01 -2.85606217e-02 1.72657996e-01 6.27810284e-02 1.81680590e-01 1.07896306e-01 4.62194718e-02 -7.09334984e-02 -1.57384276e-01 1.91203251e-01 -5.53238094e-02 2.42714360e-02 8.40771943e-02 -1.38720632e-01
6.53897747e-02 1.47579357e-01 -1.58182323e-01 2.40787655e-01 -1.32841095e-01 -1.01905286e-01 1.59696385e-01 -2.13872522e-01 -8.40626881e-02 -1.28628463e-01 4.74914759e-02 -3.36195439e-01 -7.71057457e-02 -6.02633692e-02 1.78322513e-02 -1.43843606e-01 -3.30120474e-02 -2.93207373e-02 -8.84579197e-02 6.72066808e-01 -6.40337765e-02 7.19353259e-02 2.00035200e-02 1.16551675e-01 3.20584467e-03 -1.99292257e-01 2.79329857e-03 1.76474169e-01 1.80079505e-01 1.35206327e-01 1.11507490e-01 -5.88065162e-02
1.63337797e-01 -1.42353207e-01 -1.39924258e-01 9.60626919e-03 2.27219120e-01 2.06380799e-01 -8.79429802e-02 5.61159328e-02 -9.93103385e-02 2.86548167e-01 1.43650398e-02 -3.17029618e-02 -1.18886515e-01 -1.64085954e-01 2.24046856e-01 -2.24214479e-01 -1.16778985e-01 5.73060522e-03 1.63338065e-01 1.30599529e-01 6.85403228e-01 1.30600050e-01 -1.36779184e-02 5.18516935e-02 -1.08412787e-01 1.05351828e-01 -1.72227938e-02 -3.09385490e-02 6.16747513e-02 5.85524254e-02 -1.13036990e-01 4.83546443e-02
5.19699045e-02 2.65058819e-02 1.48809642e-01 5.38368002e-02 -3.17850038e-02 1.28861934e-01 9.12250504e-02 -8.47597197e-02 -2.45959871e-02 -1.23991214e-01 8.47084671e-02 -7.05989376e-02 4.79184389e-02 -1.02759451e-01 6.21173084e-02 -4.75216620e-02 -3.83834392e-02 -2.17712194e-01 9.22728181e-02 -1.58696443e-01 -2.06424028e-01 8.01747620e-01 5.47545217e-03 -1.00966126e-01 -7.58847445e-02 2.06457764e-01 1.22723795e-01 -1.70513876e-02 1.84105098e-01 -4.76461872e-02 -4.75893319e-02 1.04648456e-01
1.01726223e-02 -2.39366461e-02 1.19045950e-01 -1.37517333e-01 3.21006440e-02 1.75299440e-02 -6.18418232e-02 -4.58938777e-02 1.22725563e-02 -1.19877318e-02 -3.33981439e-02 -1.92826968e-02 1.50659233e-02 -1.27026796e-01 4.84950654e-02 2.85840295e-02 1.49158398e-02 5.40310107e-02 -2.32097413e-02 1.38236985e-01 -9.95650217e-02 -1.23751231e-01 8.45019579e-01 -1.41556278e-01 -2.31655668e-02 1.65734887e-01 6.44012913e-02 -5.87894395e-02 7.39340559e-02 1.93152308e-01 -2.62379497e-01 9.12125930e-02
1.10305548e-01 9.52845290e-02 3.51396412e-01 9.72974226e-02 -1.30293399e-01 1.03370748e-01 -1.10718638e-01 1.67406261e-01 7.89711773e-02 1.01192102e-01 -6.67409226e-03 2.06012800e-01 -4.47680429e-02 7.60926725e-03 -1.04843438e-01 3.75510663e-01 5.71736768e-02 -6.96844980e-02 -1.47908553e-01 2.85885096e-01 5.60528673e-02 8.31140280e-02 -5.93073368e-02 5.39017916e-01 -1.64595749e-02 2.78513342e-01 3.69440578e-02 -1.84133738e-01 -5.86881638e-02 1.75501958e-01 3.62853333e-02 -1.80112850e-02
5.07211201e-02 -1.31828234e-01 -1.32433474e-01 1.02309264e-01 -1.28193989e-01 2.39012875e-02 2.30528116e-02 1.13627188e-01 -1.36418520e-02 1.97585344e-01 -3.33234444e-02 -9.14446190e-02 -9.33546387e-03 8.82015750e-02 -1.66346163e-01 1.19316746e-02 1.60719696e-02 -1.80007294e-01 1.88597962e-02 3.68016027e-02 5.80764487e-02 3.76311690e-02 7.05645010e-02 -2.09071320e-02 8.17442119e-01 8.33007041e-03 2.56143361e-01 -7.73947835e-02 4.66283001e-02 -1.82646617e-01 -1.18808970e-01 5.57649359e-02
-8.18356574e-02 -2.31240988e-01 -1.67440355e-01 2.72058565e-02 1.09136648e-01 -1.93134531e-01 1.61388458e-03 -1.19897962e-01 4.67957817e-02 -7.37331109e-03 1.58768043e-01 -1.00418627e-01 2.89015621e-01 1.21572398e-01 -8.31119418e-02 1.82009235e-01 7.15562701e-02 2.53675669e-01 -7.20547885e-02 1.47271648e-01 1.07386269e-01 6.83639348e-02 -2.91044582e-02 -1.85213298e-01 2.45052092e-02 6.19783223e-01 -2.01210175e-02 1.56036556e-01 -3.26890275e-02 -7.38892779e-02 1.60272375e-01 -2.86662936e-01
-6.85879365e-02 4.73818332e-02 1.62494615e-01 -9.93568450e-02 8.56238902e-02 2.73019001e-02 1.21157959e-01 -2.29860753e-01 2.88265944e-01 -2.40874499e-01 -5.57809100e-02 1.59620658e-01 -1.15955651e-01 3.83670889e-02 5.94570786e-02 1.53570967e-02 -7.99676171e-04 6.82608783e-02 -1.07779447e-02 7.10098445e-02 2.17346311e-01 -9.80323628e-02 -9.47840363e-02 -6.01522103e-02 -6.06038906e-02 -2.78696530e-02 7.66293168e-01 1.28809854e-01 4.05647093e-03 -6.99003860e-02 -3.41396523e-03 1.88235026e-02
1.13151230e-01 -7.29984492e-02 9.20348316e-02 1.52686909e-01 -1.33061081e-01 1.65375352e-01 6.58273920e-02 -1.77733041e-02 -6.97801635e-02 1.42684907e-01 7.73343593e-02 -1.46423252e-02 -7.57069662e-02 -3.18602532e-01 -1.17780775e-01 -2.18604431e-02 -9.96973515e-02 -3.67093645e-03 -6.22153468e-02 -1.73128963e-01 -8.78683105e-02 -1.29167452e-01 4.14749347e-02 1.60316736e-01 -1.48552386e-02 1.40272662e-01 9.47899185e-03 7.44450271e-01 -2.10065395e-01 -1.15566410e-01 -6.32025525e-02 1.26781270e-01
-5.92467710e-02 -4.71991636e-02 -2.24642712e-03 1.83359608e-01 -3.42362677e-03 -2.47392535e-01 -1.40129372e-01 3.74796279e-02 2.25085914e-01 -2.44845867e-01 9.02452916e-02 1.66366284e-03 1.07951172e-01 -2.89309531e-01 1.62621826e-01 1.91194206e-01 -2.26193100e-01 1.85443982e-02 4.57010511e-03 -1.38163209e-01 8.55361223e-02 -1.89407393e-01 -8.26819614e-02 1.41056284e-01 8.38479325e-02 4.81480286e-02 -1.25689968e-01 6.14892412e-03 6.09228075e-01 -1.24340013e-01 -1.08077519e-01 1.92975059e-01
-5.79323694e-02 -1.23468369e-01 -6.11751899e-02 4.12770331e-01 8.11062306e-02 -6.87976778e-02 1.12743407e-01 -8.48717541e-02 -1.57931373e-02 -1.44931570e-01 -6.20312653e-02 8.27803984e-02 1.10222653e-01 -6.09109029e-02 -3.57016563e-01 -1.59942254e-01 8.57609957e-02 -1.45106316e-02 -9.14901681e-03 -2.28047997e-01 1.05398387e-01 -2.99602915e-02 -8.31401870e-02 -3.78238223e-02 3.81435230e-02 3.81435826e-02 5.82029484e-02 -6.55781403e-02 -3.70144770e-02 6.79801762e-01 -9.37835574e-02 1.10891059e-01
2.94104308e-01 7.11492524e-02 8.17556307e-02 -5.03416508e-02 1.72519952e-01 7.92880207e-02 1.18067175e-01 -1.11234616e-02 3.67455751e-01 -2.07613051e-01 -1.04488276e-01 -1.73722997e-01 -7.61999935e-02 -2.71586943e-02 7.73814395e-02 -8.01676232e-03 1.24033019e-02 -1.49899513e-01 -1.51046172e-01 -6.16321526e-02 1.40323162e-01 -3.41858156e-02 1.06608219e-01 -1.17792308e-01 1.87668905e-01 9.68931466e-02 -2.39281937e-01 -1.85730886e-02 -1.78273156e-01 4.02149968e-02 5.40488839e-01 3.06946307e-01
-2.50776738e-01 -1.14781283e-01 5.09110391e-02 9.33394860e-03 1.50506690e-01 7.62563869e-02 -2.96311360e-02 -1.54207181e-02 -1.93110704e-01 1.57863364e-01 9.13388655e-02 3.50115955e-01 -2.27939878e-02 2.18746826e-01 -3.97330038e-02 8.71556550e-02 3.10035683e-02 1.37533754e-01 1.15211517e-01 2.84974813e-01 -1.04193836e-01 3.49475741e-02 -5.76808155e-02 -1.69577673e-01 3.18217166e-02 -2.61558220e-02 -6.13503866e-02 1.44213378e-01 1.53465167e-01 1.71042010e-02 1.99265331e-01 6.26626909e-01
