4 6 8 32 64
-2.101671e-02 1.971730e-02 -2.938345e-02 3.705077e-01 -4.302948e-02 -1.809239e-02 -1.864451e-01 -1.887195e-02
-1.654992e-02 -2.391018e-02 -1.287419e-01 -8.700489e-02 -1.663141e-02 3.659550e-02 3.683560e-01 -1.153505e-01
-8.400079e-02 7.625688e-02 9.660663e-02 2.183261e-01 -9.587712e-02 -6.951195e-02 -1.225593e-01 -9.260519e-02
1.391667e-01 1.161209e-01 -6.552631e-02 -6.588870e-02 1.341180e-01 1.528750e-01 2.284411e-01 -9.620652e-02
-8.659526e-02 3.210489e-01 -7.752951e-02 3.808681e-01 -4.276355e-02 2.539033e-02 -2.588843e-01 -1.985589e-01
-7.321730e-02 -1.183002e-01 -1.389823e-01 5.443066e-02 -1.522566e-01 3.422122e-01 3.062847e-01 -1.321072e-01
-1.037359e-01 -8.978464e-02 -1.817564e-02 2.524781e-01 -1.184931e-01 -8.981082e-02 -1.099114e-01 -9.959383e-02
-1.413679e-01 -7.984833e-02 -5.485762e-02 -1.130038e-01 -2.054317e-02 -3.496526e-02 -7.109275e-02 -6.707153e-02
-1.059614e-01 1.290970e-01 -1.381384e-01 3.165572e-01 -1.365874e-01 -1.056864e-01 -1.136682e-01 -9.910423e-02
1.639468e-01 -2.891378e-02 1.502554e-02 3.711054e-02 3.816838e-01 1.606451e-01 3.269612e-01 -1.525779e-02
-3.677698e-02 3.763291e-01 -1.394052e-01 1.055558e-01 -1.049304e-01 3.867821e-01 1.438559e-01 -1.427902e-01
-1.988582e-01 -1.178108e-01 1.667203e-01 4.765797e-02 -5.964755e-02 -5.871082e-02 -1.227782e-01 -1.123359e-01
-5.017950e-02 2.637867e-01 -1.385463e-01 -9.426098e-02 -2.889492e-02 3.557440e-03 3.610673e-01 -2.942007e-02
-8.228099e-02 1.227687e-03 -1.194237e-01 2.501648e-01 2.753400e-02 5.543239e-02 -2.518514e-01 -2.094483e-01
-1.032572e-01 4.562375e-01 -1.003024e-01 1.620277e-02 -5.058949e-02 -7.196149e-02 -9.783889e-02 5.785126e-04
-8.822255e-02 8.194296e-02 -7.681467e-02 -1.148158e-01 -2.245265e-02 -3.761407e-02 3.832639e-01 -2.294232e-02
-1.133232e-01 -7.209429e-02 -1.041767e-01 2.775904e-01 6.239816e-03 -8.805890e-02 -1.977332e-01 -1.976098e-01
-1.232834e-01 5.598220e-02 -1.532781e-01 -1.188846e-01 -3.133417e-03 -4.741442e-02 -8.837557e-02 2.081444e-02
-1.178516e-01 -1.280776e-01 -5.386206e-02 -1.001080e-02 -1.277209e-01 2.311691e-01 2.611116e-01 -1.169444e-01
-1.086792e-01 -8.837523e-02 3.684136e-01 -1.528416e-02 -7.270098e-02 -4.993213e-02 -1.190808e-01 -9.508253e-02
-9.491630e-02 -9.021904e-02 3.653718e-02 -9.817938e-02 2.444656e-01 -2.181993e-02 5.353468e-01 -1.045453e-01
-9.047862e-02 2.652613e-01 1.820171e-03 2.152494e-01 -9.129503e-02 -8.672497e-02 -1.027583e-01 -7.914674e-02
-1.132076e-01 -4.159712e-02 -2.147420e-01 2.893142e-02 -9.688613e-02 2.596255e-01 2.197963e-01 -1.179922e-01
2.443537e-01 2.096995e-01 -1.539352e-01 -3.179779e-02 2.396679e-01 2.143153e-01 1.293737e-01 -1.336414e-01
-1.410969e-01 1.707173e-01 1.272924e-01 1.931200e-01 -9.479773e-02 6.227982e-02 -1.664866e-01 -1.627582e-01
1.128568e-01 2.707787e-02 -1.207667e-01 -8.036800e-02 3.555855e-01 7.481395e-02 2.875451e-01 -3.792634e-02
-6.852853e-02 -1.555655e-02 1.879151e-01 2.108433e-01 -4.006701e-02 3.616845e-02 -1.566869e-01 -1.849120e-01
-1.149322e-01 -9.396245e-02 -1.056515e-01 1.772682e-01 -1.082347e-01 -7.453054e-02 -1.138038e-01 -8.983397e-02
9.979932e-02 -1.602356e-01 1.269173e-01 1.233181e-01 -3.123670e-02 5.404513e-02 -8.087464e-02 -7.107500e-02
-8.437702e-02 3.522368e-02 -1.763923e-01 3.342744e-01 -7.621770e-02 -4.148248e-02 -1.795172e-01 -8.170488e-03
-1.060352e-01 -7.746866e-02 4.729746e-02 -1.098878e-01 -2.176675e-03 -4.904904e-02 3.880306e-01 -5.185975e-02
-7.871077e-02 6.865391e-02 -1.398790e-01 3.664246e-01 -1.389905e-02 -6.167573e-02 -2.099358e-01 -2.486379e-01
-2.024256e-01 -1.479688e-01 -1.187366e-02 1.613359e-01 -3.006206e-02 -1.232701e-01 -1.345338e-01 -1.224098e-01
-1.067064e-01 5.526792e-01 -9.080782e-02 2.973554e-01 -9.474006e-02 -4.295846e-02 -1.443274e-01 -9.994885e-02
1.213338e-01 2.351185e-01 -8.558787e-02 -2.210562e-02 3.529749e-01 1.258477e-01 2.378606e-01 5.091935e-04
-5.960867e-03 1.957252e-01 -1.472541e-01 -9.494005e-02 1.764133e-01 8.298533e-02 4.639328e-01 -8.890535e-02
-1.068933e-01 3.267556e-01 -1.476568e-01 3.514962e-01 -1.248993e-01 -9.764770e-02 -1.243640e-01 -9.600113e-02
-1.297973e-01 -5.048819e-02 -1.080034e-01 2.742335e-01 -1.369435e-01 -1.319263e-01 -1.455504e-01 6.591879e-02
-1.051338e-01 -3.241384e-02 -1.077816e-01 3.091192e-01 -1.282540e-01 -9.724408e-02 -1.061774e-01 -9.890710e-02
1.250578e-01 2.389772e-01 -1.256130e-01 -5.115387e-02 1.445219e-01 1.357958e-01 1.753867e-01 -7.013190e-02
-1.578387e-01 -6.380349e-02 1.115343e-02 1.400342e-01 -7.598635e-03 -1.753467e-02 -1.755472e-01 -1.908175e-01
1.744929e-01 5.047699e-01 -5.016240e-02 -2.255924e-02 1.866064e-01 2.175109e-01 1.647130e-01 -6.066640e-02
1.562427e-02 4.857219e-01 -1.356677e-01 -6.746734e-02 3.246948e-03 9.364234e-02 3.144541e-01 -7.806355e-02
-1.363907e-01 -1.875505e-02 -1.917177e-01 9.593880e-02 -1.533872e-01 2.789879e-01 2.018633e-01 -1.579757e-02
-4.594338e-02 2.079270e-01 -2.482047e-02 3.289715e-01 -3.343397e-02 -3.338410e-02 -1.609635e-01 -2.235690e-01
-8.758055e-02 2.014315e-01 -1.505512e-01 3.822409e-01 -8.729356e-02 -5.615486e-02 -2.004378e-01 -3.179213e-02
-1.273126e-01 1.625872e-02 3.002794e-01 9.503311e-02 -1.012798e-01 6.698602e-02 -1.399633e-01 -1.386786e-01
-7.560585e-02 1.289263e-01 -1.587861e-01 8.283415e-02 -1.032317e-01 3.820940e-01 2.165927e-01 -1.101292e-01
-4.544817e-02 9.633125e-02 -1.433337e-01 3.595804e-01 -1.438214e-02 2.852487e-02 -2.257569e-01 -1.142629e-01
-8.310483e-02 -1.313552e-01 1.754247e-03 9.961405e-03 -4.478242e-02 3.668389e-01 2.189002e-01 -1.130375e-01
-1.021118e-01 -9.947369e-02 7.357653e-02 1.379761e-01 -1.242311e-01 -9.437548e-02 -1.012612e-01 -9.354403e-02
-1.154912e-01 1.009556e-01 1.114637e-01 5.233296e-02 -1.203582e-01 -9.077660e-02 -1.133456e-01 -1.739367e-02
-7.802857e-02 3.471710e-02 3.318016e-02 2.423489e-01 1.898850e-02 6.853511e-02 -2.600454e-01 -1.612573e-01
1.189016e-01 4.970773e-02 -1.499843e-02 -2.095627e-02 3.239059e-01 1.088526e-01 3.317029e-01 7.054582e-02
-1.301712e-01 -1.202975e-01 1.497068e-01 -6.126533e-02 -8.175298e-02 2.280283e-01 2.874514e-01 -1.123095e-01
-8.767676e-02 -7.348561e-02 2.239370e-01 1.246987e-01 -1.013467e-01 -5.916452e-02 -1.091618e-01 -1.078526e-01
2.272457e-01 7.887273e-02 -1.436081e-01 -3.266501e-02 2.992471e-01 1.652435e-01 1.997049e-01 -7.596031e-02
-3.689660e-02 5.441331e-02 6.635879e-02 2.904238e-01 -1.664995e-02 -6.281634e-03 -1.593128e-01 -1.948219e-01
1.444447e-02 4.830188e-02 -8.149731e-03 1.126217e-01 -1.198508e-01 2.850281e-02 -1.001190e-01 -1.971225e-01
-6.232017e-02 -3.414245e-02 -1.069500e-01 -9.619880e-02 2.263515e-01 3.688245e-02 5.141458e-01 -9.320462e-02
-9.468523e-02 1.683349e-02 -1.238695e-01 2.258220e-01 -3.764175e-02 -1.534194e-02 -2.024781e-01 -8.668740e-02
-1.231369e-01 -5.153419e-02 -8.438787e-02 -9.644797e-02 1.770367e-01 -8.754416e-03 -1.059196e-01 -8.143056e-02
2.809207e-02 -1.139482e-01 -1.209644e-01 2.769094e-01 6.784963e-02 -6.278844e-03 -2.189686e-01 -6.917460e-02
-3.787497e-02 -5.197148e-02 -1.370897e-01 6.584004e-02 -2.319096e-02 3.998434e-01 1.341419e-01 -9.678341e-02
-1.430981e-02 -1.053934e-01 -1.273850e-01 2.621091e-01 -1.189475e-01 -1.082357e-01 2.991678e-01 -1.050687e-01
4.590191e-01 -3.340203e-02 -1.903779e-01 -1.382548e-01 -2.097738e-01 -1.818793e-01 -7.592124e-02 -6.609733e-02
1.877093e-05 -1.438636e-01 -3.713163e-02 -2.421861e-02 1.873160e-01 -9.690936e-02 -1.535836e-01 1.393536e-01
1.845009e-02 -9.627561e-02 -1.051746e-01 -1.121089e-01 9.482753e-03 1.187969e-01 -1.104390e-01 6.012057e-02
-3.989344e-02 -5.368572e-04 -2.686172e-01 -1.704702e-01 -2.350657e-01 1.476704e-02 1.711872e-01 -2.268713e-01
-5.660801e-02 -6.206630e-02 -9.974049e-02 -4.223545e-02 -9.507401e-02 -9.217529e-02 6.180733e-01 9.416676e-02
2.478779e-01 -9.045341e-02 -1.695287e-01 -7.527274e-02 9.257629e-03 -1.898317e-01 -6.497438e-02 1.892777e-01
-7.439670e-02 -4.082934e-02 -2.011116e-01 -8.490097e-02 3.364038e-02 -1.207033e-01 -1.089244e-02 -1.626686e-01
5.293921e-02 -8.655997e-02 -1.121320e-01 1.564342e-01 -9.772725e-02 -7.175443e-02 5.624630e-01 2.098895e-03
3.411477e-01 -5.782435e-02 -1.211393e-01 -1.341386e-01 -5.456557e-02 -7.813634e-02 -1.133972e-01 8.000877e-02
8.165943e-02 -8.696157e-02 -6.793076e-02 -1.341877e-01 -4.005896e-02 3.525820e-01 -1.350751e-01 3.415515e-02
-1.384566e-01 1.629297e-01 4.248905e-03 4.569882e-01 -3.511053e-02 -2.064043e-01 -1.891771e-01 -1.274373e-01
3.785679e-02 -9.351332e-02 -4.067440e-01 9.534400e-02 -3.044897e-01 -1.051182e-01 1.511985e-01 -2.070045e-01
-8.113730e-02 4.858735e-01 -8.656956e-02 2.383140e-02 -1.201165e-01 -1.808809e-01 1.437581e-02 1.410180e-01
-1.330050e-01 -6.347515e-02 -1.024145e-01 -7.379292e-02 4.652349e-02 7.639962e-02 -1.583960e-02 -1.928232e-01
3.846043e-01 -1.426132e-01 -1.027803e-01 -6.096646e-03 -5.388502e-02 -2.176199e-01 -1.304566e-01 3.471696e-01
2.283239e-02 -8.648730e-02 -3.247952e-01 1.073914e-01 -2.489779e-01 -9.089817e-02 2.624293e-01 6.037327e-03
5.204533e-01 -6.914552e-02 -9.487104e-02 -1.133773e-01 -9.317337e-02 -7.863126e-02 -8.259522e-02 -2.409678e-02
2.304661e-01 -2.820957e-02 -1.677851e-01 3.019934e-02 -8.997513e-02 7.889761e-02 -2.586712e-01 -1.124933e-01
-1.008607e-01 6.338932e-02 -1.076272e-01 -1.088603e-01 7.689875e-02 -6.948711e-02 1.027590e-02 -2.182321e-01
2.419869e-01 -9.358346e-02 -1.144866e-01 -1.274580e-01 -9.645274e-02 1.726337e-01 -1.258444e-01 1.285756e-01
3.112992e-02 1.742934e-02 -2.221157e-01 -1.535986e-01 -4.700705e-02 -4.248058e-02 -1.940939e-02 -1.685040e-01
7.871841e-02 -3.220805e-02 1.606089e-01 -9.755064e-02 -8.114738e-02 7.710467e-02 -1.002041e-01 -5.028807e-02
4.075491e-01 -1.060989e-01 -4.598265e-02 -8.069171e-03 -2.121932e-01 -2.308510e-01 -7.404114e-02 3.735835e-02
2.215376e-01 -1.509750e-01 -1.143326e-02 -2.165422e-02 1.036572e-01 -1.413422e-01 -1.236554e-01 3.038980e-01
8.279923e-02 9.537321e-02 -1.023998e-01 -2.351788e-01 7.170250e-03 6.169954e-02 -1.315088e-01 -1.829306e-01
-1.483945e-01 3.164486e-01 4.716372e-02 1.281061e-01 1.734352e-02 -1.489449e-01 -1.578829e-01 9.413663e-02
-1.267569e-01 -4.714182e-02 -1.097003e-01 -1.257150e-01 -8.517301e-02 -7.661810e-02 5.526955e-01 -2.881930e-02
-8.823934e-02 5.396028e-01 -8.577029e-02 -9.447801e-02 -3.760257e-02 -7.270788e-02 -7.225706e-02 -2.314624e-02
3.610433e-01 9.378996e-04 -2.132007e-01 -6.139604e-02 -1.930172e-01 -1.743158e-01 -1.550947e-01 -2.328464e-01
1.908966e-01 -5.320767e-02 -2.455085e-01 -1.158476e-01 -8.786646e-02 -1.484839e-01 5.822392e-04 2.728549e-02
3.939899e-02 -3.719088e-02 -1.752969e-01 -8.464552e-03 -3.145566e-01 -4.011526e-02 2.417585e-01 -1.033789e-01
1.100923e-01 -7.603191e-02 -1.099480e-01 -1.294657e-01 4.310497e-02 -7.451206e-02 -1.056055e-01 1.010162e-02
1.914807e-01 -6.498227e-02 -9.307110e-02 -1.355974e-01 -3.351558e-02 -7.186968e-02 -8.999471e-02 7.190745e-02
-2.601635e-02 -3.622049e-02 -3.035124e-01 -1.146922e-01 -2.878466e-01 -4.300719e-02 2.443988e-01 -7.243156e-02
-1.337599e-01 -9.549187e-02 9.623541e-02 -7.065500e-02 6.662772e-02 3.317083e-01 -1.252342e-01 -1.298940e-01
-8.695370e-02 -8.052068e-02 -1.261734e-01 -3.945545e-02 4.340512e-02 -3.968112e-02 -4.136519e-02 -3.928074e-02
-6.837334e-03 -6.784943e-02 -9.948606e-02 -1.164791e-01 9.758314e-02 -7.490750e-02 -1.006328e-01 -4.027808e-02
3.119007e-01 8.593291e-02 -1.250458e-01 -1.623439e-01 -1.759624e-01 -2.858222e-02 -2.269950e-01 -3.069636e-01
-5.308123e-02 -7.089494e-02 -1.712135e-01 -3.366060e-02 9.345503e-02 -1.959108e-01 -2.436977e-02 -5.799086e-02
1.779868e-02 -3.364607e-02 -3.661776e-01 3.044469e-02 -2.943427e-01 -6.551334e-02 6.898025e-02 -2.449989e-01
3.345242e-01 -1.414789e-01 1.883992e-02 8.504139e-02 -7.929069e-02 -2.251600e-01 -8.594614e-02 1.683493e-01
-1.383750e-01 -3.162546e-02 4.715060e-02 -8.671930e-02 1.116227e-01 1.028373e-01 -6.933787e-02 -1.659864e-01
-9.747852e-02 5.748061e-01 -4.736527e-02 2.596246e-01 -7.958814e-02 -1.027259e-01 -2.514120e-02 8.721604e-03
4.509313e-01 -8.628607e-02 -1.074191e-01 -1.315222e-01 -9.948085e-02 -9.607477e-02 -6.921969e-02 1.608078e-01
6.998409e-02 -8.806714e-02 -1.738476e-01 -4.471135e-02 6.540097e-02 -1.980696e-01 -3.158066e-02 7.413317e-02
-9.335373e-02 -1.069623e-01 -1.098591e-01 -1.193391e-01 1.217609e-01 1.801280e-01 -1.163155e-01 -6.189287e-02
1.855765e-03 -1.227365e-01 -2.333124e-01 1.284876e-03 -2.153882e-01 -1.050277e-01 2.742308e-01 1.372274e-01
4.722890e-02 -4.128807e-02 -2.552226e-01 -8.019030e-02 -3.552319e-02 -1.413582e-01 1.146374e-02 -8.184724e-02
3.150563e-01 -2.639234e-02 -1.994201e-01 -1.663445e-01 -1.723634e-01 -1.393260e-01 -2.273905e-03 1.128356e-01
-1.841446e-01 -6.136508e-02 -1.606200e-01 -2.808519e-02 1.255879e-01 -9.613047e-02 -8.459056e-03 -1.784495e-01
4.038593e-01 -1.072506e-01 -1.860802e-01 -9.545919e-02 -1.269467e-01 -2.044992e-01 -7.459826e-02 2.437545e-01
2.849251e-01 -9.046240e-02 -9.426582e-02 -1.526540e-01 -7.850186e-02 -8.273515e-02 -7.989451e-02 2.210695e-01
3.676539e-01 1.615601e-02 -1.102040e-01 -2.151225e-01 -2.183945e-01 -8.763160e-02 -9.367289e-02 -1.565168e-01
2.735420e-01 -8.694028e-02 -1.070873e-01 -6.603189e-03 -9.620273e-02 -8.988836e-02 -1.158858e-01 -8.680928e-02
1.354643e-01 -1.211264e-01 -5.596170e-02 1.144983e-02 4.751334e-02 7.234032e-02 -1.981779e-01 2.450053e-01
2.061389e-01 2.449318e-02 -2.012930e-01 -2.077932e-01 -1.461086e-01 -2.444015e-02 -3.445425e-02 -6.167779e-02
-6.394644e-02 -1.061014e-01 -9.682969e-02 1.806860e-01 -1.292604e-01 -7.365698e-02 3.012521e-01 -1.065780e-01
-1.205479e-01 3.693992e-01 -3.471844e-02 3.957230e-01 -1.268496e-02 -1.907842e-01 -4.566761e-02 1.270504e-01
-9.828328e-02 -5.087756e-02 -1.026392e-01 -1.000556e-01 1.745517e-01 -7.545413e-02 -1.044954e-01 -9.866840e-02
-1.162142e-01 1.741794e-01 -5.503785e-02 4.466335e-01 -1.074982e-01 -8.641311e-02 -4.646993e-02 -9.884049e-02
-1.137697e-01 -7.556232e-02 -1.164992e-01 -1.246326e-01 5.485269e-02 -4.609284e-02 3.540376e-01 -1.050839e-01
3.747407e-01 -7.960970e-02 1.127030e-03 -1.271731e-01 -1.090731e-01 -6.273212e-02 -9.228686e-02 -5.710411e-02
-4.683105e-02 -1.304755e-01 -3.338573e-01 -2.992635e-02 -2.588575e-01 -5.505130e-02 3.705940e-01 -5.376973e-04
2.967524e-02 -2.521311e-02 -1.377446e-01 -1.384273e-01 2.441504e-01 2.280559e-01 1.242473e-01 5.084020e-02
-1.371447e-01 -1.200851e-01 1.496256e-01 -1.017322e-01 9.808935e-03 -9.529886e-02 -1.338408e-01 4.877048e-03
6.199148e-01 -1.258334e-01 2.032374e-01 -8.637292e-02 -7.292893e-02 -1.058046e-01 1.357602e-01 4.502168e-02
-1.210353e-01 -1.189901e-01 -1.233346e-01 2.335625e-01 3.147961e-01 2.359816e-01 -1.310817e-01 -1.064436e-01
-1.348266e-01 -1.262973e-01 -9.403213e-02 -8.521925e-02 2.718324e-01 -6.386071e-02 -1.020945e-01 -1.008578e-01
4.081153e-01 -2.331972e-01 1.913155e-02 -1.390619e-01 6.348325e-02 -1.895022e-02 8.176000e-02 1.765350e-02
-1.478950e-01 2.957494e-02 3.845173e-01 5.351432e-02 -2.174378e-01 7.507776e-02 -8.207920e-02 1.243715e-01
-2.337203e-01 -4.664600e-01 9.145972e-02 -7.882328e-02 -3.281255e-02 9.650805e-03 -1.708009e-01 2.002904e-02
-2.403377e-01 -6.209556e-02 -1.347547e-01 1.152687e-01 3.181388e-01 -6.051766e-02 -1.521286e-01 -3.291858e-02
-1.902251e-01 -6.153427e-02 -1.066345e-01 5.548302e-02 3.123353e-01 2.002948e-01 -5.249479e-02 6.714988e-03
-1.400011e-01 -1.338640e-02 3.462492e-01 -7.763358e-02 -3.128278e-02 -7.865548e-02 -1.693454e-01 5.443934e-02
-1.972056e-01 -8.544245e-02 -1.124903e-01 2.115575e-01 2.953682e-01 -1.037084e-01 -2.548301e-01 -1.324992e-01
-1.203476e-01 -1.212296e-01 -1.143898e-01 3.223863e-01 2.655090e-01 3.884448e-01 -1.355315e-01 -9.584373e-02
-1.197503e-01 -1.334743e-01 -1.388869e-01 6.330042e-02 3.017141e-01 1.690633e-01 -1.097392e-01 -9.046929e-02
-1.200163e-01 -1.581054e-01 1.171814e-01 -1.379256e-01 -1.388767e-01 9.055948e-02 -1.950981e-02 1.145567e-01
-2.873655e-01 -3.339437e-01 -6.056968e-02 -1.867573e-01 -3.501385e-02 -2.599197e-02 -8.980518e-02 2.869002e-02
3.863388e-01 -2.320370e-01 1.427374e-01 -4.858949e-02 9.506291e-02 -1.566737e-02 1.076861e-01 1.346538e-01
-1.494481e-01 -1.169834e-01 -1.364306e-01 1.775048e-01 3.674810e-01 6.110237e-02 -1.329631e-01 -1.112524e-01
-1.823080e-01 -1.069299e-01 -1.381911e-01 -8.571680e-02 3.068002e-01 1.567669e-01 5.878985e-02 5.038277e-02
-1.087374e-01 -1.574913e-01 3.113620e-01 9.958204e-02 -1.766328e-01 -7.019979e-02 -2.945840e-01 -1.088617e-01
4.043228e-01 -2.522929e-01 3.061840e-01 9.687065e-02 8.859783e-02 1.041000e-02 -1.265676e-01 3.010887e-02
-1.465055e-01 -3.460285e-01 3.466083e-01 -4.301698e-02 -3.046207e-02 -5.489625e-02 -2.035332e-01 1.372939e-01
-1.158493e-01 -1.243571e-01 -1.246263e-01 1.353284e-01 2.503346e-01 3.089992e-01 -1.341569e-01 -7.830525e-02
-1.817406e-01 -4.563404e-02 -6.827021e-02 -1.180778e-01 9.231840e-02 -6.360741e-03 3.145689e-03 1.548869e-01
3.188859e-01 -9.158818e-02 3.345273e-01 4.788658e-02 6.283988e-02 -1.085787e-01 1.275693e-01 -2.122004e-01
-1.259470e-01 -1.420269e-01 -1.207442e-01 2.646471e-02 3.443339e-01 -3.350255e-02 -1.126409e-01 -9.629875e-02
-7.390504e-02 -1.173685e-01 2.460755e-01 -8.025999e-02 -5.767754e-02 -8.558246e-02 -1.245012e-01 -5.524702e-03
-1.073620e-01 -2.418877e-01 -2.182272e-01 -4.203444e-02 1.376416e-01 2.948496e-01 3.441522e-02 -2.184696e-03
-2.705857e-01 -1.310206e-01 -8.693424e-02 1.371371e-01 3.418589e-01 1.400281e-01 -2.001672e-01 -6.491607e-02
-1.401635e-01 -7.299221e-02 -1.314490e-01 -7.160143e-02 2.151359e-01 3.122230e-01 4.322795e-02 4.627512e-02
-2.684729e-01 -3.396325e-01 -1.691924e-01 1.495203e-01 2.267780e-01 1.181155e-02 -1.808908e-01 -6.768174e-02
-1.393544e-01 -1.121340e-01 -1.090365e-01 -1.055461e-01 1.108601e-01 -2.166199e-02 -9.838358e-02 -4.409783e-02
-1.749394e-01 -4.087676e-02 1.169547e-01 9.054945e-02 -6.984160e-02 1.140942e-01 -2.746332e-01 -8.177227e-02
-2.653645e-01 -3.234664e-01 -1.688204e-01 -8.521007e-02 1.160310e-01 7.579388e-02 -8.746831e-02 1.330771e-02
-2.775400e-01 -1.386166e-01 -9.879481e-02 6.572979e-03 2.742856e-01 2.870310e-01 -6.008936e-02 3.044031e-03
-8.364660e-02 -5.442401e-02 -1.473338e-01 -1.251217e-01 2.382695e-01 1.107920e-01 8.876768e-02 9.539115e-02
3.296133e-01 -4.060579e-01 4.512169e-02 -1.307712e-01 7.470151e-02 4.534467e-02 1.238942e-01 1.018107e-01
-1.941496e-01 -1.371240e-01 -1.448375e-01 -2.307578e-01 1.565271e-01 6.390879e-02 3.855054e-02 9.457187e-02
-2.777192e-01 -1.388899e-01 1.501489e-01 -4.886015e-02 -4.822146e-02 -4.429112e-02 -1.162002e-01 1.130481e-01
-2.229763e-01 -1.654574e-01 1.298508e-01 -1.249854e-01 -7.107119e-02 1.025339e-02 -5.034794e-02 1.453711e-01
-1.378031e-01 -8.305307e-02 -1.188826e-01 2.355278e-01 3.038247e-01 1.184356e-01 -2.708097e-01 -1.669928e-01
-8.814304e-02 2.784277e-02 -7.128485e-02 4.407938e-01 2.607769e-01 6.123700e-02 -1.966519e-01 -7.018153e-02
-3.091804e-01 -4.004461e-01 -9.367377e-02 -8.797722e-02 3.688906e-02 -1.778263e-01 -1.114077e-01 1.560071e-02
-1.797042e-01 3.898498e-01 2.909630e-01 5.582704e-04 -7.912273e-02 -7.183961e-02 -1.417514e-01 -3.062341e-02
-7.364003e-02 -3.926517e-03 -1.691028e-01 1.568854e-02 2.873579e-01 2.437038e-01 4.384696e-02 -1.207770e-02
-1.241577e-01 -1.283036e-01 -1.377824e-01 -6.560890e-02 2.695068e-01 6.635875e-02 -1.017905e-01 -8.492253e-02
-3.094989e-01 -1.515045e-01 -1.102740e-01 2.794967e-02 3.558439e-01 6.928198e-02 -6.537288e-02 7.366077e-03
-2.999689e-01 -1.359804e-01 -5.910270e-02 1.101227e-01 2.352457e-01 -1.818321e-01 -2.275780e-01 -5.309258e-02
-1.732292e-01 2.032060e-01 -1.051564e-01 1.999827e-01 2.102784e-01 -8.932461e-02 -1.234331e-01 -6.230775e-03
-1.837410e-01 -3.014399e-02 3.782259e-01 1.363932e-01 -1.698921e-01 -4.583685e-03 -2.289426e-01 1.717793e-02
-4.993374e-02 -5.694493e-02 -1.885707e-01 -1.924148e-01 1.457744e-01 1.983472e-01 6.420538e-02 6.055890e-02
-1.442018e-01 1.545795e-01 2.113057e-01 1.237217e-02 -7.525837e-02 -8.943395e-02 -1.787845e-01 -1.336404e-01
9.956891e-02 -1.374931e-01 2.848824e-01 -7.914498e-02 -8.995060e-02 -8.558960e-02 -1.327017e-01 5.360380e-03
-1.763673e-01 -4.924551e-02 -1.461822e-01 -1.526123e-02 2.615348e-01 1.003783e-02 -3.632499e-02 6.597748e-02
-2.046106e-01 -2.444265e-01 1.947700e-01 7.589058e-03 -2.733086e-02 -2.450779e-01 -1.190114e-01 4.520057e-02
3.495788e-01 -2.338981e-02 1.664473e-01 -9.125824e-02 -6.047393e-02 -1.076964e-01 3.254440e-01 -3.861788e-02
-2.731016e-01 -1.514491e-01 -1.197176e-01 -1.122571e-01 2.900162e-01 -1.128043e-03 2.164363e-02 7.323596e-02
-2.921035e-01 -7.824068e-02 -7.269551e-02 4.387744e-03 1.926762e-01 -1.222512e-01 -1.007102e-01 4.889902e-02
-1.257761e-01 -1.885725e-02 -1.557535e-01 9.262037e-02 3.437879e-01 8.954471e-02 -4.716234e-02 -1.154080e-02
-1.938985e-01 -3.096862e-01 -2.149397e-01 9.111553e-02 2.105545e-01 2.746167e-01 -3.555078e-02 -5.972293e-02
-2.260797e-01 -1.815763e-01 -3.295993e-02 2.124144e-02 1.950380e-01 3.888938e-02 -2.732590e-01 6.593345e-02
-2.388463e-02 4.671421e-02 2.199938e-01 3.206400e-01 2.217799e-02 6.537227e-02 -3.120492e-01 -1.952816e-01
-1.373725e-01 -1.230327e-01 -4.576974e-03 -1.012955e-01 2.016672e-01 -8.788658e-02 -1.134195e-01 -8.183075e-02
-1.094332e-01 -1.121849e-01 -1.487048e-01 -3.726004e-02 1.628747e-01 2.035685e-01 -1.090299e-01 -5.291596e-02
-8.389205e-02 -8.499441e-02 1.045986e-01 -7.932845e-02 -1.170033e-01 -1.361430e-01 -5.172833e-03 1.888045e-03
2.442433e-01 -8.587554e-02 -2.925738e-02 4.272987e-01 2.724929e-01 1.310537e-01 4.566896e-02 -5.558946e-02
-3.686129e-02 4.539566e-02 2.855336e-01 6.552660e-02 2.561748e-01 1.491825e-02 -6.765932e-02 -2.356748e-02
4.772361e-01 2.232634e-02 -7.835647e-02 2.540650e-02 -1.131179e-01 1.074914e-01 1.317927e-01 -3.638935e-02
-9.073846e-02 -1.125625e-01 2.863367e-01 2.055112e-01 -5.204024e-03 -1.190513e-02 2.601990e-02 3.746098e-02
4.044506e-01 -1.011111e-01 -6.778959e-02 4.218840e-01 3.941722e-01 1.513041e-02 -7.320606e-02 -1.452289e-01
1.649577e-01 -8.983062e-02 4.609289e-02 3.156818e-01 5.269442e-01 1.448041e-01 -7.383896e-02 -1.658100e-01
1.892873e-02 1.321744e-01 -1.064226e-02 -5.934698e-02 -4.636957e-02 1.452396e-02 -6.755645e-02 3.997634e-01
4.628074e-01 -1.462384e-01 -8.845815e-03 4.446420e-01 8.850214e-02 1.199623e-01 -1.165956e-02 -1.664959e-01
3.067947e-01 -9.925231e-02 -1.166599e-01 2.222193e-03 -1.130152e-01 7.730230e-02 -6.113415e-02 -3.928951e-02
-4.616662e-02 -7.861038e-02 1.461585e-01 3.190298e-02 5.701169e-01 -4.245564e-02 -8.419908e-02 -1.118049e-01
-1.392483e-02 -1.675997e-01 3.353141e-01 1.668307e-01 3.347930e-01 -1.758791e-02 9.962317e-02 1.027489e-02
5.452715e-01 -1.165005e-01 -6.867627e-02 5.506128e-03 -1.659704e-01 1.265290e-01 2.609705e-01 -1.308351e-01
3.906443e-01 -2.293490e-01 3.223841e-02 4.149701e-01 5.310734e-02 6.688577e-02 4.433642e-02 -2.381292e-01
1.309011e-01 8.829086e-03 5.923678e-03 1.897069e-01 1.984749e-02 8.412579e-04 -5.121847e-02 6.571144e-02
-7.428831e-02 -8.838146e-02 1.157477e-01 -6.168130e-02 3.067230e-01 -9.642919e-02 -6.246988e-02 -1.442461e-01
1.544729e-01 8.297709e-02 4.932015e-02 2.926129e-01 3.465894e-01 2.496499e-02 1.180579e-02 2.332615e-02
1.576656e-01 -2.848858e-01 8.845746e-02 2.707728e-01 -3.452488e-02 -2.955236e-03 2.073513e-02 -7.875398e-03
1.727803e-01 1.520323e-01 -3.012384e-02 2.100556e-01 2.603597e-01 1.904461e-01 -1.097298e-01 8.367025e-02
-1.072130e-01 1.417698e-01 2.508290e-01 -3.954039e-02 2.811507e-01 5.833407e-02 -1.007889e-01 6.542612e-02
5.583054e-01 -1.851568e-01 -1.302671e-01 1.117257e-01 -6.485536e-02 6.845486e-02 3.750864e-02 -1.389867e-01
2.127502e-02 -1.115226e-01 4.113168e-01 2.577680e-02 1.365880e-01 -1.256201e-01 3.400032e-02 -2.090582e-02
1.201608e-01 -1.336870e-01 -9.037945e-02 3.296275e-01 2.588952e-01 -2.787440e-03 -5.018096e-02 -1.402103e-01
4.338108e-01 -1.189833e-01 -4.158958e-02 1.140371e-01 7.802260e-03 -1.114848e-01 1.197253e-01 -7.301802e-02
-6.123838e-02 -4.947675e-02 3.675962e-02 -7.697301e-02 -9.605828e-02 -8.738920e-02 -4.848321e-02 4.148768e-01
4.584469e-01 -9.088256e-02 -7.920322e-02 3.970030e-01 1.959634e-01 2.365326e-02 -7.728771e-03 -1.610908e-01
-1.090915e-01 1.790679e-01 1.615735e-01 -1.185961e-01 3.477151e-01 1.198265e-02 7.419390e-03 1.482601e-01
-8.977273e-02 7.548251e-02 1.944984e-01 -9.688382e-02 -9.493113e-02 1.867224e-02 -1.392287e-01 3.373637e-01
5.703385e-01 -1.021534e-01 -1.053935e-01 4.681983e-02 -1.166100e-01 2.236891e-01 1.573957e-01 -1.649228e-01
9.576051e-02 -9.130187e-02 2.167971e-01 2.676154e-01 5.207919e-01 8.418308e-03 -8.864183e-02 -1.378860e-01
1.837471e-01 -1.520661e-01 5.446074e-03 2.437782e-01 -2.913980e-03 -3.090360e-02 1.934287e-03 -2.384152e-02
4.175892e-01 -1.719070e-01 -8.345009e-02 3.455544e-01 1.328320e-01 1.049076e-01 3.219139e-02 -1.909212e-01
2.857368e-01 -7.967358e-02 6.025594e-02 -7.579979e-02 -1.518030e-01 1.363016e-04 3.127984e-01 -1.076597e-01
4.611152e-01 -8.173732e-02 -5.373282e-02 -8.900491e-04 -1.145064e-01 -7.912637e-02 2.522588e-01 -1.183009e-01
3.425338e-01 -3.412486e-03 -3.430450e-02 3.913042e-01 2.646314e-01 -6.607282e-02 -2.008297e-02 -5.868965e-02
2.742849e-01 -3.815707e-02 1.868894e-01 2.771964e-01 9.837361e-02 1.468118e-01 -7.595355e-02 -8.465625e-02
1.693866e-01 -1.012441e-01 -7.254890e-02 -1.889791e-02 -9.213872e-02 -4.631353e-02 -6.965822e-02 -1.025059e-01
-9.334189e-02 -1.475209e-02 1.603437e-01 1.573521e-01 4.338405e-02 -1.726435e-02 -1.407541e-03 8.337089e-02
3.918437e-01 -9.477058e-02 -1.030953e-01 4.075316e-01 3.731905e-01 2.018700e-01 -7.918195e-02 -1.697446e-01
-7.185764e-02 -9.880023e-02 7.143600e-02 -5.786116e-02 -1.008741e-01 -1.121062e-01 -3.931922e-02 -1.102282e-01
3.023663e-01 1.330804e-01 -4.204326e-02 -6.943291e-02 -6.735223e-02 1.135878e-01 9.052971e-02 4.699849e-02
3.333533e-01 -1.947226e-01 -1.897261e-02 4.354059e-01 1.653678e-01 2.223653e-03 7.872846e-02 -1.725421e-01
-4.883091e-02 -9.115854e-02 3.252524e-01 6.741632e-02 4.746748e-01 -8.074608e-02 -6.554846e-02 -1.275551e-01
-8.012969e-02 -8.813609e-02 2.057521e-01 -6.721028e-02 -8.654682e-02 -9.633879e-02 -1.945983e-02 -1.143073e-01
1.896857e-01 -1.409286e-01 6.370022e-02 3.775477e-01 2.944601e-01 -8.535451e-02 1.096085e-01 -9.775841e-02
-4.790057e-02 -5.334758e-02 3.756462e-01 7.188411e-02 3.114011e-01 -2.439167e-02 6.743509e-02 2.774002e-02
1.236007e-02 -1.835905e-01 2.264313e-01 1.846597e-01 2.533322e-03 1.708648e-02 -1.015228e-02 -4.660003e-03
4.199489e-01 -2.778650e-02 -6.455901e-02 3.737210e-01 1.608937e-01 1.351258e-01 -7.420791e-02 -8.430255e-02
2.583859e-01 -9.484063e-02 7.008473e-02 3.754832e-01 4.756683e-01 -5.292289e-02 -8.965021e-02 -1.352126e-01
1.795941e-01 -4.861126e-02 -9.009991e-02 5.314954e-02 -1.125655e-01 5.990283e-02 -2.436657e-02 3.499947e-01
2.823057e-01 6.838854e-02 -6.632504e-02 3.487541e-01 2.443391e-01 1.864881e-01 -7.380779e-02 1.917909e-02
6.105013e-01 -1.025225e-01 -1.460143e-01 3.640287e-02 -1.059927e-01 7.219189e-02 1.361861e-01 -1.501921e-01
2.842059e-02 -9.344317e-02 3.562375e-01 1.423872e-01 2.359588e-01 -7.325930e-02 -2.439518e-02 -1.045883e-01
4.301255e-01 -9.601443e-02 -1.100562e-01 3.726001e-01 2.458737e-01 2.474722e-01 -8.923554e-02 -1.448860e-01
3.159251e-01 -1.580488e-01 -1.009782e-01 6.442439e-02 -1.059497e-01 -4.704493e-02 3.563486e-02 -1.114156e-01
-3.608318e-02 -8.533460e-02 1.425734e-01 -8.301122e-02 -1.428540e-01 -1.066404e-01 2.360144e-01 -1.117114e-01
1.049506e-01 -1.412645e-01 2.346903e-01 3.254763e-01 2.469011e-01 3.503572e-02 3.535328e-02 -8.318417e-02
2.393183e-01 -2.356096e-01 2.791077e-02 4.215302e-01 1.616832e-01 1.256032e-01 8.889259e-02 -7.950028e-02
-3.236037e-02 -3.289497e-02 2.440645e-01 1.093582e-01 3.825410e-01 1.348962e-02 8.582347e-02 6.057376e-02
2.823642e-01 -9.461578e-02 -5.031301e-02 3.810405e-01 4.595683e-01 1.530377e-01 -7.101189e-02 -1.584538e-01
-6.174168e-02 -1.393021e-01 1.606148e-01 1.413898e-01 -7.163664e-02 -7.332007e-02 2.424844e-02 -4.044995e-02
-7.522656e-02 1.023578e-01 2.544351e-01 -2.886101e-02 3.710819e-01 -9.238510e-03 6.523871e-02 1.265417e-01
3.737250e-01 -1.174727e-01 7.801583e-06 4.122351e-01 2.001678e-01 -1.429058e-01 5.928982e-02 -1.454514e-01
-8.080585e-02 -8.531870e-02 2.249209e-01 -2.603788e-02 5.080960e-01 -5.336526e-02 -7.393908e-02 -1.091688e-01
-7.750838e-02 9.984901e-02 -1.287261e-01 3.897917e-01 -1.260266e-02 -6.965577e-02 -2.601930e-01 -2.645371e-01
1.750435e-01 -4.668792e-02 4.637673e-02 3.734881e-02 3.689457e-01 1.432056e-01 3.512649e-01 -7.342394e-03
-8.384147e-02 -3.874155e-03 -1.353489e-01 4.112546e-01 -7.389733e-02 -8.730997e-02 -1.620807e-01 -1.287567e-01
-8.908260e-02 -1.036697e-01 2.674269e-01 1.632846e-01 -7.058334e-02 -6.266022e-02 -1.356884e-01 -1.139632e-01
-1.275900e-01 -7.288536e-02 -1.859572e-01 2.154486e-03 -1.128875e-01 2.615801e-01 2.396927e-01 -1.094388e-01
1.092753e-02 3.447760e-01 -1.808596e-01 -7.320183e-02 -1.245113e-03 9.580966e-03 3.116487e-01 -4.388829e-02
1.400980e-02 -3.109020e-03 -1.129544e-01 -3.697196e-02 2.975679e-01 4.724587e-02 5.212382e-01 -1.091149e-01
-1.139493e-01 2.077400e-01 8.200821e-02 1.510450e-01 -1.173060e-01 -4.188370e-02 -1.570085e-01 -6.024539e-02
-1.637786e-01 -7.653303e-02 -6.692876e-02 2.211503e-01 1.744379e-02 -5.924432e-02 -2.088242e-01 -1.831416e-01
4.001354e-02 -1.020924e-01 -1.130783e-01 2.996106e-01 7.362454e-02 -5.585136e-03 -2.489153e-01 -4.991791e-02
-1.344791e-01 -1.529513e-01 -1.714363e-02 -5.014285e-02 -1.751561e-01 2.261789e-01 3.169523e-01 -6.275822e-02
-5.852565e-02 -6.862031e-02 1.266215e-02 -1.202246e-01 1.923263e-02 -3.767084e-02 3.960353e-01 -5.105904e-02
-1.082637e-01 -9.526347e-02 -2.428121e-02 3.352710e-01 -9.231474e-02 -7.840110e-02 -1.566162e-01 -1.231780e-01
-7.524899e-02 1.470737e-01 -1.947815e-01 4.160115e-01 -7.340754e-02 -9.896525e-02 -1.589367e-01 -1.426547e-01
1.562265e-01 1.065984e-01 -5.674685e-02 -4.510670e-02 1.246927e-01 1.641111e-01 2.531860e-01 -1.208986e-01
-7.756005e-02 3.197052e-01 -1.895586e-01 4.440195e-01 -6.736454e-02 -7.976282e-02 -1.562553e-01 -1.386096e-01
-4.352669e-02 3.525770e-01 -1.295235e-01 8.788635e-02 -1.480731e-01 3.834631e-01 1.754456e-01 -1.034718e-01
-9.195133e-02 6.853138e-02 -1.929099e-01 8.372259e-02 -1.559981e-01 3.811840e-01 2.549574e-01 -6.421161e-02
8.975814e-02 -1.345938e-01 1.439015e-01 1.294124e-01 -7.197835e-02 5.378926e-02 -8.425662e-02 -8.606660e-02
-5.771944e-02 -1.103424e-01 -2.410939e-02 -6.715240e-02 2.615707e-01 -4.040267e-03 5.427415e-01 -7.612902e-02
-1.470511e-01 -8.546957e-02 -5.655917e-02 -1.203755e-01 -4.571809e-02 -3.736656e-02 -6.912258e-02 -6.305328e-02
-1.359925e-01 -9.946826e-02 -5.290030e-02 1.695569e-01 -1.525780e-01 -1.151516e-01 -1.482681e-01 -8.566868e-02
1.249873e-02 4.245706e-02 2.724208e-02 1.378929e-01 -1.508747e-01 2.155745e-02 -1.252396e-01 -2.040830e-01
1.628872e-01 9.342340e-02 -1.481255e-01 -4.920704e-02 2.345337e-01 1.270286e-01 2.541074e-01 -3.718268e-02
-7.246826e-02 1.078547e-02 1.443598e-01 2.572236e-01 -4.719648e-02 3.217168e-02 -1.849542e-01 -2.045671e-01
1.043666e-01 2.131640e-02 5.158386e-03 -1.435916e-02 3.185075e-01 7.831664e-02 3.402934e-01 7.926530e-02
9.715367e-02 3.205331e-01 -1.789621e-01 3.853148e-03 1.101829e-01 1.142240e-01 3.455625e-01 -1.384964e-01
-1.328622e-01 -1.415958e-01 1.954876e-01 -9.522123e-02 -1.248050e-01 2.198829e-01 3.321536e-01 -3.914658e-02
-1.418619e-01 -2.701621e-02 -1.557695e-01 6.163600e-02 -1.760899e-01 2.485802e-01 2.393828e-01 2.820675e-02
-1.061558e-01 4.284087e-02 -1.211579e-01 2.545817e-01 -4.915026e-02 -1.471301e-02 -2.281100e-01 -7.164957e-02
-1.121528e-01 2.781112e-03 2.139396e-01 4.845038e-02 -1.257874e-01 -7.723960e-02 -1.401612e-01 -5.356597e-03
1.203711e-01 2.478462e-01 -7.923371e-02 -2.274232e-02 3.893003e-01 1.553202e-01 2.517915e-01 -1.293348e-02
-1.204897e-01 -3.053761e-03 2.967218e-01 1.217225e-01 -1.138499e-01 5.173784e-02 -1.562179e-01 -1.479285e-01
-8.241539e-02 -1.345034e-01 -1.388399e-01 4.338771e-02 -1.950243e-01 3.323933e-01 3.382877e-01 -9.473259e-02
2.787490e-01 1.277521e-01 -1.271947e-01 -1.993125e-02 2.793736e-01 2.224272e-01 1.573180e-01 -1.241041e-01
-1.327429e-01 -4.621249e-02 -8.302754e-02 -9.538691e-02 1.570598e-01 -2.724781e-02 -1.187992e-01 -8.215430e-02
-8.485982e-02 -5.094450e-02 -9.744821e-02 3.325929e-01 1.273823e-02 -4.153657e-02 -2.417845e-01 -2.296400e-01
-3.710291e-02 6.537962e-02 -1.363827e-01 3.964866e-01 -1.982146e-02 2.138116e-02 -2.557446e-01 -8.263005e-02
-2.928445e-02 1.114941e-01 -1.198032e-01 -9.548192e-02 2.127269e-02 -1.568989e-02 3.578595e-01 -5.047320e-02
-4.977944e-02 1.302872e-01 4.263871e-02 3.197045e-01 -3.731420e-02 -2.891516e-02 -1.695415e-01 -1.774795e-01
-1.621964e-01 -4.714059e-02 4.027313e-02 1.217328e-01 -3.182425e-02 -7.827994e-03 -1.922838e-01 -1.793322e-01
1.666521e-01 2.495108e-01 -1.243426e-01 -3.383872e-02 1.424047e-01 1.733031e-01 1.858083e-01 -1.160396e-01
-7.961565e-02 2.662216e-01 -7.544423e-02 4.006720e-01 -3.022134e-02 1.986534e-02 -3.076650e-01 -1.859842e-01
-5.830954e-02 1.633662e-02 1.393694e-01 2.961425e-01 -6.396142e-02 -5.149985e-02 -1.523423e-01 -1.158106e-01
-8.996549e-02 -1.387482e-01 1.079114e-01 -8.849149e-02 2.432554e-01 -3.879531e-02 5.441858e-01 -6.055113e-02
-1.012480e-01 5.370197e-01 -8.513288e-02 3.599169e-01 -7.921123e-02 -4.483769e-02 -1.789037e-01 -1.029905e-01
-3.638221e-02 -4.547781e-02 -1.480202e-01 6.847104e-02 -2.304764e-02 3.836551e-01 1.475737e-01 -1.093316e-01
-1.054268e-01 -6.589851e-03 -1.384216e-01 3.528076e-01 -1.288265e-01 -1.034551e-01 -1.843576e-01 6.794840e-02
-7.315166e-02 1.532714e-02 -1.057054e-01 2.454867e-01 5.260020e-02 6.395877e-02 -3.006896e-01 -1.770242e-01
3.285846e-02 1.977141e-01 -1.356849e-01 -2.283288e-02 2.803923e-01 8.732982e-02 4.894264e-01 -1.076142e-01
-1.087527e-01 -1.277046e-01 1.016917e-01 2.255610e-01 -1.177054e-01 -9.378091e-02 -1.579532e-01 -1.191392e-01
2.026145e-01 2.105678e-02 -1.325908e-01 -5.465257e-02 3.894101e-01 1.369488e-01 2.876917e-01 -8.060705e-02
-8.398912e-02 3.053431e-02 5.334543e-02 2.473375e-01 3.350240e-02 6.762586e-02 -3.097673e-01 -1.680311e-01
-1.024207e-01 1.851903e-01 -1.420736e-01 4.124275e-01 -1.086488e-01 -6.256298e-02 -2.291122e-01 -2.058488e-02
-2.259595e-01 -1.544524e-01 1.006052e-02 1.477988e-01 -4.530375e-02 -1.059586e-01 -1.518352e-01 -1.175388e-01
-1.033946e-01 -6.574541e-02 -1.302245e-01 2.590961e-01 -7.421007e-02 -9.307387e-02 -1.361251e-01 -8.275996e-02
3.653447e-02 -3.031873e-04 -1.674849e-01 -6.909455e-02 1.544466e-02 5.613180e-02 4.011610e-01 -1.191379e-01
-1.042980e-01 -1.528018e-01 1.640799e-02 -9.566796e-03 -8.905941e-02 3.525032e-01 2.543168e-01 -8.323468e-02
1.668355e-01 5.393285e-01 -6.261531e-02 -2.484996e-03 1.301262e-01 2.153437e-01 1.834676e-01 -8.323062e-02
-1.456751e-01 8.311544e-02 -1.363254e-01 -1.367150e-01 -1.193766e-02 -6.693083e-02 -1.071798e-01 1.333634e-02
-2.045411e-01 -1.313687e-01 1.343441e-01 7.368384e-02 -1.114085e-01 -8.844784e-02 -1.568413e-01 -1.225157e-01
-8.427119e-02 2.805496e-01 -1.812826e-02 3.298111e-01 -4.598220e-02 -5.566280e-02 -1.560691e-01 -1.476078e-01
-1.033924e-01 -1.441569e-01 4.124526e-01 -5.911920e-03 -8.452647e-02 -4.908173e-02 -1.047958e-01 -4.755328e-02
-9.431065e-02 4.580314e-01 -7.419220e-02 3.466450e-02 -6.710218e-02 -6.367968e-02 -1.052985e-01 2.364045e-02
-4.531769e-02 -5.927002e-02 -3.087873e-01 -1.013840e-01 -2.918738e-01 -6.794307e-02 2.908690e-01 -5.610295e-02
2.430178e-01 -7.896188e-02 4.373351e-02 -1.215150e-01 -1.700015e-01 -3.559118e-02 -7.969453e-02 -6.314408e-02
-2.986815e-02 -8.873900e-02 -1.343666e-01 1.180426e-02 8.225714e-02 -2.107555e-01 -2.285545e-02 1.806929e-03
2.320221e-01 -9.227336e-02 -1.262246e-01 -4.678265e-02 -2.767795e-03 -1.905618e-01 -7.809106e-02 1.920748e-01
-1.765360e-01 -7.822435e-02 -1.343127e-01 -3.221408e-02 1.105915e-01 -9.853068e-02 2.517733e-02 -1.687416e-01
-1.375392e-02 -1.025005e-01 -1.739666e-01 2.395505e-01 -1.671748e-01 -9.266160e-02 2.583446e-01 -1.655677e-01
-7.340097e-02 -8.083700e-02 -1.634153e-01 -1.145690e-01 -1.770239e-01 -9.260914e-02 5.415230e-01 -3.836737e-02
9.673350e-03 -5.156468e-02 2.261969e-01 -1.006004e-01 -6.867234e-02 1.057516e-01 -8.784314e-02 -7.376999e-02
4.536349e-01 -9.452351e-02 -7.793403e-02 -1.368003e-01 -1.894436e-01 -1.031468e-01 -6.443762e-02 -6.492496e-02
-9.119087e-02 5.505297e-01 -6.661444e-02 -1.279723e-02 -1.087149e-01 -1.523888e-01 -3.463222e-04 5.360449e-02
8.157835e-02 -1.363481e-01 -1.964597e-02 -1.013770e-01 -1.653225e-02 3.629601e-01 -1.204114e-01 7.252460e-02
6.180883e-02 -1.456303e-01 -9.430807e-02 1.323019e-01 -1.283891e-01 -1.101334e-01 5.480902e-01 5.441225e-04
-1.737014e-01 1.887681e-01 1.454358e-02 5.255183e-01 -3.450429e-02 -1.538807e-01 -1.526306e-01 -1.120436e-01
4.009332e-01 -7.167864e-02 -1.307570e-01 -1.313268e-01 -1.752797e-01 -1.226814e-01 -6.105220e-02 1.217352e-01
2.407476e-02 -4.524671e-02 -3.984261e-01 5.703247e-02 -3.196110e-01 -1.052357e-01 1.029111e-01 -2.613908e-01
2.325225e-01 -1.750638e-01 -6.021161e-03 -3.263228e-02 7.802469e-02 -1.319791e-01 -1.267000e-01 2.713601e-01
4.989035e-02 -1.607961e-01 -2.040827e-02 -1.684297e-02 1.015610e-01 1.036229e-01 -1.849647e-01 1.813395e-01
4.327002e-01 -1.257884e-01 -1.364044e-02 3.926956e-02 -1.838948e-01 -2.648571e-01 -8.841021e-02 4.254533e-02
1.528295e-01 -4.660916e-02 -1.754698e-01 -1.421717e-01 -1.139465e-01 -8.963707e-02 -5.433825e-03 -5.083749e-02
-1.251489e-01 -1.202987e-01 -5.314735e-02 -4.427425e-02 2.561513e-01 -8.269316e-02 -1.274053e-01 -1.843971e-02
-1.142692e-01 -7.106198e-02 -1.372520e-01 -9.819769e-02 1.601167e-01 -9.320706e-02 -6.551968e-02 -1.304484e-01
-1.367254e-01 -7.289823e-02 -1.165408e-01 -1.239516e-01 5.493126e-02 -7.542573e-02 3.340834e-01 -1.245152e-01
3.413754e-01 8.585807e-02 -9.080242e-02 -1.835195e-01 -1.652150e-01 -2.348474e-02 -2.048036e-01 -3.267487e-01
3.499783e-01 -1.680999e-01 -2.770766e-02 3.217202e-02 -2.475961e-02 -2.349060e-01 -1.053021e-01 3.361844e-01
3.404471e-02 -1.554312e-01 -1.403889e-02 2.278059e-01 -4.201389e-02 -8.741730e-02 4.654732e-01 9.473946e-02
3.205030e-02 -3.788544e-02 -1.704229e-01 -1.390785e-03 -3.228228e-01 -5.290261e-02 2.496758e-01 -1.364435e-01
3.738917e-02 -9.039938e-02 -3.092717e-01 1.284315e-01 -2.625060e-01 -9.938594e-02 2.850716e-01 -3.325238e-03
-1.559713e-01 -4.696705e-02 5.341884e-02 -7.897821e-02 1.072875e-01 8.967952e-02 -2.746993e-02 -1.795277e-01
-5.697622e-02 4.443742e-03 -2.615409e-01 -2.232074e-01 -2.469501e-01 1.538687e-02 1.834033e-01 -2.371959e-01
5.355198e-01 -1.136371e-01 -6.670511e-02 -1.019437e-01 -1.279043e-01 -1.033411e-01 -7.541646e-02 1.955709e-02
2.212046e-01 -8.554126e-02 -1.183815e-01 -1.177529e-01 -6.341963e-02 -1.264351e-01 -7.396860e-02 5.882215e-02
9.514815e-02 -5.419845e-02 -2.343501e-01 -5.350241e-02 -4.786924e-02 -1.780604e-01 2.279272e-02 -1.865622e-02
-3.204604e-04 -8.753120e-02 -1.247625e-01 -1.005254e-01 -2.569283e-02 1.144932e-01 -9.085382e-02 2.579447e-02
-1.485852e-01 4.839182e-01 3.142909e-02 4.124682e-01 2.075883e-02 -1.162662e-01 -1.099698e-01 5.858857e-02
4.463505e-01 -1.247248e-01 1.926358e-02 -3.445340e-02 -1.403556e-02 -7.611507e-02 -1.505161e-01 1.257104e-01
5.950357e-03 -1.029958e-01 -2.135628e-01 4.185458e-02 -2.235681e-01 -1.241602e-01 2.583936e-01 1.345727e-01
-8.754428e-02 -7.614990e-02 -8.176677e-02 -4.809357e-02 3.791464e-02 -3.704702e-02 -4.613231e-02 -5.509954e-02
-1.439773e-01 3.071718e-01 -8.833501e-03 3.510062e-01 -5.821360e-02 -1.984456e-01 2.848542e-02 1.997502e-01
5.450024e-02 -8.561777e-02 -1.219324e-01 -1.009863e-01 4.482730e-02 -1.036627e-01 -5.649675e-02 -3.694261e-02
6.663285e-02 -1.091068e-01 -6.718135e-02 -6.106262e-02 9.434220e-02 -1.383886e-01 -1.324158e-01 9.849923e-02
-8.983615e-02 2.398219e-02 -1.201179e-01 -1.103976e-01 5.994940e-02 -8.196741e-02 1.992816e-02 -2.187723e-01
3.748234e-01 1.816168e-02 -1.754144e-01 -5.574811e-02 -1.821973e-01 -1.613949e-01 -1.374131e-01 -2.290866e-01
-5.155097e-02 -7.397445e-02 -1.790705e-01 -7.162637e-02 3.822096e-02 -1.482134e-01 2.260512e-02 -1.302435e-01
3.963263e-01 -1.197006e-01 -6.228361e-02 -1.017926e-01 -1.044434e-01 -1.239790e-01 -8.423205e-02 2.162990e-01
-1.507601e-01 3.384963e-01 4.489862e-02 8.461841e-02 4.245974e-02 -1.444471e-01 -1.162467e-01 7.314249e-02
3.000399e-01 -3.272889e-02 -1.802049e-01 -1.617873e-01 -1.839792e-01 -1.023673e-01 -1.815200e-02 1.037641e-02
5.586727e-02 1.017651e-01 -8.348823e-02 -2.491593e-01 -1.007153e-02 4.667994e-02 -1.128946e-01 -2.217670e-01
-1.001635e-01 -4.699541e-02 -2.132809e-01 -1.757690e-01 -1.359285e-01 -6.529763e-02 4.547544e-01 -1.651218e-01
2.344402e-01 -1.450084e-01 -5.920534e-02 -8.764476e-02 -4.780787e-02 1.229827e-01 -1.299138e-01 2.017001e-01
2.504166e-01 -5.293209e-02 -1.664988e-01 3.226567e-02 -7.131997e-02 7.762321e-02 -2.216953e-01 -1.014118e-01
2.822961e-01 -5.606551e-02 -1.889263e-01 -1.077191e-01 -1.343404e-01 -1.769569e-01 -6.709130e-03 1.425323e-01
-1.357602e-01 -1.220943e-01 -1.199015e-01 -1.050587e-01 1.422165e-01 1.515332e-01 -5.427099e-02 -1.042634e-01
3.115950e-01 -1.030046e-01 -1.191020e-01 1.371808e-03 -1.377820e-01 -1.065508e-01 -8.328243e-02 -1.128447e-01
6.642220e-03 -2.621036e-02 -3.234116e-01 -2.036284e-02 -2.843850e-01 -2.153862e-02 7.092735e-02 -3.092303e-01
-1.501557e-01 -8.855358e-02 -1.950930e-02 -8.419575e-02 5.663576e-02 2.986397e-01 -5.903209e-02 -1.218372e-01
4.898696e-01 -2.332906e-02 -1.588391e-01 -1.315144e-01 -2.011846e-01 -1.877124e-01 -6.162188e-02 -6.348418e-02
-1.655404e-01 -1.066462e-01 1.698779e-01 -4.878475e-02 5.880414e-02 3.617117e-01 -1.253400e-01 -1.649759e-01
-4.858920e-02 -1.463908e-01 -7.644358e-02 -4.673786e-02 -1.161923e-01 -1.125010e-01 5.412689e-01 9.610643e-02
4.159302e-01 -1.413030e-01 -1.395627e-01 -4.917724e-02 -9.640684e-02 -2.211777e-01 -8.638506e-02 3.049685e-01
-1.228244e-01 -5.670198e-02 -1.173156e-01 -9.065188e-02 -7.667195e-04 3.882530e-02 1.295768e-02 -2.176410e-01
4.142946e-01 3.715453e-02 -1.028577e-01 -2.486501e-01 -2.193285e-01 -9.695718e-02 -6.374294e-02 -1.758512e-01
4.367427e-02 -8.378504e-02 -4.130696e-01 1.155794e-01 -3.429794e-01 -1.192310e-01 1.828393e-01 -2.055431e-01
2.888058e-02 -1.926337e-02 -1.858765e-01 -1.387289e-01 -5.150639e-02 -6.457057e-02 2.555425e-03 -1.547273e-01
2.202906e-01 7.284608e-02 -1.724743e-01 -2.564116e-01 -1.529014e-01 -8.579101e-03 -5.704341e-02 -1.092873e-01
-2.930293e-01 -1.403053e-01 1.557766e-01 -7.023755e-02 -5.252679e-02 -4.294107e-02 -9.413218e-02 1.319542e-01
-9.274100e-02 -8.241807e-02 -1.360286e-01 7.027090e-02 2.395783e-01 3.060208e-01 -1.972846e-02 -3.102642e-02
3.570706e-01 -1.936949e-02 2.228240e-01 -9.090795e-02 -7.776348e-02 -1.324354e-01 2.316511e-01 -9.846017e-02
-2.262082e-01 -1.543095e-01 -1.384909e-02 3.416586e-02 1.769199e-01 2.595589e-02 -3.048392e-01 5.832083e-02
3.448574e-01 -3.324024e-01 2.556113e-02 -1.459145e-01 3.984750e-02 6.121011e-02 1.399781e-01 1.224177e-01
-8.410328e-02 -2.219022e-02 -1.862824e-01 -2.022606e-01 1.469164e-01 1.559931e-01 1.064705e-01 1.005743e-01
-3.057994e-01 -2.995521e-01 -6.011736e-02 -1.723449e-01 -2.642090e-02 -3.064782e-02 -8.787481e-02 2.191796e-02
-1.704580e-01 1.427079e-01 -8.450866e-02 2.255893e-01 2.064186e-01 -1.077916e-01 -1.200069e-01 -1.780818e-02
-1.689390e-01 4.372301e-02 4.021486e-01 8.410776e-02 -2.155688e-01 4.844324e-02 -1.052908e-01 1.030842e-01
-2.000113e-01 -1.303816e-01 2.686930e-01 3.382933e-03 -7.741027e-02 -1.767112e-01 -1.952285e-01 -4.806286e-02
-1.502526e-01 -1.188406e-01 1.558722e-01 -9.029581e-02 -2.393259e-01 1.222147e-01 -2.248185e-03 2.676568e-02
-1.549885e-01 -8.477052e-02 -1.123565e-01 2.230355e-01 3.433583e-01 1.011113e-01 -1.404434e-01 -6.682385e-02
-1.269010e-01 -9.385592e-02 -1.457257e-01 -8.084652e-02 1.354222e-01 1.932586e-01 -9.043223e-02 -2.719755e-02
6.050835e-01 -1.067283e-01 2.830690e-01 -1.329785e-01 -1.058779e-01 -9.144465e-02 1.676099e-01 4.036319e-02
-1.224596e-01 3.586713e-02 1.586391e-01 1.968564e-01 -3.126568e-02 9.154841e-02 -3.004158e-01 -1.338384e-01
-2.023541e-01 -1.110736e-01 -1.633241e-02 -8.736033e-02 1.787727e-01 -1.184417e-01 -1.049374e-01 -2.493715e-02
-1.599753e-01 -9.308114e-02 -1.246506e-01 4.369863e-02 3.156295e-01 1.728970e-02 -1.219269e-01 -4.338058e-02
-1.254526e-01 -8.486463e-02 -1.103718e-01 2.076464e-01 3.182480e-01 2.590325e-01 -9.151005e-02 -4.705717e-02
-1.401317e-01 -1.007420e-01 2.446310e-01 -7.458530e-02 -1.010406e-01 -1.353378e-01 -9.116827e-02 3.661891e-02
-2.353008e-01 -4.186109e-01 1.087010e-01 -7.616281e-02 -2.972864e-02 -1.203319e-02 -1.838112e-01 1.507461e-02
-1.203681e-01 -6.755073e-02 -1.251467e-01 -7.666349e-02 2.446242e-01 9.328662e-02 -1.020478e-02 1.031530e-02
-1.796031e-01 -1.349380e-01 -8.312265e-02 3.888522e-02 3.027699e-01 -1.006568e-01 -1.816859e-01 -1.192198e-01
-1.659316e-01 -3.369351e-02 3.635413e-01 1.533381e-01 -1.727071e-01 -4.524272e-02 -2.690975e-01 -3.294945e-02
-2.442935e-01 -1.197454e-01 -1.435920e-01 -2.217128e-01 1.586204e-01 5.485659e-02 5.328691e-02 9.851157e-02
-2.342785e-01 -1.247411e-01 2.084639e-02 -3.613751e-02 1.967534e-01 -1.724126e-01 -1.811285e-01 -1.405551e-01
-2.361812e-01 -8.802442e-02 -1.059394e-01 1.050344e-02 3.074896e-01 2.296264e-01 -2.680052e-02 1.697457e-02
-1.874070e-01 -1.259312e-01 1.206853e-01 -1.244913e-01 -6.499938e-02 1.505981e-02 -3.894391e-02 1.312135e-01
-1.223772e-01 -8.700317e-02 -7.553311e-02 -1.474123e-01 1.319350e-01 -1.631480e-02 -4.204216e-03 9.953456e-04
-1.208890e-01 -1.024252e-01 -8.628017e-02 3.506171e-01 2.646498e-01 2.709523e-01 -1.666804e-01 -1.234805e-01
3.437759e-02 -1.767367e-03 -1.279297e-01 -1.410924e-01 2.432611e-01 1.963076e-01 1.353352e-01 4.683501e-02
-1.455767e-01 -5.204895e-02 -1.382534e-01 -1.015245e-01 2.988660e-01 8.855165e-02 9.302269e-02 8.213764e-02
-3.031731e-01 -3.133342e-01 -1.520555e-01 -9.878054e-02 1.162650e-01 4.026912e-02 -1.089687e-01 3.733106e-03
-3.006167e-01 -1.044042e-01 -8.770089e-02 9.155913e-02 3.597614e-01 1.068513e-01 -1.161396e-01 -1.923947e-02
-7.036653e-02 -1.738779e-01 -2.509387e-01 -5.121838e-02 1.240414e-01 3.245592e-01 6.773217e-02 -2.155979e-02
-2.068011e-01 -1.140725e-01 1.628359e-01 -5.537954e-02 6.454468e-03 -1.434145e-01 -1.201406e-01 2.953174e-03
-9.332860e-02 2.027982e-02 -4.095900e-02 4.410185e-01 2.278792e-01 3.174426e-02 -2.045032e-01 -1.008440e-01
-3.071413e-01 -8.427216e-02 -5.184536e-02 8.061496e-02 2.286293e-01 -1.659359e-01 -1.687027e-01 1.578210e-02
3.932363e-01 -1.848288e-01 1.569923e-01 -3.816299e-02 7.834443e-02 -2.308297e-02 1.156924e-01 1.281445e-01
-2.324460e-01 -5.010051e-02 -1.152957e-01 1.744593e-01 3.476746e-01 -6.425045e-02 -1.554107e-01 -4.815686e-02
3.164919e-01 -6.299461e-02 3.416184e-01 7.061294e-02 6.199172e-02 -1.004540e-01 1.236881e-01 -2.081935e-01
-1.735889e-01 -1.109652e-01 -9.800277e-02 2.222494e-01 3.025353e-01 4.780975e-02 -2.667831e-01 -1.733196e-01
4.210617e-01 -2.233228e-01 3.171398e-01 9.146852e-02 7.869756e-02 -1.362278e-02 -1.048785e-01 2.091864e-02
-1.824030e-01 3.611631e-01 3.128265e-01 -3.225618e-03 -9.866885e-02 -7.563006e-02 -1.458056e-01 -2.421790e-02
-2.968025e-01 -3.003305e-01 -1.780183e-01 1.748774e-01 2.538748e-01 -1.054734e-02 -2.043872e-01 -1.035644e-01
-1.071092e-01 -4.654631e-02 -1.470190e-01 -8.225079e-02 1.963843e-01 3.189108e-01 7.640913e-02 4.702834e-02
-8.429383e-02 -8.859528e-02 -1.174300e-01 2.512168e-01 2.638117e-01 4.131973e-01 -3.694465e-02 -6.533891e-02
5.892999e-01 -8.409023e-02 2.152202e-01 -1.326782e-01 -1.110473e-01 -6.747268e-02 1.780357e-01 6.658123e-02
-1.456385e-01 1.946603e-01 2.353662e-01 4.481795e-02 -8.160235e-02 -1.129326e-01 -2.128334e-01 -1.530471e-01
-3.285840e-01 -3.628301e-01 -9.419917e-02 -6.495552e-02 4.128483e-02 -2.136843e-01 -1.193998e-01 1.029572e-03
-1.881805e-01 -2.668577e-01 -2.310740e-01 -5.070156e-02 1.837662e-01 1.948253e-01 1.183647e-02 -2.022618e-02
3.565095e-01 -4.008552e-01 5.559023e-02 -1.207260e-01 1.030974e-01 2.349257e-02 1.295806e-01 6.399397e-02
-1.618679e-01 -1.004139e-01 -8.630838e-02 -6.990515e-02 2.602449e-01 -6.361576e-02 -7.868814e-02 -1.422593e-02
-6.847648e-02 -1.242367e-02 -1.345048e-01 -2.107805e-02 3.060549e-01 2.057916e-01 6.680427e-02 9.566687e-03
-2.358077e-01 -2.625762e-01 -2.142693e-01 1.464691e-01 2.250669e-01 2.691822e-01 -5.098619e-02 -8.484768e-02
-1.968771e-01 -1.286044e-02 -1.365283e-01 4.763871e-02 2.930618e-01 -3.722340e-02 -4.342605e-02 5.290360e-02
-1.927197e-01 -2.063189e-02 3.559724e-01 -5.119140e-02 -7.261957e-02 -1.097161e-01 -1.210605e-01 8.515374e-02
-1.246983e-01 -7.767027e-02 -1.203201e-01 6.382779e-02 3.466048e-01 1.604831e-01 -3.710413e-02 -2.548923e-02
-2.400424e-01 -9.538183e-02 -6.564566e-02 1.808417e-01 2.780797e-01 -1.438121e-01 -2.898239e-01 -1.315731e-01
-2.797293e-01 -1.261585e-01 -1.144998e-01 -3.506868e-02 3.570423e-01 2.403480e-02 8.426902e-03 3.762727e-02
1.528276e-02 -1.771432e-01 2.865312e-01 4.212936e-02 -1.106405e-01 -1.893668e-01 -2.232432e-01 -7.481013e-02
-2.066223e-01 -2.194451e-01 2.157840e-01 4.035290e-02 -2.811174e-02 -2.697071e-01 -1.333826e-01 3.380210e-02
-1.665701e-01 -8.534785e-02 -8.609451e-02 1.031615e-01 2.445160e-01 2.420590e-01 -1.994030e-01 -5.747550e-02
4.131629e-01 -1.960992e-01 4.192440e-02 -1.285816e-01 5.464249e-02 -1.728201e-02 1.027221e-01 2.209610e-02
-2.005902e-01 -1.486276e-03 -6.032995e-02 -5.770301e-02 1.237266e-01 -4.414079e-02 -2.166775e-02 1.320455e-01
1.122495e-01 5.366323e-02 8.401091e-02 2.022070e-01 4.355793e-01 3.296243e-03 8.683797e-03 1.200675e-02
4.386672e-01 -1.449789e-01 -3.056560e-02 4.254804e-01 1.180161e-01 1.223759e-01 2.059152e-02 -1.638231e-01
-5.744884e-02 -5.746542e-02 2.356172e-01 -8.077247e-02 -6.730859e-02 -1.015207e-01 2.205030e-02 -2.988777e-02
5.788530e-01 -1.527499e-01 -1.277254e-01 2.683479e-02 -1.608921e-01 8.134531e-02 2.164180e-01 -1.719680e-01
-8.134139e-02 -6.732674e-03 1.492081e-01 1.538432e-01 6.350811e-02 -1.095189e-02 3.822387e-02 9.117939e-02
2.584492e-01 -1.502891e-01 -1.196095e-01 2.544531e-02 -1.276796e-01 -2.904472e-02 -8.393642e-03 -9.950338e-02
3.279336e-01 -6.955008e-02 -1.236266e-01 3.783948e-01 4.083154e-01 1.580570e-01 -5.372639e-02 -9.178666e-02
1.058002e-01 1.221218e-02 -5.030102e-02 4.352557e-02 -5.176307e-02 -1.198560e-01 5.646287e-02 2.788014e-01
-1.008433e-01 1.011672e-01 1.370316e-01 -6.864433e-02 4.514858e-01 2.986075e-02 -6.705428e-02 5.982359e-02
1.957239e-02 -1.114386e-01 4.050039e-01 5.928860e-03 1.382100e-01 -1.413036e-01 5.217578e-02 -2.707358e-02
1.241636e-01 -1.319742e-01 -8.341631e-02 2.952031e-01 2.351584e-01 -5.145052e-02 -1.852947e-02 -1.225155e-01
5.896874e-04 -4.145651e-02 3.259808e-01 9.005070e-02 2.458738e-01 -5.447420e-02 -1.156706e-02 -9.103584e-02
3.765593e-01 1.054751e-01 -7.959522e-02 -7.831553e-02 -5.566351e-02 1.407966e-01 8.985340e-02 4.629376e-02
5.831926e-04 -1.713261e-01 1.983834e-01 1.838046e-01 -3.342412e-02 1.928616e-02 -2.926240e-03 -1.204778e-02
1.198116e-01 -1.084041e-01 7.477017e-02 3.064643e-01 4.657709e-01 5.106123e-02 3.489952e-02 -1.056418e-01
-5.626852e-02 -4.703087e-02 1.029893e-01 -7.344884e-02 -7.386150e-02 -9.694059e-02 1.702132e-02 -3.958471e-02
-3.328883e-02 -4.827839e-02 3.679945e-01 6.020513e-02 3.325840e-01 -2.176676e-02 8.434033e-02 1.688497e-02
2.433802e-01 -2.330240e-01 4.158198e-03 3.823420e-01 1.612512e-01 1.245497e-01 1.115301e-01 -8.591898e-02
4.314961e-01 -8.840465e-02 -7.459082e-02 4.937196e-02 -8.890611e-02 -1.163482e-01 2.124208e-01 -9.553032e-02
-5.216939e-02 -7.098715e-04 1.465572e-01 -7.621072e-03 5.124763e-01 -4.051518e-02 1.555459e-02 -3.240893e-02
-1.245619e-01 9.858857e-02 1.912031e-01 -9.607743e-02 -8.849718e-02 6.533842e-02 -1.343490e-01 2.915021e-01
4.245249e-01 -3.177505e-02 -1.082900e-01 3.475204e-01 2.124351e-01 4.598373e-02 -3.417411e-02 -1.327537e-01
4.252002e-01 -2.128298e-01 1.262742e-02 3.899347e-01 3.686789e-02 8.516662e-02 5.694348e-02 -2.370599e-01
1.859094e-01 -2.479015e-02 -5.209620e-02 3.036123e-01 5.036647e-01 1.279984e-01 -3.645245e-02 -7.006872e-02
2.015345e-01 -1.426030e-01 3.286984e-02 3.565511e-01 2.655739e-01 -9.289652e-02 1.574192e-01 -1.094249e-01
1.282865e-01 -1.432505e-01 -4.787172e-02 2.100445e-02 -8.809382e-02 -1.239357e-01 1.633317e-02 -1.042180e-01
4.310846e-01 -1.784546e-02 -1.141356e-01 -5.772207e-02 -1.240050e-01 7.896987e-02 2.668789e-01 -4.863318e-02
2.406875e-01 -1.426126e-01 -5.149738e-02 3.924263e-01 4.218574e-01 4.402483e-02 2.171523e-02 -1.255921e-01
4.081522e-01 -1.110990e-01 -1.331665e-01 3.850070e-01 2.232030e-01 2.166741e-01 -7.128571e-02 -1.241986e-01
-6.974404e-02 -8.426056e-02 1.470929e-01 -8.243616e-02 2.733241e-01 -1.156738e-01 -4.229345e-02 -9.987219e-02
-9.780215e-02 -9.843346e-02 2.835775e-01 1.879801e-01 -5.467615e-03 -2.356560e-02 3.586265e-02 3.078747e-02
8.090716e-04 -1.419744e-01 3.089731e-01 1.415244e-01 3.304701e-01 -3.361452e-02 1.186657e-01 2.643159e-02
-6.756786e-02 9.353706e-02 2.419974e-01 -8.417504e-03 3.802098e-01 -9.533511e-04 9.477009e-02 1.166467e-01
3.809201e-01 7.304648e-03 -4.263563e-02 3.291363e-01 1.730231e-01 1.723990e-01 -6.803884e-02 -5.432180e-02
3.700024e-01 -1.452124e-01 -1.291936e-01 4.238719e-01 3.136441e-01 9.377466e-02 -1.230516e-02 -1.452149e-01
5.838716e-01 -4.376397e-02 -1.553283e-01 1.813728e-02 -8.632305e-02 5.939840e-02 1.374201e-01 -1.389512e-01
2.837066e-01 6.513283e-02 -6.675544e-02 3.038614e-01 3.185867e-01 3.843116e-02 -2.245310e-02 3.956834e-03
-4.535031e-02 -1.535469e-01 1.192881e-01 -5.298392e-02 -1.200882e-01 -1.516382e-01 -2.385037e-02 -8.902380e-02
-5.739348e-02 -4.558667e-02 1.404145e-01 -1.138016e-01 -1.301241e-01 -9.155138e-02 2.123447e-01 -6.531585e-02
1.885480e-01 -6.373393e-02 7.853188e-02 3.266255e-01 4.019667e-01 -1.214074e-01 5.113376e-02 -6.396949e-02
-6.184129e-02 -1.481027e-01 1.870793e-01 1.498006e-01 -8.770372e-02 -9.330334e-02 2.448288e-02 -4.432939e-02
3.312309e-01 -9.315401e-02 -6.832747e-02 3.979675e-01 3.401820e-01 -8.669841e-02 -1.052305e-02 -9.952921e-02
1.453420e-01 1.974149e-02 5.794511e-03 1.646232e-01 5.949919e-02 -1.534568e-02 -3.431547e-02 7.074042e-02
1.474417e-01 -2.744945e-01 5.084826e-02 2.727161e-01 -4.854419e-02 -3.409285e-03 5.220988e-02 -2.474626e-02
3.838221e-01 -1.006261e-01 -1.475264e-02 3.940701e-01 1.788533e-01 -1.260699e-01 7.575024e-02 -1.444119e-01
5.945726e-02 7.639594e-02 -8.011669e-02 -3.329659e-02 -4.162933e-02 1.078051e-01 -7.196447e-02 3.749602e-01
-9.978942e-02 4.555722e-02 1.518022e-01 -1.156011e-01 -4.759925e-02 -3.829687e-02 -4.745350e-02 2.950398e-02
5.212564e-01 -6.408256e-02 -1.310502e-01 5.566883e-03 -1.063404e-01 1.806077e-01 1.377636e-01 -9.667482e-02
2.172762e-01 -4.376903e-02 -1.200456e-01 -5.485782e-02 -8.750000e-02 3.457388e-02 -5.407479e-02 -6.715605e-03
2.830143e-01 2.264779e-02 -1.148920e-01 2.978194e-01 3.193479e-01 2.495093e-01 -1.186742e-01 -9.605811e-03
2.603841e-01 1.260084e-02 5.300348e-02 -1.069031e-01 -1.269127e-01 -1.366675e-02 2.993631e-01 -5.852767e-02
-6.415777e-02 8.419983e-03 1.030429e-01 -1.100734e-01 -1.075701e-01 -6.640591e-02 -8.740301e-02 3.708286e-01
2.237899e-01 -1.277099e-01 3.712080e-02 2.351730e-01 -9.238860e-03 -1.882422e-02 2.152295e-02 8.087676e-03
-4.587747e-02 -1.199075e-02 2.794525e-01 8.837910e-03 4.534801e-01 -5.901309e-02 1.670765e-02 -3.001260e-02
4.678600e-01 -9.945539e-02 -7.990339e-02 3.330401e-01 1.157377e-01 7.507480e-02 2.510990e-02 -1.800038e-01
2.629322e-01 -9.119096e-02 -3.454112e-02 3.947271e-01 2.803892e-01 1.055041e-01 8.174235e-02 -5.986087e-02
5.269957e-01 -1.596447e-01 -1.317493e-01 8.257832e-02 -9.902801e-02 7.698312e-02 7.756294e-02 -1.361333e-01
1.936948e-01 1.382028e-01 -2.772450e-02 1.993827e-01 2.958635e-01 1.718613e-01 -1.158370e-01 7.274588e-02
-1.172211e-01 1.806283e-01 1.998273e-01 -1.098372e-01 2.820452e-01 5.063231e-02 -4.138889e-02 1.103364e-01
1.656484e-02 -9.906975e-02 2.991488e-01 1.513474e-01 4.118058e-01 -7.392769e-02 3.601239e-02 -6.622608e-02
3.365510e-01 -1.883252e-01 -4.574670e-02 3.847436e-01 1.465256e-01 1.089491e-02 1.024490e-01 -1.964187e-01
-6.007876e-02 8.196817e-02 2.764441e-01 2.784133e-05 2.646381e-01 4.957150e-02 -4.547076e-02 1.808813e-02
-3.117714e-02 -8.270217e-02 1.415421e-01 5.781541e-02 5.170768e-01 -7.871229e-02 3.964579e-02 -7.885059e-02
1.026548e-01 -1.204291e-01 2.287392e-01 2.802241e-01 2.279401e-01 1.275994e-02 4.044525e-02 -1.046717e-01
