1 5 16 16 32
-3.776936e-01 6.962870e-02 -4.417533e-02 3.178919e-01 3.389246e-01 2.686154e-01 2.949412e-01 1.355965e-01 -1.804938e-02 4.049588e-01 -1.387870e-01 2.700156e-01 2.433069e-01 7.883546e-02 2.869723e-01 -1.294734e-01
-9.536997e-02 3.887873e-01 1.962363e-01 1.493932e-01 8.245188e-02 -1.945162e-01 -3.308747e-02 2.265283e-01 -2.578644e-01 -1.482396e-01 1.164505e-01 3.792381e-01 2.293123e-01 -1.168763e-01 -4.068784e-01 -8.564518e-02
3.921892e-02 -3.451845e-01 2.090728e-01 1.522005e-01 -5.031360e-02 4.275163e-01 -7.299487e-02 3.371560e-02 2.590930e-01 -1.654022e-01 -1.544883e-01 -3.144132e-02 4.530293e-01 -3.251979e-01 2.905352e-02 -2.703025e-01
2.186485e-01 -3.260779e-01 -1.833607e-01 -1.693497e-01 -1.100772e-01 2.777213e-01 3.633723e-02 -1.449271e-01 2.712870e-01 3.019169e-01 -2.474542e-02 -2.690305e-01 -1.987995e-01 3.161164e-02 4.886404e-01 1.290461e-01
8.100196e-02 1.100909e-01 3.481005e-01 -1.245993e-01 -3.680972e-01 -2.600595e-02 -1.230977e-01 1.579117e-01 -4.227658e-02 1.451609e-01 3.426859e-01 5.348094e-02 9.142760e-02 -3.882035e-02 -3.705444e-01 5.211151e-01
-1.030259e-01 2.476434e-01 -7.285543e-02 -1.673691e-01 1.660618e-01 1.554857e-01 3.220534e-01 -2.039713e-01 1.562644e-01 -2.509705e-01 -3.003837e-01 6.963276e-02 3.446164e-01 2.429984e-01 -1.421653e-01 1.468405e-02
-9.765887e-02 2.203604e-01 -2.025351e-01 -5.239358e-03 2.691373e-01 1.290563e-01 -3.479127e-01 -1.162123e-01 1.927317e-02 -2.460266e-01 7.821580e-02 4.047887e-01 -1.195062e-01 5.591578e-02 4.558200e-01 -1.055199e-01
-2.676748e-02 2.518866e-01 5.752948e-02 -1.834170e-01 8.819588e-02 -2.411609e-01 3.830594e-02 1.771397e-01 1.305703e-01 3.800763e-02 6.163150e-02 -1.386581e-01 -3.156592e-01 4.773520e-01 3.954906e-01 -3.276348e-01
4.418253e-02 2.013275e-01 -1.919309e-01 1.796861e-01 -9.172862e-02 8.468282e-02 3.091556e-01 2.108240e-01 4.626896e-02 3.270997e-01 1.927930e-01 -6.083223e-02 2.254882e-01 9.046784e-02 -1.925114e-01 2.923720e-01
-1.123125e-01 -6.061991e-02 5.812516e-02 -1.796521e-01 1.955533e-01 -1.043446e-01 -2.564338e-01 -2.116654e-02 3.725101e-03 -4.019865e-01 -1.232461e-01 3.775255e-01 1.909140e-02 5.593896e-02 4.863389e-01 -1.980700e-01
5.774814e-02 -1.779416e-01 9.219609e-02 1.935213e-01 -1.537086e-01 -1.325375e-01 -2.279077e-01 2.417738e-01 -1.803479e-01 3.784392e-01 3.466724e-01 -1.905531e-01 -2.559645e-01 -1.058647e-01 2.486791e-02 1.458812e-01
8.859517e-04 -2.593167e-01 2.117924e-01 -1.498765e-04 -2.014341e-01 -1.708552e-01 3.612438e-01 1.763917e-01 -1.662042e-02 2.435798e-01 -4.672479e-02 -2.049528e-01 1.113656e-01 -8.379389e-02 -2.977338e-01 1.358644e-01
-2.007126e-01 5.639208e-01 1.671849e-02 -2.661770e-02 9.506463e-02 -3.290175e-01 -1.770572e-01 2.067190e-01 -1.943140e-01 1.211246e-01 -4.551767e-02 2.047669e-01 -1.939580e-01 -9.025177e-02 -4.432008e-01 -1.632018e-01
-3.219205e-01 -2.694714e-02 -3.129342e-01 7.348173e-02 2.297832e-01 1.218119e-01 -1.702740e-01 5.666799e-02 1.695222e-01 -1.993762e-01 3.451539e-02 5.645469e-01 -7.140415e-03 -1.587135e-02 3.999178e-01 4.480586e-02
4.032150e-02 2.812470e-01 -1.761175e-01 -8.361850e-02 -4.054292e-02 -2.685894e-01 -1.759856e-02 1.664203e-02 -2.646276e-01 1.680923e-01 3.398643e-01 -7.863259e-02 -2.070877e-01 2.046679e-01 -9.541824e-02 1.796245e-01
8.454726e-02 -3.742963e-01 1.816816e-02 -1.951395e-01 -1.029186e-02 3.993359e-01 2.047554e-01 -2.462456e-01 3.100455e-01 -2.042860e-02 5.489711e-02 -2.121114e-01 -3.887547e-02 1.346060e-01 4.175876e-01 1.485301e-01
-2.016575e-01 -1.669896e-03 -5.742664e-02 9.178340e-02 5.672965e-01 1.172340e-01 8.917291e-02 -5.992799e-03 -8.122986e-02 -1.855696e-02 -1.642242e-01 -7.626866e-02 -1.020362e-01 5.189775e-02 4.947676e-01 -4.350221e-01
-9.706392e-02 4.654820e-01 4.767903e-02 1.379403e-01 1.401423e-01 -2.520217e-01 -1.362874e-01 3.210207e-01 -2.687518e-01 1.158234e-01 5.111065e-02 3.717998e-01 3.827021e-02 -2.267077e-01 -3.462779e-01 -9.644290e-02
-2.008141e-01 -2.588604e-01 1.873357e-01 2.419799e-01 1.656889e-01 -2.671369e-02 -5.015589e-02 6.579375e-03 4.038731e-01 -2.387931e-01 -3.169373e-01 3.865106e-01 2.254788e-01 -1.823655e-01 -1.728076e-02 -1.252215e-01
9.384841e-02 -4.754227e-01 -5.042536e-02 -1.961500e-02 -1.599666e-01 1.720288e-01 1.195850e-01 -1.406790e-01 1.897245e-01 1.640872e-01 6.685460e-02 -1.310238e-01 2.119431e-01 1.301018e-01 5.598012e-01 1.536777e-01
-1.786073e-01 1.491630e-01 4.918323e-01 -3.465049e-02 -5.809138e-02 1.026044e-01 -4.781130e-02 2.472464e-01 -1.179501e-01 2.934605e-01 3.215577e-01 5.597086e-02 2.101237e-01 6.017507e-02 -1.477101e-01 4.747599e-01
-2.276894e-01 1.197685e-01 2.561514e-02 -9.612729e-02 6.075521e-01 -1.005008e-01 -2.421625e-01 -2.615303e-02 3.265564e-01 -2.132707e-01 -3.318410e-01 2.858946e-01 -8.034825e-02 1.036831e-01 1.224886e-01 -1.436399e-01
2.180935e-01 1.549080e-01 -1.683122e-01 3.804879e-01 -1.617572e-01 1.902958e-01 -6.295721e-02 1.780276e-01 9.207743e-02 4.320446e-01 3.633621e-01 -1.167099e-01 -9.698095e-02 -9.657661e-02 -1.413371e-01 1.306120e-01
-4.480629e-02 1.762772e-01 2.258777e-01 -1.704125e-01 3.438840e-01 2.134206e-01 -1.936895e-01 -1.833420e-01 2.316025e-03 -4.550745e-02 -2.753670e-01 -1.154024e-02 -2.250310e-01 -1.987494e-01 -1.891270e-02 -1.195628e-01
4.393558e-01 2.438982e-01 -3.513337e-01 4.105484e-02 2.441827e-02 2.166373e-01 -9.143957e-02 -1.997506e-01 -5.642388e-02 -1.596827e-01 -4.586100e-02 -5.300924e-02 -1.243865e-01 3.868364e-02 1.154081e-01 -9.437321e-02
-5.141775e-02 4.992750e-01 2.451286e-01 -6.214296e-02 2.344809e-01 2.938512e-02 1.300019e-02 2.535072e-01 -7.338260e-02 -4.772363e-02 -8.551209e-02 3.283075e-01 -2.057976e-01 -2.367930e-01 -4.001304e-01 -1.486816e-01
-3.236054e-01 5.129388e-02 -2.241701e-01 -1.840189e-01 2.035334e-01 1.149898e-01 2.239259e-01 -6.344447e-02 2.841259e-01 -2.792506e-01 -2.927049e-01 4.554724e-01 3.253505e-01 9.073585e-02 1.150053e-01 -2.510933e-03
2.520318e-01 -1.347535e-01 -8.548227e-02 -6.499563e-02 -1.049707e-01 5.942420e-01 3.687836e-02 -1.143741e-01 -7.251599e-02 -4.798880e-02 -2.910827e-02 -1.461418e-01 3.208573e-01 -2.668253e-01 -1.484193e-01 -1.292369e-01
-2.136088e-01 -1.428563e-01 8.441564e-02 2.180860e-01 1.368897e-02 -2.155003e-01 2.894514e-03 -5.537289e-02 -2.922636e-02 -6.875358e-03 -3.335788e-02 3.474689e-01 9.540572e-02 -2.688672e-01 -2.750075e-01 3.219565e-01
-9.840075e-02 1.044694e-01 2.325223e-01 7.490607e-02 -2.131056e-01 1.121703e-01 -3.191262e-02 3.752066e-01 -1.822783e-01 2.171299e-01 1.329291e-01 1.489536e-01 3.952930e-01 7.679348e-02 -2.394276e-01 4.972690e-01
-4.484031e-02 3.849303e-01 6.953430e-02 -3.890048e-02 3.085829e-01 -9.766997e-02 3.531602e-02 1.509992e-01 -1.253943e-01 -3.959556e-02 1.654544e-01 5.667347e-01 -1.306775e-02 -1.342184e-01 -3.229584e-01 -2.114253e-01
4.486828e-01 -7.379769e-02 7.067229e-02 -2.602197e-01 -3.227772e-01 -2.105059e-01 -2.971343e-01 -1.008066e-01 9.559661e-02 -4.182268e-01 1.001072e-01 -2.195781e-01 -1.998050e-01 -6.629436e-02 -2.641479e-01 8.910754e-02
2.458590e-02 -5.986647e-02 -6.450919e-02 -1.610697e-02 4.999664e-02 -6.282955e-02 1.544037e-01 -6.448781e-01 -1.934909e-02 3.376791e-01 3.131018e-01 9.263676e-02 1.154531e-02 6.066502e-02 -4.426225e-01 -3.290710e-03
8.996435e-02 1.511901e-01 4.303822e-01 -1.076865e-01 -4.534648e-01 5.870212e-02 -1.641778e-01 -8.109768e-02 -1.030283e-01 -1.618870e-02 4.050371e-01 -1.098062e-01 -1.750039e-01 -6.192754e-02 3.122324e-01 1.356055e-01
-2.271274e-01 -3.274025e-01 -8.152807e-02 1.430865e-01 3.362293e-01 -1.672693e-01 -3.061894e-01 4.888622e-01 -7.059070e-02 -1.663684e-02 -2.244082e-01 1.581824e-01 -2.969301e-01 1.607607e-02 1.650120e-01 8.977547e-02
1.349741e-01 -1.249160e-02 1.345728e-01 -8.034503e-02 2.838776e-03 4.887100e-01 -4.968123e-01 -1.905023e-02 9.996957e-02 2.778795e-02 1.877204e-02 -2.225674e-01 -5.054812e-01 1.872380e-01 -4.426583e-02 1.378070e-01
-2.931249e-01 -1.999819e-01 -1.868766e-01 3.057934e-01 1.969683e-01 -2.657133e-01 1.329254e-01 2.085721e-02 -3.292550e-01 1.185855e-01 1.075429e-01 3.764781e-01 2.021670e-01 -1.760894e-01 -1.289288e-01 -1.047081e-01
-9.960542e-02 3.059424e-01 -1.018273e-01 -5.507368e-02 -3.486357e-01 -2.602279e-01 -4.980516e-02 3.104214e-03 4.616300e-01 -1.326454e-01 1.454062e-01 -2.690935e-02 7.699403e-02 -1.136879e-01 -1.147666e-01 -6.689776e-02
-1.912008e-01 -4.336051e-02 4.560708e-02 -2.529308e-01 -2.578660e-01 -3.070326e-01 6.518197e-02 -4.348899e-01 -3.171645e-01 -5.729537e-02 -5.881952e-02 2.561834e-01 -2.498695e-02 1.017389e-02 2.646019e-02 3.192669e-01
-1.859042e-01 2.057041e-01 -2.359297e-01 7.762084e-02 1.989917e-01 -5.319026e-01 2.795481e-02 -1.853615e-01 1.618521e-01 4.703173e-02 1.411788e-01 -6.415539e-02 -1.445060e-01 -1.221860e-01 1.071391e-01 -1.924238e-01
-1.768025e-01 -5.184982e-02 -2.156059e-01 1.734291e-01 2.145278e-01 9.704407e-02 -4.017638e-02 6.681074e-02 1.301525e-01 7.643808e-02 9.734693e-02 2.313668e-01 1.557940e-01 8.064108e-02 4.856746e-01 1.350258e-01
1.021352e-01 -7.918098e-03 -1.396888e-01 -3.613087e-01 -4.353361e-02 3.477901e-02 -1.066735e-01 -1.687329e-01 1.594908e-02 2.761067e-01 2.717936e-01 -1.871239e-01 9.142706e-02 5.030191e-02 3.395335e-01 5.638994e-02
4.570563e-01 -2.725101e-01 -1.159529e-01 -3.121206e-01 2.422789e-02 -2.216478e-01 -2.058036e-02 8.717849e-03 2.338829e-01 -1.764320e-03 -1.590835e-01 -1.594881e-01 2.861261e-01 7.319865e-02 1.225750e-01 8.288884e-02
7.508742e-02 -3.999336e-01 2.660240e-01 -4.562257e-02 2.429467e-01 2.308855e-01 -2.477037e-01 -9.246027e-02 -3.996738e-01 6.915731e-02 -2.021225e-01 3.229411e-02 -3.211358e-02 5.106024e-02 2.032414e-01 -8.932116e-03
-2.842948e-02 9.987167e-02 3.692301e-01 -2.294785e-01 -1.123228e-01 1.018713e-01 -4.413188e-02 3.141981e-01 -7.737040e-02 -2.788386e-01 5.849451e-02 -2.048682e-01 -2.361864e-02 -3.336817e-01 -1.938804e-02 3.778618e-01
-1.330644e-01 -5.412201e-02 6.805374e-02 2.885982e-01 -1.677332e-01 -3.431558e-01 -3.910326e-02 -5.324038e-03 4.637459e-01 2.949855e-02 2.464581e-01 1.647718e-01 -8.579459e-03 -4.153066e-01 -8.389527e-02 1.861229e-01
3.091528e-01 -6.796449e-02 -4.974971e-02 3.723766e-01 1.659440e-01 2.530114e-01 -1.418508e-01 4.650989e-01 3.102700e-01 -1.842449e-01 1.118983e-01 -2.428110e-03 -2.358496e-03 -1.795055e-01 -1.899401e-01 -1.947250e-01
-1.668496e-02 -5.013453e-02 4.907635e-02 2.028523e-01 1.850911e-02 -1.192385e-01 9.322722e-02 1.157811e-01 2.493483e-01 -2.562707e-01 -4.630677e-01 6.890827e-02 -2.380333e-01 1.249448e-02 -4.143336e-01 -6.108853e-03
2.646014e-02 -1.194071e-01 -4.336903e-02 8.827341e-02 3.246370e-01 -4.592754e-02 -2.434226e-01 -3.745935e-02 -3.074657e-01 1.908250e-01 4.445534e-01 1.904313e-01 -1.027736e-01 -3.446701e-01 -3.348303e-01 -5.755236e-02
1.019853e-01 1.738401e-01 -2.143686e-02 -9.596424e-02 -7.537275e-02 -2.336600e-01 -6.160263e-02 -5.724942e-01 -5.619222e-03 1.909996e-01 3.320629e-01 6.359895e-02 1.277502e-01 2.893081e-01 3.161722e-01 -2.194111e-01
8.834770e-02 -7.540186e-02 -2.278152e-02 9.354588e-02 1.398262e-01 2.931705e-02 -5.915738e-02 7.331015e-01 2.494801e-01 -1.325348e-02 -6.593896e-02 -3.012689e-01 5.679419e-03 1.832019e-01 2.190488e-02 -2.874882e-01
2.004097e-01 1.965496e-01 2.611144e-01 -3.995519e-02 -3.200296e-01 2.056298e-01 1.847953e-01 -3.917272e-01 6.646126e-03 -1.198406e-02 2.661922e-01 -1.648671e-01 -1.344408e-01 1.030640e-01 -4.520864e-01 7.611037e-03
-1.214438e-02 5.754919e-02 -8.763503e-02 1.942108e-01 3.689254e-01 2.368488e-01 2.427224e-01 1.411888e-01 -1.608177e-01 2.319131e-02 1.628395e-01 1.903907e-01 -2.454766e-01 1.552589e-01 9.196366e-02 4.179581e-01
1.695989e-01 3.791855e-01 4.837091e-02 -2.905549e-01 -3.029358e-01 1.544054e-01 2.363290e-01 -3.274354e-01 7.392985e-02 -1.459039e-03 1.810085e-01 -1.392916e-01 4.266807e-01 -4.786800e-02 -8.063662e-02 -8.965622e-02
1.750907e-02 -8.675272e-02 -4.139691e-01 1.922975e-01 2.307532e-01 -1.603589e-01 1.056026e-01 -3.296497e-01 3.454921e-02 3.321282e-01 -1.604624e-01 1.428130e-01 5.831825e-02 3.904751e-01 -9.136854e-04 -3.555478e-01
7.902811e-02 -5.188061e-03 -1.137263e-01 -1.073138e-01 2.245866e-01 3.821216e-01 9.537456e-03 -2.234896e-03 -4.553819e-01 -2.653772e-03 -1.432512e-01 -1.988737e-02 6.031406e-02 3.581496e-01 2.122786e-01 -3.196948e-02
2.543355e-01 -9.841453e-02 -9.076414e-02 3.718727e-02 -4.436041e-02 -1.706998e-01 2.000471e-01 3.206152e-01 -7.594831e-03 7.211255e-02 6.223835e-03 1.008265e-01 4.058127e-01 -8.342519e-02 -4.858588e-01 2.724171e-02
-9.306391e-02 -5.695838e-02 -7.713561e-02 1.587724e-02 5.417424e-02 8.271246e-03 1.189859e-01 -3.645339e-01 -3.273317e-02 3.077124e-01 2.045768e-01 1.478581e-01 2.951165e-01 -2.521575e-02 -6.623718e-01 2.688522e-02
-2.085589e-02 2.841450e-02 4.817227e-01 -6.856205e-02 -1.690136e-01 4.144211e-01 -9.615463e-02 2.516084e-01 6.611152e-03 -3.301384e-01 2.367968e-01 -1.096250e-01 4.595607e-02 -3.064606e-01 1.605408e-01 3.045144e-01
-3.279169e-01 1.648802e-01 1.748349e-01 -1.728496e-02 3.557630e-02 2.913144e-01 -3.477451e-01 -3.670255e-01 1.397150e-02 -1.000224e-01 -1.111568e-02 -8.333840e-02 -3.429349e-01 1.116029e-01 3.967611e-01 -1.507942e-02
4.753044e-02 1.482843e-01 6.543250e-02 -2.918861e-02 -9.656602e-02 5.712125e-02 -1.272017e-01 3.065852e-01 1.351891e-01 -2.466246e-01 -3.162185e-01 -1.137329e-01 -1.474564e-01 9.457134e-02 5.370378e-01 -2.037725e-02
-7.428944e-02 6.385718e-02 -5.112642e-03 2.748236e-01 4.567295e-02 1.401322e-01 -6.789048e-02 -2.513927e-01 1.264692e-01 2.959119e-02 2.770452e-03 1.262486e-01 -5.628382e-01 -8.866574e-02 -2.145683e-01 -7.831923e-02
3.236730e-01 -1.069405e-01 -6.731099e-02 -2.320419e-02 -1.391729e-01 7.053170e-01 -1.494554e-01 6.986211e-03 2.904793e-02 -1.671188e-03 -7.591520e-02 -1.857636e-02 5.620889e-02 8.558241e-02 -4.709994e-03 1.716985e-02
-1.979693e-02 1.662960e-01 -7.221970e-02 -3.293740e-01 -1.943018e-02 -3.683400e-03 3.330065e-01 2.164071e-02 5.628818e-02 1.503056e-02 5.821115e-02 -8.774405e-02 6.732778e-01 -1.244725e-01 1.733651e-01 -5.043179e-03
-5.524070e-02 1.796704e-01 1.016322e-01 -1.312803e-01 -5.029441e-02 -8.232851e-02 -1.087621e-01 1.373037e-01 -4.515189e-02 4.097518e-01 -1.672076e-01 -1.972364e-01 -1.641652e-01 -1.205170e-02 -4.013709e-02 4.877957e-02
-3.280528e-02 1.581002e-01 -3.401453e-02 -2.080808e-01 2.787893e-01 3.072624e-02 1.109071e-01 1.108417e-02 1.687007e-01 2.588023e-01 2.585414e-01 4.213484e-01 -1.116368e-01 2.722427e-02 7.927154e-02 -1.327831e-01
4.815813e-01 -1.962906e-01 -1.436616e-01 1.050033e-01 -6.283629e-02 9.582405e-02 1.580900e-02 -1.217238e-01 3.357710e-02 -1.925507e-01 1.135709e-02 3.049347e-01 2.133743e-01 -8.110679e-02 -1.212893e-01 -1.493189e-01
-2.490812e-01 -1.977378e-02 1.403923e-01 9.335467e-02 4.511408e-01 1.080164e-01 4.023980e-01 1.743760e-01 6.889048e-02 8.621328e-02 3.755230e-02 -2.334707e-01 5.093199e-02 1.542466e-01 2.994292e-01 3.374130e-03
-3.558360e-01 1.956411e-01 3.294178e-01 1.500742e-01 1.438855e-01 2.072500e-01 1.257335e-01 1.395077e-01 5.450404e-02 5.201452e-01 1.506491e-01 2.873831e-01 1.288970e-01 4.645268e-02 1.170798e-01 1.501087e-01
7.542878e-02 -1.254993e-01 2.948242e-01 -1.029798e-01 -1.281645e-01 -1.340706e-01 3.311713e-01 -6.317940e-02 -7.803832e-02 -1.563293e-01 -2.505315e-01 -2.240418e-01 1.951632e-01 8.658252e-02 -2.324712e-01 -2.132648e-02
-6.123707e-02 3.653114e-02 -2.720497e-01 1.172272e-01 1.934604e-02 1.407560e-01 -2.449071e-01 8.893093e-02 2.633355e-02 -2.114768e-02 2.333493e-01 3.327088e-01 -1.937436e-01 -5.672577e-02 4.548624e-01 -1.582353e-02
-1.080831e-02 1.240929e-01 -1.059219e-01 7.791230e-02 2.086284e-01 -1.095567e-01 -2.647274e-02 8.419391e-02 -2.144895e-01 6.687778e-02 4.819653e-01 -8.378646e-02 9.813009e-02 -1.705880e-01 -3.628566e-02 8.670741e-02
3.214487e-01 -2.898576e-02 -1.135281e-01 -1.276823e-01 -4.426517e-03 5.364276e-01 -1.181596e-01 2.742951e-02 -1.039653e-01 -7.895759e-02 -4.105467e-02 -3.353225e-01 1.107061e-01 -1.292791e-02 -1.048419e-02 -2.209462e-01
-1.559410e-01 1.141281e-02 -4.501205e-02 -1.695398e-01 5.539170e-02 7.111008e-02 4.366517e-01 -4.923733e-02 2.328688e-01 -1.039076e-01 -3.389591e-01 1.189092e-01 4.374737e-01 1.346469e-01 -2.475880e-01 9.250532e-02
-2.257290e-01 1.255862e-01 4.262167e-01 3.014620e-02 1.813352e-01 1.706124e-01 5.056437e-02 3.585258e-01 -2.088978e-01 2.075077e-01 2.081314e-01 -6.313248e-02 1.558469e-01 6.035326e-02 1.226947e-01 2.826886e-01
1.212914e-01 -9.659506e-03 6.486156e-02 -3.503434e-02 2.682396e-01 9.453311e-02 1.965609e-01 2.740899e-02 -1.936132e-02 -1.735145e-02 3.177094e-01 6.421275e-01 2.893829e-01 -6.757913e-02 6.961040e-02 -1.234710e-01
1.234026e-01 -3.024622e-01 -1.431568e-01 1.419474e-01 -4.826266e-02 1.336202e-01 1.943924e-01 -8.196778e-02 3.634012e-02 -2.407787e-02 3.525761e-01 3.538705e-01 1.432882e-01 -1.913536e-01 3.155566e-01 -1.086328e-01
-1.040618e-01 2.243280e-01 -1.199018e-01 -8.968263e-02 7.226489e-03 -3.256063e-01 2.201914e-02 -5.317505e-02 -3.014623e-01 2.283966e-01 2.140878e-01 1.046856e-01 -2.669457e-01 5.558185e-02 -2.490343e-01 4.383951e-01
-1.983911e-02 -7.747547e-02 7.458885e-02 -1.508046e-01 -6.489891e-02 2.161305e-01 6.735098e-02 -9.182750e-02 4.179843e-01 -6.114326e-02 -2.099854e-01 2.828778e-01 -2.589884e-02 1.781229e-01 6.162941e-03 -7.923220e-02
-1.224163e-01 1.852568e-01 1.292177e-01 -2.008146e-01 6.124858e-01 1.435465e-02 -2.728834e-01 8.690774e-02 8.374365e-02 -1.306064e-01 -2.531398e-01 4.410991e-02 -6.688157e-02 1.201647e-02 6.052398e-02 -2.567174e-01
2.037893e-01 -2.467173e-01 4.895810e-02 1.362248e-01 -1.155041e-01 4.792363e-01 -6.082515e-02 4.400907e-03 1.689149e-01 -2.068002e-01 -1.037559e-01 -2.083983e-01 2.754466e-01 -1.456470e-01 1.675560e-01 -2.752376e-01
-2.799006e-01 -2.260629e-02 1.128113e-02 1.959857e-02 3.545777e-01 -1.300157e-01 -7.189380e-02 -5.733446e-02 2.577459e-01 -1.471221e-01 -2.554671e-01 4.071585e-01 3.437384e-02 -1.112543e-02 5.938527e-02 1.905228e-02
5.289823e-01 1.638181e-01 -4.554577e-02 4.686032e-02 -7.245047e-02 -6.784432e-03 -5.637430e-03 -6.931364e-02 -1.136598e-01 1.099048e-01 4.325045e-02 -2.086193e-01 -8.108908e-02 -4.606672e-02 -3.771343e-02 -4.343660e-02
-3.480750e-02 -9.373039e-02 1.318715e-01 1.758225e-01 8.091533e-02 -3.521487e-03 1.537910e-01 2.703120e-02 -1.201846e-01 -2.647191e-01 2.296711e-01 3.634011e-01 5.124345e-01 4.275867e-03 -1.367158e-02 -1.395491e-02
9.299771e-02 -1.188978e-01 -5.570063e-02 2.567518e-01 -1.294136e-01 -1.699398e-02 -2.748905e-01 1.759261e-01 -1.240654e-01 1.832269e-01 3.761213e-01 -5.411759e-03 -2.642697e-01 -1.465140e-01 2.956377e-01 -6.170167e-03
1.207616e-01 -1.745019e-02 2.624255e-01 -2.984919e-01 -6.523609e-02 -8.242291e-02 -1.766017e-01 1.185636e-02 -1.817866e-01 -9.944087e-02 4.119132e-01 -1.714172e-01 -1.172933e-01 -1.953273e-01 -1.837710e-01 9.096184e-02
2.814277e-02 2.950993e-01 3.583736e-02 -1.519338e-01 1.022370e-01 1.385252e-01 4.432267e-01 -1.945675e-01 1.699458e-02 -2.449972e-01 -2.479814e-01 5.190713e-02 2.900233e-01 2.798757e-01 -1.791131e-01 2.232275e-03
5.357529e-02 2.080159e-01 2.391703e-01 -9.000288e-02 5.173470e-02 1.290603e-01 -2.069964e-02 1.741643e-01 -1.863547e-02 7.687455e-02 -1.023174e-01 4.835697e-01 2.810916e-02 -1.232254e-01 -1.909553e-01 -1.165424e-01
7.739628e-03 -4.704642e-02 -1.279996e-01 1.796887e-01 -2.938035e-01 -2.024971e-01 9.565749e-02 -1.443704e-01 -2.524462e-01 1.328300e-01 2.170205e-01 1.156478e-01 -4.275872e-02 -1.352034e-01 -2.793468e-01 5.097010e-01
-2.214409e-02 -1.052858e-01 -2.400091e-02 5.314810e-01 -5.096945e-02 -3.161950e-02 2.625852e-02 1.334394e-02 -1.272964e-01 -1.702628e-01 -3.799023e-02 -1.266886e-01 3.261385e-02 -9.405535e-02 6.226250e-02 7.249596e-02
1.572120e-01 -1.214225e-01 -1.095366e-01 7.169407e-03 2.664067e-01 1.333221e-01 1.897151e-01 -1.894656e-01 2.426176e-01 -1.682212e-01 3.510976e-01 4.774247e-01 2.294960e-01 6.308614e-02 1.404016e-02 -1.655265e-01
-2.583186e-01 3.222827e-01 7.145808e-02 -2.613672e-01 1.939854e-01 -1.914823e-01 6.708339e-02 -5.465485e-02 -5.735591e-02 1.384030e-01 -4.518094e-02 -1.340593e-01 1.140563e-01 3.598027e-01 -2.024245e-01 3.982475e-01
-1.739614e-01 -1.211350e-02 -1.511148e-01 1.726603e-01 -1.283114e-01 1.093158e-01 2.628650e-01 1.499334e-01 8.572352e-02 2.405987e-01 2.149424e-02 2.147599e-01 3.802277e-01 7.769507e-02 -9.359930e-02 1.987821e-01
-5.930069e-02 5.319359e-01 -2.250889e-01 -1.028800e-02 1.779101e-01 7.457357e-02 5.339053e-02 4.109105e-02 1.628928e-01 1.634453e-01 -2.343602e-02 1.583196e-02 1.911423e-01 1.606333e-01 -1.471884e-01 2.174900e-01
-3.492985e-01 1.322051e-01 2.552927e-02 2.972429e-01 3.063486e-01 2.370836e-01 2.326657e-01 9.728011e-02 7.725374e-02 4.042502e-01 -1.472643e-01 2.734991e-01 1.334078e-01 1.122908e-01 3.079383e-01 -1.247793e-01
-1.087441e-01 1.104991e-01 -6.800761e-02 -7.853001e-02 1.567467e-01 -1.176011e-01 -7.836796e-03 -1.226970e-01 2.132340e-01 -9.230996e-02 -5.411281e-02 -5.112068e-02 -1.365823e-01 2.313300e-01 4.322740e-01 -7.923115e-02
1.514560e-01 -1.100200e-02 1.033796e-01 -1.250189e-01 2.651515e-01 -8.402478e-03 -1.326557e-01 5.815990e-03 -1.786148e-01 3.019585e-01 4.936573e-01 4.128672e-03 -1.423708e-01 -2.626983e-01 -2.145915e-01 -3.476920e-02
-9.264056e-02 -1.028371e-01 -1.974349e-01 1.633617e-01 3.458260e-01 -1.313745e-01 -2.580984e-01 -5.304710e-02 -2.314620e-01 6.231236e-02 4.092270e-01 3.683480e-01 -5.502264e-02 -3.116464e-01 -1.551350e-01 -5.842194e-02
-4.019921e-02 -6.264445e-02 -3.929756e-01 -4.528113e-03 -2.546779e-01 2.445196e-01 5.426005e-03 1.995493e-01 1.641289e-01 -2.552415e-01 -3.322573e-01 2.580335e-02 -7.382300e-02 2.256466e-02 -2.088868e-01 -2.824381e-02
-1.294233e-02 5.063692e-02 4.112236e-02 -1.515489e-01 -8.097720e-02 -1.772283e-02 1.330267e-01 9.762017e-02 1.521506e-01 7.657640e-02 -1.758581e-01 -2.901485e-01 -5.943317e-02 2.130730e-01 2.618617e-01 7.328899e-03
1.693095e-01 2.672817e-01 5.661124e-02 -4.565183e-01 7.290460e-03 -1.848434e-01 4.106652e-02 -2.365699e-01 -2.220166e-01 9.473799e-02 -4.441806e-02 -2.290262e-01 -3.416844e-02 1.928899e-02 -2.241345e-02 2.970779e-02
-2.049049e-01 2.926460e-01 -2.780391e-01 -1.775054e-01 2.443432e-01 8.318348e-03 -1.398673e-02 -9.895265e-04 3.913355e-02 4.339406e-02 -1.615147e-01 1.342497e-01 3.884822e-01 -1.232111e-01 3.979972e-01 -1.509508e-01
4.800883e-02 1.396450e-01 1.700349e-01 -6.885777e-02 -6.829455e-03 -6.296241e-01 6.541003e-02 -1.378927e-02 -2.621701e-01 1.597427e-01 1.007316e-01 -6.443724e-02 -6.723931e-02 -2.258093e-01 -8.752240e-03 1.109629e-01
-1.425095e-01 1.945429e-01 -1.457624e-02 2.264282e-01 -4.473945e-02 2.322960e-01 -4.172440e-02 -3.505826e-01 -5.820597e-02 1.015823e-01 2.207735e-01 1.357678e-01 -4.473026e-01 -1.227675e-01 -2.562942e-02 -7.035782e-02
-1.152878e-01 -1.091212e-01 -1.382132e-01 4.696375e-01 3.689367e-02 3.107592e-02 -3.361880e-02 1.427194e-01 9.658594e-02 -1.738634e-02 7.155892e-02 2.815330e-01 6.534142e-02 -3.528282e-02 1.371281e-01 7.744609e-02
-1.081747e-01 -1.818605e-03 2.340095e-02 -2.145193e-01 8.337919e-02 -1.907779e-02 6.082471e-02 4.139324e-01 -3.231944e-02 -6.704305e-02 -4.655179e-02 -2.930961e-02 4.142828e-01 -6.246565e-02 -5.333225e-02 8.435923e-02
2.273397e-01 -1.151794e-01 -1.626694e-02 1.982165e-01 -1.085407e-01 4.817990e-02 -4.729043e-02 4.774645e-02 -7.384792e-02 -3.881099e-01 1.256687e-01 4.262177e-01 -6.207299e-02 -3.160916e-01 -2.557809e-01 2.078679e-01
4.942193e-02 1.177482e-01 2.314912e-02 -2.346876e-02 3.581861e-01 1.769951e-01 2.831059e-01 4.224391e-02 -3.150770e-01 -2.569750e-02 -3.727251e-02 -3.303492e-02 -2.820151e-01 1.753333e-01 -1.948692e-01 2.402209e-01
-2.176149e-01 8.219904e-02 1.202128e-01 -8.287475e-02 1.040436e-01 1.457903e-01 -1.438567e-01 -6.160508e-01 6.086642e-02 -4.592507e-02 -2.169357e-02 -9.564377e-02 -2.746110e-01 2.533033e-01 7.026548e-02 1.303482e-01
-3.922873e-02 -1.978418e-02 -2.600414e-01 1.933576e-01 1.443693e-01 9.029811e-02 -2.150213e-02 -4.529773e-01 1.418317e-01 1.521500e-01 -1.037747e-01 1.527688e-01 1.117938e-01 4.665565e-02 1.312438e-01 -3.172510e-01
2.682431e-01 -2.290239e-02 -5.120736e-03 -2.128642e-02 -3.556120e-02 -1.407416e-01 4.398891e-02 -5.961580e-01 3.957465e-02 8.484970e-02 1.418477e-01 -1.169554e-01 -3.614943e-01 1.835816e-01 2.566495e-01 4.896981e-02
-1.616854e-02 1.161894e-01 -3.878623e-01 1.801716e-01 3.750019e-01 -3.265112e-01 7.854026e-02 -1.532257e-01 -1.572321e-01 2.002626e-01 -2.039694e-02 -7.351954e-02 -3.072416e-02 5.546461e-02 1.056154e-01 -8.685265e-02
-7.080537e-02 -4.352245e-02 -1.035331e-01 6.021409e-02 -2.733675e-01 -6.557302e-02 -2.381571e-01 -1.685080e-02 3.345817e-01 4.330462e-02 1.757241e-02 1.209369e-01 3.065270e-01 -8.447723e-02 3.225935e-01 -1.030913e-01
1.010393e-01 -3.160133e-01 -3.283837e-02 2.502793e-01 1.271041e-01 -4.652192e-03 -1.617670e-01 -2.224067e-02 -8.014748e-02 1.469809e-01 1.120574e-01 -1.794107e-01 -1.801940e-01 2.165889e-01 -3.918820e-01 1.574199e-02
2.723139e-03 -7.813567e-02 4.221454e-01 1.238322e-01 3.560979e-01 -1.557688e-02 3.266427e-02 -2.302637e-01 3.141353e-02 2.560874e-02 1.718186e-01 -1.194927e-01 1.911324e-01 -1.930833e-01 1.867871e-01 1.892218e-01
2.295015e-01 -9.096266e-02 1.360356e-02 6.972259e-02 2.408001e-02 -8.000185e-02 7.391394e-02 -2.428552e-02 4.497921e-01 -4.179522e-02 -3.149453e-01 3.212487e-02 -3.976884e-02 -1.549754e-01 -1.762500e-01 -3.056981e-02
3.552561e-01 -7.892545e-02 7.944396e-02 1.439011e-01 3.595332e-01 -1.929563e-01 1.717688e-02 2.854630e-03 1.444763e-01 3.022839e-01 2.823031e-01 -1.870841e-05 -1.553399e-01 2.114845e-02 2.190307e-01 -6.984413e-02
4.811331e-02 1.970740e-01 1.308258e-01 -1.192492e-01 -1.831447e-01 8.736384e-02 -1.005315e-01 -2.081372e-01 2.329997e-02 3.316118e-02 4.396381e-01 -3.339536e-03 8.659197e-02 9.287514e-03 2.216319e-01 -4.962662e-02
-4.388967e-02 -1.416163e-01 -6.244788e-02 1.677851e-02 -3.752524e-02 5.693231e-01 -1.709776e-01 2.556939e-02 2.108581e-01 -6.802297e-02 -1.577526e-03 3.584600e-02 -6.333704e-02 -3.285015e-02 4.126676e-02 -9.211392e-02
1.326885e-02 -2.115280e-01 -6.003206e-02 8.836709e-02 4.727654e-01 1.496061e-01 -2.784625e-01 -7.740132e-02 -1.244750e-01 -7.453887e-03 4.218097e-01 1.462650e-01 -2.892928e-01 -1.213651e-01 -2.399724e-01 5.331679e-02
-2.949869e-02 3.313602e-02 2.150856e-01 9.160614e-02 3.815871e-01 1.639677e-01 1.135445e-01 -7.404777e-02 3.802551e-02 -1.325931e-01 -1.446548e-01 6.699386e-02 5.758548e-01 1.609115e-01 7.876164e-02 7.448300e-03
-5.884310e-02 1.384902e-01 -4.810304e-01 1.173681e-01 3.840729e-01 4.679884e-02 -3.324816e-01 -1.476236e-01 1.261183e-01 6.507246e-02 -6.773271e-02 -4.380367e-02 -4.245358e-02 -5.160768e-02 2.005371e-01 -7.425158e-02
3.563418e-01 -3.291071e-01 -5.179292e-02 -2.060892e-01 4.815405e-02 -2.501355e-01 -4.650652e-04 1.691732e-01 1.651757e-01 -1.334454e-01 -2.946444e-01 -8.975068e-02 3.675203e-01 1.148638e-01 -4.261467e-02 6.634022e-02
5.871101e-02 -3.442467e-02 1.533330e-01 -1.780444e-01 -2.660031e-01 8.047212e-03 3.225057e-02 -2.201255e-02 1.086855e-02 -9.464627e-02 8.469488e-02 -7.032031e-02 -1.879632e-01 6.431517e-02 -4.370773e-01 9.984539e-03
-4.071067e-02 2.316178e-03 2.100999e-01 -2.481526e-02 -3.054183e-02 -3.197888e-03 3.765355e-02 5.209728e-01 -1.201592e-01 -2.698603e-01 -1.049132e-01 -5.324899e-02 -7.269948e-02 -1.460793e-01 -1.438622e-01 2.533673e-01
-2.666784e-01 1.418461e-01 4.567306e-02 1.952750e-02 6.405690e-02 2.496589e-01 -2.048868e-01 -3.275049e-01 -4.993991e-03 1.082811e-01 -2.522246e-02 1.315232e-01 1.475198e-01 4.493045e-02 -5.350245e-01 1.295163e-02
-1.575364e-01 9.142815e-02 -3.673732e-03 -4.615169e-02 2.200856e-02 -1.165667e-02 -4.105202e-02 1.724003e-02 -5.684291e-01 -7.491080e-03 1.354836e-01 -5.697442e-02 9.918098e-02 1.576580e-01 6.731785e-02 -7.616190e-02
2.924366e-01 -9.038464e-02 -6.136651e-02 4.241800e-02 -1.093894e-01 -1.682427e-01 9.188191e-02 5.914171e-01 -9.949554e-03 -5.134524e-02 -7.466573e-02 3.458634e-02 8.019100e-02 -6.421109e-02 8.025958e-02 7.233443e-03
