4 5 8 32 32
-1.659858e-01 -1.502894e-01 -9.192310e-02 1.808942e-01 1.489673e-02 -6.945207e-02 -2.054582e-01 -1.896371e-01
-1.506109e-01 -1.225756e-01 -3.185358e-02 3.227189e-02 -5.714442e-02 2.030037e-01 4.191672e-02 -5.259157e-02
-1.119215e-01 1.984993e-01 -1.071086e-01 2.939014e-01 -4.618290e-02 -8.861392e-02 -1.411182e-01 -3.216824e-03
-3.881236e-02 4.661147e-01 -2.635155e-01 -1.205886e-01 -5.494281e-02 -2.073179e-02 2.317748e-01 -8.686927e-02
1.455507e-01 -1.326502e-01 -8.062334e-02 1.416466e-01 3.780603e-01 4.179682e-01 3.446619e-01 1.188768e-01
-1.503091e-01 -1.812255e-01 1.174729e-02 4.685171e-02 -1.052992e-02 -1.032245e-01 -1.694751e-01 -2.071529e-01
-3.638929e-02 4.274018e-02 -8.629518e-02 3.984658e-01 -1.402551e-01 -7.141002e-02 -1.882495e-01 -1.708796e-01
3.473860e-02 4.260108e-02 -1.450093e-01 1.701038e-01 1.543931e-02 4.182726e-01 -1.559261e-02 -4.442774e-02
-1.216472e-01 2.091432e-01 -1.091321e-01 1.335504e-02 2.290105e-02 -9.155022e-02 1.445376e-01 -1.438513e-01
-1.103087e-01 3.013981e-01 -1.143423e-01 1.596309e-01 -1.452622e-01 4.208807e-01 2.295432e-01 -2.215285e-01
-3.844847e-02 -1.994174e-02 -1.825181e-01 -4.366026e-02 1.837987e-01 5.046955e-03 4.934280e-01 -1.237355e-01
-1.048426e-01 1.268486e-01 8.843053e-02 2.451017e-01 -6.074882e-02 -1.286314e-01 -1.516851e-01 -7.689925e-02
-1.105761e-01 2.333263e-02 1.464597e-02 1.250201e-02 -4.331483e-02 8.747979e-02 -9.041084e-02 -1.648914e-01
-9.011556e-02 -1.887716e-02 -1.501470e-01 2.268045e-01 8.523107e-02 9.958079e-03 -3.451251e-01 -1.738293e-01
2.565833e-02 3.016176e-01 -1.300339e-01 3.852169e-01 -1.694649e-01 -8.429361e-02 -1.592445e-01 1.530973e-03
-1.498839e-01 1.874377e-03 -2.606923e-01 -6.149585e-02 -6.994279e-02 -1.914422e-03 -2.619579e-02 -1.419514e-01
2.844910e-01 2.048906e-01 -1.776769e-01 -4.799258e-03 1.908169e-01 2.313296e-01 1.668080e-01 -1.801027e-01
-2.086008e-01 2.133029e-02 -1.627757e-01 3.297148e-01 -1.032836e-02 9.087899e-02 -2.080128e-01 -5.337590e-02
-2.078412e-01 5.644063e-02 -3.646991e-01 9.156730e-02 -1.762047e-01 3.765333e-01 1.866942e-01 -2.563985e-02
1.060331e-01 9.347553e-02 -9.612993e-02 -9.252503e-02 3.162018e-01 1.673164e-01 2.282409e-01 -7.685421e-02
1.904925e-02 6.616867e-02 -2.450074e-01 -5.975433e-02 1.000482e-01 6.436627e-02 4.524774e-01 -2.236814e-01
-7.620914e-02 -1.757406e-01 -1.511259e-01 1.418476e-03 -9.843662e-02 1.778946e-01 2.797176e-01 -2.217911e-01
-9.407009e-02 -7.960521e-02 -6.325726e-02 2.508683e-01 -7.595029e-02 -9.677389e-02 -6.761418e-02 -1.413106e-01
-8.720695e-02 1.154144e-01 -2.506654e-01 4.060013e-01 -1.753290e-01 3.980906e-02 -1.823828e-01 -1.244550e-01
-1.255901e-01 -3.732806e-02 -9.588847e-02 -7.671586e-02 1.063644e-01 1.011951e-02 -1.567595e-01 -1.379471e-01
-8.532368e-02 3.185167e-02 -3.390684e-02 2.042728e-01 -7.261323e-02 1.479682e-02 -2.142857e-01 -1.891163e-01
-1.328461e-01 4.799750e-01 -1.445033e-02 1.368671e-01 -5.385486e-02 -7.407783e-02 -1.404411e-01 -9.514432e-02
-2.000906e-01 -1.072086e-01 1.950022e-01 -2.656723e-02 -4.679649e-02 -2.498094e-02 -5.470698e-02 -1.802478e-01
-8.741297e-02 -4.301871e-02 -1.637197e-02 3.631599e-02 1.171828e-02 -4.956083e-03 2.725267e-01 -7.137047e-02
9.913895e-02 2.997355e-01 1.635944e-02 -1.934212e-02 1.157330e-01 1.033006e-01 1.877255e-01 -6.434473e-02
7.230273e-03 -1.156187e-03 -6.017764e-02 -1.005382e-01 1.308155e-01 2.349074e-01 1.775265e-01 -1.858282e-01
-7.373597e-02 -1.319355e-01 -4.955935e-02 1.957393e-01 1.086759e-01 2.068426e-01 3.434680e-02 5.061261e-02
3.851992e-01 -5.985994e-02 -1.687134e-01 -2.911754e-02 -8.209549e-02 -2.193965e-01 -1.126568e-01 3.091173e-01
-2.224779e-02 6.139011e-02 -2.919492e-01 2.324854e-02 -3.660115e-02 1.356633e-02 -2.868861e-02 -1.360661e-01
4.546123e-01 -3.860513e-02 -2.004246e-01 -1.477584e-01 -2.096370e-01 -1.818818e-01 -7.210790e-02 -8.480814e-02
1.467322e-01 -1.623797e-01 -1.551096e-01 -2.833985e-02 -2.325771e-01 -1.738943e-01 6.955907e-01 -5.995800e-02
-1.137324e-01 5.587564e-01 -1.814597e-01 4.946547e-03 -4.931167e-02 -2.193906e-01 1.757514e-02 -4.123149e-03
4.336933e-02 -1.018640e-01 -1.361403e-01 -8.010886e-03 1.197946e-01 -8.895630e-02 -8.794575e-02 -3.356550e-02
2.707425e-02 7.148829e-02 -5.221118e-01 8.997663e-02 -2.456378e-01 -7.187363e-02 2.927565e-01 -3.972896e-02
7.277409e-02 2.784652e-02 -4.513392e-01 3.405967e-01 -9.279481e-02 -2.469763e-01 2.737792e-01 -1.338149e-01
1.804932e-01 -7.687014e-02 -1.126075e-01 -1.455447e-01 1.697643e-02 1.106947e-02 -1.250845e-01 1.258275e-01
-8.827496e-02 -1.702571e-01 -3.169924e-01 -1.984903e-01 1.610446e-01 -1.983944e-01 5.794240e-01 -4.655826e-02
6.842891e-02 1.586594e-02 -2.523585e-01 -1.513126e-01 -1.316784e-02 1.527944e-02 -9.648577e-02 -1.649852e-01
1.463031e-02 1.080341e-01 -9.640783e-02 1.982586e-01 -6.787150e-02 -1.410996e-02 -2.084181e-01 -4.204120e-02
5.512368e-02 1.247184e-01 -1.072268e-02 3.116474e-01 -1.006985e-01 -1.032093e-01 -1.610213e-01 -6.816091e-02
-7.158871e-02 -2.353945e-02 -3.066634e-01 -3.868242e-02 5.832398e-02 -5.325866e-02 -4.480439e-02 -2.071801e-01
-4.067741e-03 9.245362e-03 -3.139611e-01 -5.144529e-03 -5.399680e-03 -2.689864e-01 1.077059e-02 4.725639e-02
1.665418e-01 -7.870106e-02 -1.686108e-01 -1.236532e-01 4.548651e-02 1.990615e-01 -2.004625e-01 3.087601e-05
3.775821e-01 -4.860495e-02 -1.359603e-01 -1.787660e-01 -8.643313e-02 -1.523036e-01 -5.933011e-02 1.818593e-01
-1.336498e-01 1.043283e-01 -4.350094e-01 -1.919830e-01 -2.268471e-01 -1.042689e-01 2.511750e-01 -2.089763e-01
5.556273e-02 -6.611914e-04 -4.672553e-01 1.113953e-01 -3.481373e-01 -1.177631e-01 4.658037e-02 -2.108795e-01
2.796059e-01 -1.612598e-01 -2.058505e-01 -1.178696e-01 7.558700e-03 1.420090e-01 -2.972273e-01 2.025380e-01
3.085417e-01 -5.517168e-03 -1.939340e-01 -8.961676e-03 -1.462571e-01 -6.986633e-02 -1.219728e-01 -6.978449e-02
-3.134441e-02 1.484899e-02 -2.726848e-01 -5.324037e-02 9.571897e-02 -1.991882e-01 -6.614354e-02 -1.884399e-01
3.532181e-01 6.078690e-02 -2.263762e-01 -1.476877e-01 -2.283300e-01 -1.186929e-01 -2.118120e-01 -2.278215e-01
-2.119275e-01 9.487401e-03 -2.762950e-01 -1.423816e-01 1.369597e-01 -2.014665e-01 9.656744e-02 -1.806223e-01
4.333295e-01 -3.211034e-01 -2.346741e-02 -6.603435e-02 9.065975e-02 -6.677952e-02 -3.052571e-01 3.678844e-01
2.343619e-01 -4.448916e-02 -2.919313e-01 -1.661602e-01 -1.308349e-01 -1.525628e-01 2.233760e-02 4.534553e-02
6.382282e-02 -6.803619e-02 -1.809347e-01 -1.720893e-01 6.976101e-03 3.521481e-01 -2.798309e-01 5.482046e-02
3.094549e-01 -7.763010e-02 -1.136676e-01 -5.015413e-02 -1.054548e-01 -2.946161e-01 1.715630e-02 2.162162e-02
5.158188e-02 5.973864e-02 -1.567422e-01 -1.161603e-01 -4.273290e-02 2.604291e-01 -1.812692e-01 6.837331e-03
-7.977787e-02 5.249507e-01 -2.360494e-01 3.363608e-01 -8.033060e-02 -2.191237e-01 -8.272579e-02 1.154675e-01
5.603615e-03 -1.482364e-01 -1.758992e-01 -8.705198e-02 -1.505767e-01 -1.086334e-02 5.526772e-01 9.390882e-02
7.806819e-02 -1.347199e-02 -4.283561e-01 7.246792e-03 -3.174407e-01 -9.683734e-02 1.267220e-01 -6.085263e-02
-8.525676e-02 -1.777421e-01 6.560837e-02 1.273081e-01 2.360048e-01 3.019679e-02 -2.735430e-01 -9.458163e-02
-1.248721e-01 -8.181316e-02 -2.178354e-01 4.992615e-02 3.663212e-01 3.245095e-01 -8.047981e-02 5.309067e-02
2.931942e-01 -2.350850e-01 2.595437e-01 -1.563339e-01 1.402335e-01 -7.387600e-03 7.795041e-03 1.661399e-01
6.846341e-02 3.236254e-02 2.112970e-01 -4.445001e-02 -1.098240e-01 -2.852279e-01 -2.649884e-01 -2.419674e-01
-3.402597e-02 -1.591325e-01 -1.021716e-01 9.794043e-02 2.442505e-01 -1.173262e-01 -1.946930e-01 -7.743262e-02
-2.021759e-01 -1.431078e-01 -1.338478e-01 1.372598e-01 3.124360e-01 4.636618e-01 -1.019220e-01 -4.163592e-02
6.267658e-01 -2.501310e-01 1.678690e-01 5.874610e-02 1.540669e-01 -2.417734e-01 3.266989e-02 -1.499832e-01
-2.796457e-01 -3.903800e-01 -1.064582e-01 -1.260426e-01 1.541369e-02 -2.014892e-02 -1.581756e-01 -6.343382e-03
-2.470046e-01 -1.388428e-01 -5.569911e-02 8.390130e-03 2.756725e-01 -1.884417e-01 -2.280035e-01 -5.368731e-02
-1.508988e-01 -1.064988e-01 -2.753771e-02 3.574962e-02 2.884385e-01 -2.585964e-01 -2.894464e-01 -1.096509e-01
-2.508101e-01 -2.043754e-01 -1.499770e-01 -9.825918e-02 2.063903e-01 3.419413e-01 -3.202701e-02 1.443162e-01
-1.952894e-01 -3.197241e-01 2.017966e-01 3.528202e-02 -1.564419e-02 -1.130677e-01 -1.891899e-01 7.599569e-02
-2.112936e-01 -9.542341e-02 4.388351e-01 -1.548655e-01 -1.456318e-01 -1.481946e-02 -2.533637e-01 6.921352e-02
-1.722104e-01 -8.511513e-02 -1.560107e-01 -1.856073e-01 3.848642e-01 2.132843e-01 8.660263e-02 1.028334e-01
-8.828371e-02 -2.238672e-02 -1.732046e-01 4.412840e-01 2.841788e-01 5.794813e-02 -2.209711e-01 -1.440348e-01
-1.008818e-01 -1.570287e-01 -1.733851e-01 2.941616e-02 3.891591e-01 -3.810161e-02 -1.465248e-01 -2.110821e-01
-8.078323e-02 -2.998970e-02 6.454149e-02 -2.001185e-01 1.033852e-01 -9.060381e-02 -2.090810e-01 7.576803e-02
-1.868403e-01 -5.284152e-02 -6.078152e-02 1.070839e-01 4.430206e-01 1.440034e-01 -2.335523e-01 -9.228640e-02
-6.263234e-02 -1.257557e-01 1.716708e-01 9.202397e-02 2.337551e-01 -3.671855e-02 -2.335849e-01 -2.983212e-02
2.926174e-01 -4.622200e-01 5.877485e-02 -1.408641e-01 1.778701e-01 1.230586e-01 1.123200e-01 1.491589e-01
1.923028e-01 -9.500720e-02 4.655585e-01 -1.269815e-01 1.128769e-01 -2.572107e-02 -8.304512e-02 7.167462e-02
-2.167206e-01 -2.047977e-01 -6.477979e-02 -6.687364e-03 4.141883e-01 9.943376e-02 -1.543963e-01 -5.219343e-03
-1.245253e-01 -1.884361e-01 1.605087e-01 -5.979732e-02 1.029658e-01 -1.657481e-01 -2.005401e-01 -2.077717e-02
-2.318451e-01 -2.345938e-01 1.495740e-01 -8.610167e-02 -3.397746e-02 -2.311888e-01 -1.704893e-01 -4.071953e-02
-2.399478e-01 -7.135358e-02 9.611937e-02 -3.117193e-01 2.789233e-01 3.962269e-02 2.282614e-02 2.021762e-01
-1.932224e-01 -1.813422e-01 3.254473e-01 1.579498e-01 -7.643298e-02 -1.171394e-01 -2.182726e-01 -5.065700e-02
-1.065755e-01 -3.372636e-01 3.747846e-02 2.580056e-02 7.815859e-02 1.628863e-01 -2.752177e-01 8.344710e-02
-2.379361e-01 -1.675211e-01 2.299150e-01 -2.362508e-01 -1.265020e-01 -8.715965e-02 -2.470614e-01 1.041739e-01
-2.375255e-01 -5.031827e-01 3.663266e-02 -1.170991e-01 -9.206239e-02 1.322325e-01 -1.860844e-01 -1.018255e-01
-1.523258e-01 2.464062e-01 2.847461e-01 6.419077e-02 -5.574724e-02 -2.272225e-01 -2.835608e-01 -2.111953e-01
-2.180228e-01 -3.312645e-01 3.327642e-01 -7.302605e-02 -7.280989e-02 -6.383128e-02 -1.878658e-01 7.341298e-02
-2.276761e-01 -5.583079e-02 -3.373535e-02 6.353775e-02 4.070143e-01 -6.287218e-02 -2.869759e-01 -1.805436e-01
-2.877212e-02 -2.113839e-01 4.513132e-01 -7.944435e-03 -1.066930e-01 -1.079786e-01 5.356659e-02 1.459108e-02
2.970622e-01 -1.355620e-01 8.930480e-02 3.986766e-01 3.025058e-01 4.709048e-02 5.619983e-02 -1.154797e-01
1.659477e-02 -2.748952e-01 3.665127e-01 8.066308e-02 1.832989e-01 -1.147866e-01 -4.625487e-02 -1.697355e-01
2.017219e-01 -1.307439e-01 2.900344e-01 1.807447e-01 3.191574e-01 -3.414098e-02 -8.619364e-02 -2.394951e-02
4.031942e-01 -2.345125e-01 1.858112e-01 -3.926622e-02 -1.041416e-01 -4.798614e-02 2.534193e-01 -1.076263e-01
-7.108112e-02 -1.763241e-01 3.159219e-01 -1.698862e-01 4.166583e-01 -1.375065e-01 -4.704174e-02 -1.890755e-01
1.749708e-01 -1.372994e-01 -1.085526e-03 3.483860e-01 2.588595e-01 9.616686e-02 -7.669572e-02 -4.096819e-02
-5.227385e-02 -1.182281e-01 3.715470e-01 -1.536571e-01 -9.176989e-02 -2.071111e-02 -2.682590e-01 4.101978e-01
5.593818e-02 -3.300341e-01 2.880301e-01 3.253766e-01 -1.330935e-01 -8.316628e-03 -4.863745e-02 -1.077849e-01
9.849767e-02 -2.952989e-02 1.912066e-01 -7.314381e-02 2.073956e-02 4.461202e-03 -1.070027e-01 4.410399e-01
4.143168e-01 -2.614308e-01 7.715103e-03 -2.323887e-02 -6.072544e-02 -1.064484e-01 -5.684865e-02 3.679151e-02
1.297069e-01 -2.012294e-01 2.734675e-01 2.196201e-01 -5.865678e-02 -1.823555e-02 2.254935e-02 -9.039907e-03
1.521952e-02 -3.526839e-04 3.938999e-01 -5.662759e-02 3.289368e-01 -8.591706e-02 -6.654593e-02 2.923854e-02
6.226937e-01 -2.198264e-01 -5.833657e-02 1.435157e-02 -9.537943e-02 -7.321468e-02 2.525041e-02 -6.648658e-02
-3.988301e-02 -1.232719e-01 2.269724e-01 -7.903492e-02 4.882956e-01 -1.436898e-01 9.828210e-03 -1.439431e-01
3.476996e-01 -5.464108e-02 1.282229e-01 3.109014e-01 1.915821e-01 2.751991e-02 1.117462e-03 4.950679e-02
4.901818e-01 -1.595358e-01 -4.890009e-02 3.720730e-01 2.290333e-01 -5.792420e-02 -5.937855e-02 -7.773185e-02
7.039274e-02 -1.236181e-01 2.624525e-01 8.387675e-02 2.868783e-01 -6.450956e-02 -6.915834e-02 -1.704316e-01
4.303649e-01 -1.273856e-02 1.391998e-01 -8.463027e-02 4.584931e-02 1.040581e-01 8.566616e-02 1.696159e-01
-8.199133e-02 -1.371619e-01 2.843542e-01 -1.584154e-01 4.943474e-01 -1.086141e-01 -1.202968e-01 -1.590001e-01
4.677657e-02 -6.802212e-02 4.081588e-01 1.274858e-01 4.011476e-02 -1.276874e-01 9.169217e-02 6.012159e-02
-6.425904e-02 -2.117991e-01 3.280106e-01 -6.706468e-02 3.683052e-01 -1.353072e-01 9.944001e-03 -1.981777e-01
-4.272696e-02 -8.803283e-02 2.906239e-01 -2.598069e-02 4.398685e-01 -1.026948e-01 -8.992651e-02 -1.204382e-01
1.768093e-01 3.520794e-02 1.392667e-01 3.050061e-01 3.109391e-01 1.879535e-01 -5.044991e-02 3.298515e-02
1.093909e-01 -9.576389e-02 4.229573e-01 1.339426e-01 1.230879e-01 -1.074172e-01 -1.097589e-01 -8.125744e-02
1.145112e-01 -1.221726e-01 3.225369e-01 -1.049843e-01 -1.591118e-02 -1.235289e-01 8.203096e-02 -1.355933e-02
9.654592e-03 -1.535049e-01 4.448006e-01 3.507689e-02 -1.152701e-02 -1.061272e-01 -1.639342e-02 7.295280e-02
1.891449e-01 -1.063626e-01 2.408246e-01 1.847277e-02 -8.922610e-02 -4.786585e-02 2.667009e-01 2.883702e-02
1.045287e-01 1.209724e-02 2.493924e-01 1.967463e-01 1.853649e-01 1.024684e-01 -1.303706e-01 2.097829e-01
-1.632104e-02 -2.819163e-01 4.348205e-01 1.735224e-01 -8.358558e-02 -3.056008e-02 -7.561765e-03 -3.382894e-02
4.687430e-02 -3.328606e-02 3.106737e-01 2.788129e-01 1.748570e-01 7.874531e-03 3.189901e-01 3.932043e-02
1.491175e-02 -2.371384e-02 2.707352e-01 -8.293798e-02 1.696544e-01 -1.099540e-01 -1.296424e-01 3.356972e-01
-1.090398e-01 1.439836e-01 -2.718099e-02 4.276155e-01 -6.022835e-02 -3.684517e-02 -2.080204e-01 -1.405894e-01
-2.353321e-02 6.379454e-02 6.226805e-02 -1.590423e-01 2.770695e-01 3.278744e-02 2.256602e-01 4.843767e-02
-6.434271e-02 -4.658477e-02 -1.538199e-02 2.198665e-01 9.742132e-03 -6.081931e-02 -1.598672e-01 -9.956229e-02
-1.023647e-01 -1.041766e-01 1.137524e-01 2.515025e-02 -9.255692e-02 -1.075948e-02 -1.487177e-01 -9.864625e-02
-1.042648e-01 -1.349096e-01 -1.064464e-01 -4.687035e-03 -1.796147e-01 2.573193e-01 3.308175e-01 -1.121783e-01
-2.639960e-02 -1.472756e-01 -1.367909e-02 2.528391e-02 1.590834e-01 -2.360663e-02 5.299485e-01 -7.523163e-02
-4.907717e-02 1.509132e-02 -1.382640e-01 -2.063844e-03 5.357128e-02 -9.464185e-02 5.101214e-01 -1.096370e-01
-5.435088e-02 -6.059568e-02 -1.497451e-01 1.397871e-02 -1.155714e-01 3.460006e-01 2.694169e-01 -8.624323e-02
-8.575077e-02 -5.053510e-02 9.794069e-03 7.814786e-02 4.322697e-03 -3.600212e-02 -1.682730e-01 -1.535833e-01
-8.995201e-02 -1.078439e-01 2.078783e-01 6.392798e-02 -8.900253e-02 -2.700809e-02 -1.119756e-01 -1.214266e-01
1.569224e-02 3.515507e-01 -1.767099e-02 1.145268e-01 -1.405452e-02 2.462203e-01 2.134548e-01 -6.036231e-02
-8.416206e-02 -4.750587e-02 -2.329549e-02 -7.754905e-02 -5.948317e-02 -3.213701e-03 -1.512576e-01 4.210854e-02
4.637779e-02 2.575394e-01 -2.326245e-01 -1.475220e-01 3.343696e-02 -9.269765e-02 3.881686e-01 -1.597477e-01
-3.425553e-05 4.752749e-02 -6.173177e-02 2.200708e-01 7.193083e-02 1.223614e-02 -2.116211e-01 -6.293552e-02
-9.466304e-02 4.778427e-01 -7.407402e-02 2.512980e-01 -5.600503e-02 -2.333857e-02 -1.578366e-01 -4.470471e-02
-7.423570e-02 -6.394707e-02 2.185739e-01 1.417562e-01 -7.842323e-02 8.481746e-02 -1.255326e-01 -8.658995e-02
-1.366333e-01 2.819024e-01 -4.036634e-02 1.049322e-01 -8.918070e-02 -1.441086e-01 -1.701126e-01 -1.163886e-01
-1.581851e-02 1.390736e-01 -1.389635e-01 2.972104e-01 3.611242e-02 -3.790165e-02 -2.986700e-01 -5.229398e-02
2.427081e-01 3.356443e-02 -9.017007e-02 -7.742112e-02 2.509327e-01 3.155866e-01 2.644756e-01 -1.219254e-01
-1.079819e-01 -4.944837e-02 8.480759e-02 2.067320e-01 -1.025316e-01 -1.757236e-02 -1.172270e-01 -1.926837e-02
-1.153190e-01 -4.078938e-02 -1.027674e-01 -1.183357e-01 3.218890e-03 -6.977028e-02 -1.207574e-01 8.093391e-02
9.913659e-02 2.426682e-01 -7.457009e-02 3.103242e-02 -1.105828e-02 3.352234e-01 2.688362e-01 -1.307634e-01
-1.361867e-01 -2.945726e-02 -6.800635e-03 1.943932e-02 -7.704671e-02 -3.202527e-02 -1.411592e-01 -8.245645e-02
-8.955327e-02 5.985151e-03 2.028535e-01 -4.779113e-02 1.829935e-01 1.393378e-01 1.637956e-01 8.495381e-02
-1.836350e-01 -5.786593e-02 -9.836078e-02 -7.202222e-02 -6.498789e-02 -9.497724e-02 -1.018297e-01 2.143583e-03
-2.913488e-02 -1.006757e-01 -1.104263e-01 -8.271726e-02 1.090838e-01 -7.150821e-03 -1.047719e-01 -1.796999e-01
-1.131889e-01 1.628609e-01 -6.549870e-02 -8.104008e-02 -4.939113e-02 -1.149826e-01 -7.939381e-02 1.339979e-01
-7.746942e-02 -1.487897e-01 1.009527e-01 -4.407874e-02 -7.048110e-02 2.615614e-01 3.254381e-01 -7.585307e-02
-5.061381e-02 2.151014e-01 -1.191764e-01 3.873696e-01 -8.350709e-03 -8.731991e-02 -2.077963e-01 -9.892328e-02
-1.444996e-01 9.264860e-02 -4.096421e-02 3.182130e-01 -8.173966e-02 -9.055676e-02 -1.420887e-01 6.405883e-03
-7.092818e-02 2.804052e-01 -1.750926e-01 7.945862e-02 -1.819754e-01 3.942840e-01 2.305167e-01 -1.172983e-01
-3.033792e-02 -5.280037e-02 1.380465e-01 3.335810e-02 -9.706961e-02 6.285712e-02 -1.715475e-01 1.211874e-01
-1.473646e-01 3.842593e-01 6.841341e-02 3.689492e-01 -9.033797e-02 -1.852576e-01 1.208342e-02 1.322218e-01
2.971197e-01 -3.413109e-02 -8.481601e-02 -8.510055e-02 -1.590280e-01 -2.789394e-01 1.227275e-01 8.943360e-02
3.241123e-02 -8.188225e-02 -1.826863e-01 1.502581e-01 -1.500028e-01 -5.201013e-02 1.084053e-01 -2.257446e-01
8.721347e-02 -1.432829e-01 -4.210868e-02 -7.849118e-02 -9.453505e-02 1.026197e-01 7.671318e-03 1.600216e-01
1.981694e-01 -1.218628e-01 -8.865521e-02 -3.293630e-02 4.747628e-02 -4.775594e-02 -1.074780e-01 2.314436e-01
-8.361757e-02 -5.863046e-02 -6.858110e-02 -2.429064e-02 -3.747180e-02 1.063427e-01 -2.999403e-02 -1.953874e-01
7.878640e-02 -6.117769e-02 -1.596238e-01 -2.026492e-02 -2.683148e-01 -1.360394e-01 2.902675e-01 3.958026e-02
-9.278636e-02 -1.179769e-01 -7.687186e-02 -8.369986e-02 2.236103e-01 -3.324645e-02 -1.240865e-01 -9.545549e-02
3.139595e-02 -2.408936e-02 -3.632636e-02 4.796618e-03 -2.167524e-02 -2.552961e-01 8.327661e-02 2.186642e-01
-6.932074e-02 4.744077e-01 -4.573916e-02 8.194939e-03 -3.463460e-03 -1.193568e-01 -3.006793e-02 1.851162e-03
-5.602226e-02 -1.046504e-02 2.033260e-01 -9.627861e-02 -1.066689e-01 -5.851512e-03 -1.286357e-01 3.858502e-03
2.099038e-02 1.923323e-01 -1.049737e-01 -1.642740e-01 -1.113151e-01 1.592944e-02 -5.714831e-02 -2.409582e-01
1.835141e-01 -3.509354e-02 -1.442092e-01 -9.188504e-02 -2.403796e-01 -1.956182e-01 1.383861e-01 -5.237976e-02
6.648776e-02 -7.492541e-02 -1.236006e-02 1.749267e-01 -7.915960e-02 -1.176102e-01 5.128761e-01 1.819136e-02
-1.458531e-01 -1.314985e-02 1.253571e-01 -2.278328e-02 -2.697005e-02 3.865979e-01 -1.104002e-01 -5.801522e-02
5.342613e-02 -1.169481e-01 -8.317600e-02 -9.088469e-02 6.846289e-02 -1.576901e-01 -1.080119e-01 1.980231e-02
2.567462e-01 1.339657e-01 -5.476527e-02 -1.007164e-01 -1.434841e-01 -1.858051e-02 -1.173758e-01 -1.711202e-01
2.819996e-01 -6.638368e-02 -1.261429e-01 -1.116783e-02 -1.255634e-01 -5.986903e-02 -1.186414e-01 -7.828146e-02
-5.616796e-02 -7.876951e-02 -2.812242e-01 -1.266094e-01 -2.594528e-01 6.670660e-03 2.593513e-01 -6.307957e-02
1.745631e-01 -4.958503e-02 -8.816953e-02 -1.224654e-01 -1.193457e-01 8.984723e-02 -7.222145e-02 1.923278e-02
-1.374896e-01 -1.055930e-01 -1.570903e-01 1.618018e-01 -2.329631e-02 -2.248567e-01 1.451811e-02 -2.036584e-01
-7.797405e-02 6.487438e-02 -3.542567e-02 3.789780e-01 4.253034e-02 -9.412964e-02 -1.589648e-01 -1.270201e-01
1.289478e-01 -1.741812e-01 -1.324213e-01 -1.445984e-01 4.717687e-02 1.986682e-01 -1.159442e-01 1.831702e-01
3.174721e-01 -5.018199e-02 -2.620684e-02 -7.143250e-02 -8.552696e-02 -1.724432e-01 -4.044795e-02 7.136849e-02
-3.245936e-02 9.767423e-02 -1.165920e-01 -7.275067e-02 -2.570185e-01 -3.917911e-02 1.516967e-01 -1.978970e-01
3.615433e-01 -1.347239e-01 -8.885819e-02 -4.037976e-02 -8.992373e-02 -1.789781e-01 -6.081536e-02 2.543998e-01
2.072821e-02 -1.429457e-01 -1.058737e-01 -5.251237e-02 -2.068496e-02 2.086626e-01 -1.050431e-01 -7.633718e-02
3.783666e-01 2.131982e-02 -1.074902e-01 -9.322283e-02 -1.639696e-01 -1.643246e-01 -7.568720e-03 -2.715943e-02
-5.133357e-02 -4.402557e-03 1.994444e-01 -5.944191e-02 -1.176928e-01 1.373628e-02 -1.175925e-01 -1.872591e-02
4.492775e-01 -1.403468e-01 -3.760913e-02 4.505346e-02 -2.346235e-01 -2.534173e-01 -6.476204e-02 2.916882e-02
9.957226e-02 -5.413880e-02 -7.438429e-02 -1.206762e-01 -1.252298e-01 -1.831611e-01 8.197247e-02 3.796564e-02
4.005390e-01 -1.088080e-01 -4.874726e-02 -5.517177e-02 -3.389112e-02 -4.490743e-02 -1.772488e-01 1.223151e-01
-1.945144e-01 -1.588765e-01 1.700913e-01 8.755806e-02 -6.676696e-02 -2.140981e-01 -1.247021e-01 -1.332446e-01
-6.516767e-03 -2.254413e-02 -1.647800e-01 1.512425e-02 2.378483e-01 3.624029e-01 7.746733e-02 -4.194415e-02
2.336656e-01 -1.161475e-01 2.983092e-01 -8.988957e-02 7.035734e-02 -1.894212e-01 1.204084e-01 -9.639574e-02
-3.141676e-01 -1.103656e-01 2.116878e-02 -1.294763e-01 1.268879e-01 -1.321344e-01 -1.427011e-01 9.918629e-02
-1.593932e-01 -1.734952e-01 3.316773e-01 -7.313123e-02 -1.244528e-01 -2.385053e-01 -7.979938e-02 7.875465e-02
-1.643194e-01 -6.380954e-02 -1.471793e-01 -2.673189e-01 1.017917e-01 -9.517623e-02 8.092585e-02 8.888863e-02
-9.750093e-02 -1.700720e-01 -5.511556e-03 2.058769e-01 1.710043e-01 3.126354e-01 -8.347082e-02 2.251183e-02
-1.249750e-01 2.911753e-03 -9.043210e-02 5.757210e-02 1.724541e-01 2.112152e-01 2.105103e-02 1.320486e-02
3.314858e-01 -2.320407e-01 1.491435e-01 -4.511957e-02 2.286310e-02 1.523376e-02 1.267070e-01 -2.478646e-02
-6.929125e-02 -8.181377e-02 -6.770435e-02 2.898163e-01 1.567023e-01 1.686301e-01 -2.197164e-02 -1.104636e-01
-3.428916e-01 -3.427343e-01 7.058839e-02 -1.771311e-01 -1.051338e-01 -6.738888e-02 -2.623597e-01 -2.817348e-02
5.697414e-01 -1.457983e-02 1.863351e-01 -7.550202e-02 -8.412880e-02 -3.231185e-03 1.496013e-01 1.468344e-02
-2.207723e-01 6.139825e-02 -1.783250e-01 6.800306e-02 3.142797e-01 -7.215435e-02 2.337236e-02 1.248988e-01
-1.474622e-01 7.648848e-02 2.118384e-01 -3.784539e-02 -1.379832e-01 2.997085e-02 5.001966e-02 2.061321e-01
4.024134e-02 6.386300e-02 -2.035625e-01 -1.605488e-01 2.774930e-01 2.359684e-01 2.075727e-01 -2.608878e-02
-2.806436e-01 -5.986891e-02 -2.992538e-02 -2.081716e-02 2.576395e-01 -1.090916e-01 -2.398902e-01 -1.061363e-01
-1.256197e-01 -1.965456e-01 2.140440e-01 -8.385326e-02 -1.853005e-01 -6.205416e-03 -3.666075e-02 1.518409e-01
-2.057822e-01 -1.132583e-01 -1.666556e-01 -1.923543e-02 2.864934e-01 1.485591e-02 2.933725e-02 4.183387e-02
-3.271134e-01 -3.144503e-01 -3.870651e-02 -4.003495e-02 1.917880e-01 -1.328475e-01 -2.111817e-01 2.500823e-02
-2.851015e-01 -3.640174e-01 -1.209698e-01 1.036201e-01 1.463177e-01 2.012492e-02 -2.439902e-01 -8.032145e-02
-1.287258e-01 -1.779452e-01 -4.986963e-02 7.380205e-02 2.227179e-01 2.523404e-01 -1.424001e-01 -1.094079e-01
-2.270904e-01 -4.961149e-02 -1.481099e-01 -1.701491e-01 3.023745e-01 -2.686580e-02 -9.564105e-02 -5.679090e-02
-1.634699e-01 -1.026780e-02 -6.089435e-02 1.512417e-01 2.267802e-01 -1.386161e-01 2.285144e-02 -1.991948e-01
-1.447477e-01 -1.425127e-01 -5.822649e-02 2.060749e-01 2.648703e-01 -1.488582e-01 -2.373843e-01 -1.620715e-01
3.340723e-01 -3.383157e-01 4.771637e-02 -1.370521e-01 8.981148e-02 3.807082e-03 1.110268e-01 -9.784142e-03
-1.474717e-01 -5.230151e-02 2.541400e-03 3.497197e-01 1.016055e-01 -1.573128e-02 -2.409133e-01 -1.067497e-01
-1.154868e-01 -1.288029e-01 2.987612e-01 4.165800e-02 -1.126055e-01 -2.015011e-01 -2.629275e-01 -3.200561e-02
-8.857249e-02 -1.629063e-01 -2.051576e-01 8.966853e-02 1.785314e-01 2.414661e-01 2.064945e-02 -3.579067e-02
-1.201479e-01 -4.208080e-01 1.250695e-01 1.639044e-01 6.356975e-02 -4.751367e-02 -2.265594e-01 -2.787458e-02
-1.482784e-01 -3.697032e-02 -1.199307e-01 8.665881e-02 3.581716e-01 1.973850e-02 -1.595440e-01 -8.269853e-02
5.449153e-01 -7.941597e-02 2.170307e-01 -8.213340e-02 -9.701601e-02 -5.895745e-02 1.584635e-01 4.467534e-02
-1.528684e-01 5.261181e-02 2.618972e-01 5.207239e-02 -1.037822e-01 3.296589e-02 -2.542572e-01 -1.836796e-02
6.165799e-02 -2.411579e-01 2.060419e-01 2.763129e-01 3.242550e-01 8.179837e-02 5.071747e-02 -1.760171e-01
3.442964e-01 -2.263348e-03 -7.309152e-03 3.188002e-01 3.569465e-01 3.676392e-02 -3.449945e-02 -1.653009e-01
-2.330243e-02 1.223110e-01 2.225139e-02 1.403037e-01 -9.891081e-02 8.947475e-02 -2.146671e-01 3.358251e-01
3.670493e-01 -8.048171e-02 9.457457e-04 2.758251e-01 3.622459e-02 1.057521e-01 1.533311e-01 -1.244718e-01
3.814975e-01 3.587471e-02 1.220447e-02 -2.328562e-02 -1.807205e-02 -2.261183e-02 3.052422e-01 -8.164193e-02
-4.741038e-02 1.305311e-01 2.274334e-01 4.367721e-02 -1.530870e-01 -3.164911e-02 -2.124252e-03 2.971130e-01
4.515435e-01 -2.100653e-02 -1.537701e-01 3.580205e-01 1.097547e-01 1.259597e-01 -8.276432e-02 -1.156770e-01
2.927307e-01 -1.263043e-01 4.413816e-03 3.752955e-01 3.101841e-01 -8.142336e-02 6.934599e-02 -1.007633e-01
-1.706565e-01 1.271814e-02 1.646847e-01 -1.395279e-01 2.331302e-01 -1.836423e-01 2.836374e-02 -1.788444e-02
5.327899e-01 -1.569413e-01 -1.697634e-01 1.101680e-01 -4.697301e-02 8.157393e-02 2.616275e-02 -1.708819e-01
-8.581484e-02 4.255919e-03 1.864015e-01 -6.988219e-02 4.583794e-01 -2.162646e-02 2.620493e-02 -4.065377e-02
-5.583522e-02 -1.820047e-01 8.429337e-02 9.986683e-03 -1.039656e-01 -4.315920e-02 -2.704742e-02 -9.509479e-02
-4.559169e-02 4.923937e-02 -1.190995e-01 -3.406255e-02 -1.633577e-01 4.005920e-02 -1.277802e-01 4.140226e-01
-1.741672e-01 -1.556235e-02 8.789247e-02 -1.433049e-01 -9.111424e-02 -2.434599e-01 -8.033858e-02 -2.356793e-02
-2.472425e-03 -3.942033e-02 -7.057805e-02 2.011534e-01 -2.073418e-01 -5.448269e-02 -1.578330e-01 2.087057e-01
2.355648e-01 1.719435e-02 -1.650607e-02 3.584619e-01 4.373655e-01 3.776410e-02 -2.621422e-02 -3.866731e-02
1.743777e-01 -9.570757e-02 6.870690e-02 2.991765e-01 4.531187e-01 -4.067536e-02 5.598429e-02 -8.163143e-02
2.558980e-01 -1.612145e-01 -3.851259e-02 4.380398e-01 2.921940e-01 2.173914e-02 1.219013e-01 -1.198882e-01
-8.125455e-02 -8.534110e-02 2.795134e-01 7.005391e-02 3.891115e-01 -3.893525e-02 3.216713e-02 -1.244934e-01
1.372253e-01 -1.677537e-01 -1.528987e-01 -2.942367e-03 -4.973668e-03 -8.607517e-02 -7.797441e-02 -6.958188e-02
-4.047705e-02 -1.632953e-01 3.605625e-01 2.978121e-03 1.257411e-02 -4.123561e-02 -2.680058e-02 -2.478233e-02
-6.872896e-02 -1.315349e-01 3.443176e-01 1.192539e-01 3.105208e-01 -6.618904e-02 8.241364e-02 -1.544975e-02
5.070451e-01 -2.133811e-02 -1.033954e-01 -3.636159e-02 -3.358670e-02 3.840383e-02 1.655694e-01 -8.458742e-02
8.739458e-03 -2.008825e-01 9.772333e-03 1.005220e-01 -6.161309e-02 8.363710e-02 3.804356e-02 -2.148395e-01
-4.278171e-02 7.735471e-02 2.423427e-01 1.040928e-01 4.126008e-01 2.398405e-02 1.001362e-01 -1.000266e-01
-3.775730e-02 -7.360598e-02 1.323098e-01 6.995122e-02 4.951291e-01 -4.186205e-04 -1.893357e-02 -5.989059e-02
-2.443695e-02 1.257783e-01 7.740618e-02 -1.331155e-01 -7.937448e-02 3.080080e-02 -1.001696e-01 3.398170e-01
1.186913e-01 8.268463e-03 -3.092085e-02 2.156144e-01 5.024974e-01 6.953707e-02 5.589372e-02 -6.332036e-02
2.109341e-01 -2.792084e-02 2.434161e-02 2.578055e-01 4.371660e-01 -3.128846e-02 -1.254945e-02 -2.888584e-02
3.235244e-01 -3.737740e-02 -6.231543e-02 3.865156e-01 3.193166e-01 2.379474e-02 2.953205e-02 -1.158598e-01
3.733274e-01 -6.054404e-02 -1.467300e-01 -2.852412e-02 -8.097457e-02 1.593498e-01 7.422256e-02 -5.244714e-02
-2.521737e-02 2.457865e-02 1.898375e-01 7.619006e-02 -1.288572e-01 -1.202865e-01 -6.143970e-02 2.125825e-01
