32
9.33954954e-01 5.72865009e-02 2.67015435e-02 -5.83816208e-02 5.49493469e-02 7.26881921e-02 4.22579907e-02 3.56975384e-02 -9.05660093e-02 -6.56054989e-02 7.38503560e-02 9.41378996e-02 -7.36442581e-02 8.14155340e-02 2.69753002e-02 -1.49511933e-01 -1.68435201e-02 5.37693314e-02 1.12883868e-02 -7.32121095e-02 -4.49403487e-02 6.52186275e-02 4.00893837e-02 8.20484664e-03 -4.42494415e-02 5.08081354e-02 -7.00957850e-02 -2.23082155e-02 -6.88817427e-02 -9.22842398e-02 5.02900667e-02 -6.82329014e-02
-1.01506738e-02 9.78258073e-01 -1.49944099e-02 -3.91535461e-02 -6.84383661e-02 -1.64941773e-02 -6.24956680e-04 1.54062146e-02 6.68770894e-02 3.54571342e-02 -6.41657636e-02 1.36410752e-02 2.11701021e-02 -5.15177958e-02 -6.70148358e-02 4.83591072e-02 -3.48392338e-03 -6.31973371e-02 2.32463470e-03 -1.14743300e-02 3.41611020e-02 -4.06735390e-02 -3.43926102e-02 2.97228005e-02 3.96461338e-02 -1.95102468e-02 3.97491641e-02 -2.90980153e-02 -1.60254277e-02 2.60688886e-02 -1.89864710e-02 3.58466506e-02
-4.88553047e-02 3.81699800e-02 9.64656055e-01 5.41473031e-02 2.01684870e-02 -1.09949466e-02 6.56397408e-03 -5.03717139e-02 4.46925173e-03 -4.22483906e-02 -4.26962227e-02 -4.60068583e-02 -1.11281686e-01 3.90855297e-02 9.42936819e-03 -9.57731009e-02 7.13779703e-02 3.09242550e-02 -1.45996790e-02 -1.37027865e-02 1.85296759e-02 1.26092331e-02 4.01689559e-02 -4.75387983e-02 -7.05543207e-03 -6.91463575e-02 -2.18587387e-02 8.13480020e-02 6.29070252e-02 -3.83700356e-02 -7.06694927e-03 -4.90316935e-02
7.09777549e-02 3.91733199e-02 -5.21680899e-02 9.63874280e-01 -4.53693196e-02 -6.40153736e-02 -2.24335082e-02 1.07512906e-01 -1.94071569e-02 3.19866575e-02 -5.31108268e-02 -2.41276268e-02 1.50361173e-02 -2.56139003e-02 5.48636839e-02 2.33468432e-02 4.56248671e-02 4.01918180e-02 -4.88567539e-02 -1.43045634e-02 -1.14376970e-01 2.08478589e-02 4.68571074e-02 4.68551219e-02 -1.73882321e-02 -3.50728445e-02 4.61749500e-03 4.86331470e-02 2.75537539e-02 1.03823254e-02 5.63271083e-02 4.51561175e-02
-1.62347816e-02 5.51935397e-02 -4.48449962e-02 5.88158928e-02 9.64431465e-01 -6.62431354e-03 3.43575492e-03 -5.57455979e-02 4.39418927e-02 -5.40125966e-02 -4.81933020e-02 -5.31176068e-02 -7.74124218e-03 -4.02449211e-03 -3.78187299e-02 4.02783677e-02 -3.44857275e-02 -4.74349111e-02 -2.84783859e-02 2.23890413e-03 8.21428895e-02 2.48987731e-02 -2.85413973e-02 -1.06127029e-02 1.10417843e-01 -2.83778720e-02 2.59523205e-02 9.56832319e-02 5.00796922e-02 3.86904590e-02 -4.06209426e-03 -7.35506490e-02
-2.10079681e-02 -2.23585288e-03 -5.46501530e-03 6.47443011e-02 -3.83536704e-02 9.71709847e-01 -4.83525830e-04 6.08882867e-03 5.49063124e-02 -3.21825147e-02 -6.53139055e-02 -8.40380788e-02 1.54016865e-02 1.11803263e-02 -3.09055727e-02 1.85462572e-02 -5.96054690e-03 -6.34262338e-02 -1.98009722e-02 5.33825951e-03 4.88006845e-02 1.09322798e-02 -4.23891790e-04 3.28119434e-02 2.45477054e-02 -3.55864838e-02 8.68698880e-02 4.98288125e-02 9.02672336e-02 3.06840632e-02 -5.53319529e-02 -2.13832576e-02
-5.08037508e-02 1.88747677e-03 -1.72378588e-02 3.89878638e-02 -8.81498307e-03 -3.98933422e-03 9.92263138e-01 -2.23928783e-02 -5.96449571e-03 9.74279922e-03 3.36319469e-02 1.16946883e-02 -2.73697227e-02 1.99766550e-02 -3.35488543e-02 -4.43278179e-02 -2.00899113e-02 -3.58456513e-03 1.12820910e-02 -2.70745493e-02 3.49887051e-02 -3.57881119e-03 1.59063023e-02 3.08398134e-03 1.21869212e-02 6.37184968e-03 -6.99575664e-03 -1.36489673e-02 2.65956558e-02 8.94344039e-03 -2.46693324e-02 1.35502424e-02
-1.16201214e-01 7.67726777e-03 1.90727077e-02 -7.32970461e-02 7.91329443e-02 2.52344515e-02 1.12104891e-02 9.55438554e-01 -3.04712318e-02 -1.17210736e-02 2.61950884e-02 7.89655223e-02 -1.16786383e-01 6.05138279e-02 -2.08475646e-02 -1.14099182e-01 8.33667815e-03 1.35180610e-03 3.21011841e-02 -1.30604266e-03 4.72626369e-03 2.38822419e-02 -9.71266441e-03 -4.48490605e-02 -7.07988441e-02 -2.58644763e-02 -2.58420743e-02 -2.36213095e-02 -6.18205816e-02 -6.31682351e-02 7.02412520e-03 -5.91829121e-02
5.91595806e-02 -3.10466550e-02 -3.09010800e-02 -2.54208110e-02 -3.87565717e-02 -4.27634269e-02 1.87305436e-02 3.72349210e-02 9.41391945e-01 -6.42426684e-02 8.67794454e-03 -7.73564950e-02 4.75063212e-02 9.20529217e-02 5.87639138e-02 -5.03971539e-02 8.15034583e-02 1.26123980e-01 -7.90254101e-02 1.55536109e-03 -9.21301320e-02 3.30965780e-02 9.35736075e-02 -1.30932909e-02 1.40408324e-02 -2.83607394e-02 -7.56808743e-02 7.11763948e-02 -3.33969370e-02 4.84029315e-02 6.36760816e-02 -9.55081433e-02
8.98437873e-02 -3.62929478e-02 7.59545490e-02 -3.11206765e-02 6.26278073e-02 3.33465375e-02 3.53522506e-03 4.59801145e-02 6.34840950e-02 9.63872790e-01 4.61298376e-02 -1.78185198e-02 8.20752457e-02 -6.25724941e-02 4.98950146e-02 5.97049370e-02 1.17723895e-02 -2.58038994e-02 -6.76827505e-02 2.17347536e-02 2.87493598e-02 1.09537476e-04 3.33890095e-02 -3.67114209e-02 -2.85161845e-03 9.44202915e-02 -4.22283541e-03 -3.41401063e-02 2.40192190e-02 6.44126087e-02 -2.12131385e-02 7.09324470e-03
-8.25450048e-02 6.13655411e-02 -5.33504831e-03 8.40731487e-02 1.26931844e-02 4.13272493e-02 -5.49683943e-02 -5.84889054e-02 3.41064557e-02 -9.44357272e-03 9.57031131e-01 6.37483522e-02 -8.89955759e-02 -6.49203872e-03 -4.23445515e-02 -9.25230235e-02 9.04223230e-03 -6.48877546e-02 3.06150690e-02 -3.79831642e-02 8.67964476e-02 2.56053787e-02 -1.74425580e-02 -2.88674925e-02 3.54196765e-02 -8.08976367e-02 1.34678390e-02 5.08868471e-02 6.90597147e-02 -4.41990457e-02 -3.41601484e-02 -3.62045481e-03
3.45116365e-03 -5.24022169e-02 6.56320378e-02 5.07776625e-02 -3.62644438e-03 2.68945098e-02 -5.13700023e-03 -2.16521900e-02 1.33459464e-01 -2.12792475e-02 -7.82272443e-02 9.31078374e-01 6.94533288e-02 -7.93403909e-02 4.35308181e-03 1.30867213e-01 -5.92484698e-02 -9.04265493e-02 2.93709692e-02 4.67816293e-02 8.77590328e-02 -3.02039795e-02 -7.76818022e-02 -5.35638630e-02 9.88959968e-02 1.02930469e-02 1.06773682e-01 1.86315384e-02 1.10924914e-01 4.80870903e-02 -2.38070823e-02 -2.22820826e-02
-6.48872703e-02 3.84644307e-02 7.45752156e-02 -1.07409898e-02 6.18486255e-02 3.69376503e-02 1.89433917e-02 2.93560680e-02 -9.35017765e-02 -5.31849563e-02 7.99209252e-02 4.65782359e-02 9.16292191e-01 7.72307143e-02 4.25845198e-02 -1.98480099e-01 2.37828959e-02 6.30907416e-02 4.45027184e-03 -7.60652199e-02 -8.29766542e-02 7.25958645e-02 6.86400458e-02 1.43398512e-02 -1.09575294e-01 2.20699161e-02 -7.92519301e-02 -2.84306630e-02 -7.35294446e-02 -1.23651877e-01 5.54706603e-02 -6.74579963e-02
-6.37482256e-02 2.61847209e-02 -5.68488538e-02 4.18982729e-02 9.31601413e-03 -1.90647822e-02 -3.86686288e-02 -8.48427638e-02 -2.21948158e-02 1.06402129e-01 -5.38984537e-02 8.40534791e-02 -6.43378943e-02 9.41096187e-01 -5.77447563e-02 -8.07175189e-02 8.95036235e-02 -9.07764137e-02 9.04003754e-02 -4.44748811e-02 3.24636362e-02 -5.49481250e-02 -2.60509122e-02 1.10135078e-02 -1.30141703e-02 -5.80049641e-02 7.95115381e-02 -2.81743426e-02 1.36696240e-02 -4.07221355e-02 -7.04355612e-02 1.04658507e-01
-7.86906853e-02 7.71237463e-02 -5.55286333e-02 -3.93104739e-02 1.90082099e-02 3.59214582e-02 2.01918706e-02 -3.07239331e-02 -5.56435063e-02 -1.81286669e-04 -1.04302960e-02 3.43271196e-02 -9.07736793e-02 2.72485763e-02 9.57999825e-01 -7.84196705e-02 1.70396622e-02 -8.02403223e-03 1.60081908e-02 -3.73820551e-02 9.64174643e-02 5.34814456e-03 8.04919656e-03 2.93305051e-02 2.76419818e-02 -8.02825093e-02 -5.25811352e-02 6.74798861e-02 4.88796178e-03 -1.09697692e-01 3.55779789e-02 -5.32856025e-02
1.75276231e-02 1.66954380e-02 7.34412074e-02 -3.90244015e-02 2.52295043e-02 4.21980247e-02 4.79946844e-02 5.53851351e-02 -3.65504175e-02 -5.19754291e-02 1.25749215e-01 -1.20958332e-02 3.42053287e-02 1.43372923e-01 4.75490801e-02 8.83666754e-01 5.35326488e-02 1.30127773e-01 -1.27149262e-02 -1.24699511e-01 -1.03175193e-01 3.61404419e-02 9.51260775e-02 1.15096653e-02 -1.39942661e-01 1.76975913e-02 -1.52392730e-01 -4.92308624e-02 -3.83300558e-02 -1.77563131e-01 1.21343717e-01 -9.97450501e-02
3.29928510e-02 -1.29921278e-02 -4.86612208e-02 -4.06855457e-02 1.23502696e-02 6.04554964e-03 2.06794087e-02 1.11980513e-02 -6.42286986e-02 -2.40792707e-02 -8.10392201e-03 4.13747244e-02 1.67053267e-02 -8.60756487e-02 -2.54112724e-02 8.29723012e-03 9.62443233e-01 -3.35311294e-02 -2.99699642e-02 3.86417881e-02 1.21297888e-01 4.55182418e-02 -6.96943849e-02 6.09372482e-02 9.64972749e-02 4.06584106e-02 -3.35864238e-02 4.44647297e-02 -1.90356113e-02 6.93706870e-02 3.58070582e-02 5.82809113e-02
-8.01408961e-02 5.76902628e-02 -5.52891381e-02 1.54807989e-04 3.63049954e-02 6.91043809e-02 -1.51799051e-02 -5.45136966e-02 -6.85838759e-02 7.80923367e-02 -3.58502846e-03 9.92879197e-02 -7.78823122e-02 8.34775530e-03 -5.37966713e-02 -9.48191285e-02 2.14682482e-02 9.43907559e-01 1.25464708e-01 -2.05019023e-02 8.18630829e-02 -1.32024204e-02 -1.04665831e-01 -4.00300920e-02 4.27589081e-02 -5.53711876e-02 4.85176034e-02 3.16493735e-02 -8.48967209e-03 -5.25300913e-02 -3.32107767e-02 -1.35803258e-03
8.11835900e-02 -2.44504381e-02 4.38415483e-02 3.96536961e-02 1.78936869e-03 -2.42674258e-02 8.54937010e-04 4.46398892e-02 9.34073851e-02 2.85287481e-03 -2.49268790e-03 -1.23213187e-01 9.36962068e-02 -6.18598089e-02 5.08021042e-02 9.73435268e-02 1.37597108e-02 -7.07841888e-02 9.41813529e-01 8.53915811e-02 3.92531939e-02 -1.10636540e-02 -1.72308031e-02 -1.57503728e-02 5.03405333e-02 6.61123917e-02 7.30627105e-02 -1.41136022e-02 1.02142639e-01 1.01203173e-01 -4.60532494e-02 3.46019194e-02
3.66508961e-02 3.80891599e-02 2.21865810e-02 9.51568782e-03 -4.69719898e-03 1.25104645e-02 3.02074943e-02 7.42770825e-03 -4.92014103e-02 -3.53713222e-02 6.82376325e-02 -1.70394797e-02 4.42748740e-02 1.10817514e-01 3.61177400e-02 5.95451370e-02 -4.76921536e-02 5.83048314e-02 -7.64431432e-02 9.63869393e-01 2.90409643e-02 7.58162737e-02 4.52541709e-02 1.29472958e-02 2.61451621e-02 5.04451282e-02 -7.96547309e-02 1.51545480e-02 -5.29248640e-02 5.59725333e-03 7.05249757e-02 -2.80971676e-02
1.00258537e-01 -4.48203534e-02 1.08708479e-02 6.42205030e-02 -1.08208857e-01 -9.07464027e-02 -2.24696714e-02 7.99565837e-02 4.44327071e-02 -5.81465103e-02 -3.49343680e-02 -1.24810725e-01 1.35925218e-01 4.31957580e-02 -3.33421156e-02 1.10551842e-01 -1.21571235e-01 1.65225845e-02 -1.02141365e-01 -6.96845427e-02 9.16733146e-01 7.09785596e-02 4.37772274e-02 6.31166771e-02 -1.77896935e-02 4.22757901e-02 3.94514315e-02 7.86251426e-02 4.12794761e-02 8.25468972e-02 3.02626025e-02 8.46598949e-03
-6.89678714e-02 2.54571270e-02 -2.15104278e-02 -1.87276155e-02 -3.13375741e-02 -1.18962228e-02 -3.27253598e-03 -4.40128371e-02 -6.72898674e-03 4.24537882e-02 -5.30732460e-02 3.59788351e-02 -7.20425472e-02 1.28478054e-02 -2.94963215e-02 -1.13666058e-02 -4.07902785e-02 -2.83541325e-02 4.68676239e-02 -5.39050736e-02 -4.87131216e-02 9.78236675e-01 -4.65847254e-02 5.88400429e-03 3.52681465e-02 -6.32876977e-02 3.37750949e-02 1.63441673e-02 -2.71324161e-02 -2.31197532e-02 7.24271499e-03 3.63615490e-02
-7.98940137e-02 3.47903818e-02 -7.04625770e-02 -3.54313292e-02 3.04699428e-02 2.00801659e-02 -2.93116719e-02 -4.33495454e-02 -6.99779093e-02 2.13733297e-02 -3.45552638e-02 1.21987380e-01 -1.03748880e-01 -3.80912051e-02 -7.23168179e-02 -8.94674286e-02 5.06951995e-02 2.50524841e-02 9.13009644e-02 -1.75457057e-02 3.72722670e-02 1.06725302e-02 9.54036772e-01 2.63691787e-02 8.16784706e-03 -5.73911257e-02 -3.61353830e-02 5.82632981e-02 -1.57965086e-02 -3.88103984e-02 2.24995464e-02 2.62636840e-02
-2.99815219e-02 -3.19867767e-02 6.05401285e-02 -3.54694091e-02 3.12610790e-02 -8.32300354e-03 -4.87000961e-03 1.96058452e-02 2.98691597e-02 4.36277315e-02 2.86429226e-02 6.45258576e-02 -3.54602672e-02 -1.47892125e-02 -3.24756354e-02 -2.71925051e-02 -5.87836020e-02 2.50465609e-02 4.18979041e-02 -6.42141281e-03 -3.80940214e-02 -2.04291288e-02 -4.37925197e-02 9.82683063e-01 1.35591179e-02 -1.15594286e-02 -3.78026068e-02 -2.43044775e-02 -3.76770385e-02 -1.38217993e-02 3.66412625e-02 5.34093659e-03
5.24650067e-02 -3.75285335e-02 4.69594784e-02 -2.23990437e-02 -8.88991505e-02 -2.29844749e-02 1.96693093e-03 1.15828931e-01 -5.77036031e-02 -2.22730264e-02 3.14339325e-02 -8.83904099e-02 1.13968037e-01 7.56390244e-02 2.13115662e-02 9.97779369e-02 -8.30516964e-02 2.95794345e-02 -7.41177052e-02 -6.97117671e-02 -8.43639448e-02 -1.87914558e-02 5.61421700e-02 -4.11836850e-03 9.42675233e-01 4.45416607e-02 2.85595972e-02 3.80290598e-02 -5.96974418e-02 1.38344672e-02 1.11594871e-02 6.33029267e-02
-1.23356916e-01 5.01843803e-02 2.07792595e-02 5.39636426e-02 2.35581901e-02 4.65670899e-02 -2.17262935e-02 -3.13521549e-02 1.95156261e-02 -5.75609207e-02 3.28262858e-02 3.05708479e-02 -1.06302910e-01 5.48720434e-02 2.54322141e-02 -9.06442180e-02 -1.61701869e-02 2.60566883e-02 -2.22311472e-03 -6.53355569e-02 -2.30813632e-03 4.70139757e-02 2.08542310e-02 -6.40393409e-04 -1.19426092e-02 9.58197236e-01 -6.17146119e-02 2.17975844e-02 6.02883892e-03 -9.14986581e-02 6.32565692e-02 -5.49375005e-02
6.35487959e-02 -1.78930815e-02 4.81827334e-02 -4.24200557e-02 1.16334641e-02 -6.72333539e-02 2.74112709e-02 5.26008084e-02 1.06986091e-02 -5.05936928e-02 6.79704770e-02 -7.73050487e-02 5.67172728e-02 -1.82750146e-03 1.08754225e-01 8.39489847e-02 5.33882976e-02 5.37709445e-02 -1.10315368e-01 3.71161588e-02 -9.65213999e-02 1.51363462e-02 1.06860273e-01 5.15596941e-02 -9.01002511e-02 8.64933208e-02 9.36224818e-01 -8.14255923e-02 -3.70489508e-02 5.79432733e-02 9.85257514e-03 -3.86735573e-02
3.21324393e-02 1.21380147e-02 -4.24735248e-02 -7.44206831e-02 -6.74705580e-02 -3.84016968e-02 2.35739239e-02 3.50526609e-02 -6.55336529e-02 4.35496792e-02 -9.53395572e-03 1.69354607e-03 4.18808199e-02 2.16870215e-02 -4.08352353e-02 5.53914160e-02 -3.95310335e-02 -2.31213905e-02 1.94148496e-02 -9.14665125e-03 -1.07898042e-01 -3.15994397e-02 -4.92283739e-02 2.05031168e-02 -8.60667229e-02 1.63698625e-02 6.68272004e-02 9.65504408e-01 -6.50271326e-02 1.46841761e-02 -5.08899754e-03 5.97361922e-02
5.97869419e-02 2.65061054e-02 -5.59803471e-02 -8.54285583e-02 -4.31577303e-02 -8.43760446e-02 -1.01143643e-02 8.54731947e-02 -4.84136082e-02 -3.09501402e-02 -1.38770435e-02 -6.72317743e-02 6.08371384e-02 4.58823815e-02 1.38218692e-02 -2.44575809e-03 1.65663958e-02 6.96019083e-02 -1.06874317e-01 1.68017838e-02 -1.10091887e-01 4.45796102e-02 4.42825295e-02 5.17818853e-02 2.65507097e-03 1.38599183e-02 -2.93662250e-02 3.76466401e-02 9.53947008e-01 6.25202879e-02 3.33021581e-02 -4.24063466e-02
-5.29408408e-03 2.38305256e-02 4.66073230e-02 -2.56033391e-02 5.29093435e-03 2.85003856e-02 -8.15732492e-05 2.88325623e-02 -1.14411183e-01 -6.17446303e-02 8.87205452e-02 3.84254493e-02 1.62387062e-02 1.10923305e-01 9.99756530e-02 2.91125122e-02 -4.56958488e-02 8.87196139e-02 -3.65402400e-02 -8.04140717e-02 -9.47706774e-02 3.57885882e-02 4.98865917e-02 -2.55505991e-04 -6.93992153e-02 4.48476635e-02 -1.21015064e-01 -2.62017306e-02 -1.05887592e-01 9.27398920e-01 1.31170154e-01 -6.39325529e-02
-5.83978891e-02 5.08913351e-03 -1.25974258e-02 -2.53965054e-02 -2.71935458e-03 4.91951257e-02 1.02033773e-02 -4.43406887e-02 -1.39918970e-02 6.39578626e-02 -1.69538166e-02 1.69773865e-02 -6.00429811e-02 5.33658266e-03 -7.75274783e-02 -9.53503400e-02 -2.84649488e-02 -4.44897227e-02 8.18051472e-02 -2.81863846e-02 3.17529328e-02 -4.68484052e-02 -7.01430514e-02 -5.27403243e-02 3.14949453e-02 -8.22990984e-02 7.46027380e-02 3.87211516e-03 1.74482483e-02 -8.93295854e-02 9.61454809e-01 2.13957708e-02
5.14974855e-02 -1.76798180e-02 7.39587322e-02 -5.16929105e-02 1.01232402e-01 4.10887636e-02 2.84092594e-03 6.46890029e-02 8.12109336e-02 -6.53142184e-02 4.48714681e-02 1.39963208e-02 4.85241711e-02 -4.18385379e-02 9.12460387e-02 5.01393899e-02 -4.78331223e-02 5.97859956e-02 -6.29230440e-02 6.08394202e-03 -3.12957726e-02 1.20757695e-03 1.94582157e-02 -1.31362798e-02 -9.00536254e-02 5.96563965e-02 -2.95791291e-02 -5.32111526e-02 2.70793028e-02 2.15148460e-02 2.50727776e-02 9.57161665e-01
9.91531610e-01 -9.69831925e-03 8.92907288e-03 6.83931913e-03 -1.80525370e-02 3.87896709e-02 -1.07375029e-02 -2.47583427e-02 9.65259690e-03 -3.35018784e-02 -1.23645160e-02 7.01512536e-03 7.55968969e-03 -8.57312884e-03 -4.39662449e-02 1.46276224e-02 -1.66866463e-02 -1.09129830e-03 1.04350010e-02 4.19888832e-02 6.05537696e-03 -5.42323627e-02 -1.93197522e-02 -3.74256484e-02 1.59473419e-02 9.30141378e-03 1.08972716e-03 -7.23139849e-03 1.15203671e-02 3.92678753e-02 -3.47391665e-02 1.45341093e-02
-4.33470635e-03 9.75638151e-01 -4.80802404e-03 5.72958663e-02 -5.64322658e-02 1.28673399e-02 -2.44239462e-03 -5.50896302e-02 5.39473258e-02 -3.94022092e-02 -5.80428690e-02 8.98142718e-03 -5.53829549e-03 -4.09280695e-02 -3.96135971e-02 6.07788600e-02 5.81587898e-03 -8.26226845e-02 2.60078572e-02 -5.34406640e-02 -1.17034689e-02 -6.19441122e-02 -7.63519295e-03 -4.10594642e-02 -1.25221238e-02 -1.09297922e-02 5.61199337e-02 1.71859674e-02 4.86291870e-02 2.33595669e-02 -2.71345340e-02 -7.36430520e-03
-2.14586267e-03 2.33555380e-02 9.72432673e-01 -1.27784116e-02 3.55951115e-02 -1.54296644e-02 -1.40215931e-02 2.73778513e-02 1.47576053e-02 3.04548107e-02 -7.43102049e-03 -8.04327708e-03 -5.75240403e-02 -3.11235823e-02 4.45830189e-02 -4.10124622e-02 -3.53930332e-02 -1.62982978e-02 -9.08533186e-02 5.98985031e-02 1.13487072e-01 5.03636040e-02 -7.63087859e-03 3.46756540e-02 6.43737614e-02 -4.11012135e-02 -3.71055193e-02 5.83434440e-02 5.14780451e-03 -1.65407378e-02 -2.41249092e-02 -2.15506591e-02
-1.27815930e-02 -7.59299621e-02 3.11654992e-02 9.84246016e-01 -7.19396994e-02 1.23038897e-02 2.70075485e-04 -2.64663305e-02 5.32366596e-02 -1.47390328e-02 -3.70674096e-02 8.51689000e-03 -4.60698791e-02 -8.60283896e-03 -3.03631928e-02 1.75065491e-02 1.85766574e-02 1.45785371e-02 3.02940719e-02 -2.91306581e-02 -3.38456184e-02 -5.29012382e-02 1.08089913e-02 2.08778344e-02 1.16603328e-02 2.31698584e-02 1.24474429e-02 -2.77450029e-02 2.30320860e-02 -2.55581923e-02 2.48340853e-02 1.38293626e-02
7.46457838e-03 2.79488936e-02 -5.38551062e-02 7.58050531e-02 9.72899795e-01 2.67678145e-02 -2.43335553e-02 -6.87571988e-02 4.25152257e-02 -1.04066553e-02 -5.81454374e-02 -4.54648249e-02 -1.94324031e-02 -4.55703326e-02 -2.16457471e-02 3.26411389e-02 -1.34730488e-02 -4.93390337e-02 -1.23129589e-02 9.99668334e-03 4.39035669e-02 3.38027775e-02 -4.79601547e-02 -2.97801383e-02 5.72620220e-02 -3.87192331e-02 6.86991587e-03 5.73960245e-02 5.21870032e-02 5.44850715e-02 -3.79008725e-02 -4.71278019e-02
-3.97887304e-02 -1.50048304e-02 2.23170947e-02 -1.56042119e-02 -2.20846329e-02 9.91621077e-01 2.72554625e-02 3.12244240e-02 8.54987837e-03 -3.96693721e-02 3.29049863e-02 -3.87985520e-02 2.53284387e-02 1.62496977e-02 -2.05182023e-02 -8.28713528e-04 -1.90037079e-02 6.33162213e-03 -6.64896332e-03 -2.31179912e-02 -1.32273813e-03 -2.46090833e-02 9.43491422e-03 -2.96694320e-02 -3.03168362e-03 -3.04920673e-02 1.98775763e-03 5.10436576e-03 1.61779150e-02 7.39427935e-03 4.64539640e-02 -1.92406513e-02
1.17647089e-02 -5.54742641e-04 1.19945081e-02 5.62493829e-03 1.90109368e-02 -3.03684566e-02 9.94685829e-01 1.37283364e-02 1.16257044e-02 -1.66552514e-02 4.73150238e-03 -7.70010334e-03 2.60900836e-02 1.99232018e-03 4.72809514e-03 -8.09496082e-03 -1.01971319e-02 -4.21414059e-03 -2.13009976e-02 -3.87996174e-02 9.86996572e-03 2.43059620e-02 1.04596373e-02 -2.74625737e-02 1.17357192e-03 1.20161353e-02 7.66591262e-03 2.57045999e-02 3.03617958e-02 4.20440957e-02 -1.70109030e-02 -8.35121982e-03
3.17082703e-02 5.80871515e-02 -5.64496405e-02 4.92848493e-02 4.40659709e-02 -2.12737303e-02 -2.23991051e-02 9.77820277e-01 -2.25807168e-02 3.29613648e-02 -3.54254805e-02 -2.38092151e-02 -3.74489538e-02 -3.84668857e-02 4.40020747e-02 -1.26852673e-02 -5.78528689e-03 -9.27109085e-03 -6.98368922e-02 -1.83708668e-02 6.46767169e-02 6.73306733e-02 1.87005196e-02 -2.87741721e-02 -1.89161971e-02 -2.63071619e-02 -1.36226276e-02 5.08803427e-02 -5.10732364e-03 5.34107909e-02 -2.52645779e-02 -3.06984759e-03
-7.54352519e-03 -4.85502370e-02 -1.73920654e-02 -5.75091243e-02 -3.48685347e-02 -7.53898220e-03 -1.31496359e-02 2.61241868e-02 9.92650509e-01 1.07319867e-02 5.96546941e-03 2.74642427e-02 -2.95111816e-03 -5.53645007e-03 -7.41461478e-03 -2.23511066e-02 -1.09315263e-02 -7.42915552e-04 -7.47859990e-03 -2.69620847e-02 9.53846797e-03 2.94317100e-02 -4.17091884e-03 8.10493436e-03 1.38192466e-02 4.63773906e-02 -3.36889341e-03 1.14582572e-02 -1.54102426e-02 5.37222065e-03 -9.88476630e-03 1.42271323e-02
3.44853885e-02 3.84087600e-02 -2.87948512e-02 1.66312736e-02 1.25905848e-04 3.99080627e-02 1.85364150e-02 -3.80146168e-02 -1.73557899e-03 9.89823937e-01 -1.72732081e-02 -7.61634186e-02 3.58585105e-03 1.91277862e-02 2.96120215e-02 8.97834916e-03 1.34870531e-02 1.69050065e-03 -9.53300041e-04 1.23366592e-02 -3.24991122e-02 -8.40637833e-03 8.10514670e-03 4.25183214e-02 5.52936224e-03 -1.81356110e-02 -3.39375227e-03 2.25120573e-03 1.85100548e-02 2.67788712e-02 2.63855215e-02 -1.37303220e-02
2.16503385e-02 6.33061752e-02 -2.56134663e-02 5.34754656e-02 4.03896309e-02 -2.39849258e-02 -1.02766836e-02 -5.80527063e-04 -8.92815646e-04 1.33679593e-02 9.80094075e-01 -2.57691573e-02 -7.09722489e-02 -3.19657512e-02 5.83499297e-02 -2.95210797e-02 2.14425754e-02 -5.92327677e-03 -6.59242794e-02 -1.90792163e-03 7.74538741e-02 4.81298752e-02 3.00089680e-02 -1.77554332e-03 -2.00174865e-03 -1.84607711e-02 5.59687708e-03 4.87380885e-02 2.13602372e-02 -7.34389480e-03 -2.32016984e-02 8.27216357e-03
-9.02684312e-03 2.57426174e-03 -1.58103721e-04 -1.96160399e-04 4.78494354e-02 3.92129160e-02 8.92328098e-03 1.83602385e-02 -2.70753708e-02 8.07262585e-02 2.29484402e-02 9.87470269e-01 2.52635521e-03 1.09328870e-02 -4.05624583e-02 2.70971209e-02 -2.03524567e-02 4.15866151e-02 -2.60013547e-02 6.35124603e-03 4.52197716e-02 -1.28162920e-03 -2.31109723e-03 -4.84806299e-02 2.62236632e-02 -1.09487949e-02 -1.63972490e-02 -5.18287299e-03 -7.33132707e-03 -1.18910978e-02 -6.17551943e-03 4.11026888e-02
-9.03829280e-03 6.56387862e-03 4.22291495e-02 5.37030883e-02 1.30634513e-02 -2.74645351e-02 -3.33112963e-02 2.70039700e-02 3.98147572e-03 4.33142949e-03 5.52388392e-02 -1.05411625e-02 9.87161815e-01 1.31364365e-03 -1.40796602e-02 -1.32417660e-02 1.30280759e-02 -6.37928955e-03 -4.22554053e-02 9.27059539e-03 8.60793814e-02 4.50435560e-04 6.89876173e-03 -3.44356298e-02 1.19545292e-02 2.05790643e-02 6.27067452e-03 3.06646060e-02 4.01104651e-02 1.04076485e-03 -1.80269629e-02 1.33128343e-02
1.48634808e-02 4.34281155e-02 6.92347251e-03 1.87529940e-02 3.72903049e-02 -1.72398463e-02 -4.75640362e-03 2.37097181e-02 1.30615374e-02 -2.03096233e-02 8.52971338e-03 -1.27211949e-02 -1.55423684e-02 9.85782027e-01 4.89537157e-02 3.62919481e-03 2.96897143e-02 -1.30767478e-02 -4.51972149e-02 4.44431137e-03 9.18061659e-02 -7.38552678e-03 1.74268242e-02 -1.40527182e-03 2.07287353e-02 -5.05600981e-02 2.28693746e-02 1.59111917e-02 3.05053964e-02 -5.02044149e-02 6.03442267e-03 -2.88428124e-02
3.39826606e-02 2.36088671e-02 -3.00041307e-02 2.87796464e-02 6.58473093e-03 3.08774933e-02 -8.71090870e-03 -4.48753498e-02 6.36591157e-03 -3.41249034e-02 -5.19704036e-02 5.34852222e-02 2.31042430e-02 -3.10841817e-02 9.76665318e-01 -2.98311263e-02 -1.99535899e-02 -1.47753982e-02 4.83586751e-02 1.27680851e-02 -8.52719322e-02 1.03065725e-02 -4.24647518e-02 7.95352925e-03 -2.22417824e-02 8.65941718e-02 -1.44456979e-03 5.16740084e-02 4.91869114e-02 6.14656508e-02 -3.46200690e-02 -4.19407291e-03
-1.61330793e-02 -6.05857708e-02 3.25504579e-02 -2.25434788e-02 -2.99734902e-02 -2.32298463e-03 7.41670188e-03 2.07907930e-02 1.55678177e-02 -2.18228786e-03 3.03347241e-02 -2.64715701e-02 2.89327884e-03 -9.48301516e-03 3.86171080e-02 9.86701846e-01 3.98071716e-03 -4.58085127e-02 -3.47678885e-02 3.18585299e-02 4.86731865e-02 -9.90982261e-03 -2.46063210e-02 -2.37515382e-02 2.55718324e-02 6.83790073e-02 1.82301737e-02 -1.59301851e-02 1.79361086e-02 -4.05269153e-02 -4.83903708e-03 -1.39245531e-02
1.30758854e-02 -6.25809142e-03 3.20680700e-02 -2.03760695e-02 1.15635209e-02 2.09307354e-02 8.69642477e-03 5.33460081e-03 8.50638095e-03 -1.48582086e-02 -2.04616897e-02 2.35893615e-02 -1.12419641e-02 -2.57780682e-02 9.59492289e-03 -2.76742713e-03 9.93652225e-01 -9.25151538e-03 7.53891235e-03 1.53675927e-02 -3.78915714e-03 -5.70133561e-03 -2.58461176e-03 2.82806940e-02 1.70914568e-02 1.89746879e-02 -2.06814166e-02 3.70196030e-02 -1.42197430e-04 6.32360578e-02 1.51586896e-02 1.60066485e-02
5.19854133e-04 8.01696852e-02 8.37221369e-03 -4.33612056e-03 3.63875590e-02 -8.96106660e-03 1.18851778e-03 -6.25134620e-04 1.05153406e-02 -9.98430047e-03 -4.26467089e-03 -4.32558134e-02 1.48938445e-03 1.68851810e-03 1.49134109e-02 4.92159389e-02 7.35192467e-03 9.90182877e-01 -5.33027342e-03 2.56964657e-02 1.57874189e-02 -1.07785780e-02 -1.92852020e-02 -1.50173185e-02 2.37179338e-03 -2.18134392e-02 1.15424246e-02 5.21166548e-02 2.95777265e-02 1.72864683e-02 2.17800215e-02 -1.34829497e-02
-9.15599614e-03 -8.01955163e-03 9.51411724e-02 -2.71391273e-02 4.01262902e-02 -6.19880576e-03 1.97115708e-02 8.55609551e-02 6.84527494e-03 9.27143823e-03 7.93083534e-02 1.40521731e-02 3.38703617e-02 4.44894060e-02 -2.73174699e-02 2.97521483e-02 -1.10786129e-02 4.70423838e-03 9.78353024e-01 5.45147341e-03 1.68384314e-02 -3.56452242e-02 3.54461521e-02 -1.37255648e-02 1.54166603e-02 4.44729486e-03 -4.50671576e-02 -2.64205299e-02 -4.12143208e-02 1.99794229e-02 6.14245944e-02 1.10433279e-02
-4.85812090e-02 4.33336869e-02 -6.24844879e-02 3.16944495e-02 -2.49705873e-02 2.06029937e-02 3.69275808e-02 1.31410267e-02 2.68734023e-02 -1.37578435e-02 -1.38771452e-03 -6.05518231e-03 -1.20573323e-02 -2.13374896e-03 -2.32108142e-02 -3.18236463e-02 -1.61186345e-02 -2.84577273e-02 2.23448523e-03 9.89362001e-01 1.67920031e-02 -1.72633845e-02 -3.65005471e-02 -2.29306724e-02 4.43234714e-03 2.32753623e-02 -6.04522787e-03 1.11527266e-02 2.00971905e-02 4.28409055e-02 -1.44733377e-02 9.81417578e-03
-3.24420934e-03 -2.10292567e-03 -1.20135926e-01 2.89095081e-02 -7.23307058e-02 1.88328326e-02 -6.00628927e-03 -8.70164633e-02 -1.44928051e-02 2.32010260e-02 -9.40770954e-02 -3.28560732e-02 -7.14370236e-02 -8.37132186e-02 6.32822663e-02 -4.42199074e-02 5.92734525e-03 -8.12465418e-03 3.26078311e-02 -2.71937381e-02 9.64054227e-01 7.58492276e-02 -2.28888895e-02 8.80418997e-03 -7.20470212e-03 2.41065063e-02 1.53315743e-03 5.24279475e-03 1.47960708e-03 -6.60732109e-03 -6.63439035e-02 -1.97053677e-03
4.93515432e-02 5.47356978e-02 -2.39549316e-02 4.76449579e-02 -3.27053890e-02 3.23951244e-02 -1.58844143e-02 -6.06957935e-02 -2.05418449e-02 -3.64055228e-03 -3.62474956e-02 6.90983934e-03 1.59570854e-02 2.29690392e-02 -2.73704585e-02 2.70651523e-02 7.92885665e-03 1.32075204e-02 4.55303267e-02 1.83656327e-02 -8.79618749e-02 9.81578469e-01 2.23668874e-03 2.21978705e-02 -4.84436750e-02 4.07417677e-03 -2.10994855e-02 -5.68344407e-02 -2.22723726e-02 1.29628205e-03 7.29432330e-03 2.53036153e-02
1.68348532e-02 4.00809711e-03 -7.88085628e-03 -5.64145576e-03 3.11523508e-02 -3.64260050e-03 -1.40343802e-02 -3.31345014e-02 6.53498899e-03 -1.31937107e-02 -4.22002114e-02 4.97094262e-03 -8.87195859e-03 -2.33446918e-02 3.12593579e-02 2.73422878e-02 -5.45998523e-03 9.17546824e-03 -2.48760898e-02 3.70567329e-02 1.52956825e-02 2.22530169e-03 9.90075052e-01 2.05904320e-02 3.68167274e-03 -3.68758501e-03 -1.13623803e-02 8.46439824e-02 3.23341675e-02 3.30648124e-02 -1.80477798e-02 -1.24435304e-02
3.18858624e-02 4.38407622e-02 -3.53269801e-02 -1.26787638e-02 2.75550336e-02 2.76477598e-02 2.65908539e-02 3.08549888e-02 -6.32881699e-03 -4.42354493e-02 8.05158541e-03 4.60414849e-02 3.81091796e-02 1.42176542e-03 -1.68859921e-02 2.90311091e-02 -3.32661308e-02 9.13599227e-03 5.85814612e-03 1.74245611e-02 3.87600414e-03 -2.49348097e-02 -2.41501369e-02 9.89490986e-01 3.06145120e-02 6.75288448e-03 -3.36544178e-02 8.74997582e-03 -2.31125785e-04 2.65840087e-02 2.00360008e-02 -2.37735044e-02
-1.66799631e-02 1.28534492e-02 -6.50510117e-02 -8.86820816e-03 -6.50762022e-02 3.73283844e-03 -5.41708199e-03 9.38902702e-03 -2.28473470e-02 -6.75345724e-03 -1.41157431e-03 -2.34158300e-02 -1.15329111e-02 -1.05487183e-02 8.67927261e-03 -2.67652255e-02 -1.85712762e-02 2.67001509e-04 -3.86832887e-03 -1.66251678e-02 -1.54794166e-02 4.74379733e-02 -4.94747795e-03 -3.09441444e-02 9.87643719e-01 6.43482357e-02 -3.57810706e-02 2.64334958e-02 2.15084646e-02 4.50533070e-02 -1.44590614e-02 1.88635197e-02
-2.37154751e-03 2.82415245e-02 4.52637747e-02 -1.86240822e-02 6.30128980e-02 2.62004063e-02 -7.83125591e-03 3.27917673e-02 -4.42674756e-02 2.32305396e-02 2.02796645e-02 6.82467304e-04 -2.24676933e-02 4.79209013e-02 -7.29483068e-02 -6.39395863e-02 -1.13817388e-02 2.48378757e-02 -1.87937319e-02 -1.58996135e-02 -2.51497421e-03 -4.77898261e-03 1.67436115e-02 -3.44143994e-03 -5.24242260e-02 9.79750156e-01 4.65714149e-02 -2.75171045e-02 -3.78974043e-02 -7.23084211e-02 4.32517342e-02 -9.54970717e-03
5.24441479e-03 -4.93431762e-02 3.12215462e-02 -1.73151027e-02 -2.80797319e-03 -4.60803462e-03 -4.16829716e-03 2.17328910e-02 1.55746355e-03 5.08466968e-03 -7.62023323e-04 2.16077343e-02 -1.81650207e-03 -2.67110392e-02 1.02658896e-02 -2.06600353e-02 1.80940162e-02 -7.35312607e-03 3.93811539e-02 1.58534665e-02 2.99455295e-03 2.82772593e-02 1.32374391e-02 3.43930870e-02 4.48689200e-02 -4.85806540e-02 9.88670409e-01 -8.34771991e-03 -1.07931038e-02 -2.04867274e-02 5.64516224e-02 -6.33564740e-02
-2.24278099e-03 -3.97933833e-02 -4.13165838e-02 1.60086751e-02 -7.31094554e-02 1.18555338e-03 -2.46048160e-02 -4.59191352e-02 -1.84713006e-02 1.33178546e-03 -3.65381986e-02 1.06645077e-02 -2.41901483e-02 4.79616458e-03 -7.48849660e-02 1.76218376e-02 -3.49921174e-02 -4.31695879e-02 4.93656732e-02 -2.09129285e-02 -3.22987847e-02 4.22362387e-02 -8.21454078e-02 -3.59232887e-03 -4.09378968e-02 3.69014889e-02 1.81512497e-02 9.77286100e-01 4.15852554e-02 1.94724202e-02 -5.12693189e-02 3.64250503e-02
-1.09813726e-02 -5.12553863e-02 5.19558368e-03 -3.77307311e-02 -4.17545289e-02 -1.64691042e-02 -2.58937646e-02 1.99581720e-02 5.85865555e-03 -8.74114688e-03 -8.97788256e-03 1.29284756e-02 -3.52009349e-02 -2.08046529e-02 -4.89122011e-02 -2.40158793e-02 2.59912619e-03 -1.69002675e-02 4.28235233e-02 -1.82840656e-02 -7.81753752e-03 2.08603330e-02 -2.11327653e-02 6.98032044e-03 -2.41480917e-02 3.16240601e-02 4.52947058e-03 -5.76631054e-02 9.88804996e-01 -3.75789590e-02 1.35086216e-02 2.85637449e-03
-4.69006710e-02 -3.64261791e-02 3.48808393e-02 1.29223512e-02 -4.88240942e-02 -1.07190525e-02 -4.33208086e-02 -4.07912321e-02 -1.12416754e-02 -1.62254106e-02 2.00841241e-02 9.40961670e-03 -7.98391458e-03 6.19895123e-02 -6.25563040e-02 3.32332365e-02 -5.63485473e-02 -8.45761225e-03 -2.15130113e-02 -4.50746566e-02 1.23160006e-02 -5.99873019e-03 -2.35610511e-02 -1.80965289e-02 -4.95268106e-02 6.57672212e-02 3.51103730e-02 -4.51325402e-02 2.52928864e-02 9.78919864e-01 -2.45315675e-02 5.34810089e-02
3.58719975e-02 3.00959777e-02 -2.53084418e-03 -8.44928902e-03 2.42404025e-02 -4.66175675e-02 8.34421441e-03 2.24135444e-03 1.11466730e-02 -2.55348571e-02 3.57093127e-03 5.03726862e-03 6.70572184e-03 -2.14625839e-02 3.87843139e-02 3.01220873e-03 -2.04359107e-02 -3.24292406e-02 -6.45007342e-02 1.20642520e-02 7.14329407e-02 7.58516043e-03 4.32558265e-03 -2.72048283e-02 1.23181157e-02 -3.20170671e-02 -5.43199368e-02 6.45962059e-02 2.21646842e-05 3.67213562e-02 9.85232413e-01 -5.97627880e-03
-9.83024575e-03 1.23726353e-02 2.02341527e-02 -1.35575486e-02 5.55554442e-02 1.78422239e-02 1.13258073e-02 6.06439542e-03 -8.98476690e-03 9.46245436e-03 -1.15501815e-02 -4.51572202e-02 -1.25365816e-02 2.01911796e-02 1.61777791e-02 1.12948213e-02 -1.13101965e-02 9.40504763e-03 -1.39197912e-02 -3.73727456e-03 9.64606367e-03 -2.28428412e-02 1.48384748e-02 2.78547760e-02 -7.52918096e-03 -5.48019586e-03 6.33460879e-02 -2.63854600e-02 -1.13926432e-03 -5.45857996e-02 1.23317502e-02 9.91123557e-01
