32
9.36912715e-01 6.41878694e-02 1.23323714e-02 -5.05483523e-02 2.61820033e-02 5.41103221e-02 4.37027514e-02 2.89907195e-02 -8.49120468e-02 -8.42573941e-02 7.42529482e-02 6.51549995e-02 -7.30622709e-02 9.51036587e-02 1.66186895e-02 -1.59682304e-01 -1.45350415e-02 6.17290810e-02 3.72887286e-03 -3.33103314e-02 -4.22712900e-02 7.49281645e-02 4.40961532e-02 -2.07111035e-02 -2.63835080e-02 4.78954762e-02 -7.33181760e-02 -1.14810113e-02 -6.22638948e-02 -7.35067800e-02 6.80293962e-02 -8.63296837e-02
-8.56372807e-03 9.71228182e-01 -1.15642566e-02 -6.17913604e-02 -6.22714534e-02 -3.17438953e-02 4.09691269e-03 1.34017132e-02 5.46917282e-02 3.96506786e-02 -6.29805550e-02 2.13708896e-02 3.15469168e-02 -7.18455762e-02 -6.81759119e-02 5.01774736e-02 -1.21355671e-02 -7.31877163e-02 3.18349758e-03 1.47857694e-02 4.90685105e-02 -2.92358957e-02 -4.52808551e-02 4.10848893e-02 4.01942059e-02 -1.31542338e-02 5.30862696e-02 -3.08262408e-02 -3.52172256e-02 3.97008173e-02 -3.44783068e-02 5.48087768e-02
-3.81426327e-02 4.75275479e-02 9.47602510e-01 8.89295787e-02 -5.10963099e-03 -5.63801974e-02 -1.24751283e-02 -4.73434292e-02 2.79137231e-02 -4.35187928e-02 -5.60562052e-02 -6.33130893e-02 -1.18248552e-01 4.02438864e-02 2.31405273e-02 -1.17605962e-01 8.39177296e-02 3.42258215e-02 -3.08185387e-02 -2.01924443e-02 2.52604168e-02 2.87116934e-02 3.94149758e-02 -4.15566042e-02 6.35854062e-03 -7.22227618e-02 -3.71520966e-02 1.02485538e-01 9.25306007e-02 -3.65533344e-02 1.25557501e-02 -5.93513735e-02
7.37802312e-02 5.37419990e-02 -1.01044424e-01 9.58480775e-01 -4.17805389e-02 -7.02330247e-02 -4.70076595e-03 1.10535681e-01 4.84963367e-03 4.10691537e-02 -7.62072951e-02 -4.79478352e-02 6.21389644e-03 -3.53477001e-02 5.48815392e-02 3.00379694e-02 2.20264886e-02 2.59500910e-02 -5.11613153e-02 -1.28843123e-02 -9.18115377e-02 2.30129324e-02 3.76322381e-02 4.51721735e-02 3.69714200e-03 -5.34517653e-02 2.36329492e-02 6.91469908e-02 9.74255893e-03 1.44860744e-02 3.89206670e-02 4.94696982e-02
-1.30007789e-02 5.55855669e-02 -2.80445442e-02 4.41308580e-02 9.69349623e-01 -6.38060179e-03 8.28546751e-03 -5.18821143e-02 1.79912783e-02 -6.38816655e-02 -3.41130979e-02 -2.28749886e-02 2.40420504e-03 9.65940580e-03 -2.91546509e-02 3.01913545e-02 -4.77881311e-03 -4.53927442e-02 -4.68930416e-02 -2.42708134e-03 9.09394771e-02 4.34647724e-02 -1.95211098e-02 -1.23152463e-02 1.09409489e-01 -3.22211310e-02 3.41783045e-03 8.91897380e-02 2.00166088e-02 4.75999862e-02 6.18063379e-03 -7.03940392e-02
-1.62974615e-02 2.11241376e-02 3.02329473e-02 5.44833951e-02 -1.65866986e-02 9.72621202e-01 -1.48182372e-02 2.70643514e-02 5.73682860e-02 -4.00776081e-02 -6.26890212e-02 -8.05174038e-02 1.71237141e-02 -1.55641409e-02 -1.54305268e-02 1.07055595e-02 3.16422470e-02 -6.29414544e-02 -2.17384398e-02 -9.37427953e-03 4.43710852e-03 1.78758483e-02 2.65694167e-02 5.01804762e-02 -1.68644823e-02 -3.44193280e-02 7.46131837e-02 4.14210558e-02 9.40922722e-02 4.23087478e-02 -5.15702814e-02 -2.90972684e-02
-5.32659926e-02 -9.01523512e-04 1.17260907e-02 2.39213500e-02 -6.51203096e-03 1.33939553e-02 9.93900239e-01 -4.01070807e-03 -1.11942110e-03 -5.35009953e-04 3.90315428e-02 -6.15463499e-03 -4.49513039e-03 3.36705893e-02 -3.70257907e-02 -2.02783849e-02 -1.50713827e-02 -1.34282345e-02 2.52464730e-02 -2.45037992e-02 1.01582594e-02 3.42314900e-03 6.05960004e-03 1.68164796e-03 -2.87307892e-03 1.34133259e-02 -4.88744024e-03 -2.92212274e-02 2.18893550e-02 -5.98333972e-05 -2.22354215e-02 6.22864673e-03
-1.19898848e-01 2.12363210e-02 7.12100836e-03 -7.31393099e-02 5.15699051e-02 7.85638485e-03 -2.90767639e-03 9.44999933e-01 -5.10905981e-02 -2.53765434e-02 4.00796756e-02 8.29047784e-02 -1.28273681e-01 5.90147488e-02 -3.36657581e-03 -1.36811852e-01 1.14473281e-02 2.21195891e-02 6.40514260e-03 4.42405231e-02 2.34931316e-02 4.74253334e-02 8.82981718e-03 -9.28683281e-02 -6.96257222e-03 -2.90144095e-03 -3.90475020e-02 2.14724503e-02 -5.25271706e-02 -7.44493827e-02 5.35075068e-02 -7.93071240e-02
4.80746180e-02 -2.07359828e-02 -5.38104475e-02 -4.61479388e-02 -2.58222371e-02 -5.21651134e-02 1.38728926e-02 4.41278853e-02 9.48237300e-01 -5.09469658e-02 -6.64603151e-03 -7.62604102e-02 5.78196682e-02 8.77488479e-02 4.81884554e-02 -2.03849487e-02 5.69944046e-02 1.11468337e-01 -7.63610005e-02 1.41435154e-02 -9.53387171e-02 5.20030186e-02 5.91212772e-02 -9.65374522e-03 2.40779370e-02 -2.48319167e-03 -8.33293572e-02 6.55542910e-02 -3.53886113e-02 6.32845536e-02 5.77994697e-02 -8.83413181e-02
1.03851579e-01 -4.21785749e-02 8.51100832e-02 -3.77082378e-02 7.63403177e-02 3.89238782e-02 8.60676169e-03 5.99049702e-02 4.78211753e-02 9.59794462e-01 4.11635488e-02 5.45514701e-03 8.57647434e-02 -6.83646575e-02 5.73567897e-02 5.61782122e-02 1.96079742e-02 -1.16686132e-02 -6.52199164e-02 -4.28785151e-03 3.87156568e-02 -1.89412280e-03 6.28421530e-02 -4.03530858e-02 -7.48261344e-03 8.53434801e-02 -3.34859244e-03 -4.05348986e-02 8.45804065e-03 4.73736152e-02 -1.18955933e-02 2.73669865e-02
-7.12212846e-02 5.92109598e-02 -3.16343573e-03 1.05164111e-01 -2.89463974e-03 4.15082499e-02 -5.14120050e-02 -7.27539510e-02 6.34387657e-02 -6.89949433e-04 9.46339965e-01 5.24518080e-02 -9.91400257e-02 -6.89434633e-03 -5.38843870e-02 -9.62921232e-02 1.26005581e-03 -7.36827850e-02 3.47526185e-02 -4.48842421e-02 1.02998883e-01 9.44862049e-03 -1.97938588e-02 -5.64887300e-02 5.89792356e-02 -9.42171887e-02 3.49013545e-02 4.12648320e-02 6.89417794e-02 -4.59483042e-02 -3.48134004e-02 3.26753757e-03
2.66467780e-02 -6.26351610e-02 8.19049180e-02 6.02827817e-02 -1.18757207e-02 3.55327278e-02 1.06679825e-02 -1.76822990e-02 1.23239487e-01 -3.80245037e-02 -7.90366158e-02 9.34285641e-01 7.86470026e-02 -8.77801627e-02 3.28299776e-02 1.18088894e-01 -3.57705653e-02 -9.59277451e-02 2.84099653e-02 2.64546368e-02 9.28887650e-02 -3.54926847e-02 -6.65584579e-02 -2.13840250e-02 8.77311751e-02 -3.09396032e-02 1.10128894e-01 -6.91636652e-03 9.61610079e-02 3.74439768e-02 -1.29858339e-02 -9.93328728e-03
-6.73663765e-02 4.85333279e-02 6.57574460e-02 1.22811282e-02 2.42409445e-02 1.75351799e-02 -6.00431440e-03 2.67043598e-02 -1.05048127e-01 -5.93849383e-02 9.83451381e-02 3.57281193e-02 9.06315982e-01 9.47581530e-02 5.75575531e-02 -2.15066120e-01 1.69680845e-02 7.89364353e-02 -6.81344839e-03 -5.57850115e-02 -8.46112818e-02 7.97826797e-02 7.59773478e-02 -2.15313081e-02 -8.11310336e-02 3.62080224e-02 -1.00755118e-01 3.73129956e-02 -5.92647642e-02 -1.27957523e-01 7.99322054e-02 -7.98346996e-02
-5.55394180e-02 3.57789136e-02 -5.20172007e-02 4.47438508e-02 -7.05985632e-03 6.71400409e-03 -4.18073535e-02 -6.14376068e-02 -1.19083719e-02 1.07338011e-01 -6.63333982e-02 7.45261386e-02 -5.31773157e-02 9.38719749e-01 -6.92084804e-02 -7.47048035e-02 8.48929510e-02 -1.10080831e-01 8.73389095e-02 -1.72324032e-02 3.47616225e-02 -5.30387312e-02 -5.49625866e-02 -1.34161832e-02 2.17307340e-02 -5.45707084e-02 8.52728710e-02 -1.26561094e-02 2.33575664e-02 -2.93275453e-02 -8.37381035e-02 1.24610573e-01
-6.94068968e-02 8.62044692e-02 -8.14329311e-02 -4.82458808e-02 1.24288665e-04 2.52640992e-02 3.21064033e-02 -6.03313446e-02 -4.97553349e-02 -2.00031255e-03 4.42910753e-03 1.14049669e-02 -1.12798639e-01 5.09253666e-02 9.49105918e-01 -7.78957456e-02 1.53883630e-02 5.92997624e-03 4.49735392e-03 -1.58300791e-02 9.57579315e-02 1.12793744e-02 9.13704839e-03 5.64300790e-02 3.79200839e-02 -6.91514090e-02 -6.28847107e-02 8.98485854e-02 2.56057084e-02 -1.05996415e-01 4.61468734e-02 -5.73814921e-02
2.31265780e-02 4.24087681e-02 8.41166079e-02 -2.22642068e-02 1.42257214e-02 2.71597151e-02 1.10323764e-02 6.98223338e-02 -5.66517487e-02 -5.94551414e-02 1.39610618e-01 -4.09939606e-03 3.06957029e-02 1.64172500e-01 4.21503857e-02 8.70346367e-01 6.06265105e-02 1.47399485e-01 -1.73689891e-02 -1.15512319e-01 -1.06305629e-01 5.47136776e-02 1.03778929e-01 -1.40614416e-02 -1.27205417e-01 3.25836539e-02 -1.63649932e-01 -2.84402035e-02 2.21230410e-04 -1.83311880e-01 1.30263507e-01 -1.04965821e-01
3.06676757e-02 -1.53849507e-02 -6.13174625e-02 -2.56042667e-02 -1.93417650e-02 -1.96147449e-02 2.18620654e-02 4.26045066e-04 -5.38082086e-02 -2.77530868e-02 7.99515471e-03 2.41266694e-02 2.05382351e-02 -8.67664665e-02 -2.17438992e-02 1.87123206e-03 9.62305546e-01 -2.13662926e-02 -1.92096047e-02 4.11298759e-02 1.13265537e-01 4.50495370e-02 -8.37646872e-02 5.93721867e-02 7.66018331e-02 6.40709773e-02 -3.53740789e-02 4.64867614e-02 -3.89261357e-02 7.75263235e-02 3.68894078e-02 6.48967251e-02
-7.62287155e-02 6.28777593e-02 -6.06997386e-02 1.36045124e-02 2.55824700e-02 7.28626624e-02 4.92832332e-04 -7.48663172e-02 -4.56736125e-02 6.75441846e-02 -1.58797856e-02 9.61389318e-02 -8.24666917e-02 1.64606348e-02 -7.06722513e-02 -1.00289680e-01 1.60508603e-02 9.34570432e-01 1.25278950e-01 -2.43496969e-02 1.16763175e-01 -1.03631690e-02 -9.82622281e-02 -4.88547459e-02 5.34376539e-02 -6.81179166e-02 7.40630180e-02 3.12106889e-02 1.33038778e-02 -6.59423396e-02 -4.74050492e-02 -7.17036892e-03
8.45938176e-02 -3.08221485e-02 6.18388206e-02 3.09892651e-02 3.62192728e-02 -2.29845345e-02 -1.62468795e-02 7.74518996e-02 8.39110464e-02 6.32358948e-04 -6.68333285e-03 -1.20944552e-01 1.07592553e-01 -6.99826032e-02 7.12280571e-02 1.02147169e-01 3.11669265e-03 -6.76828101e-02 9.35629845e-01 7.45592564e-02 3.50267366e-02 -5.51058585e-03 -2.16125716e-02 -3.48057365e-03 3.53965499e-02 4.67437655e-02 8.22351277e-02 -1.93774849e-02 1.00891486e-01 1.11569457e-01 -5.08809760e-02 4.72280718e-02
1.43355746e-02 2.90237041e-03 3.43644433e-02 2.70166937e-02 -1.53836934e-02 2.63727084e-02 2.21708119e-02 -4.34434898e-02 -4.07511182e-02 -1.38317021e-02 7.01706558e-02 -1.65748540e-02 3.90801914e-02 7.08213225e-02 1.51308468e-02 8.16068649e-02 -6.01039641e-02 5.51112220e-02 -7.51138031e-02 9.68202174e-01 5.54466397e-02 7.40540847e-02 2.96790693e-02 2.50055152e-03 4.46733087e-02 7.44129792e-02 -5.64235896e-02 2.54149158e-02 -4.70602028e-02 1.64231602e-02 3.26436982e-02 -4.09783842e-03
9.44034085e-02 -6.46960437e-02 6.04834640e-04 4.25379463e-02 -1.04796767e-01 -5.03029078e-02 -4.64328239e-03 7.00720847e-02 5.25211468e-02 -6.96093068e-02 -4.72614765e-02 -1.34335622e-01 1.38200253e-01 3.15418467e-02 -3.35878134e-02 1.20080575e-01 -1.19932480e-01 -1.80451535e-02 -1.06583633e-01 -8.81239101e-02 9.13552880e-01 5.42972945e-02 4.45907190e-02 7.82849863e-02 -5.35239652e-02 6.25687838e-02 6.02839068e-02 7.20743984e-02 2.78492868e-02 8.40789303e-02 2.02731718e-03 1.36314798e-02
-7.46465176e-02 1.10562351e-02 -3.33931036e-02 -2.07652617e-02 -4.76105027e-02 -8.89300834e-03 -8.36724229e-03 -6.63497597e-02 -2.30860002e-02 4.77480739e-02 -4.45498079e-02 4.39720340e-02 -7.55614266e-02 4.70348541e-03 -3.83219421e-02 -1.79113522e-02 -4.71478626e-02 -4.00828533e-02 4.86625470e-02 -5.84500544e-02 -2.88021341e-02 9.74725783e-01 -4.64844257e-02 3.98941385e-03 4.03163731e-02 -4.88131009e-02 3.43593806e-02 1.69983450e-02 -3.61745730e-02 -1.81904845e-02 9.21402499e-03 4.21419591e-02
-8.24401900e-02 4.72979173e-02 -8.05788338e-02 -2.33449731e-02 1.09756412e-02 -9.47559252e-03 -1.15592666e-02 -7.00690523e-02 -3.92162763e-02 -4.89691878e-03 -3.37908790e-02 1.11946404e-01 -1.14842214e-01 -3.17071425e-03 -7.98615068e-02 -1.03875645e-01 7.06526935e-02 1.83137357e-02 1.01388440e-01 -3.06243915e-03 3.94875146e-02 6.48219371e-03 9.52337563e-01 3.29626016e-02 1.06620714e-02 -3.30945291e-02 -3.62386666e-02 5.44487536e-02 -6.38543337e-04 -3.63715142e-02 3.05425618e-02 8.87156464e-03
-1.74141172e-02 -3.27491015e-02 6.09848499e-02 -2.89989710e-02 3.33050825e-02 -1.29687525e-02 -6.62856549e-03 6.01785816e-02 4.32822481e-03 4.83264178e-02 6.76309615e-02 5.60288727e-02 -2.11796090e-02 2.95484066e-02 -6.19204417e-02 -3.71250845e-02 -5.69444150e-02 4.55512963e-02 4.24412601e-02 -8.53251666e-03 -4.76131365e-02 -1.34434076e-02 -4.61849235e-02 9.68861938e-01 3.56340334e-02 -1.46632399e-02 -9.12054032e-02 -2.30472349e-02 -7.02011883e-02 -2.70500220e-02 7.65396804e-02 -1.41856540e-02
5.49228601e-02 -4.77870479e-02 2.91737784e-02 -3.64746675e-02 -1.03430495e-01 4.75249207e-03 8.51056632e-03 6.30038306e-02 -5.45142777e-02 -2.00520400e-02 -4.32619639e-03 -1.02655232e-01 1.07453980e-01 2.37271357e-02 4.80455020e-03 1.19497687e-01 -7.31129274e-02 1.10764718e-02 -7.29915351e-02 -7.33940750e-02 -5.06111719e-02 -2.66772993e-02 5.53465337e-02 -1.96479373e-02 9.50184524e-01 3.56606804e-02 5.25604673e-02 6.92790449e-02 -2.26090197e-02 5.00658574e-03 -1.63068827e-02 4.49610353e-02
-1.08331367e-01 4.98564430e-02 2.20604055e-02 8.58378410e-02 2.49130316e-02 4.26449813e-02 -2.81209201e-02 -5.71176521e-02 2.20749378e-02 -4.57110479e-02 3.45277190e-02 5.85164018e-02 -1.15779035e-01 4.23261039e-02 1.70252714e-02 -9.34927240e-02 -3.72380689e-02 2.13472471e-02 1.79341380e-02 -7.40689263e-02 -8.67421925e-03 2.52292249e-02 -1.21687045e-02 -5.15902136e-03 1.23754153e-02 9.56609607e-01 -3.71817946e-02 -4.05559596e-03 3.53123285e-02 -9.89943519e-02 4.47727814e-02 -4.20593731e-02
5.51879816e-02 -2.73499954e-02 6.48097917e-02 -5.32316640e-02 2.96782125e-02 -7.53187463e-02 1.61096305e-02 6.62116632e-02 9.47802328e-03 -5.24327606e-02 6.84470013e-02 -7.85820782e-02 6.76982552e-02 1.46338847e-02 1.15670547e-01 7.62842745e-02 5.39684854e-02 5.24274260e-02 -1.20807350e-01 2.75053177e-02 -1.25370175e-01 2.33961418e-02 1.07259378e-01 9.11949724e-02 -9.59977731e-02 7.56919682e-02 9.22144234e-01 -8.49255845e-02 -4.96965498e-02 5.43828756e-02 3.58911157e-02 -6.29184619e-02
2.97484305e-02 2.92093423e-03 -5.40676378e-02 -8.82268250e-02 -5.80723621e-02 -3.01769376e-02 3.10650263e-02 6.68307359e-04 -4.99381013e-02 5.18347062e-02 -6.13322714e-03 2.45765075e-02 -6.05887175e-03 -6.90248236e-03 -6.64411485e-02 5.88537604e-02 -4.99570258e-02 -2.80114077e-02 2.61939578e-02 -9.80202761e-03 -9.89550576e-02 -3.98447663e-02 -5.21900877e-02 2.19190549e-02 -1.00887634e-01 3.75650041e-02 8.26067254e-02 9.62172329e-01 -3.96882892e-02 1.68878604e-02 -1.61187686e-02 6.64071366e-02
5.57157770e-02 3.44156213e-02 -9.58686471e-02 -6.54613301e-02 -2.56897230e-02 -1.01325542e-01 -8.56516417e-03 6.79897740e-02 -3.52260023e-02 -6.64434535e-03 -1.59699842e-02 -5.75890057e-02 5.46076521e-02 1.96394175e-02 -2.11497005e-02 -1.84099842e-02 2.21349690e-02 4.18957174e-02 -1.11249767e-01 3.95685434e-02 -8.19862932e-02 5.37636764e-02 1.65520571e-02 7.50677437e-02 -3.01144784e-03 2.87828175e-03 -1.24965990e-02 2.37151105e-02 9.57068861e-01 7.73553625e-02 2.89338417e-02 -4.85281423e-02
-2.26415154e-02 2.01032627e-02 4.61051352e-02 -1.02948826e-02 -2.42518373e-02 9.65988636e-03 -1.16279465e-03 2.80110613e-02 -1.26595005e-01 -4.86487262e-02 1.03048176e-01 4.58941571e-02 8.99141096e-03 1.16768852e-01 9.32181552e-02 2.76684351e-02 -6.04071133e-02 1.16176918e-01 -4.64694723e-02 -7.41249025e-02 -8.94233137e-02 3.02208681e-02 4.90157381e-02 -1.91916190e-02 -3.37532610e-02 6.35747612e-02 -1.26510620e-01 -1.05881430e-02 -9.61997211e-02 9.22603607e-01 1.38488829e-01 -6.07039891e-02
-6.03486709e-02 1.64716467e-02 -3.13950367e-02 -9.54283495e-03 -1.68109741e-02 5.56832626e-02 1.14544211e-02 -8.40298161e-02 -6.79078512e-04 5.91159053e-02 -3.55528332e-02 -3.75638413e-03 -6.34925365e-02 7.35818502e-03 -8.77478942e-02 -7.87496716e-02 -3.10836639e-02 -4.71958816e-02 8.60035345e-02 -1.68899517e-03 6.01661429e-02 -5.55193461e-02 -7.87641779e-02 -7.95554519e-02 4.93781045e-02 -7.44044036e-02 7.02490062e-02 8.63659289e-03 1.98206306e-02 -8.45977217e-02 9.53973591e-01 3.53186466e-02
6.38981238e-02 -2.83827316e-02 8.67757276e-02 -5.49363345e-02 9.69900265e-02 3.25325355e-02 2.24477891e-03 9.21493620e-02 5.84230833e-02 -9.34877917e-02 5.41217364e-02 7.29279919e-03 5.31009249e-02 -4.26884443e-02 1.01298511e-01 3.50522138e-02 -4.91161197e-02 8.69622976e-02 -8.47477615e-02 -1.41096022e-02 -5.14404029e-02 8.30444973e-03 4.84922454e-02 5.10557462e-03 -7.07678720e-02 5.11539802e-02 -2.71188729e-02 -5.32284006e-02 3.41480412e-02 1.02487542e-02 3.24080698e-02 9.47824001e-01
9.89538491e-01 1.97396986e-03 1.58276875e-03 1.36612542e-02 -2.48471405e-02 3.07632592e-02 -2.77129635e-02 -3.88896763e-02 1.27992528e-02 -2.51273643e-02 -2.45695524e-02 1.26608824e-02 -7.31266988e-03 -2.26580515e-03 -5.92052862e-02 1.89541243e-02 -1.14287082e-02 -1.21778008e-02 2.45061014e-02 3.51365209e-02 5.88043500e-03 -4.39398810e-02 -3.10087074e-02 -4.21707258e-02 2.32303906e-02 -3.45103852e-02 2.25003646e-03 6.73243962e-03 2.07502060e-02 4.29337993e-02 -1.98146999e-02 5.23625128e-03
-1.93127822e-02 9.79595184e-01 3.89139657e-03 6.00806773e-02 -4.09627073e-02 1.13130789e-02 -1.44486949e-02 -5.88946640e-02 5.17012887e-02 -3.00960932e-02 -4.84179743e-02 3.23868915e-02 -6.41586818e-03 -3.53632420e-02 -4.62754667e-02 5.49583845e-02 8.27474752e-04 -6.13780878e-02 2.28282977e-02 -5.71589954e-02 -9.31922253e-03 -6.39629811e-02 4.07445303e-04 -2.44185105e-02 -1.42931147e-02 -3.25995497e-02 4.59074304e-02 2.59846775e-03 3.43485884e-02 4.36217757e-03 -2.30698865e-02 6.59636734e-03
2.86791148e-03 1.69324074e-02 9.69117522e-01 -1.53459245e-02 4.19808626e-02 -2.55554616e-02 -1.51048722e-02 2.62279753e-02 1.10239023e-02 3.26923765e-02 -1.23862866e-02 -1.80957224e-02 -4.72925939e-02 -1.50356898e-02 3.70409824e-02 -4.14267480e-02 -3.21270190e-02 -1.42906597e-02 -1.00518271e-01 6.76276162e-02 1.07711807e-01 6.13037609e-02 -9.00514517e-03 1.10754818e-02 7.38056153e-02 -6.43514693e-02 -4.83601354e-02 5.98517209e-02 -5.49614662e-03 -6.17230777e-03 1.84158850e-02 -4.82998006e-02
-1.96553748e-02 -7.71514252e-02 3.72957215e-02 9.84732568e-01 -6.07300140e-02 2.16432977e-02 1.35716544e-02 -2.51667146e-02 5.37459329e-02 -1.19376928e-02 -3.03315818e-02 9.60394181e-03 -4.25012149e-02 -4.35891282e-03 -3.07594091e-02 1.69335436e-02 9.19486210e-03 1.43154673e-02 3.26394290e-02 -1.62294321e-02 -2.78589334e-02 -5.98183796e-02 1.48818037e-02 2.39713937e-02 -3.88976745e-03 1.60012804e-02 5.38767688e-03 -4.36054505e-02 1.29145589e-02 -2.72700489e-02 1.18279187e-02 2.18203701e-02
7.50583364e-03 2.22287178e-02 -6.56880513e-02 6.81782514e-02 9.73659098e-01 3.66596840e-02 -1.31167620e-02 -7.15808421e-02 4.02501076e-02 4.14969679e-03 -5.66403717e-02 -2.93865222e-02 -3.20820138e-02 -4.05334681e-02 -2.73015033e-02 2.13595144e-02 -1.28715206e-02 -4.82147150e-02 -1.31354285e-02 1.05290636e-02 3.97447869e-02 5.13479747e-02 -4.60842475e-02 -2.78524589e-02 5.67283258e-02 -6.29153177e-02 5.37125976e-04 5.75096011e-02 4.07547317e-02 4.64192517e-02 4.08496380e-05 -4.54137027e-02
-3.12656946e-02 -1.38070229e-02 2.44175158e-02 -2.54675504e-02 -3.46341841e-02 9.86953378e-01 2.40704045e-02 4.00923565e-02 1.50904506e-02 -4.47226577e-02 4.38095443e-02 -4.36515845e-02 1.17715318e-02 -3.52206128e-03 -4.70376620e-03 4.19751648e-03 -2.28921939e-02 1.38541041e-02 -2.19156640e-03 -4.15202007e-02 6.56041596e-03 -3.28835621e-02 3.02405842e-03 -3.68320569e-02 1.20140323e-02 -5.92658222e-02 8.88903625e-03 1.77325793e-02 1.24581177e-02 -1.36188017e-02 5.99031113e-02 -3.10848802e-02
3.06325294e-02 1.45994537e-02 8.89787544e-03 -4.59984923e-03 8.15990474e-03 -3.01659517e-02 9.92739260e-01 1.75268874e-02 1.31274471e-02 -2.01912709e-02 8.61675944e-03 4.97790286e-03 1.23717776e-02 -3.87145486e-03 2.65173186e-02 -1.73078794e-02 -2.89723626e-03 -9.06018598e-04 -1.69724468e-02 -5.63943349e-02 3.43373884e-03 3.25750932e-02 1.21927755e-02 -3.39755788e-02 1.26392851e-02 -1.81401763e-02 1.12192640e-02 3.68462019e-02 2.96350345e-02 3.46747078e-02 1.65036821e-03 -1.32034896e-02
4.14466485e-02 6.08740784e-02 -5.80915101e-02 4.80142944e-02 4.27364185e-02 -3.12703103e-02 -2.98520904e-02 9.76380229e-01 -1.89777575e-02 3.29895802e-02 -4.80345860e-02 -1.27361948e-02 -5.09634577e-02 -5.48920780e-02 3.07795051e-02 -1.03353858e-02 -6.29877485e-03 -9.88604221e-03 -6.29697442e-02 -2.82956194e-02 5.44498973e-02 7.10019544e-02 1.85500123e-02 -1.79205276e-02 -2.12880084e-03 -3.92622389e-02 -7.61600351e-03 5.37923053e-02 -1.80732121e-03 5.54066077e-02 -3.96322366e-03 -1.17910802e-02
-7.42924633e-03 -4.46970426e-02 -1.58634223e-02 -5.43205813e-02 -3.52481008e-02 -1.45515269e-02 -1.60071403e-02 1.83548611e-02 9.92358565e-01 1.69734471e-03 -5.41168777e-03 1.98576692e-02 -1.70596846e-04 -6.16044365e-03 2.02365033e-03 -3.95324379e-02 -1.08625889e-02 -7.34207267e-03 -1.64620616e-02 -2.61164848e-02 1.98132414e-02 3.99523117e-02 -1.58088317e-03 -2.70530162e-03 1.05194293e-03 4.31930535e-02 -7.46386359e-03 1.49027221e-02 -2.26129256e-02 6.64613722e-03 1.63617451e-03 8.03181436e-03
2.52004974e-02 3.04032732e-02 -2.64980681e-02 9.16851964e-03 -7.99209438e-03 4.47526351e-02 2.47990750e-02 -3.08123454e-02 6.92410441e-03 9.89996850e-01 -1.40643343e-02 -8.03318918e-02 4.88698995e-03 2.12172940e-02 2.30369139e-02 1.46418232e-02 2.01045582e-03 8.03959649e-03 3.20691545e-03 1.13935377e-02 -3.75693142e-02 -3.14719416e-02 7.27548078e-03 4.96872850e-02 -9.24459938e-03 -1.09244483e-02 -6.98180927e-04 -1.90957244e-02 4.78335144e-03 9.59768612e-03 1.25107691e-02 -6.11255970e-03
3.19789462e-02 5.49874566e-02 -2.43531968e-02 4.89424728e-02 3.57991979e-02 -4.02612351e-02 -2.02445257e-02 9.25063249e-03 5.67176472e-03 1.76107120e-02 9.77877080e-01 -2.12335680e-02 -5.44249304e-02 -5.77106327e-02 3.80129889e-02 -3.99648100e-02 3.19514796e-02 1.52148679e-03 -6.18265085e-02 -5.20541100e-03 7.56847486e-02 5.94735369e-02 4.24006619e-02 9.79305059e-03 1.92333031e-02 -4.08020988e-02 -4.39792965e-03 6.60050437e-02 2.60834452e-02 -2.30061798e-03 1.19414076e-03 -8.14338773e-03
-1.35924341e-02 -2.58285198e-02 1.08267795e-02 -8.45817290e-03 3.10688261e-02 4.32399362e-02 -6.21710788e-04 1.31094698e-02 -1.96388029e-02 8.45460594e-02 2.26160679e-02 9.88109350e-01 5.28434943e-03 1.04634510e-02 -4.98852469e-02 2.79022288e-02 -1.31791988e-02 3.72347720e-02 -2.51998864e-02 -2.06542178e-03 3.49118821e-02 6.89643109e-03 4.14821459e-03 -3.11931483e-02 2.80887745e-02 -2.18183156e-02 -1.83368046e-02 -8.21680576e-03 -1.54106189e-02 -1.59353334e-02 3.51769850e-03 3.89092974e-02
8.89164209e-03 1.05927875e-02 2.90928371e-02 5.18522821e-02 2.71419100e-02 -1.50150117e-02 -1.86274219e-02 3.96310128e-02 9.55643889e-04 2.11147428e-03 3.50456648e-02 -1.11132506e-02 9.89555001e-01 3.29679181e-03 -2.56126933e-02 -2.68564615e-02 1.65052060e-02 2.98651448e-03 -3.74336988e-02 -3.34791699e-03 7.61365220e-02 9.85101890e-03 2.03544833e-02 -1.58448110e-03 2.90493872e-02 -6.89979317e-03 1.71122968e-03 4.29046936e-02 2.59975921e-02 -1.14132208e-03 1.83320197e-03 3.06641194e-03
7.37043144e-03 4.07993793e-02 -1.46203898e-02 1.71263162e-02 3.11109647e-02 -6.30186778e-03 -2.84372666e-03 3.89522798e-02 1.17637739e-02 -1.97911933e-02 3.21319439e-02 -1.18705342e-02 -1.89538188e-02 9.82396662e-01 5.51386923e-02 1.65485721e-02 2.87781768e-02 2.13554525e-03 -4.38099653e-02 6.39465032e-03 9.84946638e-02 -1.68762356e-03 2.94856392e-02 -6.82066614e-03 3.75278369e-02 -6.83526322e-02 8.75572115e-03 1.14544909e-02 1.82440616e-02 -4.27706018e-02 1.37152988e-02 -5.20488210e-02
4.78686616e-02 3.75979729e-02 -2.13719402e-02 3.65060680e-02 1.44634759e-02 2.32121181e-02 -3.00223026e-02 -3.62468623e-02 -1.95609732e-03 -2.31350232e-02 -3.25870551e-02 6.36229068e-02 3.13522704e-02 -3.25879045e-02 9.71527278e-01 -1.77941024e-02 -1.98519174e-02 -1.18517205e-02 2.99056340e-02 2.16431860e-02 -7.56230056e-02 4.62182006e-03 -6.49373382e-02 5.89038525e-03 -1.72962695e-02 1.01944014e-01 -6.99985540e-03 5.80167584e-02 6.31901175e-02 9.14800912e-02 -3.55850458e-02 -6.55977195e-03
-1.43512562e-02 -4.88757230e-02 3.03117223e-02 -1.79857854e-02 -1.90513767e-02 -8.82865489e-03 1.73040535e-02 1.76587086e-02 3.31087224e-02 -8.79523251e-03 3.83763835e-02 -2.80595198e-02 2.06622574e-02 -2.43185423e-02 2.58340891e-02 9.86862719e-01 2.60331053e-02 -4.28687297e-02 -4.58990484e-02 4.25913222e-02 4.76800241e-02 1.56132719e-02 -1.18525578e-02 -3.23139168e-02 2.54119784e-02 5.87322004e-02 -1.65555824e-03 -8.01517349e-03 1.47232963e-02 -3.37546170e-02 7.41149345e-03 -1.95541456e-02
8.32737703e-03 6.94073651e-06 3.19286846e-02 -1.19647151e-02 1.14310142e-02 2.76170056e-02 3.19940504e-03 5.96214924e-03 9.15533490e-03 -3.07415822e-03 -3.09720691e-02 1.62782781e-02 -1.51081318e-02 -2.15363614e-02 7.79404258e-03 -2.38327011e-02 9.93228316e-01 -1.60374660e-02 2.52426211e-02 1.61624663e-02 -9.59220063e-03 -7.86026381e-03 -6.60481397e-03 3.38137373e-02 2.38151569e-02 2.10286845e-02 -7.42470799e-03 1.72049887e-02 -1.01513164e-02 6.22989610e-02 1.93279330e-02 2.17609331e-02
7.29956757e-03 6.02435209e-02 8.02416448e-03 -5.75167080e-03 3.89246829e-02 -1.38192112e-02 -2.10736180e-03 1.27095706e-03 1.45898815e-02 -1.10624563e-02 -9.40875709e-03 -3.52993421e-02 -6.62244018e-03 -8.81571602e-03 4.91924491e-03 4.29585241e-02 1.47120515e-02 9.92482126e-01 -1.74258859e-03 3.28923911e-02 1.20295510e-02 -9.26731247e-03 -2.68157125e-02 -2.02794969e-02 -3.32510157e-04 -4.66785580e-03 1.65820662e-02 3.76175605e-02 2.72253845e-02 2.58980691e-02 -5.27122850e-03 3.47607210e-03
-1.86272319e-02 -1.13073951e-02 9.83053520e-02 -3.28444578e-02 3.81831490e-02 -1.21688358e-02 1.64540783e-02 7.94742182e-02 1.73534695e-02 4.01134929e-03 7.24490285e-02 1.34000406e-02 3.04762609e-02 3.67774516e-02 -8.04662053e-03 3.80827934e-02 -2.49759126e-02 2.96182442e-03 9.80100334e-01 2.51337723e-03 2.24782489e-02 -3.26780155e-02 3.48785296e-02 -2.12841295e-02 9.46847908e-03 -1.37742469e-02 -3.73544358e-02 -2.18166355e-02 -5.00016920e-02 -2.12779222e-03 4.37313095e-02 1.04326499e-03
-4.31822650e-02 5.08971959e-02 -6.59734383e-02 1.93940047e-02 -2.17361748e-02 3.89856100e-02 5.63784689e-02 2.76378822e-02 2.62073968e-02 -1.35535663e-02 8.73289909e-03 4.65680193e-03 3.59777827e-03 -3.32265720e-03 -3.33221667e-02 -4.12497036e-02 -1.95493829e-02 -3.51049043e-02 3.12267127e-03 9.86108780e-01 9.42835305e-03 -3.50668766e-02 -3.96007150e-02 -2.28445288e-02 6.85083773e-03 1.40384138e-02 -3.32116522e-03 4.24531708e-03 6.07885839e-03 5.56393415e-02 -1.32744368e-02 7.15675158e-03
-3.24987434e-03 5.35910251e-03 -1.06568910e-01 2.69309357e-02 -6.01657890e-02 1.46555714e-02 -8.29821947e-05 -7.64634088e-02 -2.81598754e-02 3.15736048e-02 -8.80457535e-02 -2.46335138e-02 -6.27822503e-02 -8.55998993e-02 5.75355627e-02 -4.32808362e-02 6.65023597e-03 -7.43556675e-03 1.91405248e-02 -1.46228168e-02 9.67819035e-01 7.58414716e-02 -1.33258626e-02 1.27307139e-02 -1.16277058e-02 6.47768229e-02 -3.18537423e-06 -1.42785115e-02 -3.15342052e-03 4.90557635e-03 -5.48480749e-02 2.39288099e-02
3.64749730e-02 5.58936074e-02 -3.17130312e-02 5.12273014e-02 -5.13644814e-02 4.79262397e-02 -2.04782039e-02 -6.32481351e-02 -3.04709822e-02 1.48325050e-02 -4.29454483e-02 -5.86383103e-04 6.98949769e-03 2.41480414e-02 -2.51787845e-02 2.55595194e-03 5.69660822e-03 1.21424841e-02 5.11522777e-02 3.23461257e-02 -9.59780440e-02 9.76312876e-01 -1.16911680e-02 3.55816558e-02 -6.31986633e-02 1.52716516e-02 -1.88364033e-02 -6.87231719e-02 7.86329340e-03 8.66856612e-03 6.99778553e-03 3.40569392e-02
2.95790210e-02 4.29732352e-03 -8.07524193e-03 -8.18382762e-03 3.20570804e-02 5.99023560e-03 -1.50106708e-02 -3.55877466e-02 9.81643214e-04 -1.04035316e-02 -5.67842200e-02 1.04172586e-03 -2.09618993e-02 -3.12573723e-02 4.78663258e-02 1.31693920e-02 -2.19213800e-03 1.85499154e-02 -2.39873547e-02 4.38386686e-02 1.11200428e-03 1.35980789e-02 9.87330198e-01 2.82676071e-02 1.58449374e-02 2.13203225e-02 -3.17390449e-02 8.33793655e-02 1.27676753e-02 4.05123867e-02 5.24685485e-03 -7.38912541e-03
3.56273167e-02 2.62861587e-02 -1.65214408e-02 -2.15189196e-02 2.26326380e-02 3.06285582e-02 3.33728082e-02 2.07675621e-02 6.69633877e-03 -5.22166789e-02 -4.10017697e-03 3.19264941e-02 4.07813815e-03 2.61277379e-03 -1.28087588e-02 3.61529700e-02 -3.78064848e-02 1.59521680e-02 1.39591033e-02 1.61081608e-02 5.94672922e-04 -3.40642110e-02 -3.44268791e-02 9.88672793e-01 3.75974327e-02 -1.55907637e-02 -4.86793146e-02 1.57800801e-02 -6.73796190e-03 1.51508609e-02 3.52338478e-02 -3.54529582e-02
-2.55559850e-02 1.28355836e-02 -7.23872781e-02 5.58253750e-03 -7.01704472e-02 -7.84847792e-03 -1.53182596e-02 -8.41506105e-03 -9.20931716e-03 9.61880852e-03 -2.30586790e-02 -2.36399733e-02 -2.44135354e-02 -2.70737838e-02 2.20384798e-03 -2.43423656e-02 -2.38133166e-02 1.25398056e-03 1.05240513e-02 -1.71986669e-02 -1.84605438e-02 5.40654026e-02 -1.93403270e-02 -3.21829431e-02 9.86460447e-01 4.62059490e-02 -2.23747771e-02 9.32489615e-03 4.43300307e-02 3.48046161e-02 -1.15316501e-02 2.53039934e-02
3.94312441e-02 4.44327332e-02 6.89190105e-02 -1.14358813e-02 8.17238465e-02 5.11167534e-02 1.99384689e-02 5.21595813e-02 -3.66849937e-02 1.02719255e-02 4.98380959e-02 1.23154391e-02 5.28958743e-04 6.72052056e-02 -9.37115178e-02 -5.19861840e-02 -1.97199751e-02 6.88065030e-03 -7.05366908e-03 -1.26113268e-02 -3.03675234e-02 -1.69174206e-02 -6.66546263e-03 8.30205623e-03 -2.51011010e-02 9.71623063e-01 4.47878391e-02 -2.00371612e-02 -2.82663498e-02 -5.26184142e-02 6.90062940e-02 -4.13205698e-02
2.15260196e-03 -4.32947166e-02 3.73767763e-02 -9.23372060e-03 -1.22001581e-03 -1.47024784e-02 -1.18086748e-02 1.03749847e-02 7.05275545e-03 3.51916184e-03 -3.67866858e-04 2.06125043e-02 -3.75100481e-03 -1.82592291e-02 1.89383216e-02 -2.09060172e-03 6.26435271e-03 -1.17156701e-02 3.14668082e-02 1.59221813e-02 8.07058532e-03 2.79212594e-02 3.05244308e-02 4.72548679e-02 3.15807909e-02 -4.84266095e-02 9.89326954e-01 1.94230548e-03 8.39798991e-03 -3.66996303e-02 4.26750891e-02 -6.47664368e-02
-2.20348127e-02 -2.25688666e-02 -3.95369679e-02 3.36516164e-02 -7.42264390e-02 -1.84087956e-03 -3.02627534e-02 -5.33675030e-02 -1.91845708e-02 2.17806101e-02 -5.36000244e-02 9.02419351e-03 -3.39444727e-02 1.51692796e-02 -8.18636492e-02 1.64133310e-02 -1.78402718e-02 -3.56798321e-02 4.82817516e-02 -1.36981066e-02 -1.56515129e-02 4.51881662e-02 -7.98040256e-02 -5.41148242e-03 -3.31404619e-02 3.85041088e-02 1.21185500e-02 9.72559869e-01 4.56543751e-02 3.54557708e-02 -7.43050203e-02 6.80068880e-02
-2.17652693e-02 -3.95939872e-02 1.82541888e-02 -2.83213146e-02 -2.97469087e-02 -1.40027916e-02 -2.22196635e-02 1.71361398e-02 1.74650569e-02 1.20494005e-04 -1.32346796e-02 1.62663311e-02 -2.10030675e-02 -8.67560506e-03 -5.79995811e-02 -1.71745215e-02 9.95748397e-03 -1.95310004e-02 4.61853221e-02 -4.16884525e-03 4.84526763e-03 -1.33080035e-02 -2.03034421e-03 1.02708703e-02 -4.46961112e-02 2.26646494e-02 -1.32194981e-02 -5.48289530e-02 9.89702940e-01 -3.26907858e-02 2.83239763e-02 -4.21615690e-03
-4.96332161e-02 -2.05688365e-02 3.01660318e-02 1.29321348e-02 -4.00128514e-02 8.07212573e-03 -2.89375857e-02 -3.75201628e-02 -8.02854821e-03 -6.62713917e-03 2.49051731e-02 1.01829451e-02 4.06702980e-03 5.76329194e-02 -8.99423659e-02 3.53444368e-02 -5.68021759e-02 -1.94616430e-02 -3.58615397e-03 -5.80042228e-02 5.51679451e-03 -1.81025490e-02 -2.27185898e-02 -1.00928079e-02 -3.68913598e-02 3.99424396e-02 4.34402004e-02 -5.67773432e-02 1.91380102e-02 9.79696631e-01 4.01300713e-02 2.84169503e-02
1.91130713e-02 2.51218248e-02 -4.40615788e-02 1.14254304e-03 -1.52318114e-02 -6.21264055e-02 -8.11666064e-03 -1.76734552e-02 -4.11579851e-03 -7.80701498e-03 -2.22080499e-02 -1.41106197e-03 -7.33437529e-03 -2.72066873e-02 3.98827530e-02 -8.18802603e-03 -1.48558225e-02 -2.36106294e-04 -3.70922908e-02 1.37125719e-02 4.76240106e-02 4.63759480e-03 -1.66303571e-02 -3.84491496e-02 6.51885523e-03 -5.31974994e-02 -4.22695912e-02 7.94315562e-02 -1.88599993e-02 -2.45789234e-02 9.85780299e-01 6.79067988e-03
2.74695898e-03 -2.44859548e-04 5.47921546e-02 -2.54190192e-02 6.41383678e-02 2.80341879e-02 1.71199571e-02 2.57057231e-02 -2.39885482e-03 -1.21584954e-03 1.74497236e-02 -4.15956676e-02 -2.77180504e-03 4.86847907e-02 1.92089807e-02 1.64057780e-02 -2.07310561e-02 -4.61896975e-03 -1.46371052e-02 -4.15634480e-04 -6.80058729e-03 -3.15975957e-02 1.46775767e-02 3.69367711e-02 -9.74987447e-03 1.97378956e-02 6.30557165e-02 -5.42362481e-02 3.06629599e-03 -3.63972224e-02 8.65282211e-03 9.86575902e-01
