32
5.61494887e-01 1.63601473e-01 8.59281421e-02 8.88926163e-02 4.48844098e-02 1.03821397e-01 9.51486379e-02 -3.22808437e-02 -9.73730311e-02 -1.74040645e-01 2.90314347e-01 1.62417248e-01 -3.11172158e-01 1.93898723e-01 5.19248545e-02 -2.68570065e-01 1.08556345e-01 1.17469188e-02 -3.18495817e-02 8.23196620e-02 -7.57008046e-02 -4.11428325e-02 7.64601678e-02 -3.51924807e-01 -2.95554809e-02 1.65806055e-01 -5.53927086e-02 -6.17057383e-02 2.39517838e-02 -1.22980945e-01 2.06768200e-01 -9.78424698e-02
-7.99710527e-02 8.46665144e-01 7.61520639e-02 9.53899994e-02 -3.81226502e-02 -1.51556164e-01 -3.76192736e-03 -3.64567153e-02 6.00694977e-02 -4.43430431e-02 -2.69389212e-01 -2.21063141e-02 7.02471882e-02 -7.07777068e-02 -1.35023579e-01 1.70465019e-02 -3.59577872e-02 -1.54827297e-01 -1.60833433e-01 -3.60354921e-03 8.18879530e-02 -1.69421911e-01 9.61298048e-02 -7.06708431e-02 -5.03658131e-02 -3.79755348e-02 9.67635214e-03 -4.89394329e-02 -9.83653963e-02 7.19692335e-02 4.78561819e-02 -6.77921548e-02
-4.34663780e-02 -1.19290575e-01 7.07663476e-01 5.14471307e-02 -3.39190029e-02 7.47068785e-03 8.93668681e-02 -3.08016211e-01 1.04023062e-01 5.81778511e-02 -2.09276348e-01 -2.99580842e-01 -7.04338551e-02 1.22043580e-01 1.24734432e-01 -8.09040293e-02 7.66282231e-02 1.27360165e-01 -2.01494411e-01 -2.46338658e-02 1.36393905e-01 6.57728612e-02 -9.64162722e-02 2.94305813e-02 9.93477330e-02 -6.88029751e-02 -2.16780566e-02 1.65952340e-01 2.84938700e-02 -8.69904608e-02 1.83185369e-01 -7.56815970e-02
8.50287899e-02 -9.88768861e-02 -1.81030780e-01 7.07720339e-01 5.30689210e-02 -1.24873109e-01 -1.61731362e-01 -2.75423769e-02 1.31266549e-01 7.21406192e-02 -1.31751582e-01 -1.01340264e-01 -7.11025065e-03 6.72083870e-02 -5.65766171e-02 -1.82200298e-02 -1.36159286e-01 1.41298711e-01 6.76304325e-02 1.05405696e-01 -1.55266687e-01 -1.66221142e-01 1.39156416e-01 -1.64619982e-02 7.19088688e-02 -3.45206350e-01 -5.05996607e-02 2.85001621e-02 1.79946393e-01 -2.30925530e-01 5.79988472e-02 5.93329445e-02
1.58025324e-01 -4.94551882e-02 1.68155611e-01 1.77804753e-01 6.97119296e-01 -2.05578059e-02 -2.09731311e-02 8.16490352e-02 1.93890050e-01 -2.48495728e-01 -5.14074787e-02 6.93008080e-02 -7.73477703e-02 -1.32615149e-01 1.34967223e-01 3.22620362e-01 7.57047087e-02 -1.88914016e-01 3.56072932e-02 -1.65076017e-01 -1.69793516e-02 5.53419814e-02 3.01625617e-02 1.36571974e-01 -1.70248672e-02 6.12196699e-02 1.92345366e-01 -3.99008654e-02 -8.46362561e-02 1.54070392e-01 1.65349862e-03 1.21725239e-02
-1.50920242e-01 7.13003874e-02 2.97347959e-02 2.91045964e-01 4.52421941e-02 6.70766175e-01 -5.29458337e-02 5.63430376e-02 -1.80439517e-01 -1.44168988e-01 -5.86552918e-03 -7.11690411e-02 1.56912103e-01 4.49422374e-02 -9.76590514e-02 -2.35271141e-01 2.28922993e-01 3.69583666e-02 -7.27706254e-02 1.16842672e-01 -1.10395931e-01 1.38195038e-01 -1.42384604e-01 8.64242166e-02 -1.04089186e-01 -1.47390008e-01 2.97938623e-02 -1.05497882e-01 -4.39263880e-02 3.04420143e-01 -7.53069296e-02 -4.50186282e-02
-2.88769782e-01 2.57579349e-02 6.99298233e-02 1.91917092e-01 1.05857506e-01 -7.24315504e-03 7.37048328e-01 1.65058777e-01 -1.03012569e-01 4.44661193e-02 5.56133874e-02 9.65351611e-03 -8.11602026e-02 2.03337660e-03 2.32716184e-02 1.26999155e-01 -3.40345889e-01 1.68047339e-01 7.42206573e-02 9.54522118e-02 -6.45039529e-02 6.03126250e-02 -3.16384397e-02 -8.70410204e-02 -1.22371398e-01 1.03718780e-01 -8.72528479e-02 -1.59120992e-01 6.67179227e-02 1.93595095e-03 1.62705760e-02 -1.22440740e-01
-1.48692563e-01 -7.54507408e-02 -5.76275624e-02 8.41292441e-02 -8.82994905e-02 -1.08352117e-01 2.18185224e-02 6.12927139e-01 -8.63741059e-03 1.21460175e-02 -1.36755750e-01 -3.47895868e-04 -3.40818375e-01 -7.17423018e-03 2.61942655e-01 -1.80337965e-01 2.21249878e-01 -6.64982274e-02 -2.23214954e-01 1.69440992e-02 2.38443375e-01 3.47560346e-02 1.95297986e-01 -5.93797490e-02 -7.69845396e-02 -9.52231213e-02 -4.13295487e-03 3.07812840e-01 -9.91711859e-03 1.28627539e-01 9.32909921e-03 1.14538101e-02
7.08955750e-02 1.03788890e-01 1.22235112e-01 -1.64300233e-01 -1.60016157e-02 2.27530971e-01 -2.15399582e-02 3.75584155e-01 7.37554431e-01 2.53215909e-01 9.17129293e-02 9.78504540e-04 6.48010224e-02 3.03268228e-02 -4.65093143e-02 -1.86514873e-02 -7.50041567e-03 6.71193302e-02 1.07341923e-01 8.97490904e-02 -1.28580913e-01 5.15488908e-02 -1.20456286e-01 -4.32180166e-02 -3.07043735e-03 -9.05094743e-02 -1.29384488e-01 -1.16074733e-01 -9.11765173e-02 -1.29155800e-01 3.45931798e-02 -1.58916991e-02
1.13434590e-01 8.34418908e-02 1.30512476e-01 1.02313340e-01 1.75076455e-01 1.24645941e-01 -1.06292069e-02 -8.49561207e-03 -2.00391993e-01 7.03813374e-01 2.04973202e-03 1.00602187e-01 1.12782024e-01 -1.07652925e-01 1.12081118e-01 -3.19547020e-02 4.91632409e-02 5.76868355e-02 -7.82199875e-02 -2.09541917e-01 -4.59313989e-02 -4.60868552e-02 5.60872778e-02 -2.20456764e-01 -1.08820319e-01 1.26950413e-01 1.63457111e-01 9.47762579e-02 1.40089476e-02 -5.89951240e-02 -3.11805785e-01 2.15539038e-01
-2.93991596e-01 1.18645720e-01 1.43019542e-01 6.97351620e-02 -1.74632370e-02 4.32019904e-02 -1.43269345e-01 -5.89723699e-02 5.46165034e-02 -4.54903170e-02 7.02263474e-01 -8.52708593e-02 -1.45974666e-01 -8.90683830e-02 8.66488367e-02 2.95882206e-03 -2.55129576e-01 -2.39008188e-01 -8.40072334e-02 -4.89749685e-02 1.14133880e-01 -5.93659952e-02 -3.34437042e-02 -9.89340469e-02 1.63263798e-01 -2.31829479e-01 1.54643744e-01 6.81015998e-02 1.39126107e-01 2.94006225e-02 -8.26573074e-02 1.03003055e-01
3.16244247e-03 8.10169615e-03 1.44073233e-01 2.71837208e-02 -1.23929337e-01 4.26610298e-02 6.02903590e-02 -6.04178645e-02 8.69605690e-02 -2.14626074e-01 -1.32684693e-01 6.85402036e-01 1.40772581e-01 8.89744982e-02 1.37034521e-01 5.90195134e-02 -2.68234145e-02 1.14860483e-01 1.19456597e-01 6.79048076e-02 1.89953417e-01 -7.69398212e-02 -2.00996459e-01 -1.06948450e-01 1.10875126e-02 -2.45321035e-01 1.44266367e-01 2.12695256e-01 1.09613858e-01 -6.02443479e-02 -2.89949238e-01 -1.01273715e-01
-2.01470807e-01 -2.11126618e-02 6.94086924e-02 -5.74863739e-02 2.49879524e-01 -1.87899232e-01 -2.06233505e-02 7.44533911e-02 1.56915572e-03 -2.04538330e-01 2.06038788e-01 1.45327635e-02 5.88146687e-01 2.12262616e-01 5.28788976e-02 -2.46172041e-01 4.69407663e-02 1.02319010e-01 -8.94492641e-02 -1.47230998e-01 -1.17380477e-01 7.21519142e-02 3.47169608e-01 -1.28324538e-01 -1.12588376e-01 4.66160011e-03 -1.76800773e-01 1.58171281e-01 -1.01472393e-01 -1.60700291e-01 4.12755879e-03 -6.93914220e-02
-1.10120557e-01 1.36968726e-02 2.26412546e-02 1.22207738e-02 2.83145104e-02 -1.78817615e-01 6.85508028e-02 -1.71095040e-02 -8.35051574e-03 2.07349852e-01 2.17324160e-02 8.62453133e-02 -6.28214926e-02 7.83485115e-01 1.98945832e-02 4.42322865e-02 1.40739083e-01 -2.42835268e-01 8.18334967e-02 7.29737952e-02 -1.35269821e-01 -1.00126900e-01 -1.81697905e-02 1.26052380e-01 1.67154476e-01 -3.26821208e-02 6.82594255e-02 -1.39219582e-01 -8.68516639e-02 2.49416485e-01 -6.05155937e-02 1.27778471e-01
3.57803851e-02 2.81497985e-01 -2.79806465e-01 -1.19023584e-01 6.73550367e-02 1.30190909e-01 1.19546205e-01 -2.14254826e-01 2.54950896e-02 2.51000356e-02 -2.46666949e-02 -1.27756327e-01 -3.78827043e-02 1.98094249e-02 6.90015137e-01 -1.37563288e-01 -6.54293299e-02 7.03334883e-02 2.10234985e-01 2.14800425e-02 -1.32151738e-01 1.13955595e-01 -1.37061393e-03 2.78890371e-01 1.65879335e-02 -1.26762867e-01 2.45615970e-02 1.87260911e-01 -5.60754165e-02 -9.53211486e-02 5.42205311e-02 3.08401901e-02
-9.30646714e-03 1.72924235e-01 7.56322742e-02 4.04282399e-02 -1.49173215e-01 2.12211296e-01 -1.98262498e-01 2.24360660e-01 -2.54806489e-01 -3.29564735e-02 3.47181037e-02 -7.34818578e-02 -1.52733037e-03 2.50207365e-01 3.45798247e-02 6.02313221e-01 6.38942495e-02 -3.28747630e-02 1.07457109e-01 -1.97221488e-01 -4.85295989e-02 1.96431696e-01 -2.30874829e-02 1.30425405e-03 -6.51458800e-02 4.16799709e-02 -1.80657446e-01 1.71962053e-01 1.67114690e-01 -3.07121575e-01 9.69479457e-02 -9.79932025e-02
-2.13439167e-02 2.55433153e-02 -1.84147060e-01 2.97393084e-01 -2.60715812e-01 -8.80225673e-02 3.42565417e-01 -1.44667864e-01 2.28912964e-01 -5.33398762e-02 2.39056110e-01 -2.27888785e-02 1.52178258e-01 -1.22551516e-01 2.02618726e-02 1.86465383e-01 5.75469255e-01 9.56473779e-03 -1.33309454e-01 -8.98502916e-02 4.41734381e-02 3.62546481e-02 -1.04053162e-01 2.87093315e-02 1.20238692e-01 1.82301283e-01 7.80856758e-02 6.44024387e-02 -1.17699869e-01 -1.07831620e-01 -1.49343349e-02 1.43563792e-01
-1.97304294e-01 1.81088075e-01 -1.17649250e-01 -8.05349499e-02 2.52363861e-01 -3.18675451e-02 -1.53242305e-01 1.41254822e-02 -8.92337877e-03 7.62447668e-03 1.04869269e-01 4.82834838e-02 -2.31219172e-01 1.51139781e-01 -1.46086663e-01 -4.02196050e-02 1.42505810e-01 6.91055894e-01 -4.29408811e-03 -1.39708713e-01 3.00229341e-01 1.00153673e-03 -3.96286026e-02 1.37434691e-01 9.58194807e-02 3.98936532e-02 1.53822333e-01 -1.64659306e-01 5.22349253e-02 -9.78388563e-02 5.29610440e-02 4.66999672e-02
2.93790735e-02 4.78724129e-02 2.66477704e-01 9.38464254e-02 -1.10054098e-01 -1.17752098e-01 -4.46419567e-02 2.02682346e-01 -1.36202276e-01 -9.33827013e-02 3.96018624e-02 -2.59612888e-01 1.34459630e-01 -9.41907465e-02 5.20442650e-02 -1.00014552e-01 1.32260248e-01 4.55387011e-02 7.40305662e-01 1.15015484e-01 1.86169967e-01 -1.56575978e-01 2.26948410e-02 -7.74237216e-02 2.64989380e-02 1.04485407e-01 1.53604582e-01 -4.97432537e-02 -1.08511135e-01 2.91051231e-02 -5.99789619e-02 1.07872121e-01
-4.32508215e-02 3.11008226e-02 1.25730783e-01 3.64335850e-02 8.46743807e-02 -1.18124429e-02 -1.79504454e-01 2.37736311e-02 -1.21220671e-01 1.05387971e-01 9.89859030e-02 2.04206914e-01 1.45005181e-01 -1.29496351e-01 2.00171158e-01 1.97599947e-01 2.69358810e-02 8.14288706e-02 -1.75932899e-01 7.09309757e-01 9.65359882e-02 3.18820705e-03 1.18964344e-01 1.34085596e-01 1.62823081e-01 1.92204043e-01 -2.11069912e-01 -7.91108161e-02 -3.75676416e-02 -6.88884081e-03 1.37669608e-01 1.67797208e-01
2.70606965e-01 -1.46773951e-02 -1.32375658e-01 1.49907038e-01 -1.76393986e-02 1.23484679e-01 5.87118603e-02 -9.20158103e-02 1.55329570e-01 1.03339709e-01 8.33651945e-02 -7.52246380e-02 1.93571866e-01 1.76140293e-01 1.06076086e-02 2.74613569e-03 -1.99576467e-01 -6.66258037e-02 3.46042700e-02 -1.08900428e-01 6.73956037e-01 7.72180110e-02 1.32550031e-01 1.47171289e-01 -1.15201995e-01 1.12770289e-01 -2.72474557e-01 4.97914804e-03 1.34793922e-01 2.52599716e-01 -4.66632172e-02 -4.37374040e-02
7.62512982e-02 1.29411161e-01 5.37015684e-02 1.62551194e-01 -3.80856693e-02 -3.93034875e-01 -1.31452829e-01 3.64892706e-02 -2.16178112e-02 4.31694649e-02 2.68329103e-02 7.49272034e-02 5.08979056e-03 -3.41254324e-02 -4.88865972e-02 -1.82680055e-01 -6.09462149e-02 -1.39375189e-02 5.18148728e-02 3.21631506e-02 -6.56389818e-02 7.78236508e-01 -2.87819713e-01 1.53125925e-02 -3.73891667e-02 2.07538921e-02 -3.35973513e-04 -4.06384878e-02 9.24356282e-02 8.50239471e-02 -5.50937131e-02 7.08819255e-02
-1.18108161e-01 1.78475995e-02 1.14760607e-01 -1.75653724e-03 -1.60608590e-01 1.69903174e-01 5.10693304e-02 -2.09414184e-01 1.33343801e-01 3.12619396e-02 -2.82237940e-02 2.42735058e-01 -2.06767023e-01 -8.70919600e-02 -1.94984868e-01 4.88192551e-02 2.00460106e-02 5.40529713e-02 2.46173114e-01 -6.58180267e-02 -1.28028557e-01 2.86717743e-01 6.74757361e-01 3.97734791e-02 9.54389796e-02 -6.97378768e-04 1.95808131e-02 1.20926827e-01 -8.93882569e-03 1.70294151e-01 7.66513050e-02 1.39330685e-01
1.31566510e-01 8.29404667e-02 1.51115268e-01 4.80504818e-02 4.68918383e-02 -7.94268474e-02 1.11567549e-01 1.50816768e-01 -1.68939397e-01 1.14485905e-01 1.75209492e-01 2.15789720e-01 -3.33544845e-03 -1.60826564e-01 -2.17810169e-01 -1.61146954e-01 1.53814359e-02 1.90709680e-02 8.74329507e-02 -2.07509518e-01 -1.34951085e-01 -2.20567822e-01 -1.75976947e-01 5.07121146e-01 1.80040017e-01 -7.18705729e-02 -3.42930317e-01 3.09563935e-01 -2.83900145e-02 9.35706124e-02 1.47555500e-01 -1.08377310e-02
1.29466712e-01 1.13274157e-02 -9.81795341e-02 -1.23909619e-02 2.82557355e-03 1.05614163e-01 7.36166686e-02 1.88841507e-01 -8.80884230e-02 -6.35416107e-03 -1.31709561e-01 -5.76431267e-02 2.06807658e-01 -1.33504858e-02 4.97901179e-02 1.78657491e-02 -1.59682304e-01 6.27882108e-02 -7.31075630e-02 -1.36392742e-01 2.70854980e-02 1.24641269e-01 1.69352069e-02 -2.33473137e-01 8.23508859e-01 2.17676559e-03 1.04104921e-01 -7.29964254e-03 -5.63166626e-02 1.20280705e-01 7.04771653e-02 -1.03614412e-01
-2.89480627e-01 -2.48337463e-02 7.11248768e-03 2.32707292e-01 -7.73968846e-02 1.34430870e-01 -1.99256614e-01 1.62327997e-02 1.52211145e-01 -7.14390352e-02 -1.33326933e-01 1.61782026e-01 -6.68376684e-02 5.44961095e-02 9.93524566e-02 -2.69772679e-01 -1.88768223e-01 -1.69228137e-01 2.80296355e-02 -1.45390987e-01 -4.77154441e-02 -8.92586038e-02 -7.98797309e-02 1.30443424e-01 1.00139357e-01 6.74799562e-01 4.16121222e-02 3.41706770e-03 7.74781108e-02 -2.00569212e-01 1.64135471e-02 -3.98019999e-02
2.63300002e-01 -1.60570163e-02 1.10211439e-01 5.67570068e-02 -2.75183797e-01 -2.63811518e-02 1.92168858e-02 1.95531309e-01 -3.59958261e-02 -5.57914027e-04 1.31159112e-01 -1.64591596e-02 1.51327685e-01 7.91362748e-02 -1.50159197e-02 4.15322036e-02 -2.37674281e-01 1.20146722e-01 -2.16995388e-01 4.06273827e-02 -6.36533424e-02 1.48030287e-02 1.83750957e-01 4.11062658e-01 -1.45626530e-01 2.93946825e-02 5.89395642e-01 -3.58867273e-02 -1.54461950e-01 -5.52895665e-02 3.84377614e-02 -1.55987829e-01
3.92432585e-02 6.88080788e-02 -1.40768066e-01 -7.78887793e-02 1.84961006e-01 5.85379116e-02 6.92051649e-02 -2.71242373e-02 1.00256272e-01 -4.83740680e-02 -4.16231528e-03 -2.00835168e-01 7.98323378e-03 1.42264783e-01 -3.25816005e-01 3.89563479e-02 -1.11758798e-01 6.14810959e-02 2.31375564e-02 3.28466117e-01 -4.52190079e-02 6.02757512e-03 -1.29328221e-01 -1.01390898e-01 -2.36600582e-02 2.17809230e-01 2.07178995e-01 6.84465289e-01 8.47794190e-02 8.64916891e-02 -2.32974812e-02 1.24701023e-01
8.01878124e-02 8.45913664e-02 6.65508732e-02 -1.71264157e-01 2.70049386e-02 -3.34492065e-02 1.28475934e-01 1.00132756e-01 4.47867252e-02 -6.22729734e-02 -4.06073034e-02 -9.40697640e-02 1.14332490e-01 -4.68700454e-02 1.67355146e-02 -8.66189525e-02 2.11499840e-01 -5.51864989e-02 -4.05290276e-02 5.87181486e-02 -1.21793024e-01 -5.64395785e-02 1.45287365e-01 1.69995666e-01 9.21571627e-02 3.67549844e-02 8.53740871e-02 -1.38921887e-01 8.39186907e-01 6.36938168e-03 -1.51794881e-01 1.40179470e-02
-4.25868575e-03 -7.98161421e-03 2.22680792e-02 6.34424612e-02 -1.87540621e-01 -1.23196736e-01 -1.90122917e-01 -1.96154155e-02 1.18921444e-01 -7.33193802e-03 7.04567730e-02 1.54971555e-02 8.39668810e-02 -2.57341880e-02 2.60673136e-01 1.65597051e-01 -5.11339344e-02 3.42696756e-01 -1.99675877e-02 -1.49634242e-01 -2.64542043e-01 -1.80166975e-01 -9.75773036e-02 -1.97116897e-01 -1.52675286e-01 1.47461817e-01 -3.60302962e-02 4.76777963e-02 1.52166784e-01 6.06580198e-01 2.24742651e-01 -4.62383665e-02
-1.18483409e-01 -5.18130623e-02 -9.12338868e-02 -3.90822589e-02 7.48096630e-02 5.96560538e-02 6.39764443e-02 9.26266983e-03 -4.80539985e-02 1.77611321e-01 -4.23023067e-02 1.96603268e-01 2.06715018e-01 -2.24121604e-02 -4.05189320e-02 -7.06941858e-02 5.47754951e-02 -2.10801154e-01 1.04110405e-01 -4.15020362e-02 1.68182164e-01 2.71421652e-02 -1.03417017e-01 -8.96030143e-02 -1.21369332e-01 -1.27054706e-01 2.86730617e-01 -1.69766359e-02 1.68813959e-01 -6.06134534e-02 7.53225684e-01 1.23612091e-01
1.14934467e-01 1.84228569e-02 8.64494368e-02 -4.67344671e-02 -1.03965141e-01 8.56082067e-02 9.22471508e-02 1.19693682e-01 -1.75864864e-02 -2.96689153e-01 -1.19016103e-01 -7.79056828e-03 3.86330411e-02 7.68530071e-02 2.80650128e-02 -7.96285458e-03 -2.15862229e-01 7.98732415e-02 -1.45191297e-01 -1.57452241e-01 -1.76158156e-02 -3.40621322e-02 -5.60209565e-02 8.23853165e-03 -4.71022539e-02 -2.89025046e-02 -8.44815746e-02 -8.63413140e-02 -2.54497938e-02 -4.44167443e-02 8.61968752e-03 8.37343633e-01
8.09681475e-01 -3.72021347e-02 9.69309881e-02 1.67304844e-01 -4.84481081e-02 1.66694999e-01 1.28487516e-02 -9.06266272e-02 -2.97457930e-02 1.32745013e-01 -2.94813812e-02 6.45917058e-02 -5.52016217e-03 2.98659317e-02 -5.44141568e-02 3.51712555e-02 -1.18019827e-01 7.28340298e-02 1.65144593e-01 3.03926468e-01 -1.61204189e-01 -1.17894426e-01 -1.50697455e-01 -1.35636076e-01 -3.32622789e-02 7.02161565e-02 -1.27269085e-02 -2.77241003e-02 -9.30392742e-03 -8.59428346e-02 4.39454317e-02 4.71551605e-02
3.38906348e-02 8.58589590e-01 7.12127835e-02 -7.88849033e-03 -1.71603009e-01 3.14447023e-02 1.31787062e-01 -1.39531583e-01 -7.23264068e-02 5.25449254e-02 -1.29598320e-01 -8.41770694e-02 1.23176975e-02 -1.01434201e-01 3.84505168e-02 1.43811971e-01 -1.47344008e-01 6.15888424e-02 -3.52669582e-02 -9.36286449e-02 2.65582167e-02 -6.73898086e-02 4.74131219e-02 -4.33307141e-02 -2.27687638e-02 -1.99342042e-01 -5.71829602e-02 1.34519458e-01 -6.64962828e-02 7.95539245e-02 4.60429816e-03 -8.66916478e-02
-1.01736322e-01 -7.78784379e-02 7.63996720e-01 6.34326488e-02 1.07756302e-01 1.13087296e-02 -1.19529597e-01 3.42656858e-02 -1.35144070e-01 -6.24308363e-02 -2.16493234e-01 1.01370059e-01 -1.31352887e-01 -1.34021282e-01 4.09815498e-02 -7.04165595e-03 -4.74630482e-02 3.11093517e-02 -1.32648215e-01 1.45111173e-01 1.47946760e-01 4.23671715e-02 -8.47085845e-03 9.45303515e-02 2.44939789e-01 -1.05744682e-01 -8.63767043e-02 1.10908054e-01 -9.81784016e-02 -2.67373174e-01 7.51539916e-02 1.18001532e-02
-2.57492334e-01 -2.39164252e-02 -1.36029154e-01 7.80340850e-01 -4.29425761e-02 3.94303054e-02 -3.98797058e-02 -7.92523772e-02 4.00421806e-02 1.19043298e-01 -1.08823359e-01 3.38290334e-02 -2.37220265e-02 1.72783025e-02 1.96163952e-01 5.05721159e-02 -7.78429210e-02 -4.39617559e-02 1.73871338e-01 7.73357749e-02 -1.14372529e-01 -1.91499606e-01 2.34118327e-01 1.17728598e-01 -6.27325475e-02 -1.10948712e-01 4.84839305e-02 -3.17450985e-02 2.18488351e-02 -1.50137752e-01 4.10682894e-02 1.29697353e-01
6.84230104e-02 1.37140170e-01 -9.79660749e-02 1.12703189e-01 8.37546825e-01 1.87605470e-01 -2.06389353e-02 1.18130138e-02 -1.83787178e-02 -5.81040804e-04 -1.54221691e-02 -7.38300830e-02 1.83942467e-02 1.41453773e-01 -1.47250012e-01 1.14836447e-01 1.60362184e-01 -9.13195163e-02 6.10661246e-02 -6.61182553e-02 -6.82409480e-02 1.50728792e-01 7.20134601e-02 -8.62054676e-02 1.32776290e-01 -1.16370708e-01 -6.18205033e-02 1.83868706e-01 1.53062644e-03 4.91388626e-02 4.60529774e-02 -1.52673908e-02
-1.69083714e-01 -6.53007403e-02 7.98866898e-02 -1.70015648e-01 -1.78028867e-01 8.77304256e-01 -3.92269604e-02 -1.68054085e-03 1.60092264e-02 -3.04436032e-02 5.43012768e-02 -1.10020883e-01 -6.42810687e-02 1.28970966e-01 3.18301991e-02 -2.47593708e-02 -2.69685555e-02 5.65172397e-02 1.32233486e-01 -4.57013808e-02 -8.18281919e-02 3.14988680e-02 4.14493531e-02 2.79309582e-02 -6.89093694e-02 -1.18595399e-01 3.02928127e-02 -3.17794085e-02 1.29745260e-01 -2.79611964e-02 1.16945900e-01 -6.79536983e-02
2.91166641e-02 -1.87886000e-01 1.58288434e-01 1.96258109e-02 6.78117350e-02 -3.17659937e-02 9.09031868e-01 -1.04762893e-02 -6.98155835e-02 2.59863641e-02 1.06247477e-02 1.24358889e-02 8.32592044e-03 9.14388057e-03 6.90794811e-02 6.16808832e-02 -1.93429329e-02 -2.34247167e-02 3.76635715e-02 -1.07961461e-01 3.53719369e-02 1.59633383e-02 3.33053470e-02 1.15657039e-01 -1.06480964e-01 -9.36474130e-02 5.34453914e-02 7.28716375e-03 9.18064639e-02 6.64828569e-02 1.61054313e-01 -3.85713833e-03
1.47021279e-01 9.16339755e-02 -5.29436953e-02 1.71347916e-01 -4.78974320e-02 7.31842145e-02 -9.10130423e-03 7.90587366e-01 8.06487575e-02 1.09315507e-01 -1.21485963e-01 -4.62442972e-02 -5.88661879e-02 -2.35526264e-01 -6.62947446e-02 -1.31915078e-01 2.37451326e-02 7.22867474e-02 -1.64288402e-01 -7.31109083e-02 -1.19780079e-02 2.64594078e-01 2.05476210e-02 8.65435228e-02 -1.43840462e-01 -6.76215068e-02 1.04432642e-01 -6.50804341e-02 -7.82413706e-02 6.61849156e-02 1.38337836e-01 5.23755662e-02
1.46916797e-02 4.70977575e-02 1.21943153e-01 7.87118524e-02 -3.33557054e-02 3.53807732e-02 4.95294891e-02 -7.98716545e-02 8.44639480e-01 6.16841912e-02 -2.30161473e-02 -1.98388118e-02 1.09766953e-01 1.20447688e-01 5.50850034e-02 -1.40515110e-02 -3.70343886e-02 -7.81262890e-02 -1.92660943e-01 7.41851032e-02 1.56989217e-01 3.86200920e-02 2.29491796e-02 -7.13481456e-02 1.56181052e-01 1.87568411e-01 -4.86321002e-02 9.66066048e-02 7.53487647e-02 1.20814025e-01 2.04963401e-01 -4.43187691e-02
-1.13695800e-01 -6.27781451e-02 5.71611933e-02 -2.07661718e-01 5.53713702e-02 -6.97476938e-02 -8.07757601e-02 -2.98431963e-02 -4.55194116e-02 9.23380375e-01 7.08155194e-03 -1.24965692e-02 -3.20501924e-02 4.53709289e-02 2.79857051e-02 8.35376754e-02 -3.57007720e-02 1.24397293e-01 4.54042591e-02 6.06648438e-02 -2.38160025e-02 3.62383500e-02 5.96219823e-02 1.03063658e-01 2.36963704e-02 -2.47450918e-02 -3.07061728e-02 4.00569243e-03 5.93965650e-02 1.03852443e-01 1.44201070e-02 2.08826382e-02
7.31748492e-02 4.45578881e-02 3.16239186e-02 1.42546639e-01 -5.66103263e-03 7.08972057e-03 -2.48691775e-02 -5.25603034e-02 -2.23264303e-02 3.10315285e-02 8.64519477e-01 -7.11612701e-02 -9.66431759e-03 -1.48273453e-01 8.26849863e-02 -1.37898698e-01 4.41984311e-02 1.34339869e-01 -1.71582177e-01 1.65247004e-02 7.83790424e-02 7.10347341e-03 -2.16757879e-03 9.85362977e-02 8.54695737e-02 -1.86763421e-01 -1.02891997e-02 1.75087661e-01 -8.56436566e-02 -6.93287477e-02 1.01433925e-01 7.09017515e-02
-3.64781590e-03 7.13239908e-02 -2.17731670e-01 -7.89344311e-02 3.41423079e-02 1.63006946e-01 6.60993978e-02 1.42688155e-02 1.41143911e-02 2.30026860e-02 -7.16629392e-03 8.95489097e-01 -7.43467314e-03 -2.75650397e-02 -1.02706382e-03 -6.75171986e-02 -3.93367708e-02 8.07194263e-02 -1.49648517e-01 2.78087817e-02 1.13486283e-01 6.16799435e-03 9.18230861e-02 2.80693173e-02 2.04510204e-02 -3.89034785e-02 -7.14632496e-02 1.23010032e-01 7.81061351e-02 -8.14276412e-02 -8.91703516e-02 6.83898255e-02
8.04174766e-02 -7.34465569e-02 4.83876504e-02 -2.27446239e-02 8.53708312e-02 5.35437651e-02 -6.04595877e-02 -2.85548009e-02 3.09830848e-02 6.64033741e-02 -1.31925926e-01 -3.69432233e-02 8.13645244e-01 -5.03203012e-02 7.76402131e-02 -2.12983191e-01 6.25843182e-02 1.28011048e-01 -2.93544102e-02 -1.91998497e-01 1.12896815e-01 -1.69863224e-01 -5.91408424e-02 1.06112465e-01 -1.34975657e-01 -2.17846543e-01 2.80624088e-02 -1.95001606e-02 -8.21042955e-02 -1.73656017e-01 -8.29397961e-02 -7.46319816e-02
8.70781243e-02 7.56878406e-02 5.74205816e-02 6.15774691e-02 -1.38474360e-01 -7.30672181e-02 8.55504535e-03 2.44022563e-01 -9.14211050e-02 -2.25200038e-02 3.34224142e-02 -1.12711126e-02 -4.54616360e-03 8.04617643e-01 1.94868028e-01 -4.84244339e-02 8.16506967e-02 -7.34540001e-02 -7.90276080e-02 5.94701394e-02 6.41627088e-02 4.94835079e-02 -8.30886438e-02 2.21169949e-01 1.49291279e-02 -1.18081897e-01 -1.83266103e-01 1.11334436e-01 -3.79293188e-02 3.07772513e-02 -2.25240052e-01 -1.05502792e-02
3.38861831e-02 -1.29060738e-03 1.62799060e-02 -9.73553956e-02 1.14425778e-01 6.05049916e-03 -7.35322163e-02 1.53517053e-02 -4.37640958e-02 -9.10463259e-02 -4.27824967e-02 5.89003339e-02 5.25786243e-02 -1.80135742e-01 8.48394334e-01 2.92189289e-02 9.13286060e-02 4.36744876e-02 7.80699849e-02 9.87756327e-02 -2.04925075e-01 1.50338754e-01 -7.75081888e-02 -3.31375338e-02 -3.65664773e-02 1.13778427e-01 2.41730064e-02 1.23203322e-01 3.91312176e-03 2.64067143e-01 3.57995257e-02 -1.06843654e-02
-4.14375961e-02 -6.39730394e-02 -8.90152454e-02 -2.00834181e-02 -8.93600211e-02 3.18039358e-02 2.75002122e-02 2.20673770e-01 1.76931489e-02 -3.89451124e-02 7.35003203e-02 -3.90187502e-02 1.69114754e-01 -6.36170655e-02 3.43654044e-02 8.04009736e-01 2.34828517e-01 1.45774513e-01 -1.50746793e-01 1.70622975e-01 7.18302354e-02 -9.92823169e-02 -4.71194573e-02 -8.90526772e-02 6.70710579e-02 -3.17511000e-02 -8.72516930e-02 -2.55157221e-02 1.32361606e-01 -2.21544251e-01 -5.21063656e-02 -4.37486097e-02
1.21683940e-01 7.40583614e-02 3.01831327e-02 2.19590049e-02 -1.84482008e-01 5.73801324e-02 5.95382228e-02 -1.65063053e-01 -2.19070744e-02 7.55089447e-02 -1.28226489e-01 -2.69567640e-03 -8.68841410e-02 -4.22059633e-02 -1.48661463e-02 -1.49665534e-01 8.48908782e-01 1.61335226e-02 -4.68088314e-02 -9.93324667e-02 -2.75572632e-02 -2.54658088e-02 2.09946811e-01 2.86572007e-03 1.28792390e-01 6.68797418e-02 -4.99968715e-02 -7.14273006e-02 -8.35297555e-02 -9.03685950e-03 4.35690060e-02 1.98843673e-01
-1.12447537e-01 -2.30866997e-03 -4.67224531e-02 4.24360670e-02 7.25584552e-02 -9.45843309e-02 6.96133673e-02 -2.98681129e-02 1.26616031e-01 -1.15734540e-01 -9.80630293e-02 -4.25502248e-02 -1.30019516e-01 1.30989015e-01 -6.59107417e-02 -9.84118506e-02 1.15551008e-02 9.01256859e-01 9.86672863e-02 -2.32520141e-02 -1.47189572e-01 1.00213960e-02 -1.26894504e-01 6.33379584e-03 3.68496664e-02 5.55368662e-02 -2.75540631e-02 6.89326674e-02 -3.27079929e-02 -4.28666808e-02 7.99416006e-03 -3.10957953e-02
-1.32865638e-01 7.19824284e-02 1.91319779e-01 -1.71849951e-02 -1.09377921e-01 -6.28757626e-02 2.75146551e-02 2.44653434e-01 8.35158527e-02 3.93203413e-03 1.93253756e-01 1.68213278e-01 1.80197224e-01 -4.72415844e-03 -1.12583138e-01 5.72183728e-02 7.80375451e-02 -6.24878556e-02 7.30129778e-01 -6.02018461e-02 4.21976447e-02 6.04639016e-02 2.96514053e-02 -1.81826919e-01 -2.26040911e-02 1.77097097e-01 -1.74434096e-01 1.90849274e-01 -2.31398135e-01 -7.62859825e-03 1.56958047e-02 6.32654876e-02
-2.36552492e-01 1.57334462e-01 -7.28882700e-02 -9.92456800e-04 -2.22033150e-02 7.08007254e-03 1.57145664e-01 -3.57356928e-02 -8.68028626e-02 -2.30719130e-02 5.82067622e-03 -3.47847380e-02 2.60839075e-01 -3.58037576e-02 -1.76761568e-01 -2.06059873e-01 1.21063016e-01 -4.56534773e-02 -7.15493178e-03 7.66875088e-01 -1.41029269e-01 2.79309183e-01 -5.48347831e-02 7.54616484e-02 1.06113590e-02 3.86831537e-02 6.37907460e-02 -3.24005261e-02 3.37551944e-02 -1.56040005e-02 9.30829160e-03 -1.24233902e-01
1.16835751e-01 1.88035257e-02 -1.80983573e-01 6.07821792e-02 6.39420077e-02 8.06259066e-02 1.37912764e-04 -3.78487110e-02 -8.08639377e-02 3.02538066e-03 -6.07612841e-02 -1.31671354e-01 -1.20696776e-01 -8.00868422e-02 1.41753703e-01 -5.86344451e-02 1.33814989e-02 1.19042203e-01 2.53176808e-01 1.31523147e-01 8.27043653e-01 1.01674825e-01 5.83730042e-02 1.07616723e-01 6.79947585e-02 9.12258178e-02 3.68181653e-02 -1.15856804e-01 7.34092444e-02 1.04842326e-02 -8.36451128e-02 -1.41913906e-01
9.96031985e-02 -6.84964880e-02 -8.69147405e-02 3.67048457e-02 -1.45525888e-01 -7.26408437e-02 -6.41662627e-02 -3.08647007e-01 5.75576797e-02 -7.20448606e-03 -5.42074032e-02 2.13622656e-02 4.56772484e-02 3.13769840e-02 1.01982998e-02 1.82475492e-01 -7.24316686e-02 -7.87954219e-03 3.71381305e-02 -1.80980578e-01 -2.80716475e-02 7.78928459e-01 -1.35087045e-02 8.14164355e-02 -1.03320017e-01 -1.66489929e-01 -1.00847676e-01 -6.43600747e-02 -1.11395724e-01 -2.64121652e-01 1.01150706e-01 9.24196839e-02
1.56825975e-01 -1.32312864e-01 -8.72669592e-02 -1.99916109e-01 -6.78883567e-02 -7.53376856e-02 2.49518477e-03 7.99923539e-02 -3.99775617e-02 -1.19815372e-01 -3.84605192e-02 -1.28111973e-01 1.00333028e-01 2.28931773e-02 3.22261527e-02 -2.57791206e-02 -2.07026586e-01 1.04941644e-01 -8.72325245e-03 1.25687063e-01 -8.76685902e-02 -3.17231682e-03 8.25591326e-01 -3.28609422e-02 1.96370423e-01 -7.93842822e-02 -1.58742175e-01 1.03342801e-01 -6.03095740e-02 1.04621165e-02 4.64852750e-02 -2.67331209e-02
6.46688864e-02 4.05251011e-02 -1.32942542e-01 -1.48114368e-01 6.13038056e-02 3.35104167e-02 -1.51949422e-02 -2.37972243e-03 1.34214416e-01 -1.04494788e-01 -4.84004878e-02 -4.00370210e-02 -2.66374201e-02 -1.88448995e-01 -6.12391867e-02 8.83204862e-02 -4.82611135e-02 -6.88513368e-02 1.52612701e-01 3.67623940e-02 -1.12840421e-01 -1.62272260e-01 -1.33762836e-01 7.70746291e-01 1.33648664e-01 3.91565748e-02 -3.46524000e-01 -4.25966047e-02 -7.01369569e-02 4.75540161e-02 7.73834735e-02 1.77816898e-01
1.52897649e-02 9.30906832e-03 -1.77354172e-01 2.00809017e-02 -1.43465862e-01 6.20529708e-03 1.19553126e-01 1.10236324e-01 -4.08693887e-02 7.09787905e-02 -5.07043228e-02 -4.05777581e-02 7.58177042e-02 -4.32565548e-02 7.43820146e-02 -1.16151378e-01 -8.70256126e-02 -7.72637501e-02 1.30463511e-01 -1.62438303e-01 -1.26638025e-01 7.35696703e-02 -2.03868061e-01 -7.66697749e-02 8.06886196e-01 -8.04164037e-02 1.81070358e-01 3.13819572e-02 1.74559027e-01 -1.67478606e-01 -8.63225758e-02 -8.47420096e-03
2.36325841e-02 1.60782441e-01 1.15508467e-01 1.32268280e-01 3.61465774e-02 8.83824602e-02 1.89399207e-03 -2.84713064e-03 -2.31745958e-01 2.99002025e-02 1.15451552e-01 9.75447707e-03 1.87629297e-01 8.16216543e-02 -2.06521042e-02 5.42167537e-02 -8.27630684e-02 4.91310656e-02 -1.48339391e-01 -2.16065988e-01 -7.45938942e-02 1.15359254e-01 1.58151880e-01 2.19797581e-01 2.67890897e-02 7.67243743e-01 9.77390930e-02 -3.30841392e-02 1.40181616e-01 -1.43551856e-01 1.64518990e-02 -9.82967839e-02
9.43700001e-02 7.68275708e-02 1.31653249e-01 -1.34727657e-01 2.09735744e-02 -1.13630436e-01 -1.28024697e-01 -2.28148177e-02 1.36525452e-01 -9.78155509e-02 5.01475595e-02 1.37967408e-01 -1.38651766e-02 1.31321192e-01 -5.43059707e-02 1.91218436e-01 8.31445456e-02 2.61175875e-02 1.88501075e-01 3.45029458e-02 -2.62395646e-02 -1.09850215e-02 1.50243402e-01 3.06864411e-01 -9.85424849e-04 -1.48351848e-01 7.90333033e-01 2.78352085e-03 -7.02587143e-03 5.42072728e-02 3.45240012e-02 6.88142842e-03
1.79729834e-02 -1.78514674e-01 -1.08013578e-01 5.64071760e-02 -1.64771527e-01 6.96658269e-02 -1.35350581e-02 -6.65958971e-02 -8.36173072e-02 1.68857891e-02 -1.75128639e-01 -1.50859565e-01 1.69999506e-02 -1.05822876e-01 -1.42744020e-01 3.29404101e-02 1.11358268e-02 -2.49543153e-02 -7.98752308e-02 1.26899574e-02 8.85051638e-02 3.83139960e-02 -7.45116845e-02 7.67239928e-02 -9.90971699e-02 8.78300965e-02 1.24507040e-01 8.41097057e-01 5.82614988e-02 9.11356360e-02 -1.17701486e-01 1.69184357e-01
7.73890391e-02 8.18677768e-02 1.73248291e-01 6.73272414e-03 -4.15662449e-04 -1.75173879e-01 -1.10539220e-01 4.42533717e-02 6.78436235e-02 -6.87533915e-02 5.48979267e-02 -1.17973983e-02 -5.65659860e-03 -8.66797417e-02 -4.36918139e-02 -1.15528971e-01 9.27048996e-02 1.00887464e-02 1.67395890e-01 -4.99207750e-02 -6.69503883e-02 7.22328797e-02 7.81346411e-02 4.28509824e-02 -1.59989417e-01 -1.44630834e-01 -1.62505135e-01 2.91629415e-02 8.57224405e-01 -3.93061638e-02 -1.00023024e-01 9.68397316e-03
7.24256318e-03 -1.29648596e-01 1.32749379e-01 2.71351308e-01 -1.35462418e-01 4.61039320e-02 -1.15892321e-01 -8.60411152e-02 -1.88566446e-01 -7.55440220e-02 1.40250102e-02 1.45407706e-01 2.20533639e-01 -7.57979555e-03 -2.04891771e-01 1.51397169e-01 -1.27011715e-02 1.21107228e-01 -3.74722183e-02 -6.39870241e-02 4.70957756e-02 1.17142275e-01 -2.48193797e-02 2.47530304e-02 2.12490171e-01 -9.69133973e-02 -8.65274593e-02 -1.32490724e-01 5.40521815e-02 7.40020454e-01 6.44872114e-02 -5.08383065e-02
-2.87908651e-02 3.64038162e-02 -1.53340489e-01 -8.19301754e-02 -4.36501205e-02 -1.37972146e-01 -1.32187456e-01 3.10861189e-02 -2.27649093e-01 -3.62611488e-02 -7.42235556e-02 4.51903827e-02 7.34867305e-02 1.95591509e-01 1.86974574e-02 -3.58981974e-02 1.19019672e-02 -1.21768480e-02 1.64772160e-02 1.52609535e-02 1.24016374e-01 -1.28276274e-01 -1.09565891e-01 -6.16781600e-02 3.93392472e-03 -7.88618159e-03 -8.68901610e-03 9.29362997e-02 1.40938476e-01 -8.04507956e-02 8.56722116e-01 6.86720088e-02
-7.17938542e-02 1.06866226e-01 5.97774833e-02 -9.18294936e-02 8.14730898e-02 6.35995492e-02 4.64233719e-02 1.54046090e-02 -2.89223064e-02 -5.32172695e-02 9.47639532e-03 -9.73786116e-02 1.39550880e-01 7.82835037e-02 3.05337850e-02 8.26596469e-03 -1.61100417e-01 8.06726068e-02 -5.04480824e-02 9.10620317e-02 1.25832781e-01 3.04955766e-02 1.46154314e-03 -1.40709981e-01 2.06153691e-02 6.18973896e-02 7.85162598e-02 -1.76126271e-01 7.32326433e-02 5.92687428e-02 -9.58978459e-02 8.82678747e-01
