1 5 16 16 32
-3.757163e-01 7.369933e-02 -4.035308e-02 3.152150e-01 3.393287e-01 2.587708e-01 2.854132e-01 1.311248e-01 -3.114774e-02 4.065372e-01 -1.308659e-01 2.740809e-01 2.384983e-01 7.271483e-02 2.914324e-01 -1.306197e-01
-8.738269e-02 3.859947e-01 1.920878e-01 1.480489e-01 8.567115e-02 -1.928221e-01 -2.116268e-02 2.144029e-01 -2.631449e-01 -1.539637e-01 1.200611e-01 3.866946e-01 2.379715e-01 -1.217402e-01 -4.034356e-01 -9.728955e-02
5.387584e-02 -3.414549e-01 2.024643e-01 1.484813e-01 -6.555719e-02 4.339011e-01 -6.702125e-02 3.191915e-02 2.496974e-01 -1.702608e-01 -1.550732e-01 -3.601111e-02 4.346195e-01 -3.169531e-01 3.631704e-02 -2.703749e-01
2.277235e-01 -3.279527e-01 -1.938845e-01 -1.685299e-01 -1.108367e-01 2.826437e-01 3.804848e-02 -1.477070e-01 2.682337e-01 3.036512e-01 -1.835420e-02 -2.692057e-01 -1.978693e-01 2.552020e-02 4.929285e-01 1.294238e-01
7.359208e-02 1.084845e-01 3.482084e-01 -1.168676e-01 -3.627744e-01 -2.151678e-02 -1.172286e-01 1.580860e-01 -4.687944e-02 1.512305e-01 3.360511e-01 5.505449e-02 9.356037e-02 -3.615384e-02 -3.690775e-01 5.283155e-01
-8.943057e-02 2.692203e-01 -7.793847e-02 -1.721600e-01 1.679070e-01 1.571920e-01 3.136327e-01 -2.030788e-01 1.516417e-01 -2.501551e-01 -3.021611e-01 7.353780e-02 3.367638e-01 2.258354e-01 -1.421972e-01 8.780159e-03
-1.126440e-01 2.048609e-01 -1.967527e-01 -3.971900e-03 2.786200e-01 1.425034e-01 -3.454936e-01 -1.098044e-01 1.630689e-02 -2.461621e-01 6.946732e-02 4.085536e-01 -1.178904e-01 6.164166e-02 4.607960e-01 -1.071238e-01
-3.407792e-02 2.387037e-01 6.501301e-02 -1.778748e-01 7.284724e-02 -2.342583e-01 3.341942e-02 1.667134e-01 1.418886e-01 3.567917e-02 4.603966e-02 -1.418232e-01 -2.964639e-01 4.934828e-01 3.941710e-01 -3.167352e-01
3.861614e-02 1.981025e-01 -1.812306e-01 1.769351e-01 -9.035234e-02 8.995999e-02 3.128321e-01 2.109653e-01 5.294603e-02 3.414589e-01 1.879132e-01 -6.709107e-02 2.258389e-01 9.624435e-02 -1.957950e-01 2.969383e-01
-1.165691e-01 -5.398724e-02 6.313690e-02 -1.815561e-01 1.974304e-01 -1.058275e-01 -2.688880e-01 -1.837309e-02 7.169690e-03 -4.064850e-01 -1.293252e-01 3.780921e-01 3.702360e-02 5.477580e-02 4.761605e-01 -2.103203e-01
5.019968e-02 -1.881915e-01 7.940219e-02 2.026264e-01 -1.501105e-01 -1.212206e-01 -2.407869e-01 2.345814e-01 -1.654696e-01 3.713062e-01 3.479552e-01 -1.889724e-01 -2.605975e-01 -1.006330e-01 2.811627e-02 1.475914e-01
1.471688e-02 -2.509953e-01 2.132669e-01 -1.422643e-02 -1.947558e-01 -1.609933e-01 3.463775e-01 1.602943e-01 -9.333660e-03 2.353112e-01 -4.926928e-02 -2.045384e-01 1.070972e-01 -6.945764e-02 -3.064320e-01 1.298597e-01
-1.892484e-01 5.534567e-01 9.129141e-03 -2.804777e-02 9.589361e-02 -3.295509e-01 -1.814070e-01 2.011284e-01 -1.940982e-01 1.163476e-01 -4.222267e-02 2.052647e-01 -1.822448e-01 -8.420113e-02 -4.456953e-01 -1.666903e-01
-3.279797e-01 -3.406880e-02 -3.111750e-01 9.252235e-02 2.328687e-01 1.348584e-01 -1.713531e-01 6.531480e-02 1.833295e-01 -1.966482e-01 2.952789e-02 5.547129e-01 -1.650536e-02 -8.477680e-04 3.835779e-01 5.270907e-02
4.476208e-02 2.697323e-01 -1.783418e-01 -8.712389e-02 -4.615549e-02 -2.636950e-01 -3.073826e-02 1.027936e-02 -2.658485e-01 1.634138e-01 3.346301e-01 -8.815885e-02 -2.134092e-01 2.229258e-01 -8.976142e-02 1.976734e-01
7.870325e-02 -3.672712e-01 2.044916e-02 -1.840349e-01 -1.968817e-04 3.980170e-01 2.024105e-01 -2.412800e-01 3.054862e-01 -1.605860e-02 6.110594e-02 -2.196963e-01 -5.221125e-02 1.267828e-01 4.180958e-01 1.650275e-01
-2.034547e-01 -7.721602e-04 -6.037601e-02 9.327823e-02 5.646955e-01 1.249752e-01 8.297921e-02 -6.105581e-03 -8.106326e-02 -1.674031e-02 -1.613711e-01 -7.998794e-02 -9.882598e-02 4.418571e-02 4.932346e-01 -4.309436e-01
-9.575987e-02 4.735002e-01 4.517894e-02 1.349582e-01 1.397696e-01 -2.486777e-01 -1.315881e-01 3.168053e-01 -2.767488e-01 1.168307e-01 5.552235e-02 3.752637e-01 3.538192e-02 -2.324731e-01 -3.415311e-01 -9.887087e-02
-1.890547e-01 -2.682565e-01 1.923442e-01 2.435104e-01 1.710548e-01 -1.371109e-02 -6.235035e-02 8.305947e-03 3.947278e-01 -2.478050e-01 -3.262330e-01 3.716429e-01 2.453293e-01 -2.034371e-01 -1.955633e-02 -1.299368e-01
8.995901e-02 -4.636348e-01 -5.135334e-02 -2.140767e-02 -1.613050e-01 1.765665e-01 1.156088e-01 -1.339218e-01 1.912087e-01 1.676544e-01 6.843573e-02 -1.385894e-01 2.008423e-01 1.301376e-01 5.550566e-01 1.580347e-01
-1.783402e-01 1.472184e-01 4.837151e-01 -4.367864e-02 -6.201733e-02 9.935708e-02 -5.233640e-02 2.458296e-01 -1.193115e-01 2.940008e-01 3.208746e-01 6.440190e-02 2.149531e-01 5.156178e-02 -1.438219e-01 4.759959e-01
-2.335813e-01 1.190588e-01 3.131919e-02 -9.109444e-02 6.009163e-01 -1.109755e-01 -2.402204e-01 -1.780708e-02 3.281749e-01 -2.065867e-01 -3.215996e-01 2.964807e-01 -8.991908e-02 1.092942e-01 1.173032e-01 -1.362851e-01
2.225243e-01 1.457791e-01 -1.832684e-01 3.700683e-01 -1.626548e-01 2.067813e-01 -6.025692e-02 1.757744e-01 9.398362e-02 4.387920e-01 3.675773e-01 -1.159722e-01 -1.022601e-01 -9.713870e-02 -1.295993e-01 1.325776e-01
-5.682275e-02 1.909256e-01 2.265148e-01 -1.800307e-01 3.180511e-01 2.057817e-01 -1.815052e-01 -1.908658e-01 1.594427e-02 -4.671574e-02 -2.855512e-01 -3.868195e-03 -2.165457e-01 -1.899767e-01 -1.488173e-02 -9.777672e-02
4.431082e-01 2.372806e-01 -3.390790e-01 3.969356e-02 2.553715e-02 2.179354e-01 -9.499075e-02 -1.970463e-01 -6.674425e-02 -1.581021e-01 -4.478744e-02 -5.904727e-02 -1.223013e-01 4.046967e-02 1.127012e-01 -9.550633e-02
-5.221674e-02 4.917646e-01 2.492039e-01 -5.966547e-02 2.363978e-01 2.986056e-02 1.265990e-02 2.543223e-01 -7.165606e-02 -4.659165e-02 -8.774474e-02 3.296556e-01 -2.064765e-01 -2.373948e-01 -4.005632e-01 -1.504880e-01
-3.287769e-01 3.778114e-02 -2.178663e-01 -1.902699e-01 2.091238e-01 1.109874e-01 2.393525e-01 -6.332348e-02 2.748847e-01 -2.682406e-01 -2.870641e-01 4.619737e-01 3.284138e-01 9.515508e-02 1.138232e-01 2.326676e-02
2.416321e-01 -1.491313e-01 -7.594588e-02 -8.948661e-02 -1.179162e-01 5.822021e-01 4.751649e-02 -1.146387e-01 -5.981059e-02 -3.721602e-02 -3.919682e-02 -1.384605e-01 3.202450e-01 -2.585462e-01 -1.492902e-01 -1.420372e-01
-2.108672e-01 -1.469450e-01 8.108196e-02 2.067468e-01 1.375499e-02 -2.162459e-01 4.242137e-03 -4.550845e-02 -3.223074e-02 -5.339582e-03 -2.480854e-02 3.485601e-01 9.187532e-02 -2.719881e-01 -2.704192e-01 3.242501e-01
-8.919495e-02 1.018080e-01 2.262182e-01 5.791816e-02 -2.182991e-01 9.622650e-02 -3.293125e-02 3.753433e-01 -1.837456e-01 2.108906e-01 1.405056e-01 1.382942e-01 4.001207e-01 6.523452e-02 -2.443376e-01 4.957606e-01
-3.963418e-02 3.875367e-01 6.931996e-02 -4.021972e-02 2.996123e-01 -9.901731e-02 4.096383e-02 1.515406e-01 -1.244752e-01 -3.341042e-02 1.669715e-01 5.639964e-01 -1.642875e-02 -1.367436e-01 -3.245555e-01 -2.098107e-01
4.450501e-01 -6.963456e-02 6.999660e-02 -2.581901e-01 -3.157073e-01 -2.271890e-01 -2.887037e-01 -1.006970e-01 8.814202e-02 -4.238888e-01 1.027415e-01 -2.130000e-01 -2.005183e-01 -6.019111e-02 -2.379720e-01 8.946270e-02
4.506719e-02 -5.060313e-02 -7.503295e-02 5.456544e-03 3.584702e-02 -6.904522e-02 1.677527e-01 -6.292769e-01 -1.783125e-02 3.383441e-01 3.131561e-01 9.437135e-02 2.706209e-02 4.560778e-02 -4.524251e-01 -2.183477e-03
6.734222e-02 1.527896e-01 4.291925e-01 -1.104409e-01 -4.405013e-01 5.934758e-02 -1.614483e-01 -7.636190e-02 -1.183451e-01 -2.029151e-02 4.118772e-01 -1.177990e-01 -1.657555e-01 -6.589152e-02 3.061377e-01 1.334232e-01
-2.232002e-01 -3.273113e-01 -9.924158e-02 1.488075e-01 3.376085e-01 -1.868756e-01 -3.153872e-01 4.896053e-01 -6.536191e-02 -2.329201e-02 -2.253107e-01 1.615346e-01 -3.030216e-01 8.968468e-03 1.824563e-01 9.348391e-02
1.346720e-01 -1.628281e-02 1.388388e-01 -7.969116e-02 -2.618289e-03 4.956101e-01 -4.915104e-01 -7.659537e-03 1.042539e-01 2.504702e-02 1.777688e-02 -2.239551e-01 -5.021531e-01 1.827696e-01 -4.706968e-02 1.418177e-01
-3.041196e-01 -2.162415e-01 -1.799083e-01 3.091321e-01 1.996158e-01 -2.579073e-01 1.430911e-01 2.341686e-02 -3.248493e-01 1.206373e-01 1.016177e-01 3.778913e-01 2.015716e-01 -1.660374e-01 -1.346487e-01 -9.411204e-02
-9.841340e-02 3.075950e-01 -1.023895e-01 -4.812596e-02 -3.435922e-01 -2.670134e-01 -3.698329e-02 2.286471e-03 4.778944e-01 -1.125034e-01 1.572383e-01 -3.320789e-02 7.084978e-02 -1.100832e-01 -9.158427e-02 -7.360540e-02
-1.773613e-01 -3.868088e-02 5.058365e-02 -2.545219e-01 -2.714325e-01 -2.998939e-01 5.941191e-02 -4.477576e-01 -3.106861e-01 -6.065118e-02 -4.467871e-02 2.645815e-01 -2.554216e-02 1.318937e-02 3.763985e-02 3.205414e-01
-1.873399e-01 2.135323e-01 -2.459562e-01 7.945616e-02 1.946400e-01 -5.247769e-01 3.416835e-02 -1.852928e-01 1.619833e-01 6.425703e-02 1.453547e-01 -5.917806e-02 -1.360689e-01 -1.178805e-01 1.156160e-01 -1.993634e-01
-1.682864e-01 -4.157123e-02 -2.188631e-01 1.751235e-01 2.061615e-01 9.889190e-02 -5.809392e-02 7.472599e-02 1.419842e-01 7.665448e-02 9.506488e-02 2.294871e-01 1.562307e-01 8.085511e-02 4.977281e-01 1.388974e-01
1.148027e-01 -1.040269e-02 -1.411821e-01 -3.566065e-01 -4.873750e-02 2.477054e-02 -1.026782e-01 -1.657844e-01 1.920051e-02 2.610386e-01 2.620631e-01 -1.948460e-01 9.983341e-02 5.524075e-02 3.384119e-01 6.042684e-02
4.505859e-01 -2.700497e-01 -1.180647e-01 -3.224406e-01 2.127899e-02 -2.161792e-01 -2.501266e-02 7.228117e-03 2.351956e-01 1.143234e-02 -1.564763e-01 -1.653846e-01 2.849935e-01 6.481491e-02 1.356851e-01 7.973167e-02
7.814398e-02 -3.958189e-01 2.493747e-01 -3.502362e-02 2.470482e-01 2.319162e-01 -2.351059e-01 -9.785120e-02 -3.986202e-01 8.104093e-02 -1.933687e-01 2.611144e-02 -3.303181e-02 6.001008e-02 2.194755e-01 -3.585430e-03
-2.837587e-02 1.101190e-01 3.669525e-01 -2.185151e-01 -1.145884e-01 8.283328e-02 -3.762395e-02 3.206312e-01 -8.257284e-02 -2.809077e-01 5.895511e-02 -2.069648e-01 -2.187315e-02 -3.312851e-01 -2.861748e-02 3.777202e-01
-1.328064e-01 -5.511527e-02 8.176555e-02 3.007286e-01 -1.538624e-01 -3.496813e-01 -2.979046e-02 -4.895838e-03 4.616920e-01 4.089814e-02 2.604757e-01 1.689604e-01 -1.967736e-02 -4.071280e-01 -7.765342e-02 2.008434e-01
3.056468e-01 -6.810116e-02 -4.480613e-02 3.704857e-01 1.610877e-01 2.487473e-01 -1.457935e-01 4.658997e-01 3.213337e-01 -1.860894e-01 1.069603e-01 -7.975050e-03 1.407682e-02 -1.774231e-01 -1.847149e-01 -1.873091e-01
-2.229387e-02 -6.420363e-02 5.685950e-02 2.002199e-01 3.097442e-02 -1.234885e-01 9.463383e-02 1.153206e-01 2.533883e-01 -2.623467e-01 -4.748285e-01 5.515005e-02 -2.366542e-01 1.524680e-02 -4.069952e-01 -8.469664e-03
1.956168e-02 -1.131992e-01 -4.451786e-02 8.590142e-02 3.156049e-01 -3.688728e-02 -2.406526e-01 -3.925936e-02 -3.146306e-01 1.952518e-01 4.456849e-01 2.022508e-01 -1.033948e-01 -3.488441e-01 -3.309954e-01 -5.988219e-02
7.979530e-02 1.636126e-01 -3.636366e-02 -8.649102e-02 -7.708450e-02 -2.219321e-01 -6.345604e-02 -5.695412e-01 3.578593e-03 1.855217e-01 3.315081e-01 8.320161e-02 1.299760e-01 2.958832e-01 3.150309e-01 -2.402925e-01
8.829276e-02 -7.450115e-02 -1.665092e-02 9.232056e-02 1.390576e-01 3.224641e-02 -5.655396e-02 7.319276e-01 2.472502e-01 -1.471753e-02 -6.093613e-02 -3.086641e-01 2.108563e-03 1.824327e-01 2.769442e-02 -2.853998e-01
1.863463e-01 1.793576e-01 2.763993e-01 -4.386336e-02 -3.314356e-01 2.027496e-01 1.779451e-01 -3.937469e-01 -1.754294e-03 -1.640006e-02 2.704829e-01 -1.699173e-01 -1.279092e-01 1.063431e-01 -4.564442e-01 -2.522159e-03
-2.294867e-02 5.872851e-02 -9.554408e-02 1.879058e-01 3.737930e-01 2.375813e-01 2.458518e-01 1.235548e-01 -1.552802e-01 2.491680e-02 1.563995e-01 1.816319e-01 -2.612442e-01 1.462514e-01 9.850476e-02 4.164349e-01
1.657896e-01 3.817321e-01 3.784015e-02 -2.859963e-01 -3.036216e-01 1.471023e-01 2.318736e-01 -3.298645e-01 8.112523e-02 9.344803e-04 1.858306e-01 -1.440817e-01 4.090169e-01 -4.018907e-02 -8.085898e-02 -9.358174e-02
1.208958e-02 -9.176660e-02 -4.054330e-01 1.884081e-01 2.355262e-01 -1.637493e-01 1.007854e-01 -3.233592e-01 2.595427e-02 3.321809e-01 -1.691973e-01 1.452183e-01 5.726079e-02 3.917245e-01 -4.922592e-03 -3.487198e-01
8.344825e-02 5.916909e-04 -1.222898e-01 -1.051570e-01 2.150886e-01 3.749022e-01 1.447000e-02 5.411609e-03 -4.547427e-01 7.466092e-03 -1.486774e-01 -1.137151e-02 5.382267e-02 3.633434e-01 2.106964e-01 -1.057224e-02
2.597587e-01 -9.587412e-02 -9.204846e-02 3.070863e-02 -4.983984e-02 -1.759363e-01 2.069927e-01 3.233786e-01 -2.023176e-02 7.276506e-02 4.441588e-03 9.533889e-02 4.020819e-01 -8.205464e-02 -4.777471e-01 2.481782e-02
-9.616250e-02 -4.864831e-02 -7.538830e-02 1.541549e-02 5.258868e-02 5.370987e-03 1.144016e-01 -3.737630e-01 -1.964647e-02 3.038992e-01 2.062086e-01 1.512074e-01 2.903399e-01 -2.906039e-02 -6.466877e-01 3.371647e-02
-2.473238e-02 2.605430e-02 4.843170e-01 -6.231124e-02 -1.645982e-01 4.172566e-01 -9.511599e-02 2.639646e-01 4.515282e-03 -3.336102e-01 2.387767e-01 -1.111905e-01 4.981269e-02 -3.007167e-01 1.704739e-01 3.053122e-01
-3.270006e-01 1.748545e-01 1.782865e-01 -1.546408e-02 4.645898e-02 2.878710e-01 -3.467146e-01 -3.663157e-01 -3.337352e-04 -1.160922e-01 -5.015544e-03 -8.487923e-02 -3.373903e-01 1.098882e-01 3.950356e-01 -1.591964e-02
4.843502e-02 1.406304e-01 6.174549e-02 -2.592643e-02 -1.053937e-01 4.782606e-02 -1.272572e-01 3.155408e-01 1.350194e-01 -2.590626e-01 -3.215182e-01 -1.128980e-01 -1.494013e-01 7.713125e-02 5.332747e-01 -2.254251e-02
-7.875931e-02 5.753605e-02 -5.118226e-03 2.717481e-01 4.135923e-02 1.396507e-01 -7.135009e-02 -2.456410e-01 1.321127e-01 3.905199e-02 9.130291e-03 1.248218e-01 -5.534760e-01 -9.342661e-02 -2.162547e-01 -7.645480e-02
3.201309e-01 -9.892400e-02 -6.729075e-02 -1.798186e-02 -1.435907e-01 6.977698e-01 -1.583696e-01 1.188701e-02 3.346451e-02 7.876746e-03 -8.703467e-02 -8.347660e-03 5.194238e-02 9.248370e-02 -1.662620e-02 1.961645e-02
-1.933853e-02 1.742034e-01 -6.980523e-02 -3.340003e-01 -2.346950e-02 4.928129e-03 3.214598e-01 1.815843e-02 4.423905e-02 2.202279e-03 5.838569e-02 -9.588008e-02 6.690533e-01 -1.256843e-01 1.671144e-01 -2.810980e-03
-5.524070e-02 1.796704e-01 1.016322e-01 -1.312803e-01 -5.029441e-02 -8.232851e-02 -1.087621e-01 1.373037e-01 -4.515189e-02 4.097518e-01 -1.672076e-01 -1.972364e-01 -1.641652e-01 -1.205170e-02 -4.013709e-02 4.877957e-02
-3.280528e-02 1.581002e-01 -3.401453e-02 -2.080808e-01 2.787893e-01 3.072624e-02 1.109071e-01 1.108417e-02 1.687007e-01 2.588023e-01 2.585414e-01 4.213484e-01 -1.116368e-01 2.722427e-02 7.927154e-02 -1.327831e-01
4.815813e-01 -1.962906e-01 -1.436616e-01 1.050033e-01 -6.283629e-02 9.582405e-02 1.580900e-02 -1.217238e-01 3.357710e-02 -1.925507e-01 1.135709e-02 3.049347e-01 2.133743e-01 -8.110679e-02 -1.212893e-01 -1.493189e-01
-2.490812e-01 -1.977378e-02 1.403923e-01 9.335467e-02 4.511408e-01 1.080164e-01 4.023980e-01 1.743760e-01 6.889048e-02 8.621328e-02 3.755230e-02 -2.334707e-01 5.093199e-02 1.542466e-01 2.994292e-01 3.374130e-03
-3.558360e-01 1.956411e-01 3.294178e-01 1.500742e-01 1.438855e-01 2.072500e-01 1.257335e-01 1.395077e-01 5.450404e-02 5.201452e-01 1.506491e-01 2.873831e-01 1.288970e-01 4.645268e-02 1.170798e-01 1.501087e-01
7.542878e-02 -1.254993e-01 2.948242e-01 -1.029798e-01 -1.281645e-01 -1.340706e-01 3.311713e-01 -6.317940e-02 -7.803832e-02 -1.563293e-01 -2.505315e-01 -2.240418e-01 1.951632e-01 8.658252e-02 -2.324712e-01 -2.132648e-02
-6.123707e-02 3.653114e-02 -2.720497e-01 1.172272e-01 1.934604e-02 1.407560e-01 -2.449071e-01 8.893093e-02 2.633355e-02 -2.114768e-02 2.333493e-01 3.327088e-01 -1.937436e-01 -5.672577e-02 4.548624e-01 -1.582353e-02
-1.080831e-02 1.240929e-01 -1.059219e-01 7.791230e-02 2.086284e-01 -1.095567e-01 -2.647274e-02 8.419391e-02 -2.144895e-01 6.687778e-02 4.819653e-01 -8.378646e-02 9.813009e-02 -1.705880e-01 -3.628566e-02 8.670741e-02
3.214487e-01 -2.898576e-02 -1.135281e-01 -1.276823e-01 -4.426517e-03 5.364276e-01 -1.181596e-01 2.742951e-02 -1.039653e-01 -7.895759e-02 -4.105467e-02 -3.353225e-01 1.107061e-01 -1.292791e-02 -1.048419e-02 -2.209462e-01
-1.559410e-01 1.141281e-02 -4.501205e-02 -1.695398e-01 5.539170e-02 7.111008e-02 4.366517e-01 -4.923733e-02 2.328688e-01 -1.039076e-01 -3.389591e-01 1.189092e-01 4.374737e-01 1.346469e-01 -2.475880e-01 9.250532e-02
-2.257290e-01 1.255862e-01 4.262167e-01 3.014620e-02 1.813352e-01 1.706124e-01 5.056437e-02 3.585258e-01 -2.088978e-01 2.075077e-01 2.081314e-01 -6.313248e-02 1.558469e-01 6.035326e-02 1.226947e-01 2.826886e-01
1.212914e-01 -9.659506e-03 6.486156e-02 -3.503434e-02 2.682396e-01 9.453311e-02 1.965609e-01 2.740899e-02 -1.936132e-02 -1.735145e-02 3.177094e-01 6.421275e-01 2.893829e-01 -6.757913e-02 6.961040e-02 -1.234710e-01
1.234026e-01 -3.024622e-01 -1.431568e-01 1.419474e-01 -4.826266e-02 1.336202e-01 1.943924e-01 -8.196778e-02 3.634012e-02 -2.407787e-02 3.525761e-01 3.538705e-01 1.432882e-01 -1.913536e-01 3.155566e-01 -1.086328e-01
-1.040618e-01 2.243280e-01 -1.199018e-01 -8.968263e-02 7.226489e-03 -3.256063e-01 2.201914e-02 -5.317505e-02 -3.014623e-01 2.283966e-01 2.140878e-01 1.046856e-01 -2.669457e-01 5.558185e-02 -2.490343e-01 4.383951e-01
-1.983911e-02 -7.747547e-02 7.458885e-02 -1.508046e-01 -6.489891e-02 2.161305e-01 6.735098e-02 -9.182750e-02 4.179843e-01 -6.114326e-02 -2.099854e-01 2.828778e-01 -2.589884e-02 1.781229e-01 6.162941e-03 -7.923220e-02
-1.224163e-01 1.852568e-01 1.292177e-01 -2.008146e-01 6.124858e-01 1.435465e-02 -2.728834e-01 8.690774e-02 8.374365e-02 -1.306064e-01 -2.531398e-01 4.410991e-02 -6.688157e-02 1.201647e-02 6.052398e-02 -2.567174e-01
2.037893e-01 -2.467173e-01 4.895810e-02 1.362248e-01 -1.155041e-01 4.792363e-01 -6.082515e-02 4.400907e-03 1.689149e-01 -2.068002e-01 -1.037559e-01 -2.083983e-01 2.754466e-01 -1.456470e-01 1.675560e-01 -2.752376e-01
-2.799006e-01 -2.260629e-02 1.128113e-02 1.959857e-02 3.545777e-01 -1.300157e-01 -7.189380e-02 -5.733446e-02 2.577459e-01 -1.471221e-01 -2.554671e-01 4.071585e-01 3.437384e-02 -1.112543e-02 5.938527e-02 1.905228e-02
5.289823e-01 1.638181e-01 -4.554577e-02 4.686032e-02 -7.245047e-02 -6.784432e-03 -5.637430e-03 -6.931364e-02 -1.136598e-01 1.099048e-01 4.325045e-02 -2.086193e-01 -8.108908e-02 -4.606672e-02 -3.771343e-02 -4.343660e-02
-3.480750e-02 -9.373039e-02 1.318715e-01 1.758225e-01 8.091533e-02 -3.521487e-03 1.537910e-01 2.703120e-02 -1.201846e-01 -2.647191e-01 2.296711e-01 3.634011e-01 5.124345e-01 4.275867e-03 -1.367158e-02 -1.395491e-02
9.299771e-02 -1.188978e-01 -5.570063e-02 2.567518e-01 -1.294136e-01 -1.699398e-02 -2.748905e-01 1.759261e-01 -1.240654e-01 1.832269e-01 3.761213e-01 -5.411759e-03 -2.642697e-01 -1.465140e-01 2.956377e-01 -6.170167e-03
1.207616e-01 -1.745019e-02 2.624255e-01 -2.984919e-01 -6.523609e-02 -8.242291e-02 -1.766017e-01 1.185636e-02 -1.817866e-01 -9.944087e-02 4.119132e-01 -1.714172e-01 -1.172933e-01 -1.953273e-01 -1.837710e-01 9.096184e-02
2.814277e-02 2.950993e-01 3.583736e-02 -1.519338e-01 1.022370e-01 1.385252e-01 4.432267e-01 -1.945675e-01 1.699458e-02 -2.449972e-01 -2.479814e-01 5.190713e-02 2.900233e-01 2.798757e-01 -1.791131e-01 2.232275e-03
5.357529e-02 2.080159e-01 2.391703e-01 -9.000288e-02 5.173470e-02 1.290603e-01 -2.069964e-02 1.741643e-01 -1.863547e-02 7.687455e-02 -1.023174e-01 4.835697e-01 2.810916e-02 -1.232254e-01 -1.909553e-01 -1.165424e-01
7.739628e-03 -4.704642e-02 -1.279996e-01 1.796887e-01 -2.938035e-01 -2.024971e-01 9.565749e-02 -1.443704e-01 -2.524462e-01 1.328300e-01 2.170205e-01 1.156478e-01 -4.275872e-02 -1.352034e-01 -2.793468e-01 5.097010e-01
-2.214409e-02 -1.052858e-01 -2.400091e-02 5.314810e-01 -5.096945e-02 -3.161950e-02 2.625852e-02 1.334394e-02 -1.272964e-01 -1.702628e-01 -3.799023e-02 -1.266886e-01 3.261385e-02 -9.405535e-02 6.226250e-02 7.249596e-02
1.572120e-01 -1.214225e-01 -1.095366e-01 7.169407e-03 2.664067e-01 1.333221e-01 1.897151e-01 -1.894656e-01 2.426176e-01 -1.682212e-01 3.510976e-01 4.774247e-01 2.294960e-01 6.308614e-02 1.404016e-02 -1.655265e-01
-2.583186e-01 3.222827e-01 7.145808e-02 -2.613672e-01 1.939854e-01 -1.914823e-01 6.708339e-02 -5.465485e-02 -5.735591e-02 1.384030e-01 -4.518094e-02 -1.340593e-01 1.140563e-01 3.598027e-01 -2.024245e-01 3.982475e-01
-1.739614e-01 -1.211350e-02 -1.511148e-01 1.726603e-01 -1.283114e-01 1.093158e-01 2.628650e-01 1.499334e-01 8.572352e-02 2.405987e-01 2.149424e-02 2.147599e-01 3.802277e-01 7.769507e-02 -9.359930e-02 1.987821e-01
-5.930069e-02 5.319359e-01 -2.250889e-01 -1.028800e-02 1.779101e-01 7.457357e-02 5.339053e-02 4.109105e-02 1.628928e-01 1.634453e-01 -2.343602e-02 1.583196e-02 1.911423e-01 1.606333e-01 -1.471884e-01 2.174900e-01
-3.492985e-01 1.322051e-01 2.552927e-02 2.972429e-01 3.063486e-01 2.370836e-01 2.326657e-01 9.728011e-02 7.725374e-02 4.042502e-01 -1.472643e-01 2.734991e-01 1.334078e-01 1.122908e-01 3.079383e-01 -1.247793e-01
-1.087441e-01 1.104991e-01 -6.800761e-02 -7.853001e-02 1.567467e-01 -1.176011e-01 -7.836796e-03 -1.226970e-01 2.132340e-01 -9.230996e-02 -5.411281e-02 -5.112068e-02 -1.365823e-01 2.313300e-01 4.322740e-01 -7.923115e-02
1.514560e-01 -1.100200e-02 1.033796e-01 -1.250189e-01 2.651515e-01 -8.402478e-03 -1.326557e-01 5.815990e-03 -1.786148e-01 3.019585e-01 4.936573e-01 4.128672e-03 -1.423708e-01 -2.626983e-01 -2.145915e-01 -3.476920e-02
-9.264056e-02 -1.028371e-01 -1.974349e-01 1.633617e-01 3.458260e-01 -1.313745e-01 -2.580984e-01 -5.304710e-02 -2.314620e-01 6.231236e-02 4.092270e-01 3.683480e-01 -5.502264e-02 -3.116464e-01 -1.551350e-01 -5.842194e-02
-4.019921e-02 -6.264445e-02 -3.929756e-01 -4.528113e-03 -2.546779e-01 2.445196e-01 5.426005e-03 1.995493e-01 1.641289e-01 -2.552415e-01 -3.322573e-01 2.580335e-02 -7.382300e-02 2.256466e-02 -2.088868e-01 -2.824381e-02
-1.294233e-02 5.063692e-02 4.112236e-02 -1.515489e-01 -8.097720e-02 -1.772283e-02 1.330267e-01 9.762017e-02 1.521506e-01 7.657640e-02 -1.758581e-01 -2.901485e-01 -5.943317e-02 2.130730e-01 2.618617e-01 7.328899e-03
1.693095e-01 2.672817e-01 5.661124e-02 -4.565183e-01 7.290460e-03 -1.848434e-01 4.106652e-02 -2.365699e-01 -2.220166e-01 9.473799e-02 -4.441806e-02 -2.290262e-01 -3.416844e-02 1.928899e-02 -2.241345e-02 2.970779e-02
-2.049049e-01 2.926460e-01 -2.780391e-01 -1.775054e-01 2.443432e-01 8.318348e-03 -1.398673e-02 -9.895265e-04 3.913355e-02 4.339406e-02 -1.615147e-01 1.342497e-01 3.884822e-01 -1.232111e-01 3.979972e-01 -1.509508e-01
4.800883e-02 1.396450e-01 1.700349e-01 -6.885777e-02 -6.829455e-03 -6.296241e-01 6.541003e-02 -1.378927e-02 -2.621701e-01 1.597427e-01 1.007316e-01 -6.443724e-02 -6.723931e-02 -2.258093e-01 -8.752240e-03 1.109629e-01
-1.425095e-01 1.945429e-01 -1.457624e-02 2.264282e-01 -4.473945e-02 2.322960e-01 -4.172440e-02 -3.505826e-01 -5.820597e-02 1.015823e-01 2.207735e-01 1.357678e-01 -4.473026e-01 -1.227675e-01 -2.562942e-02 -7.035782e-02
-1.152878e-01 -1.091212e-01 -1.382132e-01 4.696375e-01 3.689367e-02 3.107592e-02 -3.361880e-02 1.427194e-01 9.658594e-02 -1.738634e-02 7.155892e-02 2.815330e-01 6.534142e-02 -3.528282e-02 1.371281e-01 7.744609e-02
-1.081747e-01 -1.818605e-03 2.340095e-02 -2.145193e-01 8.337919e-02 -1.907779e-02 6.082471e-02 4.139324e-01 -3.231944e-02 -6.704305e-02 -4.655179e-02 -2.930961e-02 4.142828e-01 -6.246565e-02 -5.333225e-02 8.435923e-02
2.273397e-01 -1.151794e-01 -1.626694e-02 1.982165e-01 -1.085407e-01 4.817990e-02 -4.729043e-02 4.774645e-02 -7.384792e-02 -3.881099e-01 1.256687e-01 4.262177e-01 -6.207299e-02 -3.160916e-01 -2.557809e-01 2.078679e-01
4.942193e-02 1.177482e-01 2.314912e-02 -2.346876e-02 3.581861e-01 1.769951e-01 2.831059e-01 4.224391e-02 -3.150770e-01 -2.569750e-02 -3.727251e-02 -3.303492e-02 -2.820151e-01 1.753333e-01 -1.948692e-01 2.402209e-01
-2.176149e-01 8.219904e-02 1.202128e-01 -8.287475e-02 1.040436e-01 1.457903e-01 -1.438567e-01 -6.160508e-01 6.086642e-02 -4.592507e-02 -2.169357e-02 -9.564377e-02 -2.746110e-01 2.533033e-01 7.026548e-02 1.303482e-01
-3.922873e-02 -1.978418e-02 -2.600414e-01 1.933576e-01 1.443693e-01 9.029811e-02 -2.150213e-02 -4.529773e-01 1.418317e-01 1.521500e-01 -1.037747e-01 1.527688e-01 1.117938e-01 4.665565e-02 1.312438e-01 -3.172510e-01
2.682431e-01 -2.290239e-02 -5.120736e-03 -2.128642e-02 -3.556120e-02 -1.407416e-01 4.398891e-02 -5.961580e-01 3.957465e-02 8.484970e-02 1.418477e-01 -1.169554e-01 -3.614943e-01 1.835816e-01 2.566495e-01 4.896981e-02
-1.616854e-02 1.161894e-01 -3.878623e-01 1.801716e-01 3.750019e-01 -3.265112e-01 7.854026e-02 -1.532257e-01 -1.572321e-01 2.002626e-01 -2.039694e-02 -7.351954e-02 -3.072416e-02 5.546461e-02 1.056154e-01 -8.685265e-02
-7.080537e-02 -4.352245e-02 -1.035331e-01 6.021409e-02 -2.733675e-01 -6.557302e-02 -2.381571e-01 -1.685080e-02 3.345817e-01 4.330462e-02 1.757241e-02 1.209369e-01 3.065270e-01 -8.447723e-02 3.225935e-01 -1.030913e-01
1.010393e-01 -3.160133e-01 -3.283837e-02 2.502793e-01 1.271041e-01 -4.652192e-03 -1.617670e-01 -2.224067e-02 -8.014748e-02 1.469809e-01 1.120574e-01 -1.794107e-01 -1.801940e-01 2.165889e-01 -3.918820e-01 1.574199e-02
2.723139e-03 -7.813567e-02 4.221454e-01 1.238322e-01 3.560979e-01 -1.557688e-02 3.266427e-02 -2.302637e-01 3.141353e-02 2.560874e-02 1.718186e-01 -1.194927e-01 1.911324e-01 -1.930833e-01 1.867871e-01 1.892218e-01
2.295015e-01 -9.096266e-02 1.360356e-02 6.972259e-02 2.408001e-02 -8.000185e-02 7.391394e-02 -2.428552e-02 4.497921e-01 -4.179522e-02 -3.149453e-01 3.212487e-02 -3.976884e-02 -1.549754e-01 -1.762500e-01 -3.056981e-02
3.552561e-01 -7.892545e-02 7.944396e-02 1.439011e-01 3.595332e-01 -1.929563e-01 1.717688e-02 2.854630e-03 1.444763e-01 3.022839e-01 2.823031e-01 -1.870841e-05 -1.553399e-01 2.114845e-02 2.190307e-01 -6.984413e-02
4.811331e-02 1.970740e-01 1.308258e-01 -1.192492e-01 -1.831447e-01 8.736384e-02 -1.005315e-01 -2.081372e-01 2.329997e-02 3.316118e-02 4.396381e-01 -3.339536e-03 8.659197e-02 9.287514e-03 2.216319e-01 -4.962662e-02
-4.388967e-02 -1.416163e-01 -6.244788e-02 1.677851e-02 -3.752524e-02 5.693231e-01 -1.709776e-01 2.556939e-02 2.108581e-01 -6.802297e-02 -1.577526e-03 3.584600e-02 -6.333704e-02 -3.285015e-02 4.126676e-02 -9.211392e-02
1.326885e-02 -2.115280e-01 -6.003206e-02 8.836709e-02 4.727654e-01 1.496061e-01 -2.784625e-01 -7.740132e-02 -1.244750e-01 -7.453887e-03 4.218097e-01 1.462650e-01 -2.892928e-01 -1.213651e-01 -2.399724e-01 5.331679e-02
-2.949869e-02 3.313602e-02 2.150856e-01 9.160614e-02 3.815871e-01 1.639677e-01 1.135445e-01 -7.404777e-02 3.802551e-02 -1.325931e-01 -1.446548e-01 6.699386e-02 5.758548e-01 1.609115e-01 7.876164e-02 7.448300e-03
-5.884310e-02 1.384902e-01 -4.810304e-01 1.173681e-01 3.840729e-01 4.679884e-02 -3.324816e-01 -1.476236e-01 1.261183e-01 6.507246e-02 -6.773271e-02 -4.380367e-02 -4.245358e-02 -5.160768e-02 2.005371e-01 -7.425158e-02
3.563418e-01 -3.291071e-01 -5.179292e-02 -2.060892e-01 4.815405e-02 -2.501355e-01 -4.650652e-04 1.691732e-01 1.651757e-01 -1.334454e-01 -2.946444e-01 -8.975068e-02 3.675203e-01 1.148638e-01 -4.261467e-02 6.634022e-02
5.871101e-02 -3.442467e-02 1.533330e-01 -1.780444e-01 -2.660031e-01 8.047212e-03 3.225057e-02 -2.201255e-02 1.086855e-02 -9.464627e-02 8.469488e-02 -7.032031e-02 -1.879632e-01 6.431517e-02 -4.370773e-01 9.984539e-03
-4.071067e-02 2.316178e-03 2.100999e-01 -2.481526e-02 -3.054183e-02 -3.197888e-03 3.765355e-02 5.209728e-01 -1.201592e-01 -2.698603e-01 -1.049132e-01 -5.324899e-02 -7.269948e-02 -1.460793e-01 -1.438622e-01 2.533673e-01
-2.666784e-01 1.418461e-01 4.567306e-02 1.952750e-02 6.405690e-02 2.496589e-01 -2.048868e-01 -3.275049e-01 -4.993991e-03 1.082811e-01 -2.522246e-02 1.315232e-01 1.475198e-01 4.493045e-02 -5.350245e-01 1.295163e-02
-1.575364e-01 9.142815e-02 -3.673732e-03 -4.615169e-02 2.200856e-02 -1.165667e-02 -4.105202e-02 1.724003e-02 -5.684291e-01 -7.491080e-03 1.354836e-01 -5.697442e-02 9.918098e-02 1.576580e-01 6.731785e-02 -7.616190e-02
2.924366e-01 -9.038464e-02 -6.136651e-02 4.241800e-02 -1.093894e-01 -1.682427e-01 9.188191e-02 5.914171e-01 -9.949554e-03 -5.134524e-02 -7.466573e-02 3.458634e-02 8.019100e-02 -6.421109e-02 8.025958e-02 7.233443e-03
