1 5 16 16 32
-3.786280e-01 6.908093e-02 -4.806364e-02 3.209520e-01 3.401560e-01 2.614166e-01 2.902729e-01 1.407295e-01 -3.246618e-02 4.141865e-01 -1.280386e-01 2.766685e-01 2.564362e-01 7.622193e-02 2.832017e-01 -1.317979e-01
-9.098575e-02 3.852219e-01 1.969932e-01 1.467324e-01 8.933896e-02 -1.963376e-01 -2.224351e-02 2.291372e-01 -2.592121e-01 -1.480435e-01 1.202163e-01 3.899973e-01 2.262680e-01 -1.233652e-01 -3.985810e-01 -8.348813e-02
4.922850e-02 -3.385366e-01 2.043217e-01 1.450956e-01 -5.058658e-02 4.288995e-01 -6.219785e-02 4.114719e-02 2.452881e-01 -1.724347e-01 -1.420786e-01 -2.755275e-02 4.418840e-01 -3.090102e-01 2.315598e-02 -2.786645e-01
2.254144e-01 -3.223617e-01 -1.973584e-01 -1.766669e-01 -1.033911e-01 2.889643e-01 4.432719e-02 -1.453817e-01 2.546941e-01 2.966660e-01 -6.832558e-03 -2.567084e-01 -1.875651e-01 2.435062e-02 4.968386e-01 1.263795e-01
8.126768e-02 1.076781e-01 3.479686e-01 -1.289319e-01 -3.666033e-01 -2.010329e-02 -1.308968e-01 1.589237e-01 -3.895357e-02 1.421295e-01 3.450398e-01 4.695791e-02 9.689475e-02 -4.327684e-02 -3.696049e-01 5.250518e-01
-8.919256e-02 2.648205e-01 -8.107407e-02 -1.724772e-01 1.693248e-01 1.524874e-01 3.108145e-01 -2.066248e-01 1.487619e-01 -2.644888e-01 -3.035201e-01 7.104374e-02 3.468051e-01 2.337866e-01 -1.405652e-01 1.037247e-02
-9.937508e-02 2.190963e-01 -2.056127e-01 -2.046898e-03 2.774429e-01 1.418800e-01 -3.510466e-01 -1.143446e-01 2.678369e-02 -2.414301e-01 8.138626e-02 4.058408e-01 -1.200138e-01 6.527562e-02 4.490519e-01 -1.027646e-01
-3.286402e-02 2.394407e-01 5.838953e-02 -2.018159e-01 6.831354e-02 -2.284312e-01 5.911773e-02 1.681643e-01 1.487706e-01 5.140388e-02 5.719310e-02 -1.320874e-01 -2.938324e-01 4.924440e-01 4.020553e-01 -2.979715e-01
5.510303e-02 2.081216e-01 -1.789728e-01 1.860403e-01 -1.046470e-01 8.450866e-02 3.090546e-01 2.027816e-01 4.473588e-02 3.278251e-01 1.849342e-01 -6.395901e-02 2.201763e-01 9.759208e-02 -1.948010e-01 2.945923e-01
-1.157912e-01 -5.766072e-02 5.867469e-02 -1.764781e-01 1.943223e-01 -1.042692e-01 -2.738365e-01 -2.623816e-02 7.325330e-03 -4.145606e-01 -1.322668e-01 3.746969e-01 2.448649e-02 5.809495e-02 4.723405e-01 -2.138583e-01
7.066600e-02 -1.740748e-01 8.313779e-02 2.085418e-01 -1.422769e-01 -1.311882e-01 -2.390716e-01 2.515371e-01 -1.805947e-01 3.755472e-01 3.583181e-01 -1.885127e-01 -2.606643e-01 -1.119723e-01 2.280174e-02 1.519366e-01
-8.356978e-03 -2.688243e-01 2.084761e-01 -7.273967e-03 -1.967473e-01 -1.730520e-01 3.609912e-01 1.841789e-01 -1.634042e-02 2.478877e-01 -4.257384e-02 -1.996313e-01 1.135620e-01 -7.591115e-02 -3.036849e-01 1.456605e-01
-2.009238e-01 5.591388e-01 1.173225e-02 -1.821129e-02 9.471516e-02 -3.265272e-01 -1.734294e-01 2.058334e-01 -1.907257e-01 1.194601e-01 -4.532911e-02 2.082747e-01 -1.922780e-01 -8.669262e-02 -4.462534e-01 -1.642058e-01
-3.238977e-01 -1.665725e-02 -3.128040e-01 7.678235e-02 2.340048e-01 1.259506e-01 -1.728832e-01 4.668550e-02 1.755181e-01 -2.041297e-01 3.500015e-02 5.660277e-01 -2.604529e-02 -1.963538e-02 3.940904e-01 4.921059e-02
4.502914e-02 2.806593e-01 -1.756047e-01 -8.742157e-02 -4.453331e-02 -2.701381e-01 -1.292768e-02 1.217042e-02 -2.678787e-01 1.695105e-01 3.354606e-01 -8.434966e-02 -2.134276e-01 2.109156e-01 -8.525573e-02 1.791268e-01
7.835982e-02 -3.695887e-01 1.377595e-02 -1.908597e-01 -4.665949e-03 4.017535e-01 2.074275e-01 -2.518480e-01 3.051111e-01 -1.567093e-02 6.187792e-02 -2.205538e-01 -4.376159e-02 1.320139e-01 4.210466e-01 1.640125e-01
-2.037943e-01 3.914452e-03 -6.318673e-02 8.008943e-02 5.641516e-01 1.256099e-01 7.985704e-02 -8.409638e-03 -8.280183e-02 -1.425896e-02 -1.620899e-01 -8.441816e-02 -1.000551e-01 5.240253e-02 4.970119e-01 -4.268950e-01
-1.039544e-01 4.535480e-01 5.488509e-02 1.411663e-01 1.400843e-01 -2.558925e-01 -1.410337e-01 3.234992e-01 -2.630226e-01 1.170390e-01 3.843844e-02 3.779821e-01 3.657315e-02 -2.160685e-01 -3.429132e-01 -1.012617e-01
-1.907481e-01 -2.659543e-01 1.832630e-01 2.463644e-01 1.763154e-01 -1.286527e-02 -6.075478e-02 2.756863e-03 3.950875e-01 -2.489005e-01 -3.275119e-01 3.760959e-01 2.326951e-01 -1.859888e-01 -6.258691e-03 -1.362632e-01
8.205803e-02 -4.776024e-01 -4.501788e-02 -1.484501e-02 -1.542533e-01 1.844678e-01 1.114037e-01 -1.342613e-01 1.890392e-01 1.604249e-01 6.301531e-02 -1.377377e-01 2.065558e-01 1.295814e-01 5.562686e-01 1.633316e-01
-1.692840e-01 1.513095e-01 4.903144e-01 -4.537380e-02 -6.484744e-02 9.186899e-02 -6.143735e-02 2.483386e-01 -1.233514e-01 2.820249e-01 3.329084e-01 5.492537e-02 2.083183e-01 4.763827e-02 -1.473894e-01 4.784527e-01
-2.296327e-01 1.262108e-01 2.133859e-02 -8.587321e-02 6.117006e-01 -1.060632e-01 -2.458656e-01 -2.714220e-02 3.398234e-01 -2.108081e-01 -3.259106e-01 2.867061e-01 -7.844251e-02 1.089904e-01 1.187518e-01 -1.394936e-01
2.186434e-01 1.554029e-01 -1.671857e-01 3.864806e-01 -1.594500e-01 1.835476e-01 -6.329995e-02 2.031535e-01 8.608273e-02 4.323007e-01 3.730380e-01 -1.081961e-01 -1.068964e-01 -1.022251e-01 -1.480428e-01 1.288152e-01
-5.184522e-02 1.845178e-01 2.191046e-01 -1.830311e-01 3.210405e-01 2.110494e-01 -1.782023e-01 -1.872486e-01 1.869811e-02 -3.546227e-02 -2.799707e-01 3.648748e-03 -2.195904e-01 -1.837831e-01 -2.014332e-02 -1.094647e-01
4.399925e-01 2.401646e-01 -3.510496e-01 3.833107e-02 2.521890e-02 2.152437e-01 -9.291960e-02 -2.133254e-01 -5.433121e-02 -1.582020e-01 -5.252455e-02 -5.419967e-02 -1.212110e-01 4.206569e-02 1.138204e-01 -1.059281e-01
-4.930344e-02 5.125914e-01 2.466792e-01 -6.372944e-02 2.356093e-01 2.498291e-02 1.033253e-02 2.618592e-01 -7.017239e-02 -4.643166e-02 -9.346584e-02 3.300198e-01 -2.084498e-01 -2.311802e-01 -4.042132e-01 -1.524089e-01
-3.225294e-01 3.895891e-02 -2.282339e-01 -1.878222e-01 1.912232e-01 1.215154e-01 2.262504e-01 -6.406151e-02 2.831295e-01 -2.691234e-01 -2.891458e-01 4.574109e-01 3.248253e-01 8.857813e-02 1.147255e-01 1.286387e-02
2.545599e-01 -1.408127e-01 -8.195519e-02 -8.184586e-02 -1.181695e-01 5.835990e-01 3.414423e-02 -1.209095e-01 -6.462844e-02 -4.879605e-02 -4.002792e-02 -1.504427e-01 3.261772e-01 -2.593189e-01 -1.517068e-01 -1.372450e-01
-2.065136e-01 -1.450066e-01 7.246096e-02 2.227564e-01 1.000906e-02 -2.109683e-01 8.604391e-05 -5.513857e-02 -3.180192e-02 -2.917143e-03 -3.040244e-02 3.453874e-01 9.505025e-02 -2.697755e-01 -2.713438e-01 3.313258e-01
-9.226080e-02 1.011055e-01 2.324717e-01 6.491952e-02 -2.155648e-01 1.061533e-01 -3.488130e-02 3.852178e-01 -1.817739e-01 2.132198e-01 1.353071e-01 1.488434e-01 3.998405e-01 6.284948e-02 -2.430270e-01 4.980923e-01
-3.561588e-02 3.833941e-01 6.982536e-02 -4.445527e-02 3.036397e-01 -1.057911e-01 3.815998e-02 1.407567e-01 -1.223238e-01 -4.351893e-02 1.639227e-01 5.778634e-01 -1.559514e-02 -1.259034e-01 -3.305852e-01 -2.239918e-01
4.510331e-01 -7.321655e-02 7.611348e-02 -2.661578e-01 -3.219351e-01 -2.138780e-01 -3.065456e-01 -9.008075e-02 9.285044e-02 -4.150859e-01 1.010483e-01 -2.159836e-01 -1.903253e-01 -7.480565e-02 -2.509756e-01 8.757886e-02
3.543316e-02 -5.242370e-02 -5.977925e-02 -1.513019e-02 4.146003e-02 -6.923287e-02 1.536878e-01 -6.423286e-01 -1.906961e-02 3.329269e-01 3.099090e-01 8.934898e-02 1.665001e-02 5.917823e-02 -4.429333e-01 5.977384e-03
6.403299e-02 1.605024e-01 4.329854e-01 -8.737478e-02 -4.463175e-01 5.781776e-02 -1.700429e-01 -7.588667e-02 -1.016292e-01 -1.426437e-02 4.217392e-01 -9.021428e-02 -1.792319e-01 -5.366551e-02 3.141510e-01 1.267110e-01
-2.236304e-01 -3.360737e-01 -8.717424e-02 1.580738e-01 3.400182e-01 -1.729086e-01 -3.157555e-01 4.819369e-01 -8.050745e-02 -1.856013e-02 -2.329557e-01 1.601644e-01 -3.040185e-01 -2.819277e-03 1.688533e-01 9.836942e-02
1.359043e-01 -1.108429e-02 1.352001e-01 -7.088252e-02 1.521565e-05 4.853868e-01 -4.924493e-01 -2.621474e-02 1.069702e-01 3.168231e-02 2.709902e-02 -2.261012e-01 -5.130996e-01 1.857872e-01 -3.961525e-02 1.432282e-01
-2.962013e-01 -2.180000e-01 -1.767443e-01 3.149960e-01 1.997203e-01 -2.643158e-01 1.395962e-01 3.262464e-02 -3.180527e-01 1.239372e-01 1.025939e-01 3.859160e-01 2.087940e-01 -1.692483e-01 -1.276813e-01 -1.019485e-01
-1.047023e-01 3.126051e-01 -1.028076e-01 -5.906283e-02 -3.436156e-01 -2.551477e-01 -3.591888e-02 -1.375824e-02 4.675249e-01 -1.210298e-01 1.502496e-01 -2.757547e-02 8.612701e-02 -1.174206e-01 -1.168031e-01 -8.225934e-02
-1.878331e-01 -4.046857e-02 4.653861e-02 -2.514145e-01 -2.575609e-01 -2.958131e-01 5.969977e-02 -4.371404e-01 -3.163652e-01 -5.692422e-02 -5.511630e-02 2.519432e-01 -2.012622e-02 8.909224e-03 5.006819e-02 3.177993e-01
-1.898449e-01 2.078931e-01 -2.529363e-01 8.058501e-02 1.901778e-01 -5.317486e-01 1.966034e-02 -1.856448e-01 1.429738e-01 5.861963e-02 1.484288e-01 -6.978519e-02 -1.473857e-01 -1.135663e-01 1.124445e-01 -1.846554e-01
-1.725049e-01 -4.524937e-02 -2.225713e-01 1.772643e-01 2.151397e-01 1.068533e-01 -4.003254e-02 7.128832e-02 1.302537e-01 7.427187e-02 1.027050e-01 2.447189e-01 1.526177e-01 7.224561e-02 4.846478e-01 1.420829e-01
9.312775e-02 -1.151311e-02 -1.367402e-01 -3.452953e-01 -4.528536e-02 2.764904e-02 -1.087429e-01 -1.688102e-01 1.789127e-02 2.634015e-01 2.834013e-01 -1.919650e-01 9.258863e-02 4.371580e-02 3.493086e-01 6.111190e-02
4.467392e-01 -2.774971e-01 -1.182102e-01 -3.221732e-01 1.899097e-02 -2.110224e-01 -2.744917e-02 8.666004e-03 2.431011e-01 6.925251e-04 -1.606022e-01 -1.660783e-01 2.823148e-01 7.746298e-02 1.201093e-01 9.134126e-02
7.543559e-02 -3.857583e-01 2.693754e-01 -3.827542e-02 2.543808e-01 2.453281e-01 -2.243657e-01 -1.170369e-01 -3.843633e-01 8.135834e-02 -1.957365e-01 1.921460e-02 -4.141534e-02 5.626551e-02 2.219046e-01 1.367720e-02
-1.152919e-02 9.511957e-02 3.667763e-01 -2.265149e-01 -1.133815e-01 1.066863e-01 -3.266434e-02 3.140886e-01 -7.147348e-02 -2.762395e-01 5.371575e-02 -2.159921e-01 -1.954913e-02 -3.335210e-01 -2.641259e-02 3.907027e-01
-1.302370e-01 -6.071540e-02 8.055775e-02 2.891656e-01 -1.657927e-01 -3.526586e-01 -3.968862e-02 -1.165364e-02 4.534605e-01 2.196518e-02 2.555097e-01 1.654617e-01 -8.927080e-04 -4.245241e-01 -8.304622e-02 1.869926e-01
3.013883e-01 -6.829059e-02 -5.500678e-02 3.692944e-01 1.761547e-01 2.522600e-01 -1.424042e-01 4.723180e-01 3.075758e-01 -1.869061e-01 1.072161e-01 -8.599168e-03 -4.074706e-03 -1.804574e-01 -1.971188e-01 -1.910659e-01
-7.723661e-03 -5.316466e-02 5.462186e-02 2.052160e-01 2.191784e-02 -1.192283e-01 9.021203e-02 1.208618e-01 2.632554e-01 -2.567341e-01 -4.627679e-01 6.554325e-02 -2.319434e-01 1.139516e-02 -4.183079e-01 -7.779014e-03
1.904364e-02 -1.223077e-01 -5.661546e-02 8.321385e-02 3.290532e-01 -3.502879e-02 -2.383600e-01 -5.736192e-02 -3.170712e-01 1.930509e-01 4.385757e-01 1.887548e-01 -9.103264e-02 -3.473905e-01 -3.408975e-01 -5.377450e-02
8.856692e-02 1.717869e-01 -2.799756e-02 -8.304114e-02 -6.525300e-02 -2.267636e-01 -6.655232e-02 -5.764737e-01 1.389153e-02 1.739868e-01 3.425721e-01 7.974260e-02 1.440559e-01 2.834940e-01 3.017337e-01 -2.329543e-01
8.888281e-02 -7.685575e-02 -2.085539e-02 9.562690e-02 1.438709e-01 3.355881e-02 -5.621399e-02 7.333229e-01 2.456171e-01 -1.423093e-02 -7.016601e-02 -3.022740e-01 -3.248355e-05 1.819842e-01 2.599075e-02 -2.839225e-01
1.892655e-01 1.837933e-01 2.598779e-01 -4.135308e-02 -3.209756e-01 1.977732e-01 1.772236e-01 -3.895635e-01 8.886367e-03 -2.248155e-02 2.618155e-01 -1.719458e-01 -1.362715e-01 1.019458e-01 -4.492882e-01 2.046905e-04
-1.268023e-02 5.421595e-02 -9.419353e-02 1.841109e-01 3.745629e-01 2.305690e-01 2.450283e-01 1.358481e-01 -1.616953e-01 3.120209e-02 1.632998e-01 1.739959e-01 -2.545965e-01 1.556997e-01 1.145495e-01 4.220577e-01
1.677734e-01 3.702537e-01 4.782031e-02 -2.977300e-01 -2.986979e-01 1.625267e-01 2.371137e-01 -3.263636e-01 6.884248e-02 1.802967e-03 1.746847e-01 -1.425387e-01 4.149155e-01 -3.470906e-02 -8.663179e-02 -9.747755e-02
1.531720e-02 -8.741249e-02 -4.147227e-01 1.879219e-01 2.341640e-01 -1.590473e-01 1.028828e-01 -3.321803e-01 3.251362e-02 3.327237e-01 -1.577382e-01 1.427964e-01 5.932532e-02 3.961033e-01 -1.618568e-02 -3.522145e-01
8.395572e-02 7.655434e-04 -1.089269e-01 -1.056108e-01 2.189813e-01 3.893882e-01 1.108398e-02 1.261586e-02 -4.589198e-01 -2.359988e-03 -1.496333e-01 -1.927703e-02 5.177981e-02 3.591983e-01 2.051443e-01 -2.554865e-02
2.479837e-01 -9.053437e-02 -9.506524e-02 2.740438e-02 -5.184608e-02 -1.569349e-01 1.986016e-01 3.121326e-01 -1.154733e-02 7.859363e-02 4.820882e-03 1.053332e-01 4.109543e-01 -8.724499e-02 -4.924473e-01 2.581556e-02
-1.050943e-01 -6.831278e-02 -8.005220e-02 1.474925e-02 6.017860e-02 9.863158e-03 1.076385e-01 -3.685319e-01 -2.532098e-02 3.109655e-01 2.125026e-01 1.633191e-01 2.973391e-01 -2.050423e-02 -6.546129e-01 3.084995e-02
-1.231765e-02 1.131525e-02 4.859866e-01 -6.111515e-02 -1.625715e-01 4.324856e-01 -1.011485e-01 2.403935e-01 2.320971e-02 -3.311873e-01 2.501518e-01 -9.696863e-02 5.014847e-02 -2.919877e-01 1.934491e-01 2.856366e-01
-3.180361e-01 1.662464e-01 1.791685e-01 -2.225412e-02 5.461499e-02 2.903862e-01 -3.502147e-01 -3.570673e-01 1.362969e-02 -9.755012e-02 3.509424e-03 -8.693580e-02 -3.461590e-01 1.010716e-01 4.025195e-01 -1.799809e-02
4.571261e-02 1.471303e-01 5.872393e-02 -2.028115e-02 -1.004197e-01 5.463544e-02 -1.145375e-01 3.144681e-01 1.330824e-01 -2.577485e-01 -3.203332e-01 -1.031235e-01 -1.420431e-01 7.390419e-02 5.335360e-01 -2.812531e-02
-7.499609e-02 6.061349e-02 -1.489013e-02 2.845207e-01 5.308151e-02 1.458722e-01 -7.733715e-02 -2.415857e-01 1.414524e-01 3.817145e-02 2.795666e-03 1.401842e-01 -5.456513e-01 -9.057987e-02 -2.085327e-01 -7.585789e-02
3.332347e-01 -1.080880e-01 -7.973380e-02 -2.062217e-02 -1.373172e-01 6.994631e-01 -1.559910e-01 8.069837e-03 2.473893e-02 -1.683052e-02 -9.012585e-02 -1.378010e-02 4.314493e-02 8.078202e-02 -2.292147e-02 7.813554e-03
-2.505476e-02 1.700831e-01 -7.456935e-02 -3.383033e-01 -9.458323e-03 3.192267e-03 3.235278e-01 3.723526e-02 5.540532e-02 5.300401e-03 5.487938e-02 -8.216173e-02 6.736527e-01 -1.311386e-01 1.788278e-01 -6.953262e-03
-5.524070e-02 1.796704e-01 1.016322e-01 -1.312803e-01 -5.029441e-02 -8.232851e-02 -1.087621e-01 1.373037e-01 -4.515189e-02 4.097518e-01 -1.672076e-01 -1.972364e-01 -1.641652e-01 -1.205170e-02 -4.013709e-02 4.877957e-02
-3.280528e-02 1.581002e-01 -3.401453e-02 -2.080808e-01 2.787893e-01 3.072624e-02 1.109071e-01 1.108417e-02 1.687007e-01 2.588023e-01 2.585414e-01 4.213484e-01 -1.116368e-01 2.722427e-02 7.927154e-02 -1.327831e-01
4.815813e-01 -1.962906e-01 -1.436616e-01 1.050033e-01 -6.283629e-02 9.582405e-02 1.580900e-02 -1.217238e-01 3.357710e-02 -1.925507e-01 1.135709e-02 3.049347e-01 2.133743e-01 -8.110679e-02 -1.212893e-01 -1.493189e-01
-2.490812e-01 -1.977378e-02 1.403923e-01 9.335467e-02 4.511408e-01 1.080164e-01 4.023980e-01 1.743760e-01 6.889048e-02 8.621328e-02 3.755230e-02 -2.334707e-01 5.093199e-02 1.542466e-01 2.994292e-01 3.374130e-03
-3.558360e-01 1.956411e-01 3.294178e-01 1.500742e-01 1.438855e-01 2.072500e-01 1.257335e-01 1.395077e-01 5.450404e-02 5.201452e-01 1.506491e-01 2.873831e-01 1.288970e-01 4.645268e-02 1.170798e-01 1.501087e-01
7.542878e-02 -1.254993e-01 2.948242e-01 -1.029798e-01 -1.281645e-01 -1.340706e-01 3.311713e-01 -6.317940e-02 -7.803832e-02 -1.563293e-01 -2.505315e-01 -2.240418e-01 1.951632e-01 8.658252e-02 -2.324712e-01 -2.132648e-02
-6.123707e-02 3.653114e-02 -2.720497e-01 1.172272e-01 1.934604e-02 1.407560e-01 -2.449071e-01 8.893093e-02 2.633355e-02 -2.114768e-02 2.333493e-01 3.327088e-01 -1.937436e-01 -5.672577e-02 4.548624e-01 -1.582353e-02
-1.080831e-02 1.240929e-01 -1.059219e-01 7.791230e-02 2.086284e-01 -1.095567e-01 -2.647274e-02 8.419391e-02 -2.144895e-01 6.687778e-02 4.819653e-01 -8.378646e-02 9.813009e-02 -1.705880e-01 -3.628566e-02 8.670741e-02
3.214487e-01 -2.898576e-02 -1.135281e-01 -1.276823e-01 -4.426517e-03 5.364276e-01 -1.181596e-01 2.742951e-02 -1.039653e-01 -7.895759e-02 -4.105467e-02 -3.353225e-01 1.107061e-01 -1.292791e-02 -1.048419e-02 -2.209462e-01
-1.559410e-01 1.141281e-02 -4.501205e-02 -1.695398e-01 5.539170e-02 7.111008e-02 4.366517e-01 -4.923733e-02 2.328688e-01 -1.039076e-01 -3.389591e-01 1.189092e-01 4.374737e-01 1.346469e-01 -2.475880e-01 9.250532e-02
-2.257290e-01 1.255862e-01 4.262167e-01 3.014620e-02 1.813352e-01 1.706124e-01 5.056437e-02 3.585258e-01 -2.088978e-01 2.075077e-01 2.081314e-01 -6.313248e-02 1.558469e-01 6.035326e-02 1.226947e-01 2.826886e-01
1.212914e-01 -9.659506e-03 6.486156e-02 -3.503434e-02 2.682396e-01 9.453311e-02 1.965609e-01 2.740899e-02 -1.936132e-02 -1.735145e-02 3.177094e-01 6.421275e-01 2.893829e-01 -6.757913e-02 6.961040e-02 -1.234710e-01
1.234026e-01 -3.024622e-01 -1.431568e-01 1.419474e-01 -4.826266e-02 1.336202e-01 1.943924e-01 -8.196778e-02 3.634012e-02 -2.407787e-02 3.525761e-01 3.538705e-01 1.432882e-01 -1.913536e-01 3.155566e-01 -1.086328e-01
-1.040618e-01 2.243280e-01 -1.199018e-01 -8.968263e-02 7.226489e-03 -3.256063e-01 2.201914e-02 -5.317505e-02 -3.014623e-01 2.283966e-01 2.140878e-01 1.046856e-01 -2.669457e-01 5.558185e-02 -2.490343e-01 4.383951e-01
-1.983911e-02 -7.747547e-02 7.458885e-02 -1.508046e-01 -6.489891e-02 2.161305e-01 6.735098e-02 -9.182750e-02 4.179843e-01 -6.114326e-02 -2.099854e-01 2.828778e-01 -2.589884e-02 1.781229e-01 6.162941e-03 -7.923220e-02
-1.224163e-01 1.852568e-01 1.292177e-01 -2.008146e-01 6.124858e-01 1.435465e-02 -2.728834e-01 8.690774e-02 8.374365e-02 -1.306064e-01 -2.531398e-01 4.410991e-02 -6.688157e-02 1.201647e-02 6.052398e-02 -2.567174e-01
2.037893e-01 -2.467173e-01 4.895810e-02 1.362248e-01 -1.155041e-01 4.792363e-01 -6.082515e-02 4.400907e-03 1.689149e-01 -2.068002e-01 -1.037559e-01 -2.083983e-01 2.754466e-01 -1.456470e-01 1.675560e-01 -2.752376e-01
-2.799006e-01 -2.260629e-02 1.128113e-02 1.959857e-02 3.545777e-01 -1.300157e-01 -7.189380e-02 -5.733446e-02 2.577459e-01 -1.471221e-01 -2.554671e-01 4.071585e-01 3.437384e-02 -1.112543e-02 5.938527e-02 1.905228e-02
5.289823e-01 1.638181e-01 -4.554577e-02 4.686032e-02 -7.245047e-02 -6.784432e-03 -5.637430e-03 -6.931364e-02 -1.136598e-01 1.099048e-01 4.325045e-02 -2.086193e-01 -8.108908e-02 -4.606672e-02 -3.771343e-02 -4.343660e-02
-3.480750e-02 -9.373039e-02 1.318715e-01 1.758225e-01 8.091533e-02 -3.521487e-03 1.537910e-01 2.703120e-02 -1.201846e-01 -2.647191e-01 2.296711e-01 3.634011e-01 5.124345e-01 4.275867e-03 -1.367158e-02 -1.395491e-02
9.299771e-02 -1.188978e-01 -5.570063e-02 2.567518e-01 -1.294136e-01 -1.699398e-02 -2.748905e-01 1.759261e-01 -1.240654e-01 1.832269e-01 3.761213e-01 -5.411759e-03 -2.642697e-01 -1.465140e-01 2.956377e-01 -6.170167e-03
1.207616e-01 -1.745019e-02 2.624255e-01 -2.984919e-01 -6.523609e-02 -8.242291e-02 -1.766017e-01 1.185636e-02 -1.817866e-01 -9.944087e-02 4.119132e-01 -1.714172e-01 -1.172933e-01 -1.953273e-01 -1.837710e-01 9.096184e-02
2.814277e-02 2.950993e-01 3.583736e-02 -1.519338e-01 1.022370e-01 1.385252e-01 4.432267e-01 -1.945675e-01 1.699458e-02 -2.449972e-01 -2.479814e-01 5.190713e-02 2.900233e-01 2.798757e-01 -1.791131e-01 2.232275e-03
5.357529e-02 2.080159e-01 2.391703e-01 -9.000288e-02 5.173470e-02 1.290603e-01 -2.069964e-02 1.741643e-01 -1.863547e-02 7.687455e-02 -1.023174e-01 4.835697e-01 2.810916e-02 -1.232254e-01 -1.909553e-01 -1.165424e-01
7.739628e-03 -4.704642e-02 -1.279996e-01 1.796887e-01 -2.938035e-01 -2.024971e-01 9.565749e-02 -1.443704e-01 -2.524462e-01 1.328300e-01 2.170205e-01 1.156478e-01 -4.275872e-02 -1.352034e-01 -2.793468e-01 5.097010e-01
-2.214409e-02 -1.052858e-01 -2.400091e-02 5.314810e-01 -5.096945e-02 -3.161950e-02 2.625852e-02 1.334394e-02 -1.272964e-01 -1.702628e-01 -3.799023e-02 -1.266886e-01 3.261385e-02 -9.405535e-02 6.226250e-02 7.249596e-02
1.572120e-01 -1.214225e-01 -1.095366e-01 7.169407e-03 2.664067e-01 1.333221e-01 1.897151e-01 -1.894656e-01 2.426176e-01 -1.682212e-01 3.510976e-01 4.774247e-01 2.294960e-01 6.308614e-02 1.404016e-02 -1.655265e-01
-2.583186e-01 3.222827e-01 7.145808e-02 -2.613672e-01 1.939854e-01 -1.914823e-01 6.708339e-02 -5.465485e-02 -5.735591e-02 1.384030e-01 -4.518094e-02 -1.340593e-01 1.140563e-01 3.598027e-01 -2.024245e-01 3.982475e-01
-1.739614e-01 -1.211350e-02 -1.511148e-01 1.726603e-01 -1.283114e-01 1.093158e-01 2.628650e-01 1.499334e-01 8.572352e-02 2.405987e-01 2.149424e-02 2.147599e-01 3.802277e-01 7.769507e-02 -9.359930e-02 1.987821e-01
-5.930069e-02 5.319359e-01 -2.250889e-01 -1.028800e-02 1.779101e-01 7.457357e-02 5.339053e-02 4.109105e-02 1.628928e-01 1.634453e-01 -2.343602e-02 1.583196e-02 1.911423e-01 1.606333e-01 -1.471884e-01 2.174900e-01
-3.492985e-01 1.322051e-01 2.552927e-02 2.972429e-01 3.063486e-01 2.370836e-01 2.326657e-01 9.728011e-02 7.725374e-02 4.042502e-01 -1.472643e-01 2.734991e-01 1.334078e-01 1.122908e-01 3.079383e-01 -1.247793e-01
-1.087441e-01 1.104991e-01 -6.800761e-02 -7.853001e-02 1.567467e-01 -1.176011e-01 -7.836796e-03 -1.226970e-01 2.132340e-01 -9.230996e-02 -5.411281e-02 -5.112068e-02 -1.365823e-01 2.313300e-01 4.322740e-01 -7.923115e-02
1.514560e-01 -1.100200e-02 1.033796e-01 -1.250189e-01 2.651515e-01 -8.402478e-03 -1.326557e-01 5.815990e-03 -1.786148e-01 3.019585e-01 4.936573e-01 4.128672e-03 -1.423708e-01 -2.626983e-01 -2.145915e-01 -3.476920e-02
-9.264056e-02 -1.028371e-01 -1.974349e-01 1.633617e-01 3.458260e-01 -1.313745e-01 -2.580984e-01 -5.304710e-02 -2.314620e-01 6.231236e-02 4.092270e-01 3.683480e-01 -5.502264e-02 -3.116464e-01 -1.551350e-01 -5.842194e-02
-4.019921e-02 -6.264445e-02 -3.929756e-01 -4.528113e-03 -2.546779e-01 2.445196e-01 5.426005e-03 1.995493e-01 1.641289e-01 -2.552415e-01 -3.322573e-01 2.580335e-02 -7.382300e-02 2.256466e-02 -2.088868e-01 -2.824381e-02
-1.294233e-02 5.063692e-02 4.112236e-02 -1.515489e-01 -8.097720e-02 -1.772283e-02 1.330267e-01 9.762017e-02 1.521506e-01 7.657640e-02 -1.758581e-01 -2.901485e-01 -5.943317e-02 2.130730e-01 2.618617e-01 7.328899e-03
1.693095e-01 2.672817e-01 5.661124e-02 -4.565183e-01 7.290460e-03 -1.848434e-01 4.106652e-02 -2.365699e-01 -2.220166e-01 9.473799e-02 -4.441806e-02 -2.290262e-01 -3.416844e-02 1.928899e-02 -2.241345e-02 2.970779e-02
-2.049049e-01 2.926460e-01 -2.780391e-01 -1.775054e-01 2.443432e-01 8.318348e-03 -1.398673e-02 -9.895265e-04 3.913355e-02 4.339406e-02 -1.615147e-01 1.342497e-01 3.884822e-01 -1.232111e-01 3.979972e-01 -1.509508e-01
4.800883e-02 1.396450e-01 1.700349e-01 -6.885777e-02 -6.829455e-03 -6.296241e-01 6.541003e-02 -1.378927e-02 -2.621701e-01 1.597427e-01 1.007316e-01 -6.443724e-02 -6.723931e-02 -2.258093e-01 -8.752240e-03 1.109629e-01
-1.425095e-01 1.945429e-01 -1.457624e-02 2.264282e-01 -4.473945e-02 2.322960e-01 -4.172440e-02 -3.505826e-01 -5.820597e-02 1.015823e-01 2.207735e-01 1.357678e-01 -4.473026e-01 -1.227675e-01 -2.562942e-02 -7.035782e-02
-1.152878e-01 -1.091212e-01 -1.382132e-01 4.696375e-01 3.689367e-02 3.107592e-02 -3.361880e-02 1.427194e-01 9.658594e-02 -1.738634e-02 7.155892e-02 2.815330e-01 6.534142e-02 -3.528282e-02 1.371281e-01 7.744609e-02
-1.081747e-01 -1.818605e-03 2.340095e-02 -2.145193e-01 8.337919e-02 -1.907779e-02 6.082471e-02 4.139324e-01 -3.231944e-02 -6.704305e-02 -4.655179e-02 -2.930961e-02 4.142828e-01 -6.246565e-02 -5.333225e-02 8.435923e-02
2.273397e-01 -1.151794e-01 -1.626694e-02 1.982165e-01 -1.085407e-01 4.817990e-02 -4.729043e-02 4.774645e-02 -7.384792e-02 -3.881099e-01 1.256687e-01 4.262177e-01 -6.207299e-02 -3.160916e-01 -2.557809e-01 2.078679e-01
4.942193e-02 1.177482e-01 2.314912e-02 -2.346876e-02 3.581861e-01 1.769951e-01 2.831059e-01 4.224391e-02 -3.150770e-01 -2.569750e-02 -3.727251e-02 -3.303492e-02 -2.820151e-01 1.753333e-01 -1.948692e-01 2.402209e-01
-2.176149e-01 8.219904e-02 1.202128e-01 -8.287475e-02 1.040436e-01 1.457903e-01 -1.438567e-01 -6.160508e-01 6.086642e-02 -4.592507e-02 -2.169357e-02 -9.564377e-02 -2.746110e-01 2.533033e-01 7.026548e-02 1.303482e-01
-3.922873e-02 -1.978418e-02 -2.600414e-01 1.933576e-01 1.443693e-01 9.029811e-02 -2.150213e-02 -4.529773e-01 1.418317e-01 1.521500e-01 -1.037747e-01 1.527688e-01 1.117938e-01 4.665565e-02 1.312438e-01 -3.172510e-01
2.682431e-01 -2.290239e-02 -5.120736e-03 -2.128642e-02 -3.556120e-02 -1.407416e-01 4.398891e-02 -5.961580e-01 3.957465e-02 8.484970e-02 1.418477e-01 -1.169554e-01 -3.614943e-01 1.835816e-01 2.566495e-01 4.896981e-02
-1.616854e-02 1.161894e-01 -3.878623e-01 1.801716e-01 3.750019e-01 -3.265112e-01 7.854026e-02 -1.532257e-01 -1.572321e-01 2.002626e-01 -2.039694e-02 -7.351954e-02 -3.072416e-02 5.546461e-02 1.056154e-01 -8.685265e-02
-7.080537e-02 -4.352245e-02 -1.035331e-01 6.021409e-02 -2.733675e-01 -6.557302e-02 -2.381571e-01 -1.685080e-02 3.345817e-01 4.330462e-02 1.757241e-02 1.209369e-01 3.065270e-01 -8.447723e-02 3.225935e-01 -1.030913e-01
1.010393e-01 -3.160133e-01 -3.283837e-02 2.502793e-01 1.271041e-01 -4.652192e-03 -1.617670e-01 -2.224067e-02 -8.014748e-02 1.469809e-01 1.120574e-01 -1.794107e-01 -1.801940e-01 2.165889e-01 -3.918820e-01 1.574199e-02
2.723139e-03 -7.813567e-02 4.221454e-01 1.238322e-01 3.560979e-01 -1.557688e-02 3.266427e-02 -2.302637e-01 3.141353e-02 2.560874e-02 1.718186e-01 -1.194927e-01 1.911324e-01 -1.930833e-01 1.867871e-01 1.892218e-01
2.295015e-01 -9.096266e-02 1.360356e-02 6.972259e-02 2.408001e-02 -8.000185e-02 7.391394e-02 -2.428552e-02 4.497921e-01 -4.179522e-02 -3.149453e-01 3.212487e-02 -3.976884e-02 -1.549754e-01 -1.762500e-01 -3.056981e-02
3.552561e-01 -7.892545e-02 7.944396e-02 1.439011e-01 3.595332e-01 -1.929563e-01 1.717688e-02 2.854630e-03 1.444763e-01 3.022839e-01 2.823031e-01 -1.870841e-05 -1.553399e-01 2.114845e-02 2.190307e-01 -6.984413e-02
4.811331e-02 1.970740e-01 1.308258e-01 -1.192492e-01 -1.831447e-01 8.736384e-02 -1.005315e-01 -2.081372e-01 2.329997e-02 3.316118e-02 4.396381e-01 -3.339536e-03 8.659197e-02 9.287514e-03 2.216319e-01 -4.962662e-02
-4.388967e-02 -1.416163e-01 -6.244788e-02 1.677851e-02 -3.752524e-02 5.693231e-01 -1.709776e-01 2.556939e-02 2.108581e-01 -6.802297e-02 -1.577526e-03 3.584600e-02 -6.333704e-02 -3.285015e-02 4.126676e-02 -9.211392e-02
1.326885e-02 -2.115280e-01 -6.003206e-02 8.836709e-02 4.727654e-01 1.496061e-01 -2.784625e-01 -7.740132e-02 -1.244750e-01 -7.453887e-03 4.218097e-01 1.462650e-01 -2.892928e-01 -1.213651e-01 -2.399724e-01 5.331679e-02
-2.949869e-02 3.313602e-02 2.150856e-01 9.160614e-02 3.815871e-01 1.639677e-01 1.135445e-01 -7.404777e-02 3.802551e-02 -1.325931e-01 -1.446548e-01 6.699386e-02 5.758548e-01 1.609115e-01 7.876164e-02 7.448300e-03
-5.884310e-02 1.384902e-01 -4.810304e-01 1.173681e-01 3.840729e-01 4.679884e-02 -3.324816e-01 -1.476236e-01 1.261183e-01 6.507246e-02 -6.773271e-02 -4.380367e-02 -4.245358e-02 -5.160768e-02 2.005371e-01 -7.425158e-02
3.563418e-01 -3.291071e-01 -5.179292e-02 -2.060892e-01 4.815405e-02 -2.501355e-01 -4.650652e-04 1.691732e-01 1.651757e-01 -1.334454e-01 -2.946444e-01 -8.975068e-02 3.675203e-01 1.148638e-01 -4.261467e-02 6.634022e-02
5.871101e-02 -3.442467e-02 1.533330e-01 -1.780444e-01 -2.660031e-01 8.047212e-03 3.225057e-02 -2.201255e-02 1.086855e-02 -9.464627e-02 8.469488e-02 -7.032031e-02 -1.879632e-01 6.431517e-02 -4.370773e-01 9.984539e-03
-4.071067e-02 2.316178e-03 2.100999e-01 -2.481526e-02 -3.054183e-02 -3.197888e-03 3.765355e-02 5.209728e-01 -1.201592e-01 -2.698603e-01 -1.049132e-01 -5.324899e-02 -7.269948e-02 -1.460793e-01 -1.438622e-01 2.533673e-01
-2.666784e-01 1.418461e-01 4.567306e-02 1.952750e-02 6.405690e-02 2.496589e-01 -2.048868e-01 -3.275049e-01 -4.993991e-03 1.082811e-01 -2.522246e-02 1.315232e-01 1.475198e-01 4.493045e-02 -5.350245e-01 1.295163e-02
-1.575364e-01 9.142815e-02 -3.673732e-03 -4.615169e-02 2.200856e-02 -1.165667e-02 -4.105202e-02 1.724003e-02 -5.684291e-01 -7.491080e-03 1.354836e-01 -5.697442e-02 9.918098e-02 1.576580e-01 6.731785e-02 -7.616190e-02
2.924366e-01 -9.038464e-02 -6.136651e-02 4.241800e-02 -1.093894e-01 -1.682427e-01 9.188191e-02 5.914171e-01 -9.949554e-03 -5.134524e-02 -7.466573e-02 3.458634e-02 8.019100e-02 -6.421109e-02 8.025958e-02 7.233443e-03
