1 4 16 16 16
-3.149157e-02 2.486414e-01 6.190436e-02 -1.839328e-01 7.984445e-02 -2.375636e-01 3.013224e-02 1.680692e-01 1.286212e-01 3.969448e-02 5.218338e-02 -1.438206e-01 -3.051713e-01 4.836598e-01 3.809758e-01 -3.062369e-01
-7.065242e-02 1.195272e-01 3.450372e-01 -3.159770e-02 -2.103621e-01 6.453086e-02 -6.011171e-02 2.445356e-01 -1.024979e-01 2.270744e-01 2.643150e-01 8.424149e-02 2.199488e-01 4.118268e-02 -2.532700e-01 5.068020e-01
-5.907708e-02 4.208695e-01 1.487988e-01 -3.755169e-03 2.396834e-01 -9.731369e-02 5.428342e-03 1.958265e-01 -1.378487e-01 -6.104852e-02 8.724565e-02 4.902841e-01 8.773456e-03 -1.525991e-01 -3.701835e-01 -1.743594e-01
1.282608e-01 -3.934669e-01 -8.084388e-02 -1.148267e-01 -1.040732e-01 2.820127e-01 1.151268e-01 -1.548507e-01 2.470341e-01 1.679806e-01 3.689061e-02 -1.983134e-01 -1.688513e-03 8.887934e-02 5.067468e-01 1.543885e-01
-1.981420e-01 -8.423677e-03 -5.725742e-02 8.723709e-02 5.554370e-01 1.223696e-01 9.214688e-02 -9.303913e-03 -8.189335e-02 -2.095412e-02 -1.647232e-01 -8.519600e-02 -1.034417e-01 5.541136e-02 4.832557e-01 -4.440420e-01
2.781380e-01 1.798396e-01 -1.797475e-01 -3.674868e-02 5.538344e-02 3.666373e-01 -9.840900e-03 -2.194216e-01 -5.462126e-02 -1.376662e-01 -9.871743e-02 -5.596144e-02 3.293564e-02 -5.969439e-02 -1.928858e-02 -1.339752e-01
6.904402e-02 -1.811745e-01 7.220791e-02 1.943363e-01 -1.603714e-01 -1.238772e-01 -2.370574e-01 2.401828e-01 -1.675315e-01 3.770975e-01 3.583975e-01 -1.861848e-01 -2.508200e-01 -1.114867e-01 2.987185e-02 1.559274e-01
-2.273473e-01 4.163562e-02 -1.828255e-01 -1.699720e-02 2.504719e-01 7.905578e-02 -2.424867e-01 -2.219860e-03 8.431286e-02 -2.681557e-01 2.113568e-02 4.714868e-01 -3.859107e-02 1.597567e-02 4.349893e-01 -6.658445e-02
1.642609e-01 1.846251e-01 -1.813855e-01 3.384596e-01 -1.424213e-01 1.822584e-01 7.136697e-03 1.825908e-01 9.483670e-02 4.317509e-01 3.167861e-01 -1.298338e-01 -3.195037e-02 -3.534586e-02 -1.788540e-01 1.833537e-01
1.762363e-01 1.543017e-01 -1.379028e-01 -9.870241e-02 -1.310095e-01 -2.069113e-01 -8.120017e-02 -4.216027e-02 -1.762347e-01 3.280476e-03 2.706412e-01 -1.471180e-01 -1.850892e-01 1.599579e-01 -1.293546e-01 1.835760e-01
-3.656305e-01 7.493763e-02 -3.669517e-02 3.151813e-01 3.343724e-01 2.668592e-01 2.861864e-01 1.371698e-01 -3.174583e-02 4.020531e-01 -1.223477e-01 2.724767e-01 2.454985e-01 7.559060e-02 2.791933e-01 -1.134425e-01
4.232876e-02 -3.225075e-01 1.850579e-01 1.281221e-01 -4.332479e-02 3.991765e-01 -5.951648e-02 8.679252e-03 2.293561e-01 -1.675295e-01 -1.514498e-01 1.018494e-02 4.177788e-01 -3.079500e-01 3.254248e-02 -2.385880e-01
-2.670571e-01 9.658384e-02 -1.770526e-01 -1.938346e-01 2.037470e-01 1.158619e-01 2.732607e-01 -9.047573e-02 2.498165e-01 -2.497138e-01 -3.068245e-01 3.619883e-01 3.338751e-01 1.372666e-01 4.509845e-02 3.383340e-02
-3.091996e-02 -2.122523e-01 1.202471e-01 1.042668e-01 -1.494802e-01 -1.501750e-01 2.771949e-01 1.134636e-01 -2.524289e-02 1.468189e-01 -1.956811e-02 -2.385274e-02 1.449088e-01 -1.256672e-01 -2.717932e-01 1.850540e-01
-2.293862e-01 1.400884e-02 9.172486e-02 3.406584e-03 4.600908e-01 -1.232927e-01 -1.847777e-01 -3.447822e-02 2.907430e-01 -1.849927e-01 -3.101096e-01 3.230120e-01 -6.723008e-03 1.437259e-03 3.636371e-02 -1.040887e-01
-1.669630e-01 4.985391e-01 5.867502e-02 5.570924e-02 1.202350e-01 -2.792365e-01 -1.614672e-01 2.446127e-01 -2.249092e-01 8.682621e-02 -1.542260e-02 2.597974e-01 -1.017019e-01 -1.513464e-01 -3.891577e-01 -1.215730e-01
-8.661516e-04 7.076342e-02 -3.853973e-02 -8.891392e-02 -2.401926e-02 -6.143212e-03 -1.122978e-01 2.002195e-01 1.285799e-01 -9.308178e-02 -2.249286e-01 -9.346787e-02 -5.477165e-02 9.086056e-02 4.940578e-01 4.692095e-03
1.751497e-01 1.523305e-01 -2.972872e-02 -2.960126e-01 -1.593445e-01 1.357482e-02 1.729009e-01 -1.112811e-01 8.355640e-02 8.046521e-04 7.884763e-02 -1.262429e-01 4.275955e-01 -4.352586e-02 7.817714e-03 -5.329533e-02
-2.015705e-01 -2.827727e-01 -7.464815e-02 1.694195e-01 3.159968e-01 -1.494977e-01 -2.486429e-01 4.553968e-01 -7.249898e-02 -2.000985e-02 -1.687949e-01 1.453479e-01 -3.319254e-01 -8.028987e-04 1.523860e-01 1.070513e-01
2.837800e-03 -2.220600e-02 -6.529590e-02 2.577218e-02 -1.425606e-02 -5.774020e-03 1.293020e-01 -3.509894e-01 -2.287478e-03 2.582131e-01 2.005997e-01 1.225772e-01 2.300307e-01 -1.029195e-02 -6.115004e-01 1.129591e-02
1.163806e-01 -3.199969e-03 1.123202e-01 -5.835926e-02 -2.324894e-02 4.903395e-01 -4.666680e-01 -3.823128e-02 9.990178e-02 2.267228e-02 7.965266e-03 -1.951048e-01 -4.537016e-01 1.666154e-01 -2.687551e-02 1.188597e-01
-1.807285e-01 2.186724e-01 -2.415639e-01 7.306301e-02 1.748615e-01 -5.106959e-01 3.563043e-02 -1.853439e-01 1.618322e-01 5.245331e-02 1.301395e-01 -6.937730e-02 -1.330353e-01 -1.211963e-01 1.174102e-01 -1.859704e-01
-1.507465e-02 4.097264e-02 4.508161e-01 -1.100711e-01 -1.888744e-01 3.161946e-01 -1.106301e-01 2.338402e-01 -3.484175e-02 -2.844318e-01 2.029649e-01 -1.228105e-01 1.383349e-02 -2.750810e-01 1.339406e-01 3.025635e-01
-2.832836e-01 -2.274079e-01 -1.924624e-01 3.138447e-01 2.039647e-01 -2.738201e-01 1.317267e-01 1.191420e-02 -3.187213e-01 1.183944e-01 9.879897e-02 3.713582e-01 1.982545e-01 -1.609271e-01 -1.218545e-01 -9.730835e-02
2.154765e-01 -8.338644e-02 -4.923744e-02 2.096836e-01 1.405989e-01 1.020007e-01 -7.071298e-02 6.024605e-01 2.612188e-01 -9.375212e-02 6.430950e-03 -1.721624e-01 1.435244e-02 1.040724e-02 -8.992402e-02 -2.245400e-01
-2.914194e-02 -8.745217e-03 5.055594e-02 2.317470e-01 2.284584e-02 -5.704691e-02 7.392628e-02 4.672773e-02 2.418262e-01 -2.026024e-01 -3.653051e-01 7.717368e-02 -2.985887e-01 -3.826581e-02 -3.796305e-01 -3.226741e-02
6.838363e-02 -9.349096e-02 -2.921569e-02 1.186274e-02 2.709605e-01 3.378425e-01 -7.965746e-03 -7.910891e-03 -3.497789e-01 2.176220e-02 -8.367358e-02 7.987737e-02 -2.588345e-02 2.055698e-01 1.920615e-01 1.410454e-01
-1.304256e-01 1.106169e-01 -2.970126e-02 1.543439e-01 -2.352514e-01 -3.019399e-01 -2.798432e-02 1.600243e-02 4.712406e-01 -3.912824e-02 2.308178e-01 1.006924e-01 2.316573e-02 -2.691571e-01 -6.185140e-02 8.380748e-02
3.271282e-02 -1.038242e-01 -4.618038e-02 1.006940e-01 2.964116e-01 -7.758954e-03 -2.341525e-01 -5.609665e-02 -2.875844e-01 1.642496e-01 4.314879e-01 1.952717e-01 -1.056483e-01 -3.445086e-01 -3.340458e-01 -4.926505e-02
1.686849e-02 -8.362184e-02 -4.111362e-01 2.032400e-01 2.326993e-01 -1.630611e-01 9.586600e-02 -3.265984e-01 3.568256e-02 3.315488e-01 -1.499454e-01 1.527479e-01 5.218157e-02 3.892595e-01 -6.902473e-03 -3.550721e-01
1.074557e-01 1.124950e-01 -8.054996e-03 -1.123115e-01 -1.086525e-01 -1.313536e-01 -9.163720e-02 -4.777731e-01 -3.468683e-03 2.121893e-01 3.527898e-01 2.998208e-02 9.697582e-02 1.936258e-01 3.357191e-01 -1.188640e-01
-1.817451e-01 -3.479911e-02 4.304851e-02 -2.558632e-01 -2.617394e-01 -2.907277e-01 6.053114e-02 -4.440567e-01 -3.266315e-01 -5.382379e-02 -4.072025e-02 2.639593e-01 -1.958431e-02 6.237060e-03 2.580339e-02 3.263898e-01
2.265466e-01 1.563488e-01 9.240558e-02 -6.374846e-02 -5.492468e-02 -6.447272e-02 -4.866504e-02 1.092003e-02 -9.646226e-02 2.318957e-01 -8.051661e-02 -2.276392e-01 -1.229590e-01 -2.810214e-02 -6.609192e-02 -2.071228e-02
4.777228e-01 -1.395578e-01 -1.230566e-01 9.000583e-02 -6.819135e-02 9.828120e-02 1.618270e-02 -1.039576e-01 2.386995e-02 -1.481725e-01 -9.505354e-03 2.782683e-01 1.712659e-01 -7.952110e-02 -1.065573e-01 -1.359263e-01
-3.867251e-02 1.035322e-01 3.362829e-02 -1.482602e-01 3.119770e-02 6.943911e-02 4.423210e-01 -1.030781e-01 1.009915e-01 -1.773194e-01 -2.897590e-01 3.453328e-02 3.514772e-01 1.954034e-01 -2.186173e-01 4.055691e-02
-1.690176e-01 1.507312e-01 6.633088e-02 -1.485133e-01 5.254571e-01 -4.653649e-02 -1.785387e-01 1.768449e-02 1.542802e-01 -1.318583e-01 -2.510546e-01 1.175897e-01 -6.607124e-02 4.839505e-02 1.399915e-01 -1.935027e-01
-2.393640e-01 3.017351e-03 1.876177e-01 6.620966e-02 4.224110e-01 1.041791e-01 3.285108e-01 1.888046e-01 1.213241e-02 1.002626e-01 8.996087e-02 -2.320569e-01 6.380235e-02 1.329730e-01 2.705282e-01 5.286268e-02
2.518499e-02 -3.426445e-02 -1.551202e-01 1.938420e-01 -6.635915e-02 3.333121e-02 -2.475442e-01 1.030748e-01 -4.427716e-02 8.321169e-02 3.082244e-01 1.123387e-01 -2.373933e-01 -8.159302e-02 3.874213e-01 -3.033239e-03
2.731219e-01 -1.278722e-01 -4.133910e-02 -1.739759e-03 -6.485495e-02 5.059518e-01 -8.563993e-02 1.114091e-02 3.068307e-02 -1.411680e-01 -6.759808e-02 -2.835318e-01 1.754140e-01 -6.493463e-02 8.456948e-02 -2.407813e-01
-3.664126e-02 -1.234349e-01 -1.339235e-02 3.901725e-01 -9.402144e-02 -4.870322e-02 1.022208e-01 4.188446e-02 -6.017917e-02 -1.576048e-01 2.031752e-02 -4.735763e-02 2.110892e-01 -3.532192e-02 2.010453e-02 6.160648e-02
-3.359301e-01 1.330472e-01 2.741765e-02 2.830260e-01 2.555090e-01 2.264317e-01 2.222639e-01 1.013560e-01 7.089407e-02 4.180444e-01 -1.181505e-01 2.867163e-01 1.608913e-01 9.575254e-02 2.544624e-01 -8.234210e-02
-1.923751e-01 3.985032e-01 -4.446793e-02 -1.792021e-01 1.966231e-01 -1.000950e-01 6.944019e-02 -1.859382e-02 1.407291e-02 1.544807e-01 -3.793441e-02 -6.347901e-02 1.394215e-01 2.907761e-01 -1.866373e-01 3.315955e-01
-8.086795e-02 -2.315862e-02 2.603796e-02 -9.402143e-02 3.452341e-02 1.289392e-01 3.001556e-02 -3.019182e-02 3.441258e-01 -3.328174e-02 -1.608317e-01 3.843593e-01 1.911785e-02 7.834341e-02 -2.007313e-03 -3.492042e-02
2.274473e-02 9.462780e-02 4.639612e-02 -6.995147e-02 5.296549e-02 -9.812173e-02 -1.081951e-01 9.820063e-02 -2.070980e-01 4.089133e-02 4.623978e-01 -1.064789e-01 -1.134907e-02 -1.665599e-01 -9.896638e-02 1.156148e-01
-2.643757e-01 1.866371e-01 3.375955e-01 6.537421e-02 1.150167e-01 1.677418e-01 7.988020e-02 2.385987e-01 -6.542218e-02 3.744108e-01 1.750569e-01 1.863691e-01 1.209287e-01 2.360398e-02 5.837311e-02 2.042848e-01
1.022697e-01 1.561018e-02 6.042842e-02 -2.460814e-02 2.694004e-01 8.508417e-02 1.791518e-01 1.609856e-02 1.411842e-03 -5.076332e-02 3.044423e-01 5.874757e-01 2.796256e-01 -2.363315e-02 1.756292e-02 -1.124376e-01
-4.940023e-02 5.593549e-02 -1.344316e-01 7.610596e-02 -1.694312e-01 -2.628640e-01 7.991596e-02 -1.219036e-01 -2.684474e-01 1.747788e-01 1.973322e-01 1.374872e-01 -1.215358e-01 -6.921152e-02 -2.824240e-01 4.938688e-01
1.144705e-01 -2.592824e-01 -1.423675e-01 7.925999e-02 4.912312e-02 1.199431e-01 1.975926e-01 -1.350760e-01 1.016258e-01 -5.870418e-02 3.532863e-01 3.862252e-01 1.570515e-01 -1.141630e-01 2.378144e-01 -1.323999e-01
-1.354674e-02 1.804816e-01 1.526390e-01 -2.267549e-01 -1.734981e-01 3.717647e-02 1.027493e-02 7.226244e-04 -4.351095e-02 3.672523e-02 2.311126e-01 -1.565005e-01 1.878422e-03 8.379473e-02 1.140215e-01 3.940127e-02
2.499969e-01 -6.555886e-02 8.790516e-02 5.846706e-02 3.162156e-01 -1.205927e-01 -4.099048e-02 2.173655e-03 1.842849e-02 3.083597e-01 3.689966e-01 -5.228803e-03 -1.422995e-01 -6.520595e-02 5.915002e-02 -4.949544e-02
-7.203725e-02 -6.519114e-02 -9.677332e-02 1.501652e-01 -1.854439e-01 -1.543214e-02 -1.828960e-01 1.908854e-02 3.133711e-01 2.877531e-02 4.079315e-02 1.420824e-01 2.335437e-01 -7.928899e-02 3.081022e-01 -5.588671e-02
-6.347661e-02 8.359286e-02 -4.273379e-01 2.129214e-01 3.500090e-01 -7.821361e-02 -1.129370e-01 -1.826643e-01 1.683849e-02 1.345528e-01 -8.387935e-02 -1.506409e-02 -1.634388e-02 3.039646e-02 1.487000e-01 -1.286545e-01
2.004655e-01 -1.135991e-01 -1.715365e-02 2.087141e-01 -1.011190e-01 4.781256e-02 -4.740398e-02 5.478651e-02 -6.724394e-02 -3.631599e-01 1.187022e-01 4.202172e-01 -5.717234e-02 -3.063650e-01 -2.330165e-01 1.926018e-01
-1.315741e-01 9.025696e-02 -3.858766e-02 8.814393e-02 3.032154e-02 2.941347e-01 -1.356408e-01 -4.394595e-01 6.919692e-02 9.210987e-02 1.238462e-01 9.027421e-02 -1.423893e-01 -2.678611e-02 -1.467759e-02 -1.250506e-01
5.891342e-02 1.559855e-01 1.194438e-01 -1.068140e-01 2.915181e-03 -5.752527e-01 7.128723e-02 -4.901218e-02 -2.615333e-01 1.532736e-01 6.847260e-02 -8.079031e-02 -7.321996e-02 -1.772086e-01 -1.096940e-02 8.735547e-02
-1.710118e-01 2.455037e-01 -2.402568e-01 -1.474369e-01 2.022762e-01 -9.341009e-03 -2.903724e-02 -3.481414e-03 -5.966602e-03 4.616472e-02 -1.673441e-01 9.973040e-02 3.574551e-01 -7.812197e-02 3.769685e-01 -1.747755e-01
-3.382049e-02 -6.099390e-02 -2.798414e-01 2.276872e-02 -2.262313e-01 2.700869e-01 -2.751149e-03 1.624461e-01 1.943935e-01 -1.976321e-01 -2.691211e-01 4.056585e-02 -7.743607e-02 2.211168e-02 -1.702439e-01 -2.745181e-02
9.956296e-03 1.055429e-01 5.136877e-03 -4.118967e-02 2.544919e-01 1.171049e-01 1.863291e-01 7.797286e-03 -4.100588e-01 -4.100686e-02 -3.202805e-02 -4.566791e-02 -1.689778e-01 1.734564e-01 -1.380071e-01 1.368869e-01
1.202725e-01 4.679995e-03 3.689586e-02 -5.629540e-02 1.510543e-02 -6.519222e-02 4.851334e-04 -5.873255e-01 4.906388e-02 4.031350e-02 7.938443e-02 -1.287354e-01 -3.316664e-01 2.172542e-01 2.110952e-01 8.346105e-02
-2.334508e-02 -2.351078e-02 2.915094e-01 1.073736e-01 3.803116e-01 9.623925e-02 7.960689e-02 -1.401012e-01 4.024478e-02 -6.101346e-02 -5.240839e-03 -2.140107e-02 4.053820e-01 -9.769566e-03 1.278104e-01 9.108870e-02
-4.747821e-02 -1.363297e-01 -1.305529e-01 1.285986e-01 3.856058e-01 -2.220771e-02 -2.588327e-01 -5.855132e-02 -1.962567e-01 4.938605e-02 4.207987e-01 2.752346e-01 -1.443020e-01 -2.425202e-01 -1.870686e-01 -7.059196e-03
3.682552e-02 -1.710499e-01 3.576837e-02 8.808298e-02 2.962404e-02 4.802773e-02 -1.100052e-01 -5.345780e-02 -5.758324e-02 4.514710e-02 7.823408e-02 -9.523652e-02 -1.181890e-01 1.293510e-01 -5.062940e-01 1.763865e-02
-2.781674e-04 -4.216740e-02 9.831538e-02 -2.793471e-02 -1.521172e-02 -5.596309e-02 5.157527e-02 5.451303e-01 -8.511220e-02 -1.679468e-01 -1.155290e-01 -1.454211e-02 8.069590e-02 -7.466426e-02 -8.528784e-02 1.489595e-01
3.439959e-01 -2.301870e-01 -3.356924e-02 -1.254012e-01 2.607479e-02 -2.047850e-01 5.779690e-02 1.119452e-01 2.432920e-01 -8.943988e-02 -2.986591e-01 -7.095730e-02 2.245011e-01 3.406806e-02 -5.477225e-02 1.640878e-02
