4 6 8 32 64
-1.855361e-02 2.052867e-02 -2.576531e-02 3.695469e-01 -3.366006e-02 -4.571280e-03 -1.841017e-01 -7.337676e-03
-1.840691e-02 -2.216416e-02 -1.351376e-01 -9.275951e-02 -1.529225e-02 3.953101e-02 3.630565e-01 -1.160260e-01
-8.050651e-02 7.184674e-02 9.950056e-02 2.158865e-01 -9.483898e-02 -6.329631e-02 -1.175650e-01 -9.196431e-02
1.390887e-01 1.188790e-01 -6.802537e-02 -6.411372e-02 1.312549e-01 1.520474e-01 2.338498e-01 -9.588929e-02
-8.919643e-02 3.223340e-01 -8.280478e-02 3.783953e-01 -3.508782e-02 3.044957e-02 -2.585664e-01 -2.008536e-01
-6.684297e-02 -1.164317e-01 -1.398861e-01 5.312167e-02 -1.507766e-01 3.449679e-01 3.067109e-01 -1.341697e-01
-1.019773e-01 -8.992261e-02 -2.040124e-02 2.518587e-01 -1.137564e-01 -8.600342e-02 -1.116507e-01 -1.014757e-01
-1.392725e-01 -7.961624e-02 -5.357184e-02 -1.127014e-01 -1.848187e-02 -3.353578e-02 -7.475400e-02 -6.530504e-02
-1.121249e-01 1.328059e-01 -1.422459e-01 3.197869e-01 -1.328173e-01 -9.988098e-02 -1.142906e-01 -1.027596e-01
1.642781e-01 -3.542546e-02 1.769393e-02 3.799114e-02 3.757713e-01 1.568932e-01 3.281890e-01 -1.538855e-02
-3.532466e-02 3.739497e-01 -1.415881e-01 1.141246e-01 -1.073362e-01 3.814265e-01 1.465951e-01 -1.391865e-01
-1.976925e-01 -1.247380e-01 1.652116e-01 4.718521e-02 -6.222581e-02 -6.248192e-02 -1.224669e-01 -1.153297e-01
-5.074628e-02 2.645667e-01 -1.394530e-01 -9.929178e-02 -2.906661e-02 6.496461e-03 3.680650e-01 -2.738581e-02
-8.155007e-02 -2.008195e-03 -1.147017e-01 2.443497e-01 2.690669e-02 5.403058e-02 -2.529667e-01 -2.035433e-01
-1.045989e-01 4.494295e-01 -9.313294e-02 1.575500e-02 -5.280580e-02 -6.316275e-02 -1.021250e-01 -5.136922e-03
-8.862273e-02 7.853587e-02 -7.452902e-02 -1.200406e-01 -1.909344e-02 -3.310757e-02 3.739443e-01 -2.506964e-02
-1.169935e-01 -7.790804e-02 -1.049944e-01 2.792605e-01 5.031963e-03 -8.945171e-02 -1.965797e-01 -2.008525e-01
-1.226428e-01 5.627258e-02 -1.548272e-01 -1.209546e-01 4.871979e-03 -4.712858e-02 -9.542852e-02 2.181143e-02
-1.195976e-01 -1.243044e-01 -5.586318e-02 -1.019357e-02 -1.263046e-01 2.351713e-01 2.687017e-01 -1.191556e-01
-1.087550e-01 -8.884399e-02 3.690580e-01 -1.386304e-02 -6.959508e-02 -4.799645e-02 -1.167435e-01 -9.431649e-02
-9.616177e-02 -8.929920e-02 4.012282e-02 -9.794321e-02 2.447870e-01 -2.214853e-02 5.386702e-01 -1.083226e-01
-8.850858e-02 2.661282e-01 1.939893e-03 2.125703e-01 -8.765852e-02 -7.949904e-02 -9.705005e-02 -7.956860e-02
-1.077538e-01 -4.497911e-02 -2.095629e-01 2.449100e-02 -1.002361e-01 2.703530e-01 2.220350e-01 -1.137443e-01
2.478882e-01 2.134730e-01 -1.574449e-01 -3.598503e-02 2.510277e-01 2.106064e-01 1.374650e-01 -1.346104e-01
-1.402527e-01 1.673101e-01 1.292481e-01 2.023628e-01 -9.705198e-02 6.422842e-02 -1.643550e-01 -1.588720e-01
1.062783e-01 2.585669e-02 -1.299673e-01 -7.482862e-02 3.535799e-01 8.103777e-02 2.913812e-01 -3.691993e-02
-6.837578e-02 -1.895941e-02 1.875776e-01 2.121326e-01 -4.011209e-02 3.747496e-02 -1.551468e-01 -1.822038e-01
-1.164049e-01 -9.303115e-02 -1.074617e-01 1.724538e-01 -1.032383e-01 -7.122059e-02 -1.143266e-01 -9.223745e-02
1.017859e-01 -1.451620e-01 1.226399e-01 1.199842e-01 -3.111148e-02 5.604928e-02 -7.724376e-02 -6.921099e-02
-8.515671e-02 3.791914e-02 -1.761413e-01 3.367519e-01 -7.709832e-02 -4.643304e-02 -1.833704e-01 -4.804242e-03
-1.046270e-01 -7.832474e-02 4.709030e-02 -1.104981e-01 8.652598e-04 -5.122691e-02 3.786719e-01 -5.409800e-02
-7.862378e-02 6.077385e-02 -1.414342e-01 3.659732e-01 -1.197885e-02 -6.083044e-02 -2.086182e-01 -2.490413e-01
-1.992138e-01 -1.461562e-01 -4.807335e-03 1.531543e-01 -3.502006e-02 -1.215804e-01 -1.371805e-01 -1.154617e-01
-1.044743e-01 5.533727e-01 -9.242051e-02 2.965354e-01 -9.782594e-02 -4.279024e-02 -1.442044e-01 -9.824828e-02
1.243735e-01 2.251619e-01 -8.180512e-02 -1.221193e-02 3.527429e-01 1.349553e-01 2.426784e-01 1.294108e-02
-1.185913e-02 2.030771e-01 -1.440594e-01 -8.802701e-02 1.693717e-01 9.086721e-02 4.683754e-01 -8.800468e-02
-1.156107e-01 3.194714e-01 -1.440091e-01 3.561741e-01 -1.246557e-01 -8.434735e-02 -1.278366e-01 -9.638166e-02
-1.312332e-01 -5.609075e-02 -1.075997e-01 2.800921e-01 -1.412531e-01 -1.296791e-01 -1.455119e-01 6.455683e-02
-1.034752e-01 -3.070891e-02 -1.119392e-01 3.006622e-01 -1.251105e-01 -9.497984e-02 -1.085658e-01 -9.746648e-02
1.222418e-01 2.382956e-01 -1.276903e-01 -4.270858e-02 1.472309e-01 1.437335e-01 1.752142e-01 -7.121670e-02
-1.587388e-01 -5.928840e-02 2.069472e-02 1.392416e-01 -7.254479e-03 -1.906265e-02 -1.759488e-01 -1.876088e-01
1.733775e-01 4.938436e-01 -5.625517e-02 -1.407566e-02 1.788037e-01 2.270167e-01 1.670684e-01 -6.458753e-02
8.055441e-03 4.823414e-01 -1.352232e-01 -6.928774e-02 3.813071e-03 9.504090e-02 3.143058e-01 -8.215243e-02
-1.338993e-01 -1.985093e-02 -1.937182e-01 9.799308e-02 -1.526150e-01 2.779142e-01 2.043162e-01 -1.949027e-02
-4.831345e-02 1.998980e-01 -2.974347e-02 3.337668e-01 -3.277141e-02 -3.120032e-02 -1.619698e-01 -2.330402e-01
-8.999805e-02 1.929220e-01 -1.450540e-01 3.883553e-01 -9.088770e-02 -5.656360e-02 -1.994791e-01 -3.301465e-02
-1.264084e-01 1.323581e-02 3.037760e-01 9.504635e-02 -1.077965e-01 6.582158e-02 -1.421616e-01 -1.446956e-01
-7.637989e-02 1.289144e-01 -1.634736e-01 7.923064e-02 -1.081926e-01 3.828012e-01 2.205275e-01 -1.142303e-01
-4.265337e-02 9.165671e-02 -1.450676e-01 3.631205e-01 -1.651042e-02 2.935056e-02 -2.240704e-01 -1.104524e-01
-8.203396e-02 -1.335880e-01 4.387496e-03 9.685055e-03 -4.536971e-02 3.668529e-01 2.198160e-01 -1.124561e-01
-9.945999e-02 -9.945183e-02 7.058707e-02 1.345924e-01 -1.224032e-01 -9.325452e-02 -9.934852e-02 -9.888435e-02
-1.138009e-01 9.804451e-02 1.140436e-01 5.140131e-02 -1.203157e-01 -9.091426e-02 -1.144038e-01 -1.728018e-02
-7.913776e-02 3.115543e-02 3.638131e-02 2.463294e-01 2.056339e-02 6.709504e-02 -2.608419e-01 -1.555537e-01
1.199065e-01 5.372297e-02 -1.463945e-02 -2.178765e-02 3.266736e-01 1.075697e-01 3.463413e-01 7.495870e-02
-1.334367e-01 -1.189022e-01 1.499431e-01 -6.230501e-02 -8.185152e-02 2.296683e-01 2.867579e-01 -1.119050e-01
-8.632182e-02 -7.410430e-02 2.253338e-01 1.241613e-01 -1.039862e-01 -5.799028e-02 -9.927180e-02 -1.036002e-01
2.276459e-01 7.632007e-02 -1.393910e-01 -3.332901e-02 3.059030e-01 1.728954e-01 2.033541e-01 -7.434126e-02
-3.960516e-02 5.065421e-02 5.977463e-02 2.930994e-01 -1.397668e-02 3.697657e-03 -1.581465e-01 -1.948331e-01
1.161559e-02 4.506262e-02 -1.401869e-02 1.229047e-01 -1.221076e-01 2.804782e-02 -1.029354e-01 -1.984682e-01
-5.855036e-02 -3.648771e-02 -1.130205e-01 -9.756493e-02 2.176241e-01 3.229015e-02 5.195949e-01 -9.348501e-02
-8.978797e-02 8.252936e-03 -1.097352e-01 2.226242e-01 -3.673264e-02 -1.957702e-02 -2.075080e-01 -8.238460e-02
-1.227397e-01 -5.209159e-02 -8.557333e-02 -9.516670e-02 1.779477e-01 -7.856330e-03 -1.056148e-01 -8.101704e-02
2.647043e-02 -1.127520e-01 -1.154384e-01 2.750092e-01 6.660604e-02 -4.981354e-03 -2.188881e-01 -6.590101e-02
-3.724630e-02 -5.138391e-02 -1.348377e-01 6.559703e-02 -2.129213e-02 3.925943e-01 1.329667e-01 -9.946246e-02
-1.269670e-02 -1.008398e-01 -1.301519e-01 2.606802e-01 -1.191671e-01 -1.066923e-01 2.956845e-01 -1.058069e-01
4.635785e-01 -3.599284e-02 -1.803320e-01 -1.430271e-01 -2.032052e-01 -1.776565e-01 -7.866161e-02 -6.906248e-02
1.709910e-03 -1.366017e-01 -4.264719e-02 -2.107243e-02 1.856206e-01 -9.789421e-02 -1.565410e-01 1.406970e-01
1.762761e-02 -9.333287e-02 -1.093843e-01 -1.039154e-01 6.551032e-03 1.075611e-01 -1.116324e-01 6.229056e-02
-4.323957e-02 -2.742735e-03 -2.686789e-01 -1.751099e-01 -2.350757e-01 1.780841e-02 1.779166e-01 -2.185014e-01
-5.789058e-02 -6.479599e-02 -9.985461e-02 -4.353632e-02 -9.438689e-02 -9.430888e-02 6.209378e-01 9.360686e-02
2.400799e-01 -1.038011e-01 -1.733345e-01 -8.350152e-02 1.675727e-02 -1.918829e-01 -7.000574e-02 1.939806e-01
-7.755837e-02 -4.017349e-02 -2.041413e-01 -8.335537e-02 3.404495e-02 -1.235663e-01 -2.620925e-03 -1.637288e-01
5.721923e-02 -8.541413e-02 -1.154745e-01 1.557921e-01 -1.035387e-01 -7.324962e-02 5.667262e-01 2.458585e-03
3.454489e-01 -5.869343e-02 -1.240615e-01 -1.274347e-01 -6.005240e-02 -8.157700e-02 -1.161852e-01 7.393909e-02
8.202076e-02 -8.485614e-02 -6.491026e-02 -1.351712e-01 -4.021946e-02 3.582124e-01 -1.336901e-01 3.377276e-02
-1.398861e-01 1.613431e-01 3.906848e-03 4.590923e-01 -3.110178e-02 -2.055776e-01 -1.883313e-01 -1.244610e-01
3.546233e-02 -9.616727e-02 -4.029987e-01 9.629151e-02 -3.023397e-01 -1.024116e-01 1.532073e-01 -2.052992e-01
-8.039145e-02 4.848478e-01 -9.080110e-02 2.506150e-02 -1.200157e-01 -1.808707e-01 6.832256e-03 1.419826e-01
-1.420397e-01 -6.300972e-02 -1.080130e-01 -8.001644e-02 4.813353e-02 7.643534e-02 -1.433146e-02 -1.877162e-01
3.825675e-01 -1.438531e-01 -9.811796e-02 -1.045561e-02 -5.080196e-02 -2.158806e-01 -1.305880e-01 3.494623e-01
2.011639e-02 -9.233325e-02 -3.161021e-01 1.083028e-01 -2.495872e-01 -8.998361e-02 2.576626e-01 6.084027e-03
5.193549e-01 -6.599879e-02 -9.257122e-02 -1.090266e-01 -9.264376e-02 -8.005745e-02 -8.820347e-02 -2.189225e-02
2.264616e-01 -2.819153e-02 -1.651005e-01 2.476842e-02 -8.792240e-02 8.162221e-02 -2.585054e-01 -1.077304e-01
-9.317680e-02 5.737229e-02 -1.095541e-01 -1.145533e-01 8.287219e-02 -6.962980e-02 -3.938001e-03 -2.187704e-01
2.403656e-01 -9.708883e-02 -1.182634e-01 -1.324868e-01 -9.498585e-02 1.726134e-01 -1.292677e-01 1.313104e-01
3.909316e-02 1.800268e-02 -2.153482e-01 -1.520507e-01 -4.969398e-02 -4.371542e-02 -2.578864e-02 -1.715268e-01
7.809670e-02 -3.164478e-02 1.620898e-01 -1.014241e-01 -8.291201e-02 8.179507e-02 -9.360598e-02 -5.338877e-02
4.023905e-01 -1.055901e-01 -4.320061e-02 -1.947115e-02 -2.073523e-01 -2.286135e-01 -6.977905e-02 4.033428e-02
2.217740e-01 -1.544912e-01 -1.111535e-02 -2.795076e-02 1.076414e-01 -1.371793e-01 -1.200959e-01 3.100927e-01
8.529364e-02 9.332047e-02 -1.065491e-01 -2.256930e-01 -6.292145e-04 5.121730e-02 -1.335362e-01 -1.836068e-01
-1.491517e-01 3.180896e-01 4.616545e-02 1.214328e-01 1.845451e-02 -1.524602e-01 -1.598680e-01 9.386989e-02
-1.241901e-01 -4.699176e-02 -1.122203e-01 -1.244196e-01 -8.792506e-02 -7.145824e-02 5.499045e-01 -2.829883e-02
-8.447539e-02 5.403438e-01 -8.514321e-02 -9.208205e-02 -3.912127e-02 -7.505964e-02 -6.998300e-02 -2.387427e-02
3.636300e-01 -2.827251e-04 -2.036895e-01 -6.166016e-02 -1.901443e-01 -1.724751e-01 -1.554289e-01 -2.336745e-01
1.924077e-01 -5.369442e-02 -2.461461e-01 -1.129495e-01 -8.957071e-02 -1.471045e-01 1.074726e-03 2.760891e-02
3.636809e-02 -4.515585e-02 -1.773544e-01 -5.658825e-03 -3.146225e-01 -3.890857e-02 2.392916e-01 -1.030088e-01
1.059957e-01 -7.110882e-02 -1.072063e-01 -1.240091e-01 3.559870e-02 -8.155782e-02 -1.051602e-01 8.394136e-03
1.929178e-01 -6.487285e-02 -8.962701e-02 -1.338764e-01 -3.431277e-02 -7.530126e-02 -9.268965e-02 7.572479e-02
-2.268990e-02 -3.766752e-02 -3.013635e-01 -1.158992e-01 -2.894319e-01 -4.153023e-02 2.433330e-01 -7.306988e-02
-1.390339e-01 -9.760755e-02 9.522503e-02 -7.337621e-02 6.668427e-02 3.314644e-01 -1.226170e-01 -1.313671e-01
-9.211489e-02 -7.762981e-02 -1.246432e-01 -3.858000e-02 4.297541e-02 -3.982515e-02 -3.730298e-02 -4.137826e-02
-5.962805e-03 -5.980655e-02 -1.008291e-01 -1.129147e-01 9.303989e-02 -7.934950e-02 -9.547222e-02 -4.306792e-02
3.205793e-01 8.465009e-02 -1.157049e-01 -1.595826e-01 -1.738282e-01 -2.505383e-02 -2.299651e-01 -3.083525e-01
-5.738407e-02 -6.913078e-02 -1.721503e-01 -3.661663e-02 9.759565e-02 -1.991535e-01 -1.731423e-02 -5.727110e-02
1.843268e-02 -3.611632e-02 -3.616118e-01 2.787530e-02 -2.885414e-01 -6.105700e-02 7.218183e-02 -2.436400e-01
3.390357e-01 -1.398085e-01 2.064874e-02 8.396061e-02 -7.901236e-02 -2.260812e-01 -8.741038e-02 1.684033e-01
-1.358110e-01 -3.100795e-02 4.525952e-02 -7.818722e-02 1.064496e-01 1.018289e-01 -6.389001e-02 -1.701116e-01
-9.307203e-02 5.746661e-01 -4.744382e-02 2.602308e-01 -7.974327e-02 -1.012171e-01 -2.428805e-02 8.454941e-03
4.482457e-01 -8.708739e-02 -1.038920e-01 -1.332896e-01 -9.823670e-02 -8.875615e-02 -6.694022e-02 1.608994e-01
7.685682e-02 -8.765329e-02 -1.744457e-01 -4.280771e-02 5.678132e-02 -1.897580e-01 -3.358115e-02 7.712234e-02
-8.509193e-02 -1.026576e-01 -1.185629e-01 -1.125959e-01 1.201481e-01 1.776874e-01 -1.229844e-01 -5.676280e-02
1.273524e-02 -1.281751e-01 -2.400086e-01 -3.029979e-03 -2.180730e-01 -1.031090e-01 2.720701e-01 1.317303e-01
5.673677e-02 -4.235720e-02 -2.584266e-01 -8.092058e-02 -3.853597e-02 -1.413882e-01 5.763857e-03 -7.842900e-02
3.191244e-01 -2.997056e-02 -2.025098e-01 -1.742807e-01 -1.718709e-01 -1.429892e-01 -3.597935e-04 1.134784e-01
-1.830490e-01 -6.746321e-02 -1.661964e-01 -3.451101e-02 1.309505e-01 -9.525041e-02 -6.638678e-03 -1.734225e-01
4.028203e-01 -1.071919e-01 -1.821538e-01 -9.197475e-02 -1.259101e-01 -2.026291e-01 -7.195218e-02 2.426898e-01
2.792440e-01 -9.018908e-02 -9.324833e-02 -1.510405e-01 -7.813451e-02 -8.128827e-02 -7.736965e-02 2.193813e-01
3.756990e-01 7.925011e-03 -1.062076e-01 -2.190187e-01 -2.124047e-01 -8.318555e-02 -9.341597e-02 -1.653255e-01
2.745112e-01 -8.558329e-02 -1.080523e-01 -9.591985e-03 -9.543122e-02 -8.735006e-02 -1.185425e-01 -8.617719e-02
1.334364e-01 -1.200530e-01 -5.342766e-02 1.190668e-02 4.917487e-02 7.532886e-02 -1.997047e-01 2.440495e-01
2.109344e-01 2.328982e-02 -2.050702e-01 -2.022510e-01 -1.502674e-01 -3.042795e-02 -3.311919e-02 -6.018772e-02
-6.450780e-02 -1.017481e-01 -9.580927e-02 1.819113e-01 -1.275572e-01 -7.397607e-02 3.013522e-01 -1.072801e-01
-1.175805e-01 3.686532e-01 -3.865178e-02 4.004448e-01 -1.420068e-02 -1.941567e-01 -4.712293e-02 1.231615e-01
-9.644194e-02 -5.190273e-02 -1.043137e-01 -9.851910e-02 1.720783e-01 -7.493117e-02 -1.048259e-01 -9.977332e-02
-1.169688e-01 1.768996e-01 -5.370831e-02 4.473484e-01 -1.075595e-01 -8.685513e-02 -4.674614e-02 -9.878906e-02
-1.196070e-01 -7.879851e-02 -1.286477e-01 -1.326479e-01 5.264217e-02 -5.337543e-02 3.572977e-01 -1.078039e-01
3.743646e-01 -7.848436e-02 -3.009025e-03 -1.300527e-01 -1.099942e-01 -5.543698e-02 -9.363215e-02 -5.923431e-02
-3.714653e-02 -1.366271e-01 -3.410800e-01 -3.504546e-02 -2.541808e-01 -5.526493e-02 3.657407e-01 -1.439153e-04
2.640645e-02 -3.040744e-02 -1.394659e-01 -1.369987e-01 2.465225e-01 2.273808e-01 1.237107e-01 4.572321e-02
-1.342333e-01 -1.216215e-01 1.502562e-01 -1.009090e-01 1.221344e-02 -9.482390e-02 -1.286821e-01 8.505199e-03
6.179789e-01 -1.275907e-01 2.030224e-01 -8.759775e-02 -7.354107e-02 -1.058775e-01 1.323794e-01 4.356141e-02
-1.236355e-01 -1.167630e-01 -1.250399e-01 2.346768e-01 3.173985e-01 2.318796e-01 -1.302690e-01 -1.053286e-01
-1.357820e-01 -1.309944e-01 -9.387080e-02 -8.603420e-02 2.734097e-01 -6.442823e-02 -1.014146e-01 -1.024471e-01
4.067334e-01 -2.379436e-01 2.067402e-02 -1.433949e-01 5.799419e-02 -1.894793e-02 9.455848e-02 2.363832e-02
-1.473812e-01 2.851274e-02 3.879259e-01 5.753451e-02 -2.140603e-01 7.140122e-02 -7.950024e-02 1.268145e-01
-2.382431e-01 -4.665725e-01 8.979251e-02 -7.996920e-02 -3.594685e-02 8.474293e-03 -1.702959e-01 2.006108e-02
-2.385532e-01 -6.986159e-02 -1.332943e-01 1.157971e-01 3.243515e-01 -6.126351e-02 -1.527586e-01 -3.601583e-02
-1.927675e-01 -5.770991e-02 -1.127264e-01 5.135506e-02 3.098334e-01 2.012338e-01 -5.350748e-02 3.147383e-03
-1.400830e-01 -1.033342e-02 3.473777e-01 -7.683700e-02 -3.249704e-02 -7.921950e-02 -1.643045e-01 5.220346e-02
-1.983409e-01 -8.456951e-02 -1.128545e-01 2.116765e-01 2.920255e-01 -1.027520e-01 -2.546107e-01 -1.304529e-01
-1.251798e-01 -1.225457e-01 -1.116736e-01 3.201845e-01 2.666892e-01 3.916176e-01 -1.382426e-01 -9.593664e-02
-1.164838e-01 -1.318792e-01 -1.372138e-01 6.399803e-02 2.935147e-01 1.679714e-01 -1.110731e-01 -8.614304e-02
-1.212136e-01 -1.657500e-01 1.132143e-01 -1.371434e-01 -1.413413e-01 8.651640e-02 -1.378970e-02 1.224204e-01
-2.888691e-01 -3.339377e-01 -5.853205e-02 -1.777732e-01 -2.582925e-02 -2.302951e-02 -8.921055e-02 2.585670e-02
3.879584e-01 -2.263282e-01 1.431629e-01 -4.555406e-02 9.277149e-02 -1.589156e-02 1.046376e-01 1.290874e-01
-1.455050e-01 -1.150076e-01 -1.359560e-01 1.774321e-01 3.668649e-01 5.868660e-02 -1.323977e-01 -1.095957e-01
-1.830069e-01 -1.040933e-01 -1.339610e-01 -8.974225e-02 3.015540e-01 1.596808e-01 5.648290e-02 5.509214e-02
-1.047450e-01 -1.579863e-01 3.119144e-01 1.016029e-01 -1.760310e-01 -7.105667e-02 -2.936132e-01 -1.091737e-01
4.037212e-01 -2.515081e-01 3.079711e-01 9.472083e-02 9.005219e-02 1.161680e-02 -1.261726e-01 3.265925e-02
-1.481635e-01 -3.456499e-01 3.478190e-01 -4.279750e-02 -3.066928e-02 -5.136576e-02 -2.044815e-01 1.368528e-01
-1.171724e-01 -1.374779e-01 -1.166376e-01 1.281409e-01 2.573166e-01 3.185085e-01 -1.357826e-01 -8.397718e-02
-1.824127e-01 -5.364789e-02 -6.589251e-02 -1.113810e-01 9.609139e-02 -9.032452e-03 4.522349e-03 1.524179e-01
3.185623e-01 -9.016850e-02 3.343041e-01 5.163268e-02 6.465360e-02 -1.121074e-01 1.267444e-01 -2.116362e-01
-1.250042e-01 -1.417070e-01 -1.205962e-01 2.595553e-02 3.454633e-01 -3.197173e-02 -1.140861e-01 -9.768461e-02
-7.678071e-02 -1.179279e-01 2.416579e-01 -7.875241e-02 -6.016416e-02 -8.428796e-02 -1.238126e-01 -8.539618e-03
-1.087529e-01 -2.352837e-01 -2.255607e-01 -3.897737e-02 1.311485e-01 2.980253e-01 3.584854e-02 -8.514754e-03
-2.688190e-01 -1.403486e-01 -7.978245e-02 1.360101e-01 3.431526e-01 1.384326e-01 -2.003850e-01 -5.776981e-02
-1.429547e-01 -7.209457e-02 -1.256271e-01 -7.207189e-02 2.183236e-01 3.101909e-01 4.446112e-02 4.729003e-02
-2.722363e-01 -3.500900e-01 -1.597924e-01 1.597511e-01 2.318345e-01 1.066075e-02 -1.913498e-01 -7.800601e-02
-1.440035e-01 -1.188926e-01 -1.114757e-01 -1.059854e-01 1.145875e-01 -1.365610e-02 -1.038409e-01 -4.955402e-02
-1.719885e-01 -4.598059e-02 1.202088e-01 8.980775e-02 -6.448125e-02 1.177187e-01 -2.813762e-01 -8.196560e-02
-2.644467e-01 -3.229381e-01 -1.727301e-01 -8.654613e-02 1.110863e-01 7.361430e-02 -8.047958e-02 1.349104e-02
-2.801232e-01 -1.498557e-01 -8.208752e-02 8.189946e-03 2.847773e-01 2.719837e-01 -5.647742e-02 9.907690e-03
-8.174016e-02 -5.484714e-02 -1.430548e-01 -1.242365e-01 2.435471e-01 1.110490e-01 8.980570e-02 9.674057e-02
3.280250e-01 -4.060325e-01 4.391906e-02 -1.243553e-01 7.277283e-02 4.589504e-02 1.282821e-01 1.024453e-01
-1.972014e-01 -1.399543e-01 -1.381495e-01 -2.225907e-01 1.634247e-01 5.850713e-02 3.796360e-02 9.360176e-02
-2.774443e-01 -1.405375e-01 1.506789e-01 -4.766409e-02 -4.881199e-02 -4.318512e-02 -1.149777e-01 1.139154e-01
-2.241990e-01 -1.671930e-01 1.312781e-01 -1.272883e-01 -6.799409e-02 5.275937e-03 -4.995698e-02 1.489649e-01
-1.401199e-01 -9.328221e-02 -1.172276e-01 2.423251e-01 3.054897e-01 1.193203e-01 -2.780205e-01 -1.806315e-01
-8.786483e-02 2.642166e-02 -6.905846e-02 4.408711e-01 2.645045e-01 6.062740e-02 -1.964322e-01 -6.797957e-02
-3.203810e-01 -4.030370e-01 -9.415885e-02 -8.649091e-02 3.490505e-02 -1.768423e-01 -1.149532e-01 1.304357e-02
-1.768022e-01 3.865204e-01 2.913814e-01 2.108029e-03 -7.823689e-02 -7.257096e-02 -1.419132e-01 -3.190002e-02
-6.689223e-02 -8.827552e-03 -1.671122e-01 1.181379e-02 2.881750e-01 2.432569e-01 4.349805e-02 -1.288482e-02
-1.204394e-01 -1.316836e-01 -1.421700e-01 -5.370491e-02 2.712053e-01 6.311049e-02 -1.104613e-01 -8.706020e-02
-3.081918e-01 -1.523180e-01 -1.123975e-01 3.051858e-02 3.582293e-01 6.806111e-02 -6.849704e-02 1.318706e-03
-2.982910e-01 -1.395224e-01 -5.926956e-02 1.082987e-01 2.359740e-01 -1.811734e-01 -2.264870e-01 -5.195088e-02
-1.743473e-01 1.990576e-01 -1.050417e-01 1.970162e-01 2.108597e-01 -8.868194e-02 -1.258607e-01 -6.695091e-03
-1.828965e-01 -2.987033e-02 3.764898e-01 1.361621e-01 -1.708859e-01 -3.443389e-03 -2.266200e-01 1.309553e-02
-6.024297e-02 -6.480874e-02 -1.883679e-01 -1.883252e-01 1.466843e-01 1.955707e-01 5.858028e-02 6.460436e-02
-1.444024e-01 1.519704e-01 2.120587e-01 1.088374e-02 -7.400047e-02 -8.603308e-02 -1.833250e-01 -1.351055e-01
1.002378e-01 -1.388760e-01 2.907395e-01 -7.524485e-02 -8.893919e-02 -8.892617e-02 -1.353071e-01 2.743362e-03
-1.755122e-01 -5.485518e-02 -1.380242e-01 -2.025785e-02 2.657753e-01 9.581208e-03 -3.462109e-02 6.459126e-02
-2.052777e-01 -2.442379e-01 1.961375e-01 8.930638e-03 -2.692426e-02 -2.486579e-01 -1.211818e-01 4.414272e-02
3.470726e-01 -2.007200e-02 1.668268e-01 -9.026525e-02 -5.976500e-02 -1.096885e-01 3.249100e-01 -3.977766e-02
-2.710173e-01 -1.532168e-01 -1.187982e-01 -1.148985e-01 2.883736e-01 -3.428363e-03 2.087095e-02 6.973012e-02
-2.923788e-01 -8.061543e-02 -7.234891e-02 2.709446e-03 1.918927e-01 -1.221321e-01 -1.065697e-01 4.693053e-02
-1.298473e-01 -1.735528e-02 -1.562249e-01 9.495639e-02 3.471648e-01 8.737277e-02 -3.976614e-02 -1.089642e-02
-1.970893e-01 -3.096510e-01 -2.131246e-01 9.326106e-02 2.059740e-01 2.712089e-01 -3.444741e-02 -5.357150e-02
-2.288814e-01 -1.842042e-01 -3.061510e-02 1.827047e-02 1.967081e-01 3.877141e-02 -2.756515e-01 6.896657e-02
-2.057147e-02 4.646434e-02 2.160179e-01 3.258483e-01 1.349308e-02 6.937312e-02 -3.029708e-01 -1.934611e-01
-1.333456e-01 -1.266003e-01 -5.115638e-03 -1.038703e-01 2.014218e-01 -8.351214e-02 -1.115356e-01 -7.866690e-02
-1.132143e-01 -1.070713e-01 -1.540534e-01 -3.404857e-02 1.584233e-01 2.047218e-01 -1.096107e-01 -4.933128e-02
-8.545633e-02 -8.634928e-02 1.035409e-01 -7.972862e-02 -1.196922e-01 -1.322528e-01 -1.936293e-04 -8.600023e-03
2.491949e-01 -9.468298e-02 -2.229559e-02 4.283579e-01 2.768649e-01 1.294089e-01 3.831404e-02 -5.136488e-02
-4.048245e-02 4.453500e-02 2.853510e-01 6.495791e-02 2.548995e-01 1.287137e-02 -6.149738e-02 -2.421336e-02
4.809115e-01 2.312603e-02 -7.060067e-02 2.563019e-02 -1.137583e-01 1.038130e-01 1.295051e-01 -3.373405e-02
-8.681464e-02 -1.166096e-01 2.895572e-01 2.056093e-01 -3.690227e-03 -1.087084e-02 2.672117e-02 3.584984e-02
4.095397e-01 -9.845524e-02 -6.425983e-02 4.215872e-01 3.947358e-01 1.170432e-02 -7.361372e-02 -1.469851e-01
1.636904e-01 -1.038740e-01 5.048623e-02 3.146351e-01 5.282068e-01 1.408849e-01 -7.617329e-02 -1.647658e-01
2.123623e-02 1.323822e-01 -1.028107e-02 -6.028702e-02 -4.741173e-02 1.074845e-02 -6.890448e-02 4.014460e-01
4.600035e-01 -1.488270e-01 -8.658108e-03 4.428526e-01 8.581373e-02 1.173377e-01 -1.010135e-02 -1.694409e-01
2.981495e-01 -1.064234e-01 -1.085168e-01 -7.141746e-03 -1.048323e-01 7.408594e-02 -6.294430e-02 -3.547045e-02
-5.272657e-02 -8.076783e-02 1.392833e-01 2.737857e-02 5.596678e-01 -4.249269e-02 -8.055583e-02 -1.088129e-01
-6.909277e-03 -1.754160e-01 3.378253e-01 1.680348e-01 3.264470e-01 -2.409879e-02 9.996302e-02 8.213438e-03
5.367045e-01 -1.161012e-01 -6.869140e-02 1.432123e-03 -1.638433e-01 1.243989e-01 2.641440e-01 -1.333615e-01
3.882094e-01 -2.390594e-01 3.127458e-02 4.118306e-01 5.274986e-02 6.450752e-02 3.400126e-02 -2.372035e-01
1.328310e-01 -3.714238e-03 4.414692e-03 1.931119e-01 2.195137e-02 -2.510470e-03 -5.410091e-02 6.771630e-02
-7.166828e-02 -8.836897e-02 1.133204e-01 -6.573255e-02 3.040968e-01 -9.703577e-02 -6.444409e-02 -1.420196e-01
1.524623e-01 8.083233e-02 4.797285e-02 2.891391e-01 3.440329e-01 2.202749e-02 1.659807e-02 2.120601e-02
1.562617e-01 -2.832476e-01 7.982872e-02 2.632343e-01 -3.922734e-02 -1.044866e-02 2.762746e-02 -1.190670e-02
1.756010e-01 1.505072e-01 -2.286592e-02 2.150657e-01 2.527767e-01 1.936390e-01 -1.065736e-01 7.798970e-02
-1.104387e-01 1.450759e-01 2.485858e-01 -4.071331e-02 2.831028e-01 6.039281e-02 -1.065859e-01 6.797507e-02
5.584612e-01 -1.835963e-01 -1.308691e-01 1.116108e-01 -6.815130e-02 7.009267e-02 4.321361e-02 -1.431086e-01
1.861623e-02 -1.151906e-01 4.038260e-01 2.303340e-02 1.325793e-01 -1.277896e-01 3.296818e-02 -2.240152e-02
1.289695e-01 -1.318407e-01 -8.683570e-02 3.326956e-01 2.600899e-01 -2.494856e-03 -5.671859e-02 -1.373345e-01
4.368656e-01 -1.196658e-01 -4.628355e-02 1.209251e-01 7.150228e-03 -1.078364e-01 1.156880e-01 -7.389802e-02
-6.044981e-02 -4.905509e-02 3.628808e-02 -7.826323e-02 -9.943406e-02 -8.795249e-02 -5.108080e-02 4.184211e-01
4.588284e-01 -8.628722e-02 -8.442222e-02 3.944514e-01 1.965946e-01 2.592676e-02 -1.428915e-02 -1.591971e-01
-1.091886e-01 1.811793e-01 1.593613e-01 -1.189606e-01 3.483637e-01 1.280739e-02 1.030048e-02 1.480080e-01
-9.184890e-02 7.596199e-02 2.013043e-01 -9.725483e-02 -9.500494e-02 2.034392e-02 -1.388312e-01 3.366903e-01
5.782698e-01 -9.920041e-02 -1.144964e-01 5.706963e-02 -1.136380e-01 2.219572e-01 1.501020e-01 -1.540707e-01
9.505036e-02 -9.261672e-02 2.185881e-01 2.642371e-01 5.229145e-01 9.825676e-03 -9.059384e-02 -1.377236e-01
1.808446e-01 -1.495328e-01 1.268189e-02 2.415691e-01 -2.025951e-03 -2.473618e-02 6.289575e-03 -2.586027e-02
4.267864e-01 -1.729667e-01 -7.382075e-02 3.463313e-01 1.319384e-01 9.950687e-02 3.201025e-02 -1.938414e-01
2.870808e-01 -7.866620e-02 5.476612e-02 -7.695742e-02 -1.553237e-01 1.491311e-03 3.146181e-01 -1.073074e-01
4.635377e-01 -8.087197e-02 -5.001799e-02 -9.349624e-04 -1.200047e-01 -7.966652e-02 2.499192e-01 -1.190021e-01
3.424563e-01 -5.132892e-03 -3.397527e-02 3.891636e-01 2.659804e-01 -6.087086e-02 -1.735823e-02 -5.436108e-02
2.771449e-01 -3.401495e-02 1.863906e-01 2.778904e-01 9.796571e-02 1.474033e-01 -7.556737e-02 -8.711053e-02
1.708176e-01 -9.875569e-02 -7.026273e-02 -1.755746e-02 -1.005331e-01 -4.924289e-02 -6.090838e-02 -1.088194e-01
-9.397783e-02 -1.545948e-02 1.592526e-01 1.561295e-01 4.151853e-02 -1.779118e-02 -5.648321e-04 7.963836e-02
3.875268e-01 -9.210308e-02 -1.084781e-01 4.078866e-01 3.719229e-01 2.057507e-01 -7.848933e-02 -1.643063e-01
-6.784432e-02 -9.849165e-02 6.923589e-02 -4.978368e-02 -1.003086e-01 -1.126436e-01 -4.276403e-02 -1.076383e-01
3.072698e-01 1.376636e-01 -3.969518e-02 -6.651372e-02 -6.799648e-02 1.124332e-01 8.960920e-02 5.068497e-02
3.389412e-01 -1.963915e-01 -2.198985e-02 4.373668e-01 1.622375e-01 -2.143257e-04 7.693201e-02 -1.735380e-01
-4.470908e-02 -9.010546e-02 3.247280e-01 7.451447e-02 4.722974e-01 -8.092297e-02 -6.497084e-02 -1.294252e-01
-8.177228e-02 -8.688399e-02 2.095430e-01 -7.128128e-02 -8.911665e-02 -9.606089e-02 -1.787883e-02 -1.165473e-01
1.964210e-01 -1.459405e-01 6.437757e-02 3.795420e-01 2.890519e-01 -9.255629e-02 1.119514e-01 -1.013133e-01
-4.246484e-02 -5.426314e-02 3.713860e-01 7.308903e-02 3.112496e-01 -2.179108e-02 6.654571e-02 2.737413e-02
2.075865e-02 -1.805078e-01 2.262830e-01 1.809052e-01 1.142549e-03 1.670175e-02 -7.892776e-03 -3.947598e-03
4.241349e-01 -2.921963e-02 -6.571905e-02 3.728938e-01 1.622590e-01 1.384343e-01 -8.377850e-02 -8.577998e-02
2.616478e-01 -9.272946e-02 7.030688e-02 3.797544e-01 4.790200e-01 -5.221009e-02 -8.823942e-02 -1.392775e-01
1.804125e-01 -4.476738e-02 -8.529276e-02 5.229138e-02 -1.122737e-01 5.978376e-02 -2.044453e-02 3.470752e-01
2.797767e-01 5.978707e-02 -6.990805e-02 3.460524e-01 2.421616e-01 1.857233e-01 -7.548327e-02 1.444584e-02
6.096647e-01 -1.065889e-01 -1.490193e-01 4.242313e-02 -1.097832e-01 7.106549e-02 1.379609e-01 -1.612006e-01
2.358206e-02 -9.627208e-02 3.582389e-01 1.451991e-01 2.357386e-01 -7.205623e-02 -2.251441e-02 -1.065186e-01
4.401325e-01 -9.105956e-02 -1.168809e-01 3.784914e-01 2.490540e-01 2.453115e-01 -8.735855e-02 -1.441238e-01
3.153802e-01 -1.581920e-01 -1.032484e-01 5.770624e-02 -1.097355e-01 -4.648983e-02 2.714980e-02 -1.094438e-01
-3.685940e-02 -8.177962e-02 1.413322e-01 -8.515356e-02 -1.429350e-01 -1.032479e-01 2.368163e-01 -1.127733e-01
1.060701e-01 -1.415518e-01 2.331009e-01 3.238497e-01 2.497691e-01 3.192118e-02 3.132170e-02 -7.943772e-02
2.470449e-01 -2.431970e-01 3.053735e-02 4.277500e-01 1.648533e-01 1.212130e-01 9.097505e-02 -7.372273e-02
-2.668532e-02 -4.013823e-02 2.451839e-01 1.133972e-01 3.758004e-01 1.037016e-02 8.120298e-02 5.754748e-02
2.831258e-01 -9.839039e-02 -4.489983e-02 3.803387e-01 4.664107e-01 1.517261e-01 -7.630505e-02 -1.627636e-01
-6.415844e-02 -1.436088e-01 1.574980e-01 1.418635e-01 -6.530328e-02 -8.037276e-02 2.474508e-02 -4.053351e-02
-7.047167e-02 1.023248e-01 2.544717e-01 -2.215395e-02 3.639233e-01 -5.666315e-03 6.555566e-02 1.262768e-01
3.704750e-01 -1.174826e-01 5.743738e-04 4.076741e-01 2.064180e-01 -1.475951e-01 4.939568e-02 -1.351897e-01
-8.042265e-02 -8.371703e-02 2.306725e-01 -2.873423e-02 5.093265e-01 -5.438582e-02 -7.379532e-02 -1.085748e-01
-7.915847e-02 1.050784e-01 -1.267766e-01 3.929957e-01 -1.449805e-02 -7.292962e-02 -2.612541e-01 -2.659373e-01
1.826350e-01 -4.683615e-02 4.129585e-02 3.566432e-02 3.716343e-01 1.403233e-01 3.510635e-01 -7.414247e-03
-7.849898e-02 -2.098448e-03 -1.328525e-01 4.061414e-01 -6.912342e-02 -8.044863e-02 -1.620897e-01 -1.262231e-01
-9.254132e-02 -1.089871e-01 2.736792e-01 1.583319e-01 -6.864615e-02 -6.217330e-02 -1.322604e-01 -1.120867e-01
-1.310596e-01 -7.729351e-02 -1.797951e-01 -2.729171e-03 -1.017927e-01 2.513891e-01 2.346206e-01 -1.074865e-01
1.006594e-02 3.443634e-01 -1.808692e-01 -7.158834e-02 -1.889680e-03 1.205651e-02 3.095855e-01 -4.424596e-02
1.497096e-02 -3.018548e-03 -1.149969e-01 -3.403047e-02 2.991268e-01 4.793382e-02 5.220251e-01 -1.107579e-01
-1.157683e-01 2.080951e-01 8.516201e-02 1.423265e-01 -1.173950e-01 -4.399693e-02 -1.594692e-01 -5.750871e-02
-1.664641e-01 -7.537605e-02 -6.511912e-02 2.154269e-01 1.678440e-02 -5.055670e-02 -2.044672e-01 -1.818212e-01
3.600078e-02 -1.075764e-01 -1.096799e-01 3.060821e-01 6.880517e-02 -1.094993e-03 -2.450714e-01 -4.874554e-02
-1.363767e-01 -1.577910e-01 -1.579105e-02 -4.746276e-02 -1.778342e-01 2.231211e-01 3.142735e-01 -6.226508e-02
-6.274412e-02 -7.059611e-02 1.762742e-02 -1.260051e-01 1.224273e-02 -3.949578e-02 3.911349e-01 -4.951091e-02
-1.032751e-01 -9.741791e-02 -2.698250e-02 3.381983e-01 -9.416965e-02 -8.402836e-02 -1.578835e-01 -1.245526e-01
-7.693223e-02 1.471682e-01 -1.959992e-01 4.179796e-01 -8.018473e-02 -9.874860e-02 -1.638959e-01 -1.431240e-01
1.614011e-01 1.165163e-01 -6.485468e-02 -4.046675e-02 1.345601e-01 1.653714e-01 2.611904e-01 -1.270816e-01
-8.021454e-02 3.179724e-01 -1.823257e-01 4.438234e-01 -6.530832e-02 -8.496500e-02 -1.592654e-01 -1.363591e-01
-4.376779e-02 3.565120e-01 -1.282080e-01 9.460701e-02 -1.498849e-01 3.824570e-01 1.752920e-01 -1.015599e-01
-9.072074e-02 6.932577e-02 -1.998958e-01 8.746771e-02 -1.564423e-01 3.802675e-01 2.523587e-01 -6.514775e-02
9.056067e-02 -1.372232e-01 1.433047e-01 1.330079e-01 -7.110921e-02 5.231657e-02 -8.447468e-02 -8.693291e-02
-5.500942e-02 -1.097355e-01 -2.434974e-02 -6.754953e-02 2.614296e-01 -1.160309e-02 5.407941e-01 -8.391409e-02
-1.437390e-01 -8.047751e-02 -5.955799e-02 -1.172181e-01 -4.288470e-02 -3.883482e-02 -7.104909e-02 -6.620821e-02
-1.267336e-01 -9.991854e-02 -5.040791e-02 1.704477e-01 -1.443236e-01 -1.148222e-01 -1.432958e-01 -7.786921e-02
1.126936e-02 4.214727e-02 3.421759e-02 1.336647e-01 -1.473607e-01 2.108841e-02 -1.261167e-01 -2.039257e-01
1.631512e-01 1.027049e-01 -1.519961e-01 -5.043055e-02 2.279910e-01 1.281305e-01 2.550748e-01 -4.089617e-02
-7.492959e-02 2.015117e-02 1.449270e-01 2.565185e-01 -4.690703e-02 3.500998e-02 -1.847103e-01 -2.035076e-01
1.019978e-01 1.710158e-02 6.799912e-03 -1.153686e-02 3.140104e-01 8.087473e-02 3.451316e-01 7.790864e-02
9.752016e-02 3.267203e-01 -1.802216e-01 -6.749734e-04 1.138492e-01 1.184152e-01 3.500494e-01 -1.384539e-01
-1.332638e-01 -1.428742e-01 1.958178e-01 -9.469374e-02 -1.252243e-01 2.208264e-01 3.324759e-01 -3.786554e-02
-1.397674e-01 -2.375048e-02 -1.532561e-01 6.539451e-02 -1.761453e-01 2.474737e-01 2.380365e-01 2.571622e-02
-1.004819e-01 3.312391e-02 -1.195797e-01 2.623504e-01 -5.216081e-02 -2.151512e-02 -2.318031e-01 -7.275547e-02
-1.096580e-01 3.551478e-03 2.088155e-01 5.129295e-02 -1.241351e-01 -7.604006e-02 -1.406983e-01 -1.023576e-02
1.192751e-01 2.472058e-01 -7.628311e-02 -2.030406e-02 3.944404e-01 1.595814e-01 2.520575e-01 -1.148059e-02
-1.245345e-01 -3.464737e-04 2.971193e-01 1.263092e-01 -1.170768e-01 5.401115e-02 -1.565204e-01 -1.488344e-01
-8.195401e-02 -1.343647e-01 -1.430535e-01 4.199007e-02 -1.980309e-01 3.299498e-01 3.406778e-01 -9.570481e-02
2.766417e-01 1.287609e-01 -1.318392e-01 -2.054715e-02 2.814276e-01 2.219254e-01 1.566162e-01 -1.233677e-01
-1.330011e-01 -4.609137e-02 -8.230698e-02 -9.508521e-02 1.562846e-01 -2.617607e-02 -1.187007e-01 -8.303592e-02
-8.939557e-02 -5.424657e-02 -9.722541e-02 3.369891e-01 7.961150e-03 -4.137257e-02 -2.413068e-01 -2.341256e-01
-3.619653e-02 6.516611e-02 -1.322193e-01 3.884123e-01 -1.193547e-02 3.184328e-02 -2.475095e-01 -8.010674e-02
-3.079472e-02 1.113359e-01 -1.161766e-01 -9.542777e-02 2.197270e-02 -1.603935e-02 3.588990e-01 -4.954323e-02
-5.393894e-02 1.326977e-01 3.575003e-02 3.285604e-01 -3.608941e-02 -3.159722e-02 -1.707439e-01 -1.809573e-01
-1.594204e-01 -4.135885e-02 4.658271e-02 1.230594e-01 -3.261105e-02 -8.209367e-03 -1.921835e-01 -1.783948e-01
1.614792e-01 2.472264e-01 -1.222796e-01 -3.653736e-02 1.469636e-01 1.728652e-01 1.858315e-01 -1.138582e-01
-8.630618e-02 2.687328e-01 -7.028770e-02 4.029730e-01 -3.258980e-02 1.881666e-02 -3.105779e-01 -1.899727e-01
-5.900310e-02 1.536476e-02 1.398575e-01 2.956724e-01 -6.735255e-02 -5.897899e-02 -1.578614e-01 -1.181858e-01
-8.794870e-02 -1.326664e-01 1.052369e-01 -8.811839e-02 2.441405e-01 -3.830935e-02 5.441985e-01 -6.896370e-02
-9.999845e-02 5.345654e-01 -8.013245e-02 3.536454e-01 -7.887977e-02 -4.504621e-02 -1.740949e-01 -1.000233e-01
-3.022302e-02 -4.441334e-02 -1.562678e-01 7.168107e-02 -2.480199e-02 3.832920e-01 1.513235e-01 -1.076448e-01
-1.030627e-01 -1.119141e-02 -1.464918e-01 3.565754e-01 -1.316460e-01 -1.055293e-01 -1.888354e-01 7.091840e-02
-7.330135e-02 1.431559e-02 -1.114485e-01 2.421622e-01 5.594397e-02 6.436337e-02 -2.958113e-01 -1.692810e-01
3.419261e-02 1.984281e-01 -1.371254e-01 -2.007144e-02 2.793872e-01 8.523143e-02 4.893571e-01 -1.099546e-01
-1.074206e-01 -1.257269e-01 1.021255e-01 2.242592e-01 -1.124043e-01 -9.110008e-02 -1.541525e-01 -1.212860e-01
2.049631e-01 1.138670e-02 -1.167752e-01 -5.949905e-02 3.846803e-01 1.363946e-01 2.834274e-01 -7.801455e-02
-8.710892e-02 3.075258e-02 5.712055e-02 2.489986e-01 3.082281e-02 6.689753e-02 -3.126927e-01 -1.694093e-01
-1.122472e-01 1.832401e-01 -1.458563e-01 4.043138e-01 -1.032348e-01 -6.195452e-02 -2.309841e-01 -1.019302e-02
-2.335287e-01 -1.637987e-01 9.830070e-03 1.573808e-01 -4.409543e-02 -1.025667e-01 -1.497258e-01 -1.162541e-01
-1.077467e-01 -6.527162e-02 -1.336671e-01 2.610255e-01 -7.997436e-02 -9.555715e-02 -1.385016e-01 -8.593848e-02
2.711828e-02 -9.178756e-03 -1.573448e-01 -6.533071e-02 1.645616e-02 5.505117e-02 3.951195e-01 -1.135352e-01
-1.048016e-01 -1.545189e-01 1.283253e-02 -1.743682e-02 -9.368600e-02 3.562222e-01 2.568491e-01 -8.156887e-02
1.686363e-01 5.404677e-01 -6.564064e-02 -3.344673e-03 1.322422e-01 2.148621e-01 1.837669e-01 -8.857141e-02
-1.419380e-01 8.390270e-02 -1.415307e-01 -1.323048e-01 -1.488591e-02 -6.152709e-02 -1.011421e-01 8.640938e-03
-2.054139e-01 -1.344786e-01 1.335787e-01 7.337942e-02 -1.121990e-01 -8.762094e-02 -1.566858e-01 -1.247661e-01
-8.535323e-02 2.758312e-01 -1.282967e-02 3.274477e-01 -4.592090e-02 -5.638074e-02 -1.572704e-01 -1.458091e-01
-1.026618e-01 -1.410889e-01 4.102180e-01 -5.431030e-03 -8.322383e-02 -4.694744e-02 -1.029903e-01 -5.189246e-02
-9.782699e-02 4.556380e-01 -7.072908e-02 3.539418e-02 -6.146166e-02 -6.000332e-02 -1.002437e-01 2.925491e-02
-5.237253e-02 -5.944211e-02 -3.216594e-01 -1.146238e-01 -3.065261e-01 -8.050974e-02 2.952511e-01 -6.046692e-02
2.440574e-01 -7.802943e-02 4.965597e-02 -1.178331e-01 -1.580836e-01 -2.944099e-02 -8.307060e-02 -5.705562e-02
-2.080346e-02 -9.289284e-02 -1.312719e-01 6.822554e-03 8.586243e-02 -2.093518e-01 -1.888168e-02 7.246793e-03
2.321787e-01 -1.029110e-01 -1.275955e-01 -5.904975e-02 -2.424700e-03 -2.030026e-01 -6.434689e-02 1.986859e-01
-1.752851e-01 -7.632642e-02 -1.317489e-01 -3.431493e-02 1.089551e-01 -9.887709e-02 2.392110e-02 -1.712160e-01
-1.419685e-02 -1.003743e-01 -1.734653e-01 2.393605e-01 -1.672197e-01 -9.095869e-02 2.574983e-01 -1.655208e-01
-7.305737e-02 -8.017569e-02 -1.627336e-01 -1.127165e-01 -1.754721e-01 -9.031174e-02 5.411783e-01 -3.705729e-02
1.028024e-02 -5.042673e-02 2.299180e-01 -9.998412e-02 -6.755168e-02 1.057515e-01 -9.087171e-02 -7.433768e-02
4.507731e-01 -9.747859e-02 -6.732737e-02 -1.314997e-01 -1.849456e-01 -1.025355e-01 -6.801295e-02 -5.810508e-02
-9.071957e-02 5.502179e-01 -6.632949e-02 -1.052829e-02 -1.091199e-01 -1.522089e-01 -2.716671e-03 5.490138e-02
8.364373e-02 -1.403754e-01 -1.660728e-02 -1.055087e-01 -1.516520e-02 3.618389e-01 -1.195139e-01 7.557920e-02
6.000276e-02 -1.492060e-01 -9.885187e-02 1.283584e-01 -1.329458e-01 -1.126036e-01 5.549961e-01 -2.900952e-03
-1.629793e-01 1.838472e-01 1.217553e-02 5.174483e-01 -3.717500e-02 -1.597876e-01 -1.467214e-01 -1.090419e-01
4.041745e-01 -7.270282e-02 -1.255268e-01 -1.279327e-01 -1.657111e-01 -1.157038e-01 -6.328104e-02 1.278386e-01
2.814481e-02 -4.707460e-02 -3.898909e-01 6.456692e-02 -3.130544e-01 -1.015998e-01 1.012632e-01 -2.624116e-01
2.319603e-01 -1.714521e-01 -1.011475e-02 -3.044128e-02 7.645757e-02 -1.310311e-01 -1.261440e-01 2.616238e-01
6.397238e-02 -1.685025e-01 -2.839821e-02 -2.191479e-02 1.038918e-01 1.052495e-01 -1.686579e-01 1.857522e-01
4.292101e-01 -1.200435e-01 -1.359155e-02 3.661983e-02 -1.796331e-01 -2.624421e-01 -8.036705e-02 4.821920e-02
1.534590e-01 -4.637558e-02 -1.713735e-01 -1.382629e-01 -1.111150e-01 -8.242388e-02 2.720659e-04 -4.890528e-02
-1.202810e-01 -1.240055e-01 -5.008061e-02 -4.453418e-02 2.576920e-01 -8.613468e-02 -1.236548e-01 -1.304317e-02
-1.120356e-01 -7.120740e-02 -1.350816e-01 -9.385122e-02 1.593795e-01 -9.525269e-02 -6.373435e-02 -1.273904e-01
-1.481475e-01 -7.189864e-02 -1.269126e-01 -1.350358e-01 5.037367e-02 -8.220807e-02 3.334032e-01 -1.380026e-01
3.418985e-01 8.181921e-02 -9.104741e-02 -1.785193e-01 -1.642222e-01 -2.403926e-02 -2.033008e-01 -3.246298e-01
3.405435e-01 -1.613873e-01 -4.176179e-02 3.664175e-02 -3.014985e-02 -2.384557e-01 -1.010921e-01 3.196876e-01
3.218855e-02 -1.489601e-01 -1.177846e-02 2.292921e-01 -4.099374e-02 -8.271009e-02 4.632219e-01 9.726040e-02
3.214206e-02 -4.452686e-02 -1.720542e-01 1.609193e-03 -3.265691e-01 -5.616233e-02 2.474086e-01 -1.371363e-01
2.974010e-02 -1.038834e-01 -3.172315e-01 1.245519e-01 -2.674468e-01 -1.042792e-01 2.982171e-01 -6.283670e-03
-1.658680e-01 -4.603154e-02 5.342927e-02 -7.832948e-02 1.070028e-01 9.350003e-02 -3.229919e-02 -1.735381e-01
-5.315647e-02 9.461055e-03 -2.539409e-01 -2.228570e-01 -2.474676e-01 1.546347e-02 1.827573e-01 -2.319274e-01
5.332386e-01 -1.135266e-01 -7.085154e-02 -1.022777e-01 -1.311685e-01 -1.087106e-01 -7.147194e-02 1.685343e-02
2.161714e-01 -8.497692e-02 -1.213368e-01 -1.160496e-01 -6.757226e-02 -1.258082e-01 -7.586060e-02 5.522456e-02
9.009691e-02 -5.574092e-02 -2.403508e-01 -5.089302e-02 -5.191417e-02 -1.797535e-01 2.172766e-02 -2.440642e-02
2.859830e-03 -8.755921e-02 -1.232398e-01 -9.568480e-02 -2.228898e-02 1.197149e-01 -9.154902e-02 2.724363e-02
-1.495396e-01 4.828414e-01 3.351415e-02 4.123329e-01 2.136507e-02 -1.165299e-01 -1.127958e-01 5.651502e-02
4.462830e-01 -1.257562e-01 1.757875e-02 -3.851918e-02 -1.525099e-02 -7.846612e-02 -1.460350e-01 1.248642e-01
1.084160e-02 -1.046534e-01 -1.961514e-01 4.742179e-02 -2.054183e-01 -1.141856e-01 2.543372e-01 1.451130e-01
-9.048352e-02 -7.584884e-02 -8.339382e-02 -4.846126e-02 3.797924e-02 -3.303270e-02 -4.576261e-02 -5.600021e-02
-1.436554e-01 3.086032e-01 -1.212556e-02 3.532259e-01 -6.075884e-02 -2.002050e-01 3.302123e-02 1.987860e-01
5.675691e-02 -8.690236e-02 -1.244388e-01 -1.042759e-01 4.044847e-02 -1.086962e-01 -5.808643e-02 -3.987788e-02
5.792226e-02 -1.039886e-01 -7.373433e-02 -5.127705e-02 8.810554e-02 -1.420016e-01 -1.342941e-01 9.030171e-02
-8.676825e-02 2.243565e-02 -1.156662e-01 -1.131351e-01 6.425637e-02 -8.800717e-02 2.111295e-02 -2.168876e-01
3.708194e-01 1.856296e-02 -1.776770e-01 -5.866518e-02 -1.847446e-01 -1.645566e-01 -1.338165e-01 -2.294928e-01
-5.447730e-02 -6.563856e-02 -1.826230e-01 -6.633268e-02 3.522623e-02 -1.492036e-01 2.225581e-02 -1.321109e-01
3.971261e-01 -1.262235e-01 -6.033108e-02 -1.009953e-01 -1.115272e-01 -1.328811e-01 -8.538038e-02 2.162176e-01
-1.475530e-01 3.375061e-01 4.487859e-02 7.956850e-02 4.397316e-02 -1.471619e-01 -1.152807e-01 7.556569e-02
2.953230e-01 -2.616851e-02 -1.842867e-01 -1.658721e-01 -1.881064e-01 -1.044124e-01 -2.279019e-02 5.634286e-03
5.659100e-02 1.037629e-01 -8.193313e-02 -2.485409e-01 -9.718463e-03 4.798107e-02 -1.182631e-01 -2.236556e-01
-1.027089e-01 -4.297468e-02 -2.135970e-01 -1.722172e-01 -1.353361e-01 -6.584018e-02 4.431220e-01 -1.648581e-01
2.340036e-01 -1.450532e-01 -5.688324e-02 -8.715333e-02 -4.799182e-02 1.242527e-01 -1.309577e-01 2.035297e-01
2.456446e-01 -5.040989e-02 -1.667468e-01 3.537473e-02 -7.057550e-02 7.764111e-02 -2.246690e-01 -1.007240e-01
2.912144e-01 -5.230492e-02 -1.922190e-01 -1.129557e-01 -1.299743e-01 -1.800358e-01 -1.289148e-02 1.459477e-01
-1.324526e-01 -1.224716e-01 -1.197802e-01 -1.023534e-01 1.401852e-01 1.464474e-01 -5.042654e-02 -1.024070e-01
3.117937e-01 -1.036159e-01 -1.165307e-01 1.080798e-03 -1.370850e-01 -1.070898e-01 -8.202811e-02 -1.113991e-01
4.263802e-03 -1.808088e-02 -3.273901e-01 -2.488120e-02 -2.885354e-01 -2.731977e-02 7.778443e-02 -3.087660e-01
-1.528982e-01 -9.756034e-02 -2.582449e-02 -9.010554e-02 5.618607e-02 2.984552e-01 -6.073067e-02 -1.258969e-01
4.851243e-01 -2.311201e-02 -1.710998e-01 -1.381777e-01 -2.068340e-01 -1.886132e-01 -5.188989e-02 -6.519147e-02
-1.493323e-01 -1.103530e-01 1.733141e-01 -4.602929e-02 6.061941e-02 3.646531e-01 -1.220796e-01 -1.532219e-01
-5.413754e-02 -1.429951e-01 -7.407662e-02 -3.946465e-02 -1.154763e-01 -1.104614e-01 5.388108e-01 9.836577e-02
4.123645e-01 -1.440783e-01 -1.364736e-01 -5.113281e-02 -9.425704e-02 -2.197141e-01 -8.510479e-02 2.972087e-01
-1.328884e-01 -6.085983e-02 -1.116123e-01 -9.617107e-02 6.030530e-03 4.731394e-02 1.317435e-02 -2.219432e-01
4.104022e-01 3.427306e-02 -9.950551e-02 -2.421216e-01 -2.086561e-01 -9.239837e-02 -7.004212e-02 -1.819260e-01
4.514876e-02 -8.444745e-02 -4.128324e-01 1.143893e-01 -3.457086e-01 -1.235098e-01 1.840377e-01 -2.014405e-01
2.229774e-02 -1.248748e-02 -1.890113e-01 -1.406978e-01 -5.491264e-02 -7.197550e-02 -2.096076e-03 -1.583704e-01
2.235001e-01 6.499901e-02 -1.633466e-01 -2.531261e-01 -1.376369e-01 6.805228e-04 -5.837918e-02 -9.810983e-02
-2.819488e-01 -1.428440e-01 1.604302e-01 -5.950240e-02 -5.114506e-02 -4.316152e-02 -9.590098e-02 1.262169e-01
-8.493385e-02 -8.313385e-02 -1.328262e-01 6.519865e-02 2.408676e-01 3.072235e-01 -1.520720e-02 -3.151723e-02
3.571045e-01 -2.365547e-02 2.225948e-01 -9.471481e-02 -8.048240e-02 -1.300698e-01 2.281042e-01 -9.415662e-02
-2.244942e-01 -1.499117e-01 -1.682313e-02 3.746427e-02 1.765158e-01 2.565876e-02 -3.055071e-01 5.773465e-02
3.443948e-01 -3.286650e-01 2.537470e-02 -1.468984e-01 4.146635e-02 6.333946e-02 1.405991e-01 1.250901e-01
-7.559194e-02 -2.061565e-02 -1.832277e-01 -1.998593e-01 1.520687e-01 1.535287e-01 1.041019e-01 9.739139e-02
-3.108226e-01 -2.942161e-01 -6.592134e-02 -1.778366e-01 -2.652493e-02 -2.406230e-02 -8.144473e-02 2.779156e-02
-1.715530e-01 1.443430e-01 -8.739034e-02 2.259768e-01 2.057587e-01 -1.081130e-01 -1.198570e-01 -1.598859e-02
-1.706148e-01 4.087345e-02 4.036429e-01 8.293132e-02 -2.176931e-01 4.730090e-02 -1.058338e-01 1.024920e-01
-2.024571e-01 -1.293787e-01 2.669334e-01 3.934710e-03 -7.683049e-02 -1.754700e-01 -1.947303e-01 -4.702973e-02
-1.376026e-01 -1.124256e-01 1.533310e-01 -8.361419e-02 -2.242872e-01 1.189652e-01 -3.664885e-05 2.426529e-02
-1.573269e-01 -8.496475e-02 -1.137282e-01 2.183864e-01 3.458023e-01 1.014488e-01 -1.390118e-01 -7.024550e-02
-1.184228e-01 -1.046264e-01 -1.490677e-01 -8.029813e-02 1.328974e-01 2.071127e-01 -8.418324e-02 -2.853773e-02
6.027694e-01 -1.034451e-01 2.807221e-01 -1.302344e-01 -9.786122e-02 -9.468929e-02 1.629228e-01 4.269496e-02
-1.204469e-01 3.943193e-02 1.637738e-01 2.011812e-01 -3.041669e-02 9.018981e-02 -2.997489e-01 -1.378784e-01
-1.965205e-01 -1.123657e-01 -1.555416e-02 -8.775368e-02 1.749068e-01 -1.099960e-01 -9.370540e-02 -2.770826e-02
-1.629335e-01 -9.307801e-02 -1.235191e-01 3.873105e-02 3.125330e-01 1.515784e-02 -1.219572e-01 -4.718528e-02
-1.255246e-01 -8.404768e-02 -1.090649e-01 2.059510e-01 3.175561e-01 2.572735e-01 -9.181710e-02 -4.850198e-02
-1.369003e-01 -9.950980e-02 2.429872e-01 -7.680538e-02 -9.760831e-02 -1.357974e-01 -8.928311e-02 3.501599e-02
-2.372123e-01 -4.167728e-01 1.067759e-01 -7.511651e-02 -3.314701e-02 -1.186752e-02 -1.808810e-01 1.532145e-02
-1.147135e-01 -7.400177e-02 -1.149350e-01 -8.319961e-02 2.454892e-01 9.103411e-02 -1.966107e-02 8.125817e-03
-1.732562e-01 -1.349139e-01 -8.463684e-02 4.243167e-02 2.984682e-01 -9.169570e-02 -1.828513e-01 -1.149665e-01
-1.663709e-01 -3.276830e-02 3.674067e-01 1.499332e-01 -1.746818e-01 -4.043795e-02 -2.718409e-01 -3.092290e-02
-2.323351e-01 -1.260041e-01 -1.326724e-01 -2.134999e-01 1.690708e-01 4.459746e-02 4.869504e-02 8.991551e-02
-2.319990e-01 -1.271806e-01 2.036621e-02 -3.616424e-02 1.918165e-01 -1.758522e-01 -1.837491e-01 -1.390834e-01
-2.460115e-01 -9.110704e-02 -1.137693e-01 1.490087e-03 2.921266e-01 2.413171e-01 -1.901409e-02 2.465611e-02
-1.941153e-01 -1.184121e-01 1.159262e-01 -1.176324e-01 -6.311638e-02 9.168515e-03 -3.396147e-02 1.396816e-01
-1.234410e-01 -7.812154e-02 -8.742891e-02 -1.444140e-01 1.293996e-01 -2.123022e-02 -3.016311e-03 2.379079e-03
-1.224345e-01 -1.066439e-01 -7.653239e-02 3.457762e-01 2.601611e-01 2.658679e-01 -1.740400e-01 -1.225487e-01
4.358377e-02 -6.925329e-04 -1.310264e-01 -1.406503e-01 2.462044e-01 2.054015e-01 1.352710e-01 4.685444e-02
-1.464771e-01 -5.315336e-02 -1.372843e-01 -1.003983e-01 3.012347e-01 8.655122e-02 9.306547e-02 8.107552e-02
-3.027280e-01 -3.176340e-01 -1.508210e-01 -9.801494e-02 1.215262e-01 3.704834e-02 -1.205879e-01 -2.620938e-03
-3.008109e-01 -1.111727e-01 -9.533809e-02 8.992779e-02 3.672343e-01 1.023250e-01 -1.257564e-01 -2.771747e-02
-6.524806e-02 -1.785048e-01 -2.470750e-01 -4.739655e-02 1.267240e-01 3.222941e-01 6.517700e-02 -2.179299e-02
-2.041659e-01 -1.192247e-01 1.726384e-01 -5.988008e-02 -4.211452e-04 -1.403777e-01 -1.250180e-01 1.633997e-03
-9.457647e-02 2.010101e-02 -3.676425e-02 4.410892e-01 2.282833e-01 3.031207e-02 -2.054078e-01 -1.014873e-01
-3.086483e-01 -8.138307e-02 -5.364118e-02 7.766870e-02 2.284574e-01 -1.636925e-01 -1.686078e-01 1.707394e-02
3.934593e-01 -1.902646e-01 1.604934e-01 -4.171130e-02 7.849268e-02 -2.082510e-02 1.137508e-01 1.285334e-01
-2.268130e-01 -5.393482e-02 -1.147772e-01 1.792729e-01 3.571352e-01 -6.019907e-02 -1.604089e-01 -4.078412e-02
3.157880e-01 -6.536143e-02 3.402748e-01 7.214069e-02 6.422018e-02 -1.000570e-01 1.260720e-01 -2.100745e-01
-1.743521e-01 -1.137332e-01 -9.968869e-02 2.173384e-01 3.060059e-01 4.686274e-02 -2.716437e-01 -1.833173e-01
4.198028e-01 -2.189096e-01 3.155703e-01 9.434824e-02 7.870288e-02 -1.164760e-02 -1.029598e-01 1.914688e-02
-1.787474e-01 3.600906e-01 3.131822e-01 -4.544204e-03 -9.949844e-02 -7.501447e-02 -1.438654e-01 -2.333784e-02
-2.936843e-01 -2.993196e-01 -1.763992e-01 1.782613e-01 2.524011e-01 -1.010815e-02 -2.043797e-01 -1.006952e-01
-1.212639e-01 -3.925254e-02 -1.444221e-01 -7.980606e-02 1.983626e-01 3.153909e-01 7.710234e-02 4.645699e-02
-8.603717e-02 -9.329662e-02 -1.167573e-01 2.501331e-01 2.584579e-01 4.094434e-01 -3.244531e-02 -6.359255e-02
5.858697e-01 -8.592748e-02 2.147856e-01 -1.322978e-01 -1.154905e-01 -6.998579e-02 1.778677e-01 6.193895e-02
-1.394799e-01 1.907666e-01 2.303017e-01 4.297308e-02 -8.072130e-02 -1.127750e-01 -2.139971e-01 -1.574470e-01
-3.343043e-01 -3.560791e-01 -9.795819e-02 -7.024030e-02 3.716722e-02 -2.165605e-01 -1.136905e-01 1.170996e-02
-1.916515e-01 -2.706570e-01 -2.352962e-01 -5.395331e-02 1.862705e-01 1.977227e-01 1.510877e-02 -1.731493e-02
3.583225e-01 -3.971751e-01 5.647615e-02 -1.224307e-01 1.069207e-01 2.355438e-02 1.297372e-01 6.503765e-02
-1.639541e-01 -9.794377e-02 -8.774947e-02 -6.858157e-02 2.664723e-01 -6.454463e-02 -8.056669e-02 -1.344430e-02
-7.099051e-02 -1.573825e-02 -1.317028e-01 -2.422941e-02 3.025173e-01 1.984968e-01 6.621525e-02 9.323838e-03
-2.414858e-01 -2.689020e-01 -2.199571e-01 1.356335e-01 2.227380e-01 2.731817e-01 -4.632085e-02 -7.253324e-02
-2.024726e-01 -8.380222e-03 -1.344532e-01 4.717728e-02 2.801992e-01 -3.547752e-02 -4.094739e-02 5.461712e-02
-1.984007e-01 -2.233083e-02 3.614771e-01 -5.467520e-02 -7.279139e-02 -1.167947e-01 -1.174283e-01 8.078685e-02
-1.250513e-01 -7.711861e-02 -1.230867e-01 6.976586e-02 3.489136e-01 1.611594e-01 -3.635815e-02 -2.662414e-02
-2.395514e-01 -1.035996e-01 -6.682483e-02 1.838244e-01 2.739568e-01 -1.489844e-01 -2.895841e-01 -1.296860e-01
-2.794851e-01 -1.186862e-01 -1.179540e-01 -3.270324e-02 3.575914e-01 2.305956e-02 1.290626e-02 3.711141e-02
1.431531e-02 -1.783122e-01 2.870687e-01 4.128314e-02 -1.131036e-01 -1.906279e-01 -2.278165e-01 -7.352726e-02
-2.041149e-01 -2.166432e-01 2.142084e-01 4.160033e-02 -2.564843e-02 -2.723333e-01 -1.315966e-01 3.503092e-02
-1.708875e-01 -8.513532e-02 -9.404886e-02 1.036335e-01 2.492448e-01 2.447365e-01 -1.999824e-01 -5.149381e-02
4.127398e-01 -1.930833e-01 4.166357e-02 -1.291019e-01 5.808759e-02 -1.821607e-02 9.732286e-02 1.382227e-02
-2.005385e-01 -1.072200e-02 -6.388683e-02 -6.406204e-02 1.230495e-01 -4.754606e-02 -1.975999e-02 1.334591e-01
1.124690e-01 4.978453e-02 8.416378e-02 2.061695e-01 4.351584e-01 -2.597827e-03 1.140855e-02 1.112828e-02
4.294053e-01 -1.293313e-01 -2.780233e-02 4.281206e-01 1.178775e-01 1.195023e-01 2.363589e-02 -1.595227e-01
-5.976184e-02 -5.397015e-02 2.363111e-01 -7.698148e-02 -8.029103e-02 -1.048437e-01 7.555771e-03 -3.849421e-02
5.744116e-01 -1.508588e-01 -1.280700e-01 1.850017e-02 -1.626965e-01 8.322050e-02 2.165950e-01 -1.641110e-01
-8.242934e-02 -6.820253e-03 1.574511e-01 1.554340e-01 6.734876e-02 -1.871519e-02 3.206515e-02 8.731766e-02
2.543657e-01 -1.516726e-01 -1.123322e-01 2.993959e-02 -1.244453e-01 -1.904411e-02 -4.958089e-03 -9.600422e-02
3.289793e-01 -6.828783e-02 -1.138696e-01 3.726655e-01 3.989274e-01 1.634008e-01 -6.198968e-02 -9.545951e-02
1.074197e-01 1.449484e-02 -4.858650e-02 4.302858e-02 -5.154905e-02 -1.221781e-01 6.087822e-02 2.791356e-01
-9.819630e-02 9.778828e-02 1.393170e-01 -6.844755e-02 4.538069e-01 2.963135e-02 -7.199595e-02 5.543033e-02
2.196743e-02 -1.137944e-01 4.066266e-01 6.111847e-03 1.376937e-01 -1.421822e-01 4.494312e-02 -2.892383e-02
1.288818e-01 -1.430740e-01 -8.029851e-02 2.979427e-01 2.364352e-01 -4.144548e-02 -2.627679e-02 -1.215107e-01
4.771331e-04 -4.309611e-02 3.284720e-01 8.984262e-02 2.444451e-01 -5.397215e-02 -1.238738e-02 -8.522259e-02
3.716211e-01 1.059738e-01 -8.794359e-02 -7.827276e-02 -5.513840e-02 1.409085e-01 1.068802e-01 4.418915e-02
8.109189e-04 -1.742139e-01 1.996766e-01 1.843468e-01 -3.177710e-02 1.971418e-02 -2.379286e-03 -1.155681e-02
1.254663e-01 -1.221239e-01 8.036761e-02 3.068262e-01 4.622639e-01 5.233461e-02 3.067335e-02 -1.107354e-01
-6.360767e-02 -4.260887e-02 1.033508e-01 -7.350652e-02 -7.728831e-02 -9.587943e-02 2.215522e-02 -3.575419e-02
-3.568086e-02 -4.930738e-02 3.624583e-01 6.054538e-02 3.351094e-01 -2.394382e-02 8.501707e-02 1.276280e-02
2.499477e-01 -2.337848e-01 1.478594e-03 3.806073e-01 1.611156e-01 1.303793e-01 1.164505e-01 -8.520478e-02
4.276581e-01 -8.846348e-02 -7.147930e-02 4.959235e-02 -8.859249e-02 -1.175666e-01 2.134234e-01 -9.640190e-02
-5.601553e-02 3.214138e-03 1.475028e-01 -4.641171e-03 5.112499e-01 -3.951633e-02 1.680455e-02 -3.315156e-02
-1.270950e-01 9.968973e-02 1.874665e-01 -9.662922e-02 -8.767778e-02 6.485703e-02 -1.324468e-01 2.937737e-01
4.213121e-01 -3.180976e-02 -1.049754e-01 3.486701e-01 2.103877e-01 4.309273e-02 -2.996698e-02 -1.316026e-01
4.270285e-01 -2.092843e-01 6.273762e-03 3.744913e-01 3.147460e-02 8.175355e-02 5.929997e-02 -2.374348e-01
1.882215e-01 -2.235199e-02 -5.162910e-02 2.981001e-01 5.044851e-01 1.258888e-01 -3.987976e-02 -7.039785e-02
2.003951e-01 -1.475232e-01 2.699194e-02 3.530930e-01 2.625626e-01 -8.807825e-02 1.654402e-01 -1.112366e-01
1.311402e-01 -1.426439e-01 -4.402136e-02 1.995203e-02 -9.177374e-02 -1.173302e-01 1.639708e-02 -1.053881e-01
4.352330e-01 -1.395103e-02 -1.143644e-01 -5.909757e-02 -1.307222e-01 8.491911e-02 2.713138e-01 -5.293058e-02
2.374014e-01 -1.396735e-01 -4.742623e-02 3.922428e-01 4.287729e-01 4.278591e-02 1.589194e-02 -1.236840e-01
4.100114e-01 -1.103067e-01 -1.416106e-01 3.898742e-01 2.298530e-01 2.122719e-01 -7.208876e-02 -1.324238e-01
-6.743917e-02 -8.498707e-02 1.481514e-01 -8.478069e-02 2.721625e-01 -1.157176e-01 -4.291478e-02 -9.926667e-02
-1.007219e-01 -9.387676e-02 2.846953e-01 1.886306e-01 -6.034693e-03 -2.024540e-02 3.636857e-02 2.943159e-02
4.218823e-04 -1.366947e-01 3.068188e-01 1.393420e-01 3.252086e-01 -3.299924e-02 1.158192e-01 2.530454e-02
-6.999995e-02 9.470182e-02 2.420613e-01 -5.899796e-03 3.779721e-01 -2.601135e-03 9.463685e-02 1.153219e-01
3.767329e-01 8.000123e-03 -3.950427e-02 3.277267e-01 1.735742e-01 1.672152e-01 -7.592485e-02 -4.626390e-02
3.673663e-01 -1.429541e-01 -1.255162e-01 4.190444e-01 3.015896e-01 1.055272e-01 2.658084e-03 -1.421527e-01
5.830003e-01 -4.154498e-02 -1.547727e-01 1.431245e-02 -8.274443e-02 5.678863e-02 1.340309e-01 -1.347857e-01
2.862521e-01 6.043005e-02 -6.500017e-02 3.092211e-01 3.291246e-01 3.116192e-02 -3.109668e-02 6.353477e-03
-4.298928e-02 -1.548268e-01 1.190761e-01 -5.349695e-02 -1.215240e-01 -1.502069e-01 -2.799441e-02 -8.805099e-02
-5.660091e-02 -4.634015e-02 1.395160e-01 -1.156246e-01 -1.300964e-01 -9.169269e-02 2.133458e-01 -6.574436e-02
1.856072e-01 -6.292085e-02 7.739765e-02 3.249284e-01 3.943988e-01 -1.191760e-01 4.961764e-02 -6.388630e-02
-7.011914e-02 -1.519029e-01 1.758374e-01 1.542657e-01 -8.486782e-02 -9.831262e-02 2.789143e-02 -5.332524e-02
3.309500e-01 -9.533717e-02 -7.600855e-02 3.980102e-01 3.418310e-01 -8.640628e-02 -1.344902e-02 -1.013193e-01
1.271432e-01 2.738781e-02 1.011518e-02 1.545476e-01 5.553094e-02 -1.209996e-02 -3.686639e-02 7.047279e-02
1.485934e-01 -2.685819e-01 5.460911e-02 2.651471e-01 -4.003268e-02 -4.662877e-03 5.905918e-02 -2.149876e-02
3.953991e-01 -9.687163e-02 -9.165004e-03 3.945483e-01 1.826847e-01 -1.284163e-01 7.384767e-02 -1.390580e-01
6.846510e-02 8.031885e-02 -8.890660e-02 -3.156262e-02 -4.122741e-02 1.080872e-01 -7.235619e-02 3.692602e-01
-9.911577e-02 4.753251e-02 1.559136e-01 -1.172081e-01 -4.800481e-02 -3.824213e-02 -4.615185e-02 3.340127e-02
5.167816e-01 -6.278494e-02 -1.242605e-01 6.599645e-03 -1.150241e-01 1.867602e-01 1.237647e-01 -9.516343e-02
2.274531e-01 -3.789037e-02 -1.296066e-01 -5.507768e-02 -8.393510e-02 2.812262e-02 -5.137779e-02 -4.376289e-03
2.845175e-01 2.296897e-02 -1.119782e-01 3.082395e-01 3.239369e-01 2.518814e-01 -1.190330e-01 -1.400203e-02
2.583449e-01 9.372781e-03 4.973294e-02 -1.030517e-01 -1.284814e-01 -1.087219e-02 3.012082e-01 -5.923353e-02
-6.481645e-02 1.015475e-02 1.054639e-01 -1.084786e-01 -1.064306e-01 -6.631829e-02 -9.114826e-02 3.698112e-01
2.209557e-01 -1.243350e-01 4.193791e-02 2.354847e-01 -1.193255e-02 -1.566719e-02 1.834887e-02 8.268419e-03
-5.107710e-02 -7.574190e-03 2.715686e-01 1.152513e-02 4.478683e-01 -5.753621e-02 1.195839e-02 -2.782902e-02
4.680288e-01 -9.802225e-02 -8.421164e-02 3.386532e-01 1.269174e-01 7.586802e-02 1.910003e-02 -1.859407e-01
2.551198e-01 -9.091785e-02 -3.542870e-02 4.070925e-01 2.781148e-01 1.077521e-01 7.774494e-02 -6.224442e-02
5.299799e-01 -1.671462e-01 -1.320683e-01 8.424921e-02 -1.039983e-01 7.941363e-02 7.614391e-02 -1.378659e-01
1.924393e-01 1.357279e-01 -2.704471e-02 1.986731e-01 2.999186e-01 1.740570e-01 -1.063340e-01 6.822625e-02
-1.220678e-01 1.796150e-01 1.949603e-01 -1.065167e-01 2.783402e-01 4.330175e-02 -3.914122e-02 1.153343e-01
1.390286e-02 -8.707546e-02 2.988628e-01 1.473662e-01 4.115248e-01 -7.785201e-02 3.026558e-02 -6.595195e-02
3.410968e-01 -1.927887e-01 -4.972783e-02 3.972488e-01 1.436700e-01 1.417764e-02 9.815503e-02 -1.968968e-01
-5.680897e-02 8.364613e-02 2.712134e-01 -7.281364e-03 2.633606e-01 4.949734e-02 -4.754849e-02 2.593949e-02
-3.283763e-02 -8.122510e-02 1.431399e-01 5.292241e-02 5.130433e-01 -7.784023e-02 4.557241e-02 -6.711750e-02
1.074811e-01 -1.202619e-01 2.260066e-01 2.608434e-01 2.293515e-01 1.505974e-02 5.087292e-02 -1.035651e-01
