4 4 8 32 16
-8.184171e-02 -9.531780e-02 3.335603e-02 -9.925989e-03 -6.918352e-02 -7.902176e-03 3.253406e-01 -1.902077e-01
-6.618768e-02 1.381235e-01 -2.396567e-01 2.562310e-01 -8.294939e-02 -2.290521e-02 -1.739503e-01 -1.064940e-01
1.768675e-02 6.678088e-02 -2.398697e-02 1.702758e-01 -1.908217e-01 5.093626e-02 -1.533953e-01 -1.689434e-01
1.626319e-01 5.258384e-01 -1.090382e-01 5.695493e-02 1.902765e-01 -9.400764e-03 2.557405e-01 -9.032934e-02
-6.947397e-02 1.632921e-01 -8.813693e-02 9.136567e-02 -8.944540e-02 3.679266e-01 1.791485e-01 -1.167540e-01
-3.920918e-02 8.106955e-03 -1.454794e-01 2.863058e-01 -1.233839e-01 -2.984463e-02 -6.675065e-02 -5.487674e-02
-2.130117e-02 -1.055414e-02 -1.683941e-01 3.041853e-01 -1.462317e-02 -9.982145e-02 -1.830794e-01 -1.893797e-01
-6.449099e-02 2.154071e-01 -1.248410e-01 -4.190611e-02 3.978999e-02 9.783699e-02 3.472282e-01 -9.779000e-02
1.575333e-02 1.201217e-01 -9.205183e-02 -9.925475e-02 1.639910e-01 8.288734e-02 5.843147e-01 -1.453216e-01
-1.158345e-01 -1.294866e-01 -5.042720e-02 2.129909e-01 -1.305456e-01 -1.242229e-01 -7.055167e-02 -2.127203e-01
2.540324e-01 1.376886e-01 -8.886573e-02 -5.143873e-02 4.252133e-01 4.182567e-02 3.484962e-01 -5.186113e-02
-9.056307e-02 -7.985135e-02 -1.375455e-01 1.223210e-01 -7.186964e-02 2.653197e-01 2.195586e-01 -1.574075e-01
-3.627488e-02 4.360222e-01 -6.338547e-02 2.945892e-01 -1.075651e-01 -3.700302e-02 -1.631177e-01 -1.039651e-01
2.546260e-01 2.201213e-01 -1.485039e-01 -3.998392e-03 2.839567e-01 1.835507e-01 3.025954e-01 -1.099899e-01
-7.285499e-02 -1.596792e-01 1.808586e-01 5.614345e-02 -1.205133e-01 1.967420e-02 -5.858099e-02 -2.143226e-01
-1.129091e-01 -1.031289e-02 -1.185840e-01 -1.541152e-01 2.524441e-02 2.378797e-03 -1.769393e-01 -1.281155e-01
1.284977e-01 -1.641318e-01 -2.833237e-01 3.242719e-01 -1.413647e-01 -1.978054e-01 3.392447e-01 -9.657630e-02
3.964100e-01 -1.438332e-02 -2.392656e-01 -1.894401e-01 -1.807516e-01 -1.165891e-01 -1.970291e-01 -3.398393e-01
1.397081e-01 3.118548e-03 -2.726970e-01 -2.733105e-01 5.694149e-02 2.118156e-01 -3.029649e-01 7.362127e-02
3.586248e-01 2.754707e-02 -8.789235e-02 3.262835e-02 -2.235492e-02 -2.092964e-01 -1.723036e-01 4.015429e-01
-3.274446e-01 7.793742e-02 -2.077527e-01 -9.711810e-02 -1.457616e-02 -1.428559e-01 7.915202e-01 1.648204e-02
-8.197407e-02 3.652063e-01 -9.934218e-02 2.799462e-01 2.540248e-02 -2.309331e-01 -9.366211e-02 5.230259e-02
-1.486238e-01 2.548681e-02 -1.755614e-01 -5.041339e-02 9.701653e-02 -1.895451e-01 -3.334678e-02 -2.846757e-01
4.778958e-02 1.922032e-02 -2.994461e-01 -1.789096e-01 -3.610073e-01 -8.942120e-02 2.953786e-01 -1.330501e-01
-1.126622e-01 4.098151e-01 -6.851204e-02 2.800134e-01 2.531670e-02 -2.396903e-01 -1.076272e-01 8.583768e-02
-3.425923e-02 4.824046e-02 -2.123945e-01 -5.072258e-02 1.471143e-01 -1.185635e-01 -1.759121e-01 2.148392e-02
-1.667991e-02 -2.489245e-02 -3.519265e-01 -2.259599e-02 -3.449031e-01 -2.475126e-02 1.629184e-01 -2.790674e-01
1.296108e-01 4.640181e-02 -2.575817e-01 -1.164061e-01 -9.773495e-02 -1.345523e-01 -1.247711e-01 1.092963e-02
1.547101e-01 -9.522327e-02 -2.299806e-01 8.612002e-02 -8.223698e-02 -2.543297e-01 5.862373e-01 5.428526e-02
-1.345979e-01 -4.233310e-02 -1.653756e-01 -1.261389e-01 2.197359e-01 1.654946e-01 -1.919606e-01 -1.331287e-01
3.237882e-01 -1.138868e-01 -2.177584e-01 -1.026006e-01 1.561613e-02 -1.913164e-01 -3.379256e-02 1.924907e-01
5.199738e-01 -5.959207e-02 -1.700688e-01 -1.665967e-01 -1.730351e-01 -1.407441e-01 -1.066047e-01 -5.666517e-02
-1.952982e-01 -2.715742e-01 -4.016773e-03 -4.608063e-02 3.424408e-01 -1.559226e-01 -1.999595e-01 -4.620383e-02
7.240182e-01 -2.220691e-01 2.067161e-01 9.781669e-03 7.501018e-02 -9.362939e-02 1.206386e-03 2.982930e-02
-3.748059e-01 -2.409301e-01 2.638220e-01 -8.889420e-02 -4.948594e-02 -1.515794e-01 -1.811762e-01 1.564330e-01
1.143932e-02 -1.323023e-01 -1.349030e-01 2.995278e-01 3.270828e-01 3.227517e-01 -2.467400e-01 -5.271357e-02
4.047255e-01 -4.274069e-01 7.032039e-02 -1.113041e-01 1.817463e-01 -6.399444e-02 2.217067e-01 6.973692e-02
-2.752555e-01 -2.857730e-02 4.474929e-01 1.696889e-01 -2.087907e-01 -6.718405e-02 -3.852332e-01 4.889588e-02
-2.821555e-02 -1.421336e-01 -9.058974e-02 3.433298e-01 4.006158e-01 -3.616938e-02 -2.463043e-01 -1.388211e-01
-2.965380e-01 -1.570716e-01 3.889171e-02 -2.977495e-02 2.462739e-01 -2.545732e-01 -2.204495e-01 -5.273178e-02
-2.268718e-01 -1.767373e-01 3.553375e-01 -4.071821e-02 5.868492e-02 -1.846755e-01 -2.612746e-01 -5.647663e-02
-2.136686e-01 -3.142377e-01 -2.035315e-01 -1.652498e-02 1.732532e-01 2.849563e-01 -2.460363e-02 -3.022236e-02
-3.259099e-01 -1.343345e-01 -7.123547e-02 -1.056995e-01 3.320419e-01 -1.109389e-02 -1.047518e-01 1.225246e-01
-2.738129e-01 -3.370660e-01 -9.036003e-03 -6.944037e-02 5.192405e-02 -3.007116e-02 -1.597832e-01 -5.309667e-02
-1.317140e-01 -1.749104e-01 -1.648239e-01 -3.752963e-02 3.681428e-01 3.124808e-01 -4.706524e-02 1.163594e-01
4.296163e-01 -3.000472e-01 3.344670e-01 1.541761e-01 1.979125e-01 -2.382861e-01 -3.350829e-02 -1.413168e-01
-2.503212e-01 -1.908225e-01 -1.638748e-01 -1.674366e-01 2.918722e-01 9.450147e-02 3.839269e-02 2.177111e-01
-1.017084e-01 -1.608338e-01 -1.308653e-01 7.919002e-02 4.592364e-01 2.208254e-01 -1.230920e-01 -1.471697e-01
4.683666e-02 5.098666e-02 2.565071e-01 -7.067681e-02 3.763191e-01 4.521535e-02 -8.981577e-02 1.786535e-01
4.355505e-01 -1.516941e-01 -2.665516e-01 4.379584e-01 3.440901e-01 1.237709e-01 -3.848194e-03 -2.544002e-01
2.644511e-01 -3.564238e-01 9.056470e-02 2.832239e-01 4.915355e-03 -7.401517e-02 -4.441580e-02 3.989971e-02
8.281124e-02 -2.743664e-01 3.212500e-01 -1.540787e-02 1.446712e-02 -3.859995e-02 -1.680111e-01 -2.104252e-01
-8.862308e-02 -2.267956e-01 3.066579e-01 4.037887e-03 5.836443e-01 -2.284268e-01 -1.854518e-01 -1.585891e-01
2.509876e-01 1.122926e-01 1.577988e-01 2.854599e-01 3.652526e-01 2.031060e-01 -1.442828e-01 5.106093e-02
6.423910e-01 -1.405402e-01 -8.516363e-02 -1.185703e-02 -9.623277e-02 1.172809e-01 1.048263e-01 -1.690511e-01
9.701357e-02 -1.537590e-01 3.834474e-01 1.441551e-01 3.503433e-01 -2.150171e-02 7.093861e-02 -2.369510e-02
3.873923e-01 -2.735987e-01 4.625065e-02 -3.670963e-02 -9.938076e-03 1.010132e-01 -1.743849e-01 -1.654850e-02
2.259896e-01 -9.007681e-02 1.015727e-01 4.252195e-01 5.890220e-01 7.676166e-02 -5.258220e-02 -1.271092e-01
5.137628e-01 -1.665111e-01 -1.146017e-01 4.676493e-01 1.106117e-01 1.559549e-01 -5.440492e-02 -1.636730e-01
4.830206e-02 1.999801e-02 1.746343e-01 -7.811361e-02 1.329509e-03 6.244838e-02 -1.641387e-01 4.864461e-01
4.221666e-01 -1.939109e-01 1.188488e-01 -4.010486e-02 -6.729492e-02 -1.814704e-02 2.349398e-01 -1.622359e-02
7.930025e-02 -3.164455e-01 3.464881e-01 2.321931e-01 1.009458e-01 -8.264206e-02 -4.015810e-02 3.644743e-02
3.068316e-02 -2.539613e-01 3.365862e-01 -8.605727e-03 2.395096e-01 3.060321e-02 -1.804379e-01 -1.451705e-01
3.213618e-01 -6.037790e-02 7.707161e-02 4.528823e-01 3.293566e-01 1.138248e-02 6.093264e-02 -1.767903e-01
-1.405472e-01 -1.454305e-02 -7.234928e-02 -1.155851e-01 4.546403e-03 -7.408027e-02 -1.293566e-01 -4.273273e-02
-4.431383e-02 2.767590e-02 9.782494e-02 1.972324e-01 -5.572703e-02 -3.158203e-02 -1.448350e-01 -9.486713e-02
-3.846876e-02 6.755230e-03 -7.003010e-02 -4.150255e-02 7.449307e-02 -5.109870e-02 3.618309e-01 -1.024611e-01
-5.509273e-02 2.422411e-01 -1.660399e-01 5.288372e-03 -2.027186e-01 3.637580e-01 2.128702e-01 -9.141469e-02
-1.018130e-01 2.793948e-01 -1.345421e-01 3.731759e-01 -1.522061e-02 -3.815223e-02 -1.616933e-01 -1.430804e-01
1.756678e-03 9.671410e-02 -1.126819e-01 2.229544e-02 2.120178e-01 1.380347e-02 3.963091e-01 -4.092308e-02
-1.134030e-01 -1.060364e-01 2.634380e-02 1.129018e-01 -2.518071e-02 -5.651964e-02 -1.216248e-01 -7.996895e-02
-1.157677e-01 -7.943292e-04 -8.403365e-02 -1.464461e-02 -1.651925e-01 2.963130e-01 2.835411e-01 -3.601129e-02
-1.146183e-01 4.384099e-02 -4.578919e-02 2.521674e-01 -7.849842e-02 -7.172695e-02 -1.325111e-01 -6.414085e-02
-1.418216e-01 -1.189928e-01 4.130304e-02 -5.057940e-02 -9.385672e-02 2.574406e-01 2.601926e-01 -1.221487e-01
1.649052e-01 9.047765e-02 -5.180845e-02 4.511802e-02 9.041268e-02 2.506183e-01 1.630256e-01 -1.442378e-01
-1.183477e-01 -1.680062e-01 1.544550e-01 1.098059e-01 -8.580828e-02 -1.807731e-02 -9.419467e-02 -3.879789e-02
-7.002552e-02 -1.456514e-01 3.425492e-02 -2.074973e-02 1.565150e-01 9.518504e-03 4.956808e-01 -2.876759e-02
-6.994794e-02 9.878018e-02 -1.199526e-01 1.688286e-01 4.079853e-02 -5.560884e-03 -2.528891e-01 -9.805447e-02
7.569838e-02 3.614020e-01 -1.596042e-01 -4.786377e-02 1.550460e-01 6.811044e-02 3.128770e-01 -2.024382e-02
1.359092e-01 -2.134403e-03 -6.117366e-02 2.783756e-02 3.663233e-01 1.060491e-02 2.016416e-01 2.205173e-02
-1.401385e-01 2.635291e-01 4.733115e-02 4.529515e-01 -2.713214e-02 -9.173822e-02 -1.367642e-01 -2.215773e-03
2.120513e-01 -5.124397e-02 -1.425457e-01 -8.468118e-02 -1.317088e-01 -8.718973e-02 -3.810823e-02 9.871025e-03
-1.806180e-02 -6.263211e-02 -2.715399e-01 6.290945e-02 -1.148569e-01 -6.969313e-02 1.196217e-01 -2.298641e-01
-2.034681e-02 -7.588010e-02 -1.166946e-01 -1.131324e-01 7.814365e-02 -6.886216e-02 -5.697654e-02 -1.259116e-01
7.027499e-02 -9.738349e-02 -1.693088e-01 1.109072e-01 -1.951864e-01 -1.016185e-01 2.714553e-01 -1.090634e-01
2.805328e-01 -1.294794e-01 -9.114102e-02 -2.971815e-02 1.015219e-02 -1.294709e-01 -7.842813e-02 1.694167e-01
1.190902e-01 -1.577259e-01 -3.324311e-02 -2.922855e-02 -1.831775e-02 1.463495e-01 -8.058559e-02 1.066539e-01
-7.311596e-02 -6.000268e-02 -2.581190e-01 -2.989815e-02 -1.963396e-01 -5.753348e-02 3.364362e-01 -1.247905e-01
8.129203e-02 -1.965538e-01 -6.902260e-02 1.392103e-01 -1.228089e-01 -1.149398e-01 4.436814e-01 7.582407e-02
-8.061850e-02 -2.620604e-02 5.883629e-02 -4.078153e-02 5.736224e-02 2.271270e-01 -1.209456e-01 -1.013150e-01
2.802060e-01 -6.592096e-02 -1.487928e-01 -1.549338e-01 -2.054663e-01 -9.694442e-02 -6.353405e-03 1.222374e-01
3.637177e-01 1.771171e-02 -1.179751e-01 -1.568269e-01 -1.229018e-01 -5.324627e-02 -1.297010e-01 -1.064335e-01
3.756433e-01 -3.041317e-02 -6.913998e-02 -1.029804e-01 -6.819808e-02 -1.295136e-01 -4.715449e-02 -8.123167e-04
-1.345455e-01 4.561877e-01 -2.230599e-02 6.762906e-02 -3.535551e-02 -9.887983e-02 1.609528e-02 6.908631e-02
1.448726e-01 6.378646e-02 -1.562681e-01 -1.433066e-01 -9.599497e-02 -4.440752e-02 -8.060507e-02 -1.492348e-01
2.711856e-02 -1.631400e-01 -8.231671e-02 -1.393558e-02 1.317421e-01 -7.773865e-02 -6.209656e-02 6.289664e-02
3.305444e-01 -1.805888e-01 3.478989e-01 1.317832e-01 3.426325e-02 -6.118718e-02 1.302671e-02 -7.666771e-02
-1.604128e-01 -5.723523e-02 -1.510721e-01 1.754999e-01 3.264762e-01 1.318713e-01 -1.247490e-01 -7.314131e-02
-1.393029e-01 -7.910893e-02 2.260027e-01 -5.757225e-02 -5.953626e-02 -1.715584e-01 -1.524246e-01 3.581225e-02
-9.095389e-02 -3.750170e-02 -2.177990e-01 2.312968e-02 3.015292e-01 2.338883e-01 6.707413e-02 -6.215258e-02
5.684521e-01 -5.999786e-02 1.997866e-01 -9.756801e-02 -7.171701e-02 -6.601314e-02 1.626528e-01 7.532511e-03
-2.771347e-01 -3.273027e-01 7.433771e-02 -6.737171e-02 -9.845959e-02 -1.405208e-01 -1.398323e-01 -1.536284e-01
3.599609e-01 -3.007977e-01 6.579932e-02 -8.969776e-02 9.361576e-02 3.932573e-02 1.665420e-01 5.848921e-02
-2.543493e-01 -4.808580e-02 2.534845e-02 5.592366e-02 2.273858e-01 -1.827029e-01 -1.025042e-01 -4.217406e-02
-2.288575e-01 -2.196222e-02 -9.201419e-02 -5.109719e-02 2.504091e-01 2.540344e-02 7.856537e-03 3.884330e-02
-2.513178e-01 -7.761986e-02 -1.302822e-03 -9.458586e-02 1.217458e-01 -2.157686e-02 -1.272031e-02 8.915071e-02
-1.565069e-01 -1.499358e-02 -2.151011e-01 -8.485883e-02 2.934197e-01 1.217650e-01 1.162730e-01 1.681199e-02
-1.139659e-01 -4.206252e-02 2.016153e-01 1.313063e-01 1.950956e-02 3.522314e-02 -1.618222e-01 -1.084347e-01
-1.015936e-01 -5.670562e-02 -1.022942e-01 1.919383e-01 3.070630e-01 3.020546e-01 -1.171850e-01 -4.073324e-02
-1.841870e-01 -8.440045e-02 -6.459525e-02 1.911554e-01 3.042519e-01 -1.715636e-02 -2.012987e-01 -6.278741e-02
-1.340265e-01 -1.521079e-02 3.909260e-01 5.524752e-02 -2.680793e-01 -1.277085e-01 -2.440508e-01 3.391007e-03
-2.294930e-01 -1.152975e-01 9.381012e-02 -9.912255e-02 2.349747e-02 -8.260879e-02 -7.115762e-02 8.162054e-02
-5.717283e-02 4.088787e-02 7.800538e-02 -1.013536e-01 -8.229029e-02 2.988937e-02 -2.946927e-02 2.442239e-01
2.778475e-01 -1.104324e-01 7.453606e-03 3.702159e-01 3.404946e-01 -1.698727e-02 6.740204e-02 -1.827680e-01
-7.216655e-02 9.524281e-02 2.095216e-01 -6.449980e-02 3.361384e-01 1.728585e-02 -7.882779e-02 5.966409e-02
2.078047e-01 2.432478e-03 -8.000692e-02 -4.542433e-02 -3.683028e-02 -4.052247e-02 3.099687e-02 -1.621211e-02
2.685612e-02 -8.633543e-02 3.883434e-01 2.564867e-02 1.546947e-01 -6.351346e-02 3.473264e-02 -3.361637e-02
1.258413e-01 -1.491286e-01 7.504303e-02 3.389735e-01 4.124673e-01 -3.381183e-02 3.459644e-02 -6.266027e-02
-3.417903e-02 -9.919771e-02 2.054071e-01 1.870951e-01 3.920776e-01 -3.238684e-02 5.694134e-02 7.340434e-02
5.409182e-01 -1.145406e-01 -1.355099e-01 2.959028e-02 -1.352399e-01 2.509256e-02 1.149856e-01 -1.514920e-01
3.611559e-01 9.205782e-03 -6.633429e-02 2.704267e-01 3.012132e-01 1.854282e-01 -9.166796e-02 -4.934228e-02
-3.414737e-02 -7.998596e-02 1.583631e-01 9.176162e-02 -7.772809e-02 -4.685027e-02 -4.517285e-02 8.280092e-02
-6.945872e-02 -1.459859e-02 1.295211e-01 1.815177e-02 3.622256e-01 -8.868639e-02 2.684592e-02 -9.990951e-02
3.114365e-01 -8.765929e-02 -4.363827e-02 3.704329e-01 3.203510e-01 1.253761e-01 -4.691949e-02 -4.336122e-02
8.676206e-02 -1.848006e-01 3.007064e-02 2.259387e-01 -6.627689e-02 -1.438719e-01 2.741268e-02 3.357049e-02
-1.061671e-01 -5.560720e-02 1.882615e-01 -6.955323e-02 -9.861218e-02 -1.070956e-01 8.452475e-03 -6.748334e-02
1.919957e-01 9.992018e-02 -8.419032e-02 2.242841e-01 3.127871e-01 1.019218e-01 -4.222566e-02 7.093365e-03
3.456233e-01 -1.427103e-01 -3.460867e-02 3.351449e-01 7.238971e-02 1.275501e-01 1.014714e-01 -2.156905e-01
