1 5 16 16 32
-3.777886e-01 7.297459e-02 -4.370426e-02 3.187655e-01 3.392311e-01 2.717444e-01 2.936492e-01 1.328196e-01 -1.992767e-02 4.056596e-01 -1.427472e-01 2.715602e-01 2.398983e-01 7.981049e-02 2.877114e-01 -1.287912e-01
-8.845966e-02 3.874189e-01 1.937996e-01 1.488638e-01 8.660032e-02 -1.933240e-01 -3.158275e-02 2.260139e-01 -2.620883e-01 -1.484519e-01 1.179244e-01 3.805300e-01 2.317469e-01 -1.194015e-01 -4.059478e-01 -8.741453e-02
4.374630e-02 -3.465158e-01 2.067239e-01 1.518013e-01 -5.771993e-02 4.279556e-01 -7.429058e-02 2.986431e-02 2.595909e-01 -1.710391e-01 -1.575230e-01 -3.193972e-02 4.540664e-01 -3.148970e-01 2.638930e-02 -2.669640e-01
2.247892e-01 -3.280381e-01 -1.876468e-01 -1.717416e-01 -1.126784e-01 2.849258e-01 5.051491e-02 -1.381566e-01 2.616295e-01 3.023542e-01 -1.803718e-02 -2.556033e-01 -1.925607e-01 2.269110e-02 4.973557e-01 1.204965e-01
8.123241e-02 1.100588e-01 3.472657e-01 -1.252509e-01 -3.701250e-01 -2.617174e-02 -1.209589e-01 1.577027e-01 -4.071204e-02 1.456065e-01 3.381259e-01 5.151393e-02 9.215573e-02 -3.907168e-02 -3.685424e-01 5.216591e-01
-9.327869e-02 2.597280e-01 -7.088102e-02 -1.640338e-01 1.669010e-01 1.520632e-01 3.151205e-01 -2.013694e-01 1.518803e-01 -2.576618e-01 -3.032012e-01 6.964925e-02 3.453688e-01 2.267604e-01 -1.443717e-01 8.172059e-03
-9.694674e-02 2.168553e-01 -2.018047e-01 -1.791607e-02 2.698772e-01 1.328800e-01 -3.465096e-01 -1.134225e-01 1.645619e-02 -2.416709e-01 6.993198e-02 4.045443e-01 -1.183917e-01 6.063376e-02 4.569024e-01 -1.078106e-01
-2.766606e-02 2.466556e-01 5.719779e-02 -1.851670e-01 8.767629e-02 -2.413123e-01 3.541428e-02 1.757109e-01 1.370410e-01 3.691182e-02 5.363650e-02 -1.390810e-01 -3.103950e-01 4.853864e-01 3.919540e-01 -3.268180e-01
4.026376e-02 2.018701e-01 -1.863000e-01 1.801873e-01 -8.734848e-02 8.515138e-02 3.113534e-01 2.150387e-01 5.086140e-02 3.424027e-01 1.923543e-01 -6.854610e-02 2.203962e-01 1.005059e-01 -1.977734e-01 3.002026e-01
-1.166743e-01 -5.934179e-02 5.707793e-02 -1.818974e-01 1.973215e-01 -1.050158e-01 -2.621599e-01 -1.654595e-02 4.810443e-03 -4.081271e-01 -1.302569e-01 3.757378e-01 2.279132e-02 5.291171e-02 4.834401e-01 -2.037273e-01
5.884318e-02 -1.823409e-01 8.259580e-02 1.924719e-01 -1.516619e-01 -1.286238e-01 -2.360138e-01 2.421145e-01 -1.724293e-01 3.753451e-01 3.480252e-01 -1.914205e-01 -2.621252e-01 -9.779881e-02 2.720396e-02 1.485067e-01
1.224767e-02 -2.633842e-01 2.085915e-01 5.141222e-03 -2.047437e-01 -1.530746e-01 3.557779e-01 1.680373e-01 -2.069073e-02 2.359739e-01 -4.773214e-02 -2.077470e-01 1.067101e-01 -8.663058e-02 -3.081704e-01 1.271979e-01
-1.948629e-01 5.613224e-01 1.115071e-02 -2.963822e-02 9.665924e-02 -3.272738e-01 -1.784117e-01 2.054127e-01 -1.909882e-01 1.181701e-01 -4.368946e-02 2.072873e-01 -1.858766e-01 -8.726325e-02 -4.434499e-01 -1.646919e-01
-3.160007e-01 -2.099870e-02 -3.136707e-01 7.784455e-02 2.243741e-01 1.245641e-01 -1.708255e-01 4.729728e-02 1.754256e-01 -2.041905e-01 2.383882e-02 5.626963e-01 -8.512393e-03 -1.764644e-02 3.954383e-01 3.416627e-02
3.850152e-02 2.801113e-01 -1.729619e-01 -8.905520e-02 -4.151321e-02 -2.693339e-01 -2.348370e-02 1.852190e-02 -2.626419e-01 1.717073e-01 3.384865e-01 -8.029203e-02 -2.097003e-01 2.063368e-01 -9.238064e-02 1.902140e-01
8.556725e-02 -3.742305e-01 2.189209e-02 -1.929442e-01 -9.084062e-03 4.018221e-01 2.096166e-01 -2.524345e-01 3.050693e-01 -1.673033e-02 5.552211e-02 -2.131154e-01 -4.249481e-02 1.310547e-01 4.196924e-01 1.551436e-01
-2.015370e-01 -5.745409e-04 -6.110990e-02 9.204121e-02 5.657429e-01 1.221915e-01 8.566618e-02 -7.269823e-03 -8.065016e-02 -1.725341e-02 -1.639608e-01 -7.553496e-02 -9.975366e-02 5.104893e-02 4.907721e-01 -4.347470e-01
-9.440050e-02 4.642681e-01 4.380667e-02 1.381823e-01 1.400823e-01 -2.520389e-01 -1.394558e-01 3.231283e-01 -2.704132e-01 1.128153e-01 5.104393e-02 3.750475e-01 4.127054e-02 -2.254978e-01 -3.429572e-01 -9.771766e-02
-2.047344e-01 -2.681901e-01 1.978478e-01 2.342315e-01 1.597948e-01 -2.484738e-02 -5.225641e-02 5.028988e-03 3.941638e-01 -2.385214e-01 -3.217530e-01 3.921897e-01 2.213579e-01 -1.820832e-01 -1.284838e-02 -1.280647e-01
9.325257e-02 -4.705370e-01 -5.082032e-02 -2.155195e-02 -1.585303e-01 1.687353e-01 1.183429e-01 -1.388589e-01 1.916896e-01 1.671213e-01 6.545197e-02 -1.322843e-01 2.041313e-01 1.330517e-01 5.607598e-01 1.571768e-01
-1.793995e-01 1.500210e-01 4.852793e-01 -3.667070e-02 -5.834633e-02 1.062741e-01 -4.836582e-02 2.481381e-01 -1.194242e-01 2.949889e-01 3.157509e-01 6.374511e-02 2.093320e-01 5.839690e-02 -1.463782e-01 4.748210e-01
-2.254478e-01 1.242507e-01 2.128327e-02 -9.439366e-02 6.121438e-01 -9.941121e-02 -2.445332e-01 -3.015159e-02 3.256178e-01 -2.145736e-01 -3.294398e-01 2.854974e-01 -7.835105e-02 9.555992e-02 1.243680e-01 -1.451662e-01
2.140168e-01 1.518273e-01 -1.661380e-01 3.792591e-01 -1.638079e-01 1.962118e-01 -6.798280e-02 1.842045e-01 8.772215e-02 4.342172e-01 3.678167e-01 -1.207032e-01 -1.047875e-01 -9.948164e-02 -1.387206e-01 1.317135e-01
-5.597813e-02 1.828573e-01 2.180330e-01 -1.708613e-01 3.304500e-01 2.116828e-01 -1.835879e-01 -1.813790e-01 1.511973e-02 -4.427778e-02 -2.854302e-01 -6.660387e-03 -2.139353e-01 -1.943507e-01 -2.494948e-02 -1.112215e-01
4.348295e-01 2.421659e-01 -3.467211e-01 4.360542e-02 2.304014e-02 2.155139e-01 -8.790840e-02 -2.073292e-01 -5.588550e-02 -1.623968e-01 -5.425746e-02 -5.001873e-02 -1.263012e-01 4.180510e-02 1.170615e-01 -1.009965e-01
-5.156710e-02 5.013661e-01 2.456169e-01 -5.867460e-02 2.312241e-01 2.329798e-02 9.301430e-03 2.569948e-01 -7.092991e-02 -5.337294e-02 -8.861136e-02 3.258689e-01 -2.039177e-01 -2.321213e-01 -4.067423e-01 -1.491406e-01
-3.280711e-01 4.556407e-02 -2.177298e-01 -1.888064e-01 2.053813e-01 1.029753e-01 2.347041e-01 -5.504500e-02 2.738571e-01 -2.768900e-01 -2.899972e-01 4.674944e-01 3.279593e-01 8.290859e-02 1.207691e-01 1.233659e-02
2.408970e-01 -1.483348e-01 -6.760832e-02 -7.695876e-02 -1.249856e-01 5.936375e-01 3.245875e-02 -1.230906e-01 -5.805210e-02 -4.747374e-02 -4.166796e-02 -1.506056e-01 3.318486e-01 -2.555422e-01 -1.507460e-01 -1.324733e-01
-2.165744e-01 -1.393602e-01 8.419560e-02 2.088790e-01 2.286156e-02 -2.189653e-01 4.371460e-03 -4.724403e-02 -2.689335e-02 -4.016774e-03 -2.056416e-02 3.511684e-01 9.117954e-02 -2.695629e-01 -2.693172e-01 3.209637e-01
-9.984583e-02 1.011487e-01 2.261630e-01 7.448038e-02 -2.128202e-01 1.126388e-01 -2.486627e-02 3.764285e-01 -1.789669e-01 2.167628e-01 1.347396e-01 1.513210e-01 3.982388e-01 6.828831e-02 -2.384379e-01 4.972944e-01
-4.463429e-02 3.859108e-01 6.689207e-02 -3.582592e-02 3.062012e-01 -9.789044e-02 4.049179e-02 1.537623e-01 -1.271970e-01 -3.599090e-02 1.661888e-01 5.667558e-01 -1.461084e-02 -1.355046e-01 -3.225868e-01 -2.116906e-01
4.491249e-01 -5.470074e-02 7.411738e-02 -2.651145e-01 -3.252279e-01 -2.061140e-01 -3.045896e-01 -9.571832e-02 9.413303e-02 -4.152970e-01 9.314672e-02 -2.139312e-01 -2.053608e-01 -6.196417e-02 -2.648018e-01 9.036593e-02
3.629861e-02 -5.725076e-02 -5.888295e-02 -2.061239e-02 4.208744e-02 -6.103998e-02 1.585856e-01 -6.317377e-01 -1.347350e-02 3.552899e-01 3.139122e-01 9.376683e-02 1.322753e-02 6.049594e-02 -4.473790e-01 -3.443259e-03
8.451094e-02 1.541167e-01 4.290640e-01 -9.960525e-02 -4.481291e-01 6.640811e-02 -1.719604e-01 -7.913122e-02 -1.066372e-01 -1.413039e-02 4.068047e-01 -1.038921e-01 -1.783742e-01 -5.388588e-02 3.105960e-01 1.339340e-01
-2.261919e-01 -3.289626e-01 -9.672995e-02 1.514133e-01 3.430659e-01 -1.860642e-01 -3.206764e-01 4.773169e-01 -7.167402e-02 -1.887850e-02 -2.153535e-01 1.596360e-01 -3.145260e-01 1.143896e-02 1.667343e-01 8.758850e-02
1.334736e-01 -1.012990e-02 1.414370e-01 -7.482690e-02 -7.412558e-04 4.904761e-01 -4.972102e-01 -1.002500e-02 1.021767e-01 2.735660e-02 1.623643e-02 -2.237341e-01 -5.059819e-01 1.820112e-01 -4.553548e-02 1.376558e-01
-2.957416e-01 -2.126709e-01 -1.854124e-01 3.019346e-01 1.962510e-01 -2.627209e-01 1.313502e-01 2.186641e-02 -3.343122e-01 1.180985e-01 9.786185e-02 3.727088e-01 1.991058e-01 -1.674339e-01 -1.337822e-01 -9.609278e-02
-1.038102e-01 2.925471e-01 -9.816876e-02 -5.437932e-02 -3.473570e-01 -2.698561e-01 -5.272586e-02 9.531781e-03 4.607382e-01 -1.316564e-01 1.436814e-01 -2.939791e-02 7.474408e-02 -1.135619e-01 -1.121053e-01 -7.430980e-02
-1.892133e-01 -4.714991e-02 4.846165e-02 -2.566190e-01 -2.613507e-01 -3.065906e-01 6.047965e-02 -4.358678e-01 -3.216546e-01 -5.544810e-02 -5.806971e-02 2.579123e-01 -2.593697e-02 1.233992e-02 3.077359e-02 3.223421e-01
-1.870738e-01 2.111718e-01 -2.383553e-01 7.549999e-02 1.952173e-01 -5.259926e-01 2.844812e-02 -1.803513e-01 1.490243e-01 5.039578e-02 1.335529e-01 -5.641448e-02 -1.559304e-01 -1.275754e-01 9.608720e-02 -1.958697e-01
-1.826015e-01 -4.778517e-02 -2.138835e-01 1.737506e-01 2.128916e-01 1.047650e-01 -4.282030e-02 6.955723e-02 1.298132e-01 8.032960e-02 9.442672e-02 2.381697e-01 1.562171e-01 7.577504e-02 4.834970e-01 1.346566e-01
1.054197e-01 -7.240201e-03 -1.388020e-01 -3.492703e-01 -3.827734e-02 3.645736e-02 -1.080626e-01 -1.732214e-01 2.590806e-02 2.652275e-01 2.717929e-01 -1.865344e-01 8.961967e-02 4.385233e-02 3.441035e-01 5.460148e-02
4.519774e-01 -2.715922e-01 -1.162281e-01 -3.158303e-01 2.608090e-02 -2.236931e-01 -1.830964e-02 9.370964e-03 2.390760e-01 2.385549e-03 -1.551568e-01 -1.575799e-01 2.911280e-01 7.656679e-02 1.290142e-01 8.115274e-02
7.915089e-02 -3.951945e-01 2.646689e-01 -4.702240e-02 2.467008e-01 2.308402e-01 -2.461541e-01 -9.794476e-02 -3.967165e-01 6.793003e-02 -2.038865e-01 3.845794e-02 -2.883936e-02 4.894872e-02 2.074293e-01 -7.787124e-03
-2.861096e-02 1.110117e-01 3.695539e-01 -2.297924e-01 -1.154669e-01 9.597936e-02 -3.482787e-02 3.089547e-01 -8.362112e-02 -2.817133e-01 5.398503e-02 -2.100894e-01 -2.470986e-02 -3.320364e-01 -2.922918e-02 3.841974e-01
-1.371584e-01 -5.658622e-02 6.335990e-02 2.914357e-01 -1.649137e-01 -3.454228e-01 -4.226217e-02 -7.594505e-03 4.635155e-01 3.454208e-02 2.482461e-01 1.661603e-01 -6.943416e-03 -4.024905e-01 -7.812665e-02 1.925647e-01
3.071151e-01 -6.946005e-02 -5.242293e-02 3.696433e-01 1.666070e-01 2.542666e-01 -1.439716e-01 4.658330e-01 3.119547e-01 -1.843672e-01 1.122786e-01 -2.492375e-03 -9.876165e-04 -1.783307e-01 -1.888610e-01 -1.922105e-01
-1.954234e-02 -5.268721e-02 5.833739e-02 2.065315e-01 2.643568e-02 -1.140321e-01 9.422982e-02 1.236394e-01 2.592899e-01 -2.539943e-01 -4.622507e-01 7.050347e-02 -2.352482e-01 9.342421e-03 -4.115282e-01 -1.587629e-02
2.702547e-02 -1.230554e-01 -4.632451e-02 8.065800e-02 3.313189e-01 -4.637170e-02 -2.402073e-01 -2.958081e-02 -3.126529e-01 1.908589e-01 4.440262e-01 1.893502e-01 -1.023544e-01 -3.464899e-01 -3.397477e-01 -6.061145e-02
1.030554e-01 1.732427e-01 -3.138095e-02 -9.139221e-02 -7.455287e-02 -2.332954e-01 -6.079480e-02 -5.758832e-01 -5.374436e-03 1.927136e-01 3.312187e-01 6.920707e-02 1.335635e-01 2.893028e-01 3.157252e-01 -2.254377e-01
8.792065e-02 -8.140777e-02 -2.257438e-02 9.132078e-02 1.466938e-01 3.222970e-02 -5.672033e-02 7.312094e-01 2.483889e-01 -1.671246e-02 -6.791942e-02 -3.052936e-01 9.421780e-03 1.831457e-01 2.451093e-02 -2.866777e-01
1.940725e-01 1.947837e-01 2.603099e-01 -4.123148e-02 -3.227514e-01 1.981905e-01 1.810672e-01 -3.946503e-01 5.365804e-03 -1.788314e-02 2.710518e-01 -1.579015e-01 -1.315977e-01 1.043826e-01 -4.563117e-01 8.185924e-03
-2.113178e-02 5.787326e-02 -9.208749e-02 1.958151e-01 3.718949e-01 2.325219e-01 2.368839e-01 1.388800e-01 -1.552133e-01 2.652903e-02 1.619168e-01 1.890599e-01 -2.463536e-01 1.525854e-01 1.002316e-01 4.233918e-01
1.680249e-01 3.776453e-01 4.406229e-02 -2.951108e-01 -3.001554e-01 1.448774e-01 2.323026e-01 -3.302585e-01 7.508855e-02 -2.720977e-03 1.879152e-01 -1.434353e-01 4.117141e-01 -4.462452e-02 -8.007547e-02 -9.342189e-02
1.393275e-02 -8.095971e-02 -4.086831e-01 1.913635e-01 2.342748e-01 -1.602105e-01 9.948733e-02 -3.285694e-01 2.705429e-02 3.321278e-01 -1.583740e-01 1.421318e-01 5.927819e-02 3.885373e-01 -2.103436e-03 -3.502734e-01
8.641613e-02 -2.829469e-03 -1.059602e-01 -1.091010e-01 2.163771e-01 3.748511e-01 2.041463e-02 1.238398e-02 -4.546401e-01 -1.117779e-03 -1.485986e-01 -2.739406e-02 6.097443e-02 3.578853e-01 2.100453e-01 -1.569211e-02
2.555214e-01 -9.807640e-02 -9.067651e-02 3.046996e-02 -4.655194e-02 -1.719995e-01 2.003152e-01 3.201980e-01 -1.152126e-02 7.318538e-02 -3.350469e-04 1.074259e-01 4.066157e-01 -8.862545e-02 -4.814205e-01 2.832965e-02
-9.460540e-02 -5.446379e-02 -7.944086e-02 1.391550e-02 5.070535e-02 7.138685e-03 1.201945e-01 -3.717602e-01 -3.281659e-02 3.036183e-01 2.034880e-01 1.521930e-01 2.916888e-01 -2.817777e-02 -6.617692e-01 2.510539e-02
-2.418585e-02 2.622374e-02 4.785854e-01 -7.423357e-02 -1.555400e-01 4.200354e-01 -9.376725e-02 2.627158e-01 2.679451e-03 -3.334073e-01 2.315098e-01 -1.157350e-01 5.380132e-02 -3.082486e-01 1.639133e-01 2.986104e-01
-3.255620e-01 1.587507e-01 1.797697e-01 -2.041606e-02 3.899803e-02 2.837439e-01 -3.468807e-01 -3.707871e-01 1.536475e-03 -1.029461e-01 -8.463987e-03 -8.469894e-02 -3.489145e-01 1.069128e-01 3.935505e-01 -1.869160e-02
4.440353e-02 1.435854e-01 6.071868e-02 -3.388710e-02 -9.843999e-02 5.311897e-02 -1.228708e-01 3.099791e-01 1.353754e-01 -2.476335e-01 -3.198001e-01 -1.120782e-01 -1.454988e-01 9.012306e-02 5.359901e-01 -2.293162e-02
-8.419529e-02 5.435318e-02 -6.046854e-03 2.792066e-01 5.265537e-02 1.408821e-01 -6.744669e-02 -2.474931e-01 1.284227e-01 2.176223e-02 2.130524e-03 1.216715e-01 -5.562186e-01 -8.638366e-02 -2.155286e-01 -7.361352e-02
3.204362e-01 -1.015943e-01 -6.670366e-02 -1.989632e-02 -1.395910e-01 7.020980e-01 -1.550663e-01 1.937372e-03 2.970304e-02 -3.935330e-03 -6.767038e-02 -6.230032e-03 5.568004e-02 8.690777e-02 -2.098565e-03 1.310568e-02
-2.325634e-02 1.669464e-01 -7.354808e-02 -3.263282e-01 -1.565368e-02 -3.961749e-03 3.338127e-01 2.005024e-02 5.523011e-02 1.022280e-02 5.731977e-02 -8.901899e-02 6.728570e-01 -1.253388e-01 1.715030e-01 -3.637481e-03
-5.524070e-02 1.796704e-01 1.016322e-01 -1.312803e-01 -5.029441e-02 -8.232851e-02 -1.087621e-01 1.373037e-01 -4.515189e-02 4.097518e-01 -1.672076e-01 -1.972364e-01 -1.641652e-01 -1.205170e-02 -4.013709e-02 4.877957e-02
-3.280528e-02 1.581002e-01 -3.401453e-02 -2.080808e-01 2.787893e-01 3.072624e-02 1.109071e-01 1.108417e-02 1.687007e-01 2.588023e-01 2.585414e-01 4.213484e-01 -1.116368e-01 2.722427e-02 7.927154e-02 -1.327831e-01
4.815813e-01 -1.962906e-01 -1.436616e-01 1.050033e-01 -6.283629e-02 9.582405e-02 1.580900e-02 -1.217238e-01 3.357710e-02 -1.925507e-01 1.135709e-02 3.049347e-01 2.133743e-01 -8.110679e-02 -1.212893e-01 -1.493189e-01
-2.490812e-01 -1.977378e-02 1.403923e-01 9.335467e-02 4.511408e-01 1.080164e-01 4.023980e-01 1.743760e-01 6.889048e-02 8.621328e-02 3.755230e-02 -2.334707e-01 5.093199e-02 1.542466e-01 2.994292e-01 3.374130e-03
-3.558360e-01 1.956411e-01 3.294178e-01 1.500742e-01 1.438855e-01 2.072500e-01 1.257335e-01 1.395077e-01 5.450404e-02 5.201452e-01 1.506491e-01 2.873831e-01 1.288970e-01 4.645268e-02 1.170798e-01 1.501087e-01
7.542878e-02 -1.254993e-01 2.948242e-01 -1.029798e-01 -1.281645e-01 -1.340706e-01 3.311713e-01 -6.317940e-02 -7.803832e-02 -1.563293e-01 -2.505315e-01 -2.240418e-01 1.951632e-01 8.658252e-02 -2.324712e-01 -2.132648e-02
-6.123707e-02 3.653114e-02 -2.720497e-01 1.172272e-01 1.934604e-02 1.407560e-01 -2.449071e-01 8.893093e-02 2.633355e-02 -2.114768e-02 2.333493e-01 3.327088e-01 -1.937436e-01 -5.672577e-02 4.548624e-01 -1.582353e-02
-1.080831e-02 1.240929e-01 -1.059219e-01 7.791230e-02 2.086284e-01 -1.095567e-01 -2.647274e-02 8.419391e-02 -2.144895e-01 6.687778e-02 4.819653e-01 -8.378646e-02 9.813009e-02 -1.705880e-01 -3.628566e-02 8.670741e-02
3.214487e-01 -2.898576e-02 -1.135281e-01 -1.276823e-01 -4.426517e-03 5.364276e-01 -1.181596e-01 2.742951e-02 -1.039653e-01 -7.895759e-02 -4.105467e-02 -3.353225e-01 1.107061e-01 -1.292791e-02 -1.048419e-02 -2.209462e-01
-1.559410e-01 1.141281e-02 -4.501205e-02 -1.695398e-01 5.539170e-02 7.111008e-02 4.366517e-01 -4.923733e-02 2.328688e-01 -1.039076e-01 -3.389591e-01 1.189092e-01 4.374737e-01 1.346469e-01 -2.475880e-01 9.250532e-02
-2.257290e-01 1.255862e-01 4.262167e-01 3.014620e-02 1.813352e-01 1.706124e-01 5.056437e-02 3.585258e-01 -2.088978e-01 2.075077e-01 2.081314e-01 -6.313248e-02 1.558469e-01 6.035326e-02 1.226947e-01 2.826886e-01
1.212914e-01 -9.659506e-03 6.486156e-02 -3.503434e-02 2.682396e-01 9.453311e-02 1.965609e-01 2.740899e-02 -1.936132e-02 -1.735145e-02 3.177094e-01 6.421275e-01 2.893829e-01 -6.757913e-02 6.961040e-02 -1.234710e-01
1.234026e-01 -3.024622e-01 -1.431568e-01 1.419474e-01 -4.826266e-02 1.336202e-01 1.943924e-01 -8.196778e-02 3.634012e-02 -2.407787e-02 3.525761e-01 3.538705e-01 1.432882e-01 -1.913536e-01 3.155566e-01 -1.086328e-01
-1.040618e-01 2.243280e-01 -1.199018e-01 -8.968263e-02 7.226489e-03 -3.256063e-01 2.201914e-02 -5.317505e-02 -3.014623e-01 2.283966e-01 2.140878e-01 1.046856e-01 -2.669457e-01 5.558185e-02 -2.490343e-01 4.383951e-01
-1.983911e-02 -7.747547e-02 7.458885e-02 -1.508046e-01 -6.489891e-02 2.161305e-01 6.735098e-02 -9.182750e-02 4.179843e-01 -6.114326e-02 -2.099854e-01 2.828778e-01 -2.589884e-02 1.781229e-01 6.162941e-03 -7.923220e-02
-1.224163e-01 1.852568e-01 1.292177e-01 -2.008146e-01 6.124858e-01 1.435465e-02 -2.728834e-01 8.690774e-02 8.374365e-02 -1.306064e-01 -2.531398e-01 4.410991e-02 -6.688157e-02 1.201647e-02 6.052398e-02 -2.567174e-01
2.037893e-01 -2.467173e-01 4.895810e-02 1.362248e-01 -1.155041e-01 4.792363e-01 -6.082515e-02 4.400907e-03 1.689149e-01 -2.068002e-01 -1.037559e-01 -2.083983e-01 2.754466e-01 -1.456470e-01 1.675560e-01 -2.752376e-01
-2.799006e-01 -2.260629e-02 1.128113e-02 1.959857e-02 3.545777e-01 -1.300157e-01 -7.189380e-02 -5.733446e-02 2.577459e-01 -1.471221e-01 -2.554671e-01 4.071585e-01 3.437384e-02 -1.112543e-02 5.938527e-02 1.905228e-02
5.289823e-01 1.638181e-01 -4.554577e-02 4.686032e-02 -7.245047e-02 -6.784432e-03 -5.637430e-03 -6.931364e-02 -1.136598e-01 1.099048e-01 4.325045e-02 -2.086193e-01 -8.108908e-02 -4.606672e-02 -3.771343e-02 -4.343660e-02
-3.480750e-02 -9.373039e-02 1.318715e-01 1.758225e-01 8.091533e-02 -3.521487e-03 1.537910e-01 2.703120e-02 -1.201846e-01 -2.647191e-01 2.296711e-01 3.634011e-01 5.124345e-01 4.275867e-03 -1.367158e-02 -1.395491e-02
9.299771e-02 -1.188978e-01 -5.570063e-02 2.567518e-01 -1.294136e-01 -1.699398e-02 -2.748905e-01 1.759261e-01 -1.240654e-01 1.832269e-01 3.761213e-01 -5.411759e-03 -2.642697e-01 -1.465140e-01 2.956377e-01 -6.170167e-03
1.207616e-01 -1.745019e-02 2.624255e-01 -2.984919e-01 -6.523609e-02 -8.242291e-02 -1.766017e-01 1.185636e-02 -1.817866e-01 -9.944087e-02 4.119132e-01 -1.714172e-01 -1.172933e-01 -1.953273e-01 -1.837710e-01 9.096184e-02
2.814277e-02 2.950993e-01 3.583736e-02 -1.519338e-01 1.022370e-01 1.385252e-01 4.432267e-01 -1.945675e-01 1.699458e-02 -2.449972e-01 -2.479814e-01 5.190713e-02 2.900233e-01 2.798757e-01 -1.791131e-01 2.232275e-03
5.357529e-02 2.080159e-01 2.391703e-01 -9.000288e-02 5.173470e-02 1.290603e-01 -2.069964e-02 1.741643e-01 -1.863547e-02 7.687455e-02 -1.023174e-01 4.835697e-01 2.810916e-02 -1.232254e-01 -1.909553e-01 -1.165424e-01
7.739628e-03 -4.704642e-02 -1.279996e-01 1.796887e-01 -2.938035e-01 -2.024971e-01 9.565749e-02 -1.443704e-01 -2.524462e-01 1.328300e-01 2.170205e-01 1.156478e-01 -4.275872e-02 -1.352034e-01 -2.793468e-01 5.097010e-01
-2.214409e-02 -1.052858e-01 -2.400091e-02 5.314810e-01 -5.096945e-02 -3.161950e-02 2.625852e-02 1.334394e-02 -1.272964e-01 -1.702628e-01 -3.799023e-02 -1.266886e-01 3.261385e-02 -9.405535e-02 6.226250e-02 7.249596e-02
1.572120e-01 -1.214225e-01 -1.095366e-01 7.169407e-03 2.664067e-01 1.333221e-01 1.897151e-01 -1.894656e-01 2.426176e-01 -1.682212e-01 3.510976e-01 4.774247e-01 2.294960e-01 6.308614e-02 1.404016e-02 -1.655265e-01
-2.583186e-01 3.222827e-01 7.145808e-02 -2.613672e-01 1.939854e-01 -1.914823e-01 6.708339e-02 -5.465485e-02 -5.735591e-02 1.384030e-01 -4.518094e-02 -1.340593e-01 1.140563e-01 3.598027e-01 -2.024245e-01 3.982475e-01
-1.739614e-01 -1.211350e-02 -1.511148e-01 1.726603e-01 -1.283114e-01 1.093158e-01 2.628650e-01 1.499334e-01 8.572352e-02 2.405987e-01 2.149424e-02 2.147599e-01 3.802277e-01 7.769507e-02 -9.359930e-02 1.987821e-01
-5.930069e-02 5.319359e-01 -2.250889e-01 -1.028800e-02 1.779101e-01 7.457357e-02 5.339053e-02 4.109105e-02 1.628928e-01 1.634453e-01 -2.343602e-02 1.583196e-02 1.911423e-01 1.606333e-01 -1.471884e-01 2.174900e-01
-3.492985e-01 1.322051e-01 2.552927e-02 2.972429e-01 3.063486e-01 2.370836e-01 2.326657e-01 9.728011e-02 7.725374e-02 4.042502e-01 -1.472643e-01 2.734991e-01 1.334078e-01 1.122908e-01 3.079383e-01 -1.247793e-01
-1.087441e-01 1.104991e-01 -6.800761e-02 -7.853001e-02 1.567467e-01 -1.176011e-01 -7.836796e-03 -1.226970e-01 2.132340e-01 -9.230996e-02 -5.411281e-02 -5.112068e-02 -1.365823e-01 2.313300e-01 4.322740e-01 -7.923115e-02
1.514560e-01 -1.100200e-02 1.033796e-01 -1.250189e-01 2.651515e-01 -8.402478e-03 -1.326557e-01 5.815990e-03 -1.786148e-01 3.019585e-01 4.936573e-01 4.128672e-03 -1.423708e-01 -2.626983e-01 -2.145915e-01 -3.476920e-02
-9.264056e-02 -1.028371e-01 -1.974349e-01 1.633617e-01 3.458260e-01 -1.313745e-01 -2.580984e-01 -5.304710e-02 -2.314620e-01 6.231236e-02 4.092270e-01 3.683480e-01 -5.502264e-02 -3.116464e-01 -1.551350e-01 -5.842194e-02
-4.019921e-02 -6.264445e-02 -3.929756e-01 -4.528113e-03 -2.546779e-01 2.445196e-01 5.426005e-03 1.995493e-01 1.641289e-01 -2.552415e-01 -3.322573e-01 2.580335e-02 -7.382300e-02 2.256466e-02 -2.088868e-01 -2.824381e-02
-1.294233e-02 5.063692e-02 4.112236e-02 -1.515489e-01 -8.097720e-02 -1.772283e-02 1.330267e-01 9.762017e-02 1.521506e-01 7.657640e-02 -1.758581e-01 -2.901485e-01 -5.943317e-02 2.130730e-01 2.618617e-01 7.328899e-03
1.693095e-01 2.672817e-01 5.661124e-02 -4.565183e-01 7.290460e-03 -1.848434e-01 4.106652e-02 -2.365699e-01 -2.220166e-01 9.473799e-02 -4.441806e-02 -2.290262e-01 -3.416844e-02 1.928899e-02 -2.241345e-02 2.970779e-02
-2.049049e-01 2.926460e-01 -2.780391e-01 -1.775054e-01 2.443432e-01 8.318348e-03 -1.398673e-02 -9.895265e-04 3.913355e-02 4.339406e-02 -1.615147e-01 1.342497e-01 3.884822e-01 -1.232111e-01 3.979972e-01 -1.509508e-01
4.800883e-02 1.396450e-01 1.700349e-01 -6.885777e-02 -6.829455e-03 -6.296241e-01 6.541003e-02 -1.378927e-02 -2.621701e-01 1.597427e-01 1.007316e-01 -6.443724e-02 -6.723931e-02 -2.258093e-01 -8.752240e-03 1.109629e-01
-1.425095e-01 1.945429e-01 -1.457624e-02 2.264282e-01 -4.473945e-02 2.322960e-01 -4.172440e-02 -3.505826e-01 -5.820597e-02 1.015823e-01 2.207735e-01 1.357678e-01 -4.473026e-01 -1.227675e-01 -2.562942e-02 -7.035782e-02
-1.152878e-01 -1.091212e-01 -1.382132e-01 4.696375e-01 3.689367e-02 3.107592e-02 -3.361880e-02 1.427194e-01 9.658594e-02 -1.738634e-02 7.155892e-02 2.815330e-01 6.534142e-02 -3.528282e-02 1.371281e-01 7.744609e-02
-1.081747e-01 -1.818605e-03 2.340095e-02 -2.145193e-01 8.337919e-02 -1.907779e-02 6.082471e-02 4.139324e-01 -3.231944e-02 -6.704305e-02 -4.655179e-02 -2.930961e-02 4.142828e-01 -6.246565e-02 -5.333225e-02 8.435923e-02
2.273397e-01 -1.151794e-01 -1.626694e-02 1.982165e-01 -1.085407e-01 4.817990e-02 -4.729043e-02 4.774645e-02 -7.384792e-02 -3.881099e-01 1.256687e-01 4.262177e-01 -6.207299e-02 -3.160916e-01 -2.557809e-01 2.078679e-01
4.942193e-02 1.177482e-01 2.314912e-02 -2.346876e-02 3.581861e-01 1.769951e-01 2.831059e-01 4.224391e-02 -3.150770e-01 -2.569750e-02 -3.727251e-02 -3.303492e-02 -2.820151e-01 1.753333e-01 -1.948692e-01 2.402209e-01
-2.176149e-01 8.219904e-02 1.202128e-01 -8.287475e-02 1.040436e-01 1.457903e-01 -1.438567e-01 -6.160508e-01 6.086642e-02 -4.592507e-02 -2.169357e-02 -9.564377e-02 -2.746110e-01 2.533033e-01 7.026548e-02 1.303482e-01
-3.922873e-02 -1.978418e-02 -2.600414e-01 1.933576e-01 1.443693e-01 9.029811e-02 -2.150213e-02 -4.529773e-01 1.418317e-01 1.521500e-01 -1.037747e-01 1.527688e-01 1.117938e-01 4.665565e-02 1.312438e-01 -3.172510e-01
2.682431e-01 -2.290239e-02 -5.120736e-03 -2.128642e-02 -3.556120e-02 -1.407416e-01 4.398891e-02 -5.961580e-01 3.957465e-02 8.484970e-02 1.418477e-01 -1.169554e-01 -3.614943e-01 1.835816e-01 2.566495e-01 4.896981e-02
-1.616854e-02 1.161894e-01 -3.878623e-01 1.801716e-01 3.750019e-01 -3.265112e-01 7.854026e-02 -1.532257e-01 -1.572321e-01 2.002626e-01 -2.039694e-02 -7.351954e-02 -3.072416e-02 5.546461e-02 1.056154e-01 -8.685265e-02
-7.080537e-02 -4.352245e-02 -1.035331e-01 6.021409e-02 -2.733675e-01 -6.557302e-02 -2.381571e-01 -1.685080e-02 3.345817e-01 4.330462e-02 1.757241e-02 1.209369e-01 3.065270e-01 -8.447723e-02 3.225935e-01 -1.030913e-01
1.010393e-01 -3.160133e-01 -3.283837e-02 2.502793e-01 1.271041e-01 -4.652192e-03 -1.617670e-01 -2.224067e-02 -8.014748e-02 1.469809e-01 1.120574e-01 -1.794107e-01 -1.801940e-01 2.165889e-01 -3.918820e-01 1.574199e-02
2.723139e-03 -7.813567e-02 4.221454e-01 1.238322e-01 3.560979e-01 -1.557688e-02 3.266427e-02 -2.302637e-01 3.141353e-02 2.560874e-02 1.718186e-01 -1.194927e-01 1.911324e-01 -1.930833e-01 1.867871e-01 1.892218e-01
2.295015e-01 -9.096266e-02 1.360356e-02 6.972259e-02 2.408001e-02 -8.000185e-02 7.391394e-02 -2.428552e-02 4.497921e-01 -4.179522e-02 -3.149453e-01 3.212487e-02 -3.976884e-02 -1.549754e-01 -1.762500e-01 -3.056981e-02
3.552561e-01 -7.892545e-02 7.944396e-02 1.439011e-01 3.595332e-01 -1.929563e-01 1.717688e-02 2.854630e-03 1.444763e-01 3.022839e-01 2.823031e-01 -1.870841e-05 -1.553399e-01 2.114845e-02 2.190307e-01 -6.984413e-02
4.811331e-02 1.970740e-01 1.308258e-01 -1.192492e-01 -1.831447e-01 8.736384e-02 -1.005315e-01 -2.081372e-01 2.329997e-02 3.316118e-02 4.396381e-01 -3.339536e-03 8.659197e-02 9.287514e-03 2.216319e-01 -4.962662e-02
-4.388967e-02 -1.416163e-01 -6.244788e-02 1.677851e-02 -3.752524e-02 5.693231e-01 -1.709776e-01 2.556939e-02 2.108581e-01 -6.802297e-02 -1.577526e-03 3.584600e-02 -6.333704e-02 -3.285015e-02 4.126676e-02 -9.211392e-02
1.326885e-02 -2.115280e-01 -6.003206e-02 8.836709e-02 4.727654e-01 1.496061e-01 -2.784625e-01 -7.740132e-02 -1.244750e-01 -7.453887e-03 4.218097e-01 1.462650e-01 -2.892928e-01 -1.213651e-01 -2.399724e-01 5.331679e-02
-2.949869e-02 3.313602e-02 2.150856e-01 9.160614e-02 3.815871e-01 1.639677e-01 1.135445e-01 -7.404777e-02 3.802551e-02 -1.325931e-01 -1.446548e-01 6.699386e-02 5.758548e-01 1.609115e-01 7.876164e-02 7.448300e-03
-5.884310e-02 1.384902e-01 -4.810304e-01 1.173681e-01 3.840729e-01 4.679884e-02 -3.324816e-01 -1.476236e-01 1.261183e-01 6.507246e-02 -6.773271e-02 -4.380367e-02 -4.245358e-02 -5.160768e-02 2.005371e-01 -7.425158e-02
3.563418e-01 -3.291071e-01 -5.179292e-02 -2.060892e-01 4.815405e-02 -2.501355e-01 -4.650652e-04 1.691732e-01 1.651757e-01 -1.334454e-01 -2.946444e-01 -8.975068e-02 3.675203e-01 1.148638e-01 -4.261467e-02 6.634022e-02
5.871101e-02 -3.442467e-02 1.533330e-01 -1.780444e-01 -2.660031e-01 8.047212e-03 3.225057e-02 -2.201255e-02 1.086855e-02 -9.464627e-02 8.469488e-02 -7.032031e-02 -1.879632e-01 6.431517e-02 -4.370773e-01 9.984539e-03
-4.071067e-02 2.316178e-03 2.100999e-01 -2.481526e-02 -3.054183e-02 -3.197888e-03 3.765355e-02 5.209728e-01 -1.201592e-01 -2.698603e-01 -1.049132e-01 -5.324899e-02 -7.269948e-02 -1.460793e-01 -1.438622e-01 2.533673e-01
-2.666784e-01 1.418461e-01 4.567306e-02 1.952750e-02 6.405690e-02 2.496589e-01 -2.048868e-01 -3.275049e-01 -4.993991e-03 1.082811e-01 -2.522246e-02 1.315232e-01 1.475198e-01 4.493045e-02 -5.350245e-01 1.295163e-02
-1.575364e-01 9.142815e-02 -3.673732e-03 -4.615169e-02 2.200856e-02 -1.165667e-02 -4.105202e-02 1.724003e-02 -5.684291e-01 -7.491080e-03 1.354836e-01 -5.697442e-02 9.918098e-02 1.576580e-01 6.731785e-02 -7.616190e-02
2.924366e-01 -9.038464e-02 -6.136651e-02 4.241800e-02 -1.093894e-01 -1.682427e-01 9.188191e-02 5.914171e-01 -9.949554e-03 -5.134524e-02 -7.466573e-02 3.458634e-02 8.019100e-02 -6.421109e-02 8.025958e-02 7.233443e-03
