1 5 16 16 32
-3.794779e-01 7.684276e-02 -4.204906e-02 3.136394e-01 3.352431e-01 2.602061e-01 2.938588e-01 1.339001e-01 -2.082746e-02 4.073681e-01 -1.420415e-01 2.733204e-01 2.338683e-01 8.039211e-02 2.868637e-01 -1.272632e-01
-8.904675e-02 3.808725e-01 1.923281e-01 1.478083e-01 8.018570e-02 -1.924643e-01 -2.124066e-02 2.153596e-01 -2.614904e-01 -1.502535e-01 1.176054e-01 3.827848e-01 2.357641e-01 -1.190702e-01 -4.016898e-01 -9.260001e-02
5.296040e-02 -3.391810e-01 1.963505e-01 1.522294e-01 -6.558398e-02 4.353237e-01 -6.770203e-02 3.446283e-02 2.540174e-01 -1.707542e-01 -1.515970e-01 -3.967236e-02 4.340064e-01 -3.059341e-01 2.403821e-02 -2.717311e-01
2.134271e-01 -3.174736e-01 -1.850424e-01 -1.776221e-01 -1.104901e-01 2.631983e-01 3.406718e-02 -1.444349e-01 2.717496e-01 3.135700e-01 -2.559801e-02 -2.717935e-01 -2.059611e-01 3.659617e-02 4.889518e-01 1.347256e-01
8.596382e-02 1.050440e-01 3.444895e-01 -1.281518e-01 -3.735452e-01 -1.723495e-02 -1.206614e-01 1.558189e-01 -4.874697e-02 1.415460e-01 3.400099e-01 4.634931e-02 9.426085e-02 -3.630710e-02 -3.750151e-01 5.218417e-01
-9.432005e-02 2.573122e-01 -6.815210e-02 -1.684547e-01 1.667754e-01 1.541266e-01 3.166469e-01 -1.976818e-01 1.531688e-01 -2.479923e-01 -3.059479e-01 7.007287e-02 3.458818e-01 2.384363e-01 -1.470040e-01 1.528738e-02
-9.575915e-02 2.105159e-01 -1.972485e-01 -1.791908e-02 2.713535e-01 1.394424e-01 -3.463884e-01 -1.180860e-01 7.064509e-03 -2.558884e-01 6.705360e-02 4.043821e-01 -1.181503e-01 5.009882e-02 4.630498e-01 -1.118196e-01
-3.888050e-02 2.408598e-01 6.624679e-02 -1.756890e-01 7.754869e-02 -2.439599e-01 3.189121e-02 1.785710e-01 1.475767e-01 3.789659e-02 4.978280e-02 -1.420959e-01 -3.041621e-01 4.899973e-01 3.903199e-01 -3.105348e-01
5.134129e-02 2.107648e-01 -1.846278e-01 1.739131e-01 -9.745142e-02 8.043236e-02 2.981018e-01 1.985788e-01 5.297782e-02 3.266858e-01 1.780575e-01 -6.613685e-02 2.211966e-01 9.466737e-02 -1.990248e-01 2.853313e-01
-1.164156e-01 -5.316718e-02 6.651548e-02 -1.829968e-01 2.005449e-01 -1.130391e-01 -2.607343e-01 -1.666638e-02 -2.655613e-03 -4.049184e-01 -1.055034e-01 3.756530e-01 2.957369e-02 4.968362e-02 4.749579e-01 -2.022461e-01
6.790712e-02 -1.808696e-01 7.410016e-02 2.027547e-01 -1.525905e-01 -1.229872e-01 -2.294644e-01 2.348346e-01 -1.613317e-01 3.736061e-01 3.428299e-01 -1.915734e-01 -2.539739e-01 -9.483679e-02 2.190065e-02 1.533073e-01
4.279046e-03 -2.535209e-01 2.108865e-01 3.039316e-03 -2.049267e-01 -1.626075e-01 3.592678e-01 1.832074e-01 -1.371136e-02 2.539721e-01 -4.584160e-02 -2.098673e-01 1.125424e-01 -7.625489e-02 -3.095343e-01 1.364977e-01
-1.944036e-01 5.587174e-01 1.017834e-02 -1.510917e-02 9.680582e-02 -3.296559e-01 -1.787838e-01 2.001973e-01 -1.935032e-01 1.073078e-01 -4.545522e-02 2.102634e-01 -1.833231e-01 -8.591365e-02 -4.497220e-01 -1.733835e-01
-3.192843e-01 -3.040492e-02 -3.074084e-01 8.506649e-02 2.373804e-01 1.201688e-01 -1.804361e-01 6.098483e-02 1.680627e-01 -2.043819e-01 3.650586e-02 5.651013e-01 -1.088792e-02 -1.644783e-02 3.934004e-01 5.344799e-02
4.669300e-02 2.952417e-01 -1.851541e-01 -8.291940e-02 -4.462301e-02 -2.545844e-01 -2.115808e-02 9.082047e-03 -2.643040e-01 1.618141e-01 3.399810e-01 -8.992724e-02 -2.192544e-01 2.118466e-01 -8.823243e-02 1.832970e-01
8.840445e-02 -3.750684e-01 1.344616e-02 -1.922657e-01 -2.687644e-03 4.009365e-01 2.063432e-01 -2.502973e-01 3.014886e-01 -2.021927e-02 5.984258e-02 -2.079756e-01 -4.069048e-02 1.261016e-01 4.199902e-01 1.492309e-01
-2.014560e-01 4.749252e-03 -6.028037e-02 8.668097e-02 5.627435e-01 1.207621e-01 8.185226e-02 -7.128585e-03 -8.764523e-02 -1.637530e-02 -1.557736e-01 -7.001824e-02 -9.775903e-02 4.856694e-02 4.964692e-01 -4.291765e-01
-1.014441e-01 4.658681e-01 4.937575e-02 1.396882e-01 1.440961e-01 -2.495792e-01 -1.440626e-01 3.280670e-01 -2.699104e-01 1.125945e-01 4.921933e-02 3.703998e-01 3.521614e-02 -2.254934e-01 -3.449297e-01 -8.805312e-02
-1.992766e-01 -2.541355e-01 1.863603e-01 2.446193e-01 1.692621e-01 -2.905185e-02 -5.940721e-02 9.400284e-03 3.986639e-01 -2.352513e-01 -3.188525e-01 3.826321e-01 2.308913e-01 -1.862925e-01 -2.459011e-02 -1.235556e-01
9.043203e-02 -4.697549e-01 -5.259768e-02 -2.144504e-02 -1.613409e-01 1.797391e-01 1.191914e-01 -1.347345e-01 1.908002e-01 1.679620e-01 6.965487e-02 -1.319539e-01 2.032006e-01 1.310032e-01 5.586514e-01 1.570225e-01
-1.775565e-01 1.481731e-01 4.822264e-01 -3.696412e-02 -5.976285e-02 1.026078e-01 -4.810952e-02 2.441509e-01 -1.190593e-01 2.906001e-01 3.193181e-01 6.128968e-02 2.141212e-01 5.664605e-02 -1.494616e-01 4.755852e-01
-2.316919e-01 1.072319e-01 2.569972e-02 -9.723899e-02 6.078659e-01 -1.028271e-01 -2.442147e-01 -2.858133e-02 3.274457e-01 -2.076037e-01 -3.264226e-01 2.917705e-01 -8.113311e-02 1.109211e-01 1.306366e-01 -1.437475e-01
2.118873e-01 1.410439e-01 -1.746867e-01 3.724738e-01 -1.612074e-01 2.034988e-01 -6.249192e-02 1.821110e-01 9.081531e-02 4.268054e-01 3.689347e-01 -1.107981e-01 -1.034694e-01 -9.796079e-02 -1.298311e-01 1.334166e-01
-6.182518e-02 1.762483e-01 2.189341e-01 -1.772324e-01 3.277369e-01 2.194048e-01 -1.799159e-01 -1.878637e-01 2.383971e-02 -4.386180e-02 -2.907025e-01 -7.063929e-03 -2.085016e-01 -1.847695e-01 -2.255904e-02 -1.195055e-01
4.416345e-01 2.397420e-01 -3.444217e-01 4.280970e-02 2.452635e-02 2.154534e-01 -9.322618e-02 -1.984906e-01 -6.148486e-02 -1.629505e-01 -3.805556e-02 -5.653897e-02 -1.220754e-01 3.859618e-02 1.135527e-01 -9.914449e-02
-5.594777e-02 4.898490e-01 2.454502e-01 -6.429254e-02 2.391065e-01 2.965219e-02 8.653549e-03 2.504421e-01 -6.751156e-02 -5.086065e-02 -8.869858e-02 3.269858e-01 -2.032288e-01 -2.300139e-01 -4.012599e-01 -1.483520e-01
-3.290074e-01 4.118878e-02 -2.226034e-01 -1.867834e-01 2.037543e-01 1.132489e-01 2.365584e-01 -6.150798e-02 2.812189e-01 -2.727910e-01 -2.910383e-01 4.561416e-01 3.288932e-01 9.071052e-02 1.148377e-01 1.154673e-02
2.461114e-01 -1.450766e-01 -8.730701e-02 -7.964304e-02 -1.140312e-01 5.955381e-01 3.807936e-02 -1.174009e-01 -5.692089e-02 -3.641127e-02 -3.368815e-02 -1.476926e-01 3.215325e-01 -2.542438e-01 -1.437444e-01 -1.306183e-01
-2.157108e-01 -1.370088e-01 8.001359e-02 2.066762e-01 2.364100e-02 -2.235911e-01 -4.597854e-03 -4.293896e-02 -2.008883e-02 -1.101444e-03 -2.247419e-02 3.564407e-01 8.913263e-02 -2.588820e-01 -2.838340e-01 3.192603e-01
-1.005392e-01 9.957115e-02 2.320912e-01 7.136367e-02 -2.148192e-01 1.157568e-01 -2.788409e-02 3.784887e-01 -1.781953e-01 2.174366e-01 1.285372e-01 1.497279e-01 3.984994e-01 7.652660e-02 -2.420204e-01 4.949669e-01
-3.873129e-02 3.885851e-01 7.153150e-02 -3.567350e-02 3.046259e-01 -1.001668e-01 3.793573e-02 1.482694e-01 -1.269226e-01 -3.989618e-02 1.662409e-01 5.679518e-01 -1.678516e-02 -1.380015e-01 -3.273966e-01 -2.155766e-01
4.481221e-01 -7.652613e-02 7.676850e-02 -2.596068e-01 -3.214855e-01 -2.200705e-01 -2.981281e-01 -9.226068e-02 8.623667e-02 -4.153810e-01 1.031793e-01 -2.200514e-01 -1.979661e-01 -6.952428e-02 -2.551555e-01 8.985446e-02
3.759503e-02 -5.615823e-02 -6.879918e-02 2.004313e-04 4.750748e-02 -6.581498e-02 1.640502e-01 -6.443220e-01 -1.734058e-02 3.336800e-01 3.231550e-01 9.559076e-02 1.791176e-02 4.529664e-02 -4.376195e-01 -3.742943e-03
7.247697e-02 1.459408e-01 4.292172e-01 -1.047207e-01 -4.445974e-01 6.385735e-02 -1.691567e-01 -8.350050e-02 -1.046562e-01 -1.295907e-02 4.101735e-01 -1.075329e-01 -1.735844e-01 -5.399408e-02 3.167796e-01 1.348677e-01
-2.249456e-01 -3.312215e-01 -8.152387e-02 1.448039e-01 3.305895e-01 -1.697709e-01 -3.055091e-01 4.896208e-01 -7.097030e-02 -1.680693e-02 -2.282457e-01 1.570740e-01 -2.958024e-01 1.694698e-02 1.682183e-01 9.221243e-02
1.379341e-01 -1.039052e-02 1.434820e-01 -7.222728e-02 -4.649404e-03 4.921653e-01 -4.958223e-01 -1.083535e-02 1.031688e-01 2.484644e-02 1.733942e-02 -2.244640e-01 -5.049116e-01 1.801754e-01 -4.354244e-02 1.435903e-01
-2.965426e-01 -2.188797e-01 -1.871087e-01 3.051162e-01 2.043220e-01 -2.669885e-01 1.369573e-01 1.840008e-02 -3.295238e-01 1.205549e-01 1.064782e-01 3.690867e-01 1.936744e-01 -1.700918e-01 -1.292041e-01 -1.045586e-01
-9.326771e-02 2.988136e-01 -9.876069e-02 -5.709040e-02 -3.431743e-01 -2.648709e-01 -4.566644e-02 9.054013e-03 4.588464e-01 -1.271460e-01 1.473666e-01 -2.855505e-02 6.848878e-02 -1.155423e-01 -1.038439e-01 -7.221250e-02
-1.870288e-01 -4.390426e-02 4.946725e-02 -2.618234e-01 -2.627803e-01 -2.964806e-01 6.284994e-02 -4.371822e-01 -3.237445e-01 -4.988365e-02 -5.601166e-02 2.590292e-01 -2.948235e-02 1.465340e-02 3.229015e-02 3.210800e-01
-1.920596e-01 2.064645e-01 -2.363614e-01 8.105047e-02 1.957672e-01 -5.295744e-01 2.784039e-02 -1.848583e-01 1.482845e-01 5.095305e-02 1.321302e-01 -7.197689e-02 -1.429629e-01 -1.307240e-01 1.045511e-01 -1.889474e-01
-1.701813e-01 -3.940605e-02 -2.173568e-01 1.718448e-01 2.127636e-01 1.009762e-01 -4.484700e-02 8.056201e-02 1.348679e-01 7.663367e-02 8.728174e-02 2.261457e-01 1.531092e-01 9.178752e-02 4.958115e-01 1.354981e-01
1.030049e-01 -8.349382e-03 -1.419298e-01 -3.558981e-01 -4.324266e-02 2.543725e-02 -9.945702e-02 -1.692222e-01 2.433995e-02 2.700056e-01 2.679710e-01 -1.930473e-01 9.194460e-02 5.663275e-02 3.415022e-01 5.894775e-02
4.519977e-01 -2.720097e-01 -1.210333e-01 -3.190802e-01 1.451564e-02 -2.120738e-01 -2.042245e-02 7.493084e-03 2.400060e-01 9.829788e-03 -1.479106e-01 -1.641071e-01 2.914829e-01 7.374331e-02 1.392645e-01 9.381648e-02
6.731245e-02 -4.006425e-01 2.553621e-01 -4.262749e-02 2.540521e-01 2.332729e-01 -2.522587e-01 -1.042299e-01 -3.893712e-01 7.379252e-02 -1.926434e-01 3.428931e-02 -4.530923e-02 5.240848e-02 2.092365e-01 -1.146539e-02
-2.920873e-02 1.037689e-01 3.744503e-01 -2.302404e-01 -1.153168e-01 8.944659e-02 -4.282340e-02 3.116025e-01 -9.207550e-02 -2.731255e-01 5.210349e-02 -2.102469e-01 -2.207429e-02 -3.358883e-01 -2.634433e-02 3.686186e-01
-1.300865e-01 -5.010967e-02 7.244267e-02 3.053891e-01 -1.611783e-01 -3.504136e-01 -3.271423e-02 -8.359735e-03 4.602544e-01 5.154086e-02 2.481891e-01 1.797519e-01 -1.193384e-02 -4.021245e-01 -8.504821e-02 2.115906e-01
3.029906e-01 -6.711319e-02 -4.351819e-02 3.703458e-01 1.737017e-01 2.561606e-01 -1.410239e-01 4.685706e-01 3.161209e-01 -1.943886e-01 1.060090e-01 -1.360139e-02 6.278982e-03 -1.801195e-01 -1.881063e-01 -1.906804e-01
-3.758242e-02 -5.448655e-02 5.720668e-02 2.002304e-01 3.502676e-02 -1.228725e-01 9.638787e-02 1.180413e-01 2.452569e-01 -2.611303e-01 -4.639965e-01 5.525918e-02 -2.361922e-01 1.173188e-02 -4.098859e-01 -2.124150e-02
2.709833e-02 -1.218757e-01 -3.896094e-02 8.920575e-02 3.335226e-01 -4.794569e-02 -2.347754e-01 -2.725060e-02 -3.118045e-01 1.948531e-01 4.503908e-01 1.903037e-01 -1.024851e-01 -3.475845e-01 -3.317957e-01 -6.413143e-02
9.543443e-02 1.603347e-01 -2.693515e-02 -1.005523e-01 -8.296575e-02 -2.310601e-01 -6.471713e-02 -5.709068e-01 -7.571085e-03 1.887030e-01 3.522901e-01 6.306389e-02 1.329417e-01 2.993083e-01 3.075860e-01 -2.209940e-01
8.737270e-02 -7.722145e-02 -1.916857e-02 9.004134e-02 1.480503e-01 3.080626e-02 -5.033201e-02 7.213745e-01 2.472259e-01 -5.850526e-03 -4.874428e-02 -3.079168e-01 4.252216e-03 1.907072e-01 2.817591e-02 -2.789463e-01
2.075680e-01 1.938825e-01 2.626015e-01 -3.186572e-02 -3.294279e-01 2.017144e-01 1.771633e-01 -4.005884e-01 1.048188e-02 -1.692758e-02 2.656155e-01 -1.591600e-01 -1.348491e-01 1.038503e-01 -4.561971e-01 -1.654599e-03
-1.882930e-02 5.963721e-02 -9.302749e-02 1.894978e-01 3.696484e-01 2.367963e-01 2.481263e-01 1.324796e-01 -1.591075e-01 2.996197e-02 1.547235e-01 1.876697e-01 -2.493130e-01 1.474924e-01 9.408709e-02 4.184144e-01
1.725957e-01 3.881086e-01 5.450500e-02 -3.050367e-01 -3.065077e-01 1.555049e-01 2.333955e-01 -3.355596e-01 7.259960e-02 3.506450e-03 1.879122e-01 -1.407792e-01 4.238958e-01 -4.802610e-02 -8.588834e-02 -9.282324e-02
2.083438e-02 -9.117622e-02 -4.119577e-01 1.900481e-01 2.312589e-01 -1.634774e-01 9.964774e-02 -3.267691e-01 3.102049e-02 3.326585e-01 -1.519145e-01 1.444361e-01 5.430518e-02 3.861264e-01 -1.117072e-02 -3.511616e-01
7.897392e-02 -9.070967e-04 -1.084906e-01 -1.103877e-01 2.163826e-01 3.729478e-01 1.687547e-02 1.342297e-02 -4.630646e-01 -5.053476e-03 -1.553632e-01 -2.395649e-02 5.443582e-02 3.501873e-01 2.015029e-01 -2.677690e-02
2.537538e-01 -1.034796e-01 -9.489373e-02 3.512193e-02 -4.515554e-02 -1.735650e-01 2.011523e-01 3.199136e-01 -1.300119e-02 7.303983e-02 -8.319900e-04 1.049751e-01 4.082801e-01 -9.059901e-02 -4.808114e-01 2.783915e-02
-1.059991e-01 -5.447543e-02 -7.784575e-02 1.983873e-02 5.964108e-02 1.115466e-02 1.076706e-01 -3.666464e-01 -1.519077e-02 3.107481e-01 2.035846e-01 1.540187e-01 2.863848e-01 -2.772587e-02 -6.504934e-01 2.654189e-02
-1.480410e-02 2.358929e-02 4.810855e-01 -6.066754e-02 -1.601944e-01 4.250816e-01 -9.071283e-02 2.575122e-01 1.194575e-02 -3.389784e-01 2.371558e-01 -1.052256e-01 4.664690e-02 -3.046149e-01 1.732570e-01 2.926127e-01
-3.342497e-01 1.706223e-01 1.815697e-01 -1.324693e-02 3.653540e-02 2.891054e-01 -3.498791e-01 -3.698415e-01 1.297595e-02 -9.935136e-02 -1.979346e-03 -8.332925e-02 -3.430722e-01 1.029230e-01 4.075439e-01 -1.624005e-02
4.303845e-02 1.373803e-01 6.118546e-02 -2.865471e-02 -8.979127e-02 5.525820e-02 -1.260585e-01 3.146207e-01 1.462262e-01 -2.421001e-01 -3.143667e-01 -1.131195e-01 -1.433469e-01 9.914021e-02 5.408888e-01 -3.039424e-02
-7.443521e-02 6.742222e-02 -3.782021e-03 2.757129e-01 4.425528e-02 1.312605e-01 -7.246993e-02 -2.434497e-01 1.390974e-01 3.982391e-02 4.358028e-03 1.238516e-01 -5.577719e-01 -9.818835e-02 -2.121217e-01 -7.547835e-02
3.251517e-01 -9.556387e-02 -6.612227e-02 -1.743043e-02 -1.420873e-01 7.061513e-01 -1.510855e-01 2.417793e-02 2.788978e-02 8.502474e-03 -9.144689e-02 -1.184479e-02 4.596776e-02 9.217004e-02 -2.253589e-02 1.482729e-02
-1.948431e-02 1.664824e-01 -7.178159e-02 -3.281453e-01 -1.342851e-02 -3.649662e-03 3.313953e-01 2.045796e-02 5.584201e-02 7.593103e-03 5.879151e-02 -8.650149e-02 6.715491e-01 -1.220438e-01 1.793849e-01 -6.530219e-04
-5.524070e-02 1.796704e-01 1.016322e-01 -1.312803e-01 -5.029441e-02 -8.232851e-02 -1.087621e-01 1.373037e-01 -4.515189e-02 4.097518e-01 -1.672076e-01 -1.972364e-01 -1.641652e-01 -1.205170e-02 -4.013709e-02 4.877957e-02
-3.280528e-02 1.581002e-01 -3.401453e-02 -2.080808e-01 2.787893e-01 3.072624e-02 1.109071e-01 1.108417e-02 1.687007e-01 2.588023e-01 2.585414e-01 4.213484e-01 -1.116368e-01 2.722427e-02 7.927154e-02 -1.327831e-01
4.815813e-01 -1.962906e-01 -1.436616e-01 1.050033e-01 -6.283629e-02 9.582405e-02 1.580900e-02 -1.217238e-01 3.357710e-02 -1.925507e-01 1.135709e-02 3.049347e-01 2.133743e-01 -8.110679e-02 -1.212893e-01 -1.493189e-01
-2.490812e-01 -1.977378e-02 1.403923e-01 9.335467e-02 4.511408e-01 1.080164e-01 4.023980e-01 1.743760e-01 6.889048e-02 8.621328e-02 3.755230e-02 -2.334707e-01 5.093199e-02 1.542466e-01 2.994292e-01 3.374130e-03
-3.558360e-01 1.956411e-01 3.294178e-01 1.500742e-01 1.438855e-01 2.072500e-01 1.257335e-01 1.395077e-01 5.450404e-02 5.201452e-01 1.506491e-01 2.873831e-01 1.288970e-01 4.645268e-02 1.170798e-01 1.501087e-01
7.542878e-02 -1.254993e-01 2.948242e-01 -1.029798e-01 -1.281645e-01 -1.340706e-01 3.311713e-01 -6.317940e-02 -7.803832e-02 -1.563293e-01 -2.505315e-01 -2.240418e-01 1.951632e-01 8.658252e-02 -2.324712e-01 -2.132648e-02
-6.123707e-02 3.653114e-02 -2.720497e-01 1.172272e-01 1.934604e-02 1.407560e-01 -2.449071e-01 8.893093e-02 2.633355e-02 -2.114768e-02 2.333493e-01 3.327088e-01 -1.937436e-01 -5.672577e-02 4.548624e-01 -1.582353e-02
-1.080831e-02 1.240929e-01 -1.059219e-01 7.791230e-02 2.086284e-01 -1.095567e-01 -2.647274e-02 8.419391e-02 -2.144895e-01 6.687778e-02 4.819653e-01 -8.378646e-02 9.813009e-02 -1.705880e-01 -3.628566e-02 8.670741e-02
3.214487e-01 -2.898576e-02 -1.135281e-01 -1.276823e-01 -4.426517e-03 5.364276e-01 -1.181596e-01 2.742951e-02 -1.039653e-01 -7.895759e-02 -4.105467e-02 -3.353225e-01 1.107061e-01 -1.292791e-02 -1.048419e-02 -2.209462e-01
-1.559410e-01 1.141281e-02 -4.501205e-02 -1.695398e-01 5.539170e-02 7.111008e-02 4.366517e-01 -4.923733e-02 2.328688e-01 -1.039076e-01 -3.389591e-01 1.189092e-01 4.374737e-01 1.346469e-01 -2.475880e-01 9.250532e-02
-2.257290e-01 1.255862e-01 4.262167e-01 3.014620e-02 1.813352e-01 1.706124e-01 5.056437e-02 3.585258e-01 -2.088978e-01 2.075077e-01 2.081314e-01 -6.313248e-02 1.558469e-01 6.035326e-02 1.226947e-01 2.826886e-01
1.212914e-01 -9.659506e-03 6.486156e-02 -3.503434e-02 2.682396e-01 9.453311e-02 1.965609e-01 2.740899e-02 -1.936132e-02 -1.735145e-02 3.177094e-01 6.421275e-01 2.893829e-01 -6.757913e-02 6.961040e-02 -1.234710e-01
1.234026e-01 -3.024622e-01 -1.431568e-01 1.419474e-01 -4.826266e-02 1.336202e-01 1.943924e-01 -8.196778e-02 3.634012e-02 -2.407787e-02 3.525761e-01 3.538705e-01 1.432882e-01 -1.913536e-01 3.155566e-01 -1.086328e-01
-1.040618e-01 2.243280e-01 -1.199018e-01 -8.968263e-02 7.226489e-03 -3.256063e-01 2.201914e-02 -5.317505e-02 -3.014623e-01 2.283966e-01 2.140878e-01 1.046856e-01 -2.669457e-01 5.558185e-02 -2.490343e-01 4.383951e-01
-1.983911e-02 -7.747547e-02 7.458885e-02 -1.508046e-01 -6.489891e-02 2.161305e-01 6.735098e-02 -9.182750e-02 4.179843e-01 -6.114326e-02 -2.099854e-01 2.828778e-01 -2.589884e-02 1.781229e-01 6.162941e-03 -7.923220e-02
-1.224163e-01 1.852568e-01 1.292177e-01 -2.008146e-01 6.124858e-01 1.435465e-02 -2.728834e-01 8.690774e-02 8.374365e-02 -1.306064e-01 -2.531398e-01 4.410991e-02 -6.688157e-02 1.201647e-02 6.052398e-02 -2.567174e-01
2.037893e-01 -2.467173e-01 4.895810e-02 1.362248e-01 -1.155041e-01 4.792363e-01 -6.082515e-02 4.400907e-03 1.689149e-01 -2.068002e-01 -1.037559e-01 -2.083983e-01 2.754466e-01 -1.456470e-01 1.675560e-01 -2.752376e-01
-2.799006e-01 -2.260629e-02 1.128113e-02 1.959857e-02 3.545777e-01 -1.300157e-01 -7.189380e-02 -5.733446e-02 2.577459e-01 -1.471221e-01 -2.554671e-01 4.071585e-01 3.437384e-02 -1.112543e-02 5.938527e-02 1.905228e-02
5.289823e-01 1.638181e-01 -4.554577e-02 4.686032e-02 -7.245047e-02 -6.784432e-03 -5.637430e-03 -6.931364e-02 -1.136598e-01 1.099048e-01 4.325045e-02 -2.086193e-01 -8.108908e-02 -4.606672e-02 -3.771343e-02 -4.343660e-02
-3.480750e-02 -9.373039e-02 1.318715e-01 1.758225e-01 8.091533e-02 -3.521487e-03 1.537910e-01 2.703120e-02 -1.201846e-01 -2.647191e-01 2.296711e-01 3.634011e-01 5.124345e-01 4.275867e-03 -1.367158e-02 -1.395491e-02
9.299771e-02 -1.188978e-01 -5.570063e-02 2.567518e-01 -1.294136e-01 -1.699398e-02 -2.748905e-01 1.759261e-01 -1.240654e-01 1.832269e-01 3.761213e-01 -5.411759e-03 -2.642697e-01 -1.465140e-01 2.956377e-01 -6.170167e-03
1.207616e-01 -1.745019e-02 2.624255e-01 -2.984919e-01 -6.523609e-02 -8.242291e-02 -1.766017e-01 1.185636e-02 -1.817866e-01 -9.944087e-02 4.119132e-01 -1.714172e-01 -1.172933e-01 -1.953273e-01 -1.837710e-01 9.096184e-02
2.814277e-02 2.950993e-01 3.583736e-02 -1.519338e-01 1.022370e-01 1.385252e-01 4.432267e-01 -1.945675e-01 1.699458e-02 -2.449972e-01 -2.479814e-01 5.190713e-02 2.900233e-01 2.798757e-01 -1.791131e-01 2.232275e-03
5.357529e-02 2.080159e-01 2.391703e-01 -9.000288e-02 5.173470e-02 1.290603e-01 -2.069964e-02 1.741643e-01 -1.863547e-02 7.687455e-02 -1.023174e-01 4.835697e-01 2.810916e-02 -1.232254e-01 -1.909553e-01 -1.165424e-01
7.739628e-03 -4.704642e-02 -1.279996e-01 1.796887e-01 -2.938035e-01 -2.024971e-01 9.565749e-02 -1.443704e-01 -2.524462e-01 1.328300e-01 2.170205e-01 1.156478e-01 -4.275872e-02 -1.352034e-01 -2.793468e-01 5.097010e-01
-2.214409e-02 -1.052858e-01 -2.400091e-02 5.314810e-01 -5.096945e-02 -3.161950e-02 2.625852e-02 1.334394e-02 -1.272964e-01 -1.702628e-01 -3.799023e-02 -1.266886e-01 3.261385e-02 -9.405535e-02 6.226250e-02 7.249596e-02
1.572120e-01 -1.214225e-01 -1.095366e-01 7.169407e-03 2.664067e-01 1.333221e-01 1.897151e-01 -1.894656e-01 2.426176e-01 -1.682212e-01 3.510976e-01 4.774247e-01 2.294960e-01 6.308614e-02 1.404016e-02 -1.655265e-01
-2.583186e-01 3.222827e-01 7.145808e-02 -2.613672e-01 1.939854e-01 -1.914823e-01 6.708339e-02 -5.465485e-02 -5.735591e-02 1.384030e-01 -4.518094e-02 -1.340593e-01 1.140563e-01 3.598027e-01 -2.024245e-01 3.982475e-01
-1.739614e-01 -1.211350e-02 -1.511148e-01 1.726603e-01 -1.283114e-01 1.093158e-01 2.628650e-01 1.499334e-01 8.572352e-02 2.405987e-01 2.149424e-02 2.147599e-01 3.802277e-01 7.769507e-02 -9.359930e-02 1.987821e-01
-5.930069e-02 5.319359e-01 -2.250889e-01 -1.028800e-02 1.779101e-01 7.457357e-02 5.339053e-02 4.109105e-02 1.628928e-01 1.634453e-01 -2.343602e-02 1.583196e-02 1.911423e-01 1.606333e-01 -1.471884e-01 2.174900e-01
-3.492985e-01 1.322051e-01 2.552927e-02 2.972429e-01 3.063486e-01 2.370836e-01 2.326657e-01 9.728011e-02 7.725374e-02 4.042502e-01 -1.472643e-01 2.734991e-01 1.334078e-01 1.122908e-01 3.079383e-01 -1.247793e-01
-1.087441e-01 1.104991e-01 -6.800761e-02 -7.853001e-02 1.567467e-01 -1.176011e-01 -7.836796e-03 -1.226970e-01 2.132340e-01 -9.230996e-02 -5.411281e-02 -5.112068e-02 -1.365823e-01 2.313300e-01 4.322740e-01 -7.923115e-02
1.514560e-01 -1.100200e-02 1.033796e-01 -1.250189e-01 2.651515e-01 -8.402478e-03 -1.326557e-01 5.815990e-03 -1.786148e-01 3.019585e-01 4.936573e-01 4.128672e-03 -1.423708e-01 -2.626983e-01 -2.145915e-01 -3.476920e-02
-9.264056e-02 -1.028371e-01 -1.974349e-01 1.633617e-01 3.458260e-01 -1.313745e-01 -2.580984e-01 -5.304710e-02 -2.314620e-01 6.231236e-02 4.092270e-01 3.683480e-01 -5.502264e-02 -3.116464e-01 -1.551350e-01 -5.842194e-02
-4.019921e-02 -6.264445e-02 -3.929756e-01 -4.528113e-03 -2.546779e-01 2.445196e-01 5.426005e-03 1.995493e-01 1.641289e-01 -2.552415e-01 -3.322573e-01 2.580335e-02 -7.382300e-02 2.256466e-02 -2.088868e-01 -2.824381e-02
-1.294233e-02 5.063692e-02 4.112236e-02 -1.515489e-01 -8.097720e-02 -1.772283e-02 1.330267e-01 9.762017e-02 1.521506e-01 7.657640e-02 -1.758581e-01 -2.901485e-01 -5.943317e-02 2.130730e-01 2.618617e-01 7.328899e-03
1.693095e-01 2.672817e-01 5.661124e-02 -4.565183e-01 7.290460e-03 -1.848434e-01 4.106652e-02 -2.365699e-01 -2.220166e-01 9.473799e-02 -4.441806e-02 -2.290262e-01 -3.416844e-02 1.928899e-02 -2.241345e-02 2.970779e-02
-2.049049e-01 2.926460e-01 -2.780391e-01 -1.775054e-01 2.443432e-01 8.318348e-03 -1.398673e-02 -9.895265e-04 3.913355e-02 4.339406e-02 -1.615147e-01 1.342497e-01 3.884822e-01 -1.232111e-01 3.979972e-01 -1.509508e-01
4.800883e-02 1.396450e-01 1.700349e-01 -6.885777e-02 -6.829455e-03 -6.296241e-01 6.541003e-02 -1.378927e-02 -2.621701e-01 1.597427e-01 1.007316e-01 -6.443724e-02 -6.723931e-02 -2.258093e-01 -8.752240e-03 1.109629e-01
-1.425095e-01 1.945429e-01 -1.457624e-02 2.264282e-01 -4.473945e-02 2.322960e-01 -4.172440e-02 -3.505826e-01 -5.820597e-02 1.015823e-01 2.207735e-01 1.357678e-01 -4.473026e-01 -1.227675e-01 -2.562942e-02 -7.035782e-02
-1.152878e-01 -1.091212e-01 -1.382132e-01 4.696375e-01 3.689367e-02 3.107592e-02 -3.361880e-02 1.427194e-01 9.658594e-02 -1.738634e-02 7.155892e-02 2.815330e-01 6.534142e-02 -3.528282e-02 1.371281e-01 7.744609e-02
-1.081747e-01 -1.818605e-03 2.340095e-02 -2.145193e-01 8.337919e-02 -1.907779e-02 6.082471e-02 4.139324e-01 -3.231944e-02 -6.704305e-02 -4.655179e-02 -2.930961e-02 4.142828e-01 -6.246565e-02 -5.333225e-02 8.435923e-02
2.273397e-01 -1.151794e-01 -1.626694e-02 1.982165e-01 -1.085407e-01 4.817990e-02 -4.729043e-02 4.774645e-02 -7.384792e-02 -3.881099e-01 1.256687e-01 4.262177e-01 -6.207299e-02 -3.160916e-01 -2.557809e-01 2.078679e-01
4.942193e-02 1.177482e-01 2.314912e-02 -2.346876e-02 3.581861e-01 1.769951e-01 2.831059e-01 4.224391e-02 -3.150770e-01 -2.569750e-02 -3.727251e-02 -3.303492e-02 -2.820151e-01 1.753333e-01 -1.948692e-01 2.402209e-01
-2.176149e-01 8.219904e-02 1.202128e-01 -8.287475e-02 1.040436e-01 1.457903e-01 -1.438567e-01 -6.160508e-01 6.086642e-02 -4.592507e-02 -2.169357e-02 -9.564377e-02 -2.746110e-01 2.533033e-01 7.026548e-02 1.303482e-01
-3.922873e-02 -1.978418e-02 -2.600414e-01 1.933576e-01 1.443693e-01 9.029811e-02 -2.150213e-02 -4.529773e-01 1.418317e-01 1.521500e-01 -1.037747e-01 1.527688e-01 1.117938e-01 4.665565e-02 1.312438e-01 -3.172510e-01
2.682431e-01 -2.290239e-02 -5.120736e-03 -2.128642e-02 -3.556120e-02 -1.407416e-01 4.398891e-02 -5.961580e-01 3.957465e-02 8.484970e-02 1.418477e-01 -1.169554e-01 -3.614943e-01 1.835816e-01 2.566495e-01 4.896981e-02
-1.616854e-02 1.161894e-01 -3.878623e-01 1.801716e-01 3.750019e-01 -3.265112e-01 7.854026e-02 -1.532257e-01 -1.572321e-01 2.002626e-01 -2.039694e-02 -7.351954e-02 -3.072416e-02 5.546461e-02 1.056154e-01 -8.685265e-02
-7.080537e-02 -4.352245e-02 -1.035331e-01 6.021409e-02 -2.733675e-01 -6.557302e-02 -2.381571e-01 -1.685080e-02 3.345817e-01 4.330462e-02 1.757241e-02 1.209369e-01 3.065270e-01 -8.447723e-02 3.225935e-01 -1.030913e-01
1.010393e-01 -3.160133e-01 -3.283837e-02 2.502793e-01 1.271041e-01 -4.652192e-03 -1.617670e-01 -2.224067e-02 -8.014748e-02 1.469809e-01 1.120574e-01 -1.794107e-01 -1.801940e-01 2.165889e-01 -3.918820e-01 1.574199e-02
2.723139e-03 -7.813567e-02 4.221454e-01 1.238322e-01 3.560979e-01 -1.557688e-02 3.266427e-02 -2.302637e-01 3.141353e-02 2.560874e-02 1.718186e-01 -1.194927e-01 1.911324e-01 -1.930833e-01 1.867871e-01 1.892218e-01
2.295015e-01 -9.096266e-02 1.360356e-02 6.972259e-02 2.408001e-02 -8.000185e-02 7.391394e-02 -2.428552e-02 4.497921e-01 -4.179522e-02 -3.149453e-01 3.212487e-02 -3.976884e-02 -1.549754e-01 -1.762500e-01 -3.056981e-02
3.552561e-01 -7.892545e-02 7.944396e-02 1.439011e-01 3.595332e-01 -1.929563e-01 1.717688e-02 2.854630e-03 1.444763e-01 3.022839e-01 2.823031e-01 -1.870841e-05 -1.553399e-01 2.114845e-02 2.190307e-01 -6.984413e-02
4.811331e-02 1.970740e-01 1.308258e-01 -1.192492e-01 -1.831447e-01 8.736384e-02 -1.005315e-01 -2.081372e-01 2.329997e-02 3.316118e-02 4.396381e-01 -3.339536e-03 8.659197e-02 9.287514e-03 2.216319e-01 -4.962662e-02
-4.388967e-02 -1.416163e-01 -6.244788e-02 1.677851e-02 -3.752524e-02 5.693231e-01 -1.709776e-01 2.556939e-02 2.108581e-01 -6.802297e-02 -1.577526e-03 3.584600e-02 -6.333704e-02 -3.285015e-02 4.126676e-02 -9.211392e-02
1.326885e-02 -2.115280e-01 -6.003206e-02 8.836709e-02 4.727654e-01 1.496061e-01 -2.784625e-01 -7.740132e-02 -1.244750e-01 -7.453887e-03 4.218097e-01 1.462650e-01 -2.892928e-01 -1.213651e-01 -2.399724e-01 5.331679e-02
-2.949869e-02 3.313602e-02 2.150856e-01 9.160614e-02 3.815871e-01 1.639677e-01 1.135445e-01 -7.404777e-02 3.802551e-02 -1.325931e-01 -1.446548e-01 6.699386e-02 5.758548e-01 1.609115e-01 7.876164e-02 7.448300e-03
-5.884310e-02 1.384902e-01 -4.810304e-01 1.173681e-01 3.840729e-01 4.679884e-02 -3.324816e-01 -1.476236e-01 1.261183e-01 6.507246e-02 -6.773271e-02 -4.380367e-02 -4.245358e-02 -5.160768e-02 2.005371e-01 -7.425158e-02
3.563418e-01 -3.291071e-01 -5.179292e-02 -2.060892e-01 4.815405e-02 -2.501355e-01 -4.650652e-04 1.691732e-01 1.651757e-01 -1.334454e-01 -2.946444e-01 -8.975068e-02 3.675203e-01 1.148638e-01 -4.261467e-02 6.634022e-02
5.871101e-02 -3.442467e-02 1.533330e-01 -1.780444e-01 -2.660031e-01 8.047212e-03 3.225057e-02 -2.201255e-02 1.086855e-02 -9.464627e-02 8.469488e-02 -7.032031e-02 -1.879632e-01 6.431517e-02 -4.370773e-01 9.984539e-03
-4.071067e-02 2.316178e-03 2.100999e-01 -2.481526e-02 -3.054183e-02 -3.197888e-03 3.765355e-02 5.209728e-01 -1.201592e-01 -2.698603e-01 -1.049132e-01 -5.324899e-02 -7.269948e-02 -1.460793e-01 -1.438622e-01 2.533673e-01
-2.666784e-01 1.418461e-01 4.567306e-02 1.952750e-02 6.405690e-02 2.496589e-01 -2.048868e-01 -3.275049e-01 -4.993991e-03 1.082811e-01 -2.522246e-02 1.315232e-01 1.475198e-01 4.493045e-02 -5.350245e-01 1.295163e-02
-1.575364e-01 9.142815e-02 -3.673732e-03 -4.615169e-02 2.200856e-02 -1.165667e-02 -4.105202e-02 1.724003e-02 -5.684291e-01 -7.491080e-03 1.354836e-01 -5.697442e-02 9.918098e-02 1.576580e-01 6.731785e-02 -7.616190e-02
2.924366e-01 -9.038464e-02 -6.136651e-02 4.241800e-02 -1.093894e-01 -1.682427e-01 9.188191e-02 5.914171e-01 -9.949554e-03 -5.134524e-02 -7.466573e-02 3.458634e-02 8.019100e-02 -6.421109e-02 8.025958e-02 7.233443e-03
