32
9.32489991e-01 6.29082322e-02 3.55607718e-02 -5.43435700e-02 2.74158996e-02 6.81406781e-02 5.43704070e-02 3.69023196e-02 -8.47451761e-02 -8.21351334e-02 6.49754107e-02 3.85785364e-02 -7.06712976e-02 8.96368623e-02 3.76386680e-02 -1.50762886e-01 2.03769957e-03 4.54066619e-02 2.06509158e-02 -7.60408193e-02 -4.39148843e-02 6.21503852e-02 3.10094766e-02 1.45771625e-02 -3.70946825e-02 2.19878629e-02 -7.84943178e-02 -3.54041867e-02 -7.03579634e-02 -1.26819700e-01 5.17265983e-02 -8.68211240e-02
-1.08997338e-02 9.76693809e-01 3.76135530e-03 -3.76015180e-03 -8.47163945e-02 -9.70099028e-03 -8.37430882e-04 -1.55157614e-02 6.36762455e-02 3.94684337e-02 -5.14356606e-02 4.98594064e-03 5.25928196e-03 -5.75234517e-02 -7.52720311e-02 4.36950661e-02 -1.32922838e-02 -4.21312116e-02 5.96203003e-03 3.23194377e-02 3.54015715e-02 -4.65147309e-02 -4.47431318e-02 2.55169943e-02 6.12493865e-02 -1.30765839e-02 5.63052408e-02 -8.23300146e-03 -1.07079037e-02 3.05568725e-02 2.56983191e-02 3.52716707e-02
-5.56583181e-02 6.32198481e-03 9.71878886e-01 4.96054888e-02 8.15627165e-03 -2.38561668e-02 1.38199832e-02 -3.55926752e-02 2.58247741e-02 -2.85973307e-02 -4.11323383e-02 -4.70072255e-02 -9.03441980e-02 2.16290560e-02 3.29631157e-02 -8.34463835e-02 5.96024543e-02 -3.25374641e-02 -6.83003152e-03 -3.11368443e-02 3.93928066e-02 2.04398017e-02 4.22712415e-02 -3.75244592e-04 2.69966274e-02 -7.23248720e-02 -2.18213182e-02 5.04435524e-02 5.52266389e-02 -5.14061227e-02 -1.92064159e-02 -3.56043726e-02
7.75518119e-02 6.32145535e-03 -3.52169722e-02 9.72744167e-01 -2.23061144e-02 -5.24324663e-02 -1.71434544e-02 8.59798864e-02 -1.51910046e-02 8.08643550e-03 -4.55025658e-02 6.94790855e-04 2.42609587e-02 -5.02353981e-02 5.96717149e-02 5.23629636e-02 2.09876802e-02 2.68653203e-02 -3.93397994e-02 1.82109757e-03 -1.12735935e-01 2.85146777e-02 2.23469399e-02 1.65273529e-02 -2.38380153e-02 -1.59888063e-02 1.64119750e-02 3.80067676e-02 1.47916181e-02 2.61006486e-02 1.56467315e-02 5.53923398e-02
-1.37213012e-02 7.20306188e-02 -3.01729720e-02 3.78833935e-02 9.74687636e-01 1.35447679e-03 2.30414048e-02 -4.34658118e-02 2.48461496e-02 -4.30973433e-02 -3.80994938e-02 -5.69665954e-02 -5.33101941e-03 2.86920648e-02 -2.67820694e-02 2.27879193e-02 -2.89769005e-02 -2.70267893e-02 -2.56358273e-02 -1.48063782e-03 7.67882615e-02 9.74760763e-03 -2.54632682e-02 4.49416600e-03 8.78595114e-02 -2.22541392e-02 1.11934803e-02 8.08328241e-02 2.91958395e-02 2.19721515e-02 1.87820196e-02 -7.16166496e-02
-1.74382646e-02 -1.65336765e-02 4.69673332e-03 5.09140231e-02 -3.59787270e-02 9.71321225e-01 -1.13728540e-02 5.83615620e-03 6.67110011e-02 7.28375977e-03 -4.97140028e-02 -1.07515648e-01 1.56852622e-02 3.82457278e-03 -2.68196464e-02 5.13690226e-02 -2.72922707e-03 -6.41065240e-02 -2.05153972e-02 2.09661690e-03 3.26576903e-02 7.97924958e-03 3.91794951e-04 2.49935705e-02 6.66129515e-02 -4.94207032e-02 7.87696540e-02 5.61964214e-02 7.66357780e-02 2.44743172e-02 4.79297200e-03 -2.64046434e-02
-5.77408075e-02 -7.89651182e-03 -2.74429470e-02 3.50294523e-02 -2.74988879e-02 4.84509720e-03 9.89841282e-01 -2.42952276e-02 8.43216944e-03 3.68703604e-02 1.61877051e-02 -6.84319530e-04 -3.90234403e-02 2.37234067e-02 -3.50067914e-02 -3.94169576e-02 -8.85877851e-03 -2.85578873e-02 4.60737981e-02 -1.87108573e-02 2.62589213e-02 -3.50526976e-03 -5.76853193e-03 1.43023571e-02 1.47593599e-02 -2.07445752e-02 4.79148002e-03 -2.09226087e-02 2.40630079e-02 -1.01150805e-02 1.99285373e-02 2.03899518e-02
-1.06063880e-01 3.29050496e-02 1.07843038e-02 -5.10314628e-02 4.88188714e-02 2.16287170e-02 8.40122718e-03 9.65492487e-01 -1.86369419e-02 4.90763132e-03 1.87131893e-02 5.72874248e-02 -1.12075351e-01 5.24109639e-02 -1.86714251e-02 -1.19647101e-01 3.00387293e-03 -1.35040926e-02 3.47182974e-02 -1.16239181e-02 1.92780308e-02 2.23438852e-02 -1.65417902e-02 -7.01849768e-03 -2.64860410e-02 -3.01916394e-02 -2.50895843e-02 -2.71415375e-02 -6.05104305e-02 -6.47071749e-02 -9.78820864e-03 -4.71747518e-02
5.98180778e-02 -3.33193578e-02 -3.48281041e-02 -1.33618861e-02 -2.48315968e-02 -6.29227757e-02 9.66737419e-03 3.28800417e-02 9.59574342e-01 -5.91308363e-02 2.62889378e-02 -5.68048805e-02 3.61642353e-02 5.74220195e-02 7.31515959e-02 -4.92063202e-02 5.66436946e-02 5.02479225e-02 -8.69210139e-02 -1.67577714e-02 -8.58398303e-02 5.19917645e-02 9.03224424e-02 5.58700645e-03 1.46374479e-02 -2.61845742e-03 -4.99388687e-02 4.61881086e-02 -3.52290049e-02 6.70355335e-02 1.30209662e-02 -7.07939416e-02
1.18289493e-01 -3.60854007e-02 6.01669811e-02 -3.27313282e-02 5.76330647e-02 -5.62070310e-03 -9.26615298e-03 3.87703031e-02 4.31652106e-02 9.66252923e-01 3.21172667e-03 -9.54136904e-03 8.37727636e-02 -5.15856072e-02 4.12050150e-02 6.91982210e-02 -1.05159581e-02 1.76976845e-02 -7.15254843e-02 2.75928825e-02 8.77520163e-03 5.96332410e-03 4.06954400e-02 1.14253098e-02 -2.38764193e-02 8.77265930e-02 -4.15868126e-04 -1.73289049e-02 1.50099462e-02 5.99112771e-02 -4.12892178e-02 3.18009071e-02
-7.99398795e-02 5.21519855e-02 -2.62861606e-03 7.69645721e-02 1.97315644e-02 4.38073501e-02 -3.80830169e-02 -5.94379194e-02 5.05423918e-03 3.81256007e-02 9.62051511e-01 4.62024398e-02 -9.30357128e-02 -3.61219072e-03 1.52856307e-02 -9.04271528e-02 -3.72353476e-03 -3.96198817e-02 9.99170821e-03 -9.72872600e-03 1.04776092e-01 3.67774814e-02 -8.98566190e-03 -3.04680895e-02 2.76500750e-02 -9.32808593e-02 -9.94528178e-03 3.06956694e-02 2.02149041e-02 -5.60436845e-02 -4.63068485e-02 1.06408112e-02
2.48345304e-02 -4.00800295e-02 6.15437441e-02 1.40033793e-02 2.24618521e-02 6.24438785e-02 5.71344513e-03 -1.95243433e-02 8.76761749e-02 -1.89949237e-02 -3.76424603e-02 9.47267890e-01 6.75919950e-02 -5.60467020e-02 -7.90405553e-03 8.77105221e-02 -7.65044466e-02 -6.20860346e-02 -1.10834269e-02 7.09722191e-02 9.14221853e-02 -2.39482597e-02 -7.17361122e-02 -4.07236442e-02 9.13843885e-02 4.48530540e-02 8.60449895e-02 1.09029543e-02 9.00024846e-02 5.54669425e-02 5.31651378e-02 -6.50826469e-02
-6.45042583e-02 5.45453168e-02 6.39595911e-02 -9.47855134e-03 3.27722542e-02 3.54470611e-02 3.49064730e-02 4.35289741e-02 -7.16467500e-02 -5.21942228e-02 7.63905346e-02 1.47425840e-02 9.23270524e-01 7.69375190e-02 5.02279773e-02 -1.89387605e-01 1.84882320e-02 3.53487395e-02 -3.53471376e-03 -8.20849836e-02 -8.52900073e-02 7.93861523e-02 7.46281222e-02 3.42605561e-02 -9.34394673e-02 4.10821196e-03 -8.68967175e-02 -5.39408140e-02 -6.85601532e-02 -1.21143341e-01 3.08375675e-02 -6.62853718e-02
-6.63158670e-02 3.42408679e-02 -4.37919348e-02 6.65304437e-02 -2.10503228e-02 -5.22770733e-03 -5.24365678e-02 -7.84795359e-02 -1.94265880e-03 9.73968655e-02 -5.25704548e-02 7.95396417e-02 -5.84007315e-02 9.44906235e-01 -6.04678169e-02 -7.57390857e-02 7.29628652e-02 -2.92802807e-02 9.46712270e-02 -4.30536643e-02 2.32382864e-02 -5.79951368e-02 -5.28910384e-02 -2.81642843e-02 -6.46220800e-03 -7.42698982e-02 7.54709691e-02 -1.27136344e-02 2.41063572e-02 -4.48742919e-02 -7.13312477e-02 1.04333878e-01
-7.73540363e-02 7.66647607e-02 -7.63497353e-02 -3.50328162e-02 5.75007359e-03 2.76212078e-02 1.46008432e-02 -3.02217361e-02 -5.08491211e-02 1.47716682e-02 -7.11685866e-02 3.94959934e-02 -8.04034770e-02 1.00660743e-02 9.55225587e-01 -6.99756145e-02 4.21943963e-02 -4.71407101e-02 6.71025366e-02 -5.98721057e-02 8.81448016e-02 -4.04962385e-03 2.17606798e-02 2.59517152e-02 2.13288609e-02 -8.88345018e-02 -1.97423324e-02 6.65029734e-02 -1.16905943e-02 -1.03080362e-01 -6.50202064e-03 -2.87348926e-02
1.19078336e-02 2.56116446e-02 7.10925460e-02 -5.06427437e-02 1.47705339e-02 3.43443849e-03 4.71512750e-02 7.39158168e-02 -7.72793405e-03 -5.87074719e-02 1.09742008e-01 -3.92484758e-03 3.13892253e-02 1.31574035e-01 6.40157983e-02 8.85473549e-01 4.30149771e-02 9.28037688e-02 -3.10145896e-02 -1.37386873e-01 -9.58530754e-02 5.35608307e-02 1.02621086e-01 1.13377031e-02 -1.33909181e-01 -2.95737088e-02 -1.51306778e-01 -1.11096412e-01 -4.59041297e-02 -1.82655454e-01 9.56412330e-02 -9.98358727e-02
2.47947462e-02 -5.43390540e-03 -4.18430232e-02 -1.90385226e-02 1.64303239e-02 4.34576441e-03 1.05419578e-02 8.98440927e-03 -4.09898870e-02 -4.74022469e-04 1.94579712e-03 5.24198227e-02 2.45832391e-02 -7.22985491e-02 -4.30046506e-02 1.75625701e-02 9.71280277e-01 2.96124462e-02 -1.15760043e-02 4.18055542e-02 1.15730718e-01 3.93442996e-02 -8.30320716e-02 3.98192555e-02 7.34403357e-02 2.82260384e-02 -1.62528008e-02 3.48649733e-02 -1.36278924e-02 6.26877770e-02 2.01006513e-02 5.08476011e-02
-7.84172565e-02 4.43135984e-02 1.72624532e-02 1.15963342e-02 2.59886775e-02 7.99899772e-02 1.14228148e-02 -3.16387638e-02 -3.72397411e-03 1.51472129e-02 -6.59288047e-03 5.87948039e-02 -6.12397678e-02 -1.23910187e-02 9.37511306e-03 -9.17800888e-02 -3.03951968e-02 9.68564570e-01 7.66000226e-02 1.79607682e-02 7.10242242e-02 -2.64572110e-02 -8.06641057e-02 -3.52993794e-02 -2.82747913e-02 -1.88876956e-03 -3.98196373e-03 -3.66071127e-02 2.53669135e-02 -6.59613013e-02 -2.45531648e-02 -2.46071778e-02
7.23270923e-02 -3.37780528e-02 3.88681926e-02 2.18440518e-02 1.96713340e-02 -1.67188551e-02 -3.08981407e-02 3.13298702e-02 9.63100344e-02 9.92345158e-03 2.80372147e-02 -6.51507303e-02 9.68425572e-02 -6.99233860e-02 2.26498768e-03 1.16976790e-01 -6.67351065e-03 -4.58140709e-02 9.44670916e-01 7.66311288e-02 2.21515410e-02 -2.55075879e-02 -2.24520937e-02 -2.22882330e-02 4.23800498e-02 9.67339575e-02 8.29108208e-02 -1.75165851e-02 1.00290023e-01 1.12879917e-01 -3.81493829e-02 3.90482768e-02
4.38411310e-02 -3.62242595e-03 3.47577371e-02 -1.16605060e-02 -8.62494949e-03 -1.27327337e-04 3.48788761e-02 2.52189748e-02 -3.18892188e-02 -4.89548631e-02 3.58559862e-02 -6.27053455e-02 4.97224629e-02 1.17823631e-01 7.98311979e-02 7.22289532e-02 -3.56147923e-02 1.62030086e-02 -6.97885975e-02 9.60548997e-01 7.25421775e-03 8.95443112e-02 5.72459698e-02 4.26847525e-02 -2.69469692e-05 2.65425853e-02 -9.44618881e-02 3.97294536e-02 -4.24274877e-02 -2.60702195e-03 3.80925462e-02 -3.90945785e-02
1.08741939e-01 -5.13087735e-02 -1.35076940e-02 6.54507801e-02 -9.84329134e-02 -8.20139647e-02 -8.37664865e-03 6.25003502e-02 4.27298248e-02 -5.42545095e-02 -4.31695729e-02 -1.29058316e-01 1.44608542e-01 3.89004909e-02 -2.35750824e-02 1.21889204e-01 -1.16864748e-01 4.18688310e-03 -8.75289738e-02 -5.69882281e-02 9.20094490e-01 4.78770994e-02 2.37006247e-02 5.02325073e-02 1.19468465e-03 3.50205861e-02 5.33274524e-02 8.34738985e-02 4.25880104e-02 9.07942504e-02 3.58532369e-02 2.53092237e-02
-6.33538663e-02 3.07424050e-02 -3.37756909e-02 -2.31593661e-02 -1.85158402e-02 -1.02413455e-02 -1.25030838e-02 -4.69288938e-02 -2.32210103e-02 3.65497991e-02 -6.88519552e-02 4.18998040e-02 -7.22213238e-02 4.40776302e-03 -4.09197137e-02 -1.96394771e-02 -4.34682444e-02 5.94751211e-03 6.48025423e-02 -5.90445511e-02 -2.39653625e-02 9.70274687e-01 -5.71553186e-02 -9.55778267e-03 4.58781347e-02 -7.69836232e-02 3.75075042e-02 6.64869472e-02 -3.23147476e-02 -3.52805257e-02 -1.16360420e-02 6.02677464e-02
-6.50990605e-02 4.34965380e-02 -7.03310445e-02 1.74082728e-04 1.67361442e-02 1.69475265e-02 -1.52391903e-02 -3.25909629e-02 -6.64331615e-02 1.54601326e-02 -4.18183245e-02 1.08928077e-01 -9.79221091e-02 -8.29212274e-03 -9.40749720e-02 -9.32794660e-02 6.42286241e-02 4.19115089e-02 8.96635652e-02 -1.99149512e-02 5.15210219e-02 8.67741276e-03 9.54524815e-01 4.58025932e-03 3.86610329e-02 -7.21624494e-02 -3.46051194e-02 5.75043969e-02 -1.81496870e-02 -4.17391248e-02 1.07655572e-02 -2.55754753e-03
-3.16327550e-02 -2.88168564e-02 9.71125206e-04 -5.82786230e-03 2.19055382e-03 -1.19491955e-02 -2.43787095e-02 -1.46962944e-02 6.70468062e-03 1.07515315e-02 1.99818704e-02 5.60952313e-02 -4.78683226e-02 1.05744898e-02 -3.92345376e-02 -2.08146162e-02 -4.06503119e-02 2.27566063e-02 5.04323654e-02 -3.09175421e-02 -2.75944620e-02 -1.42076183e-02 -3.05782706e-02 9.87797976e-01 2.93643679e-02 -3.03057451e-02 -2.84758266e-02 -5.13142813e-03 -4.50849161e-02 -2.48130839e-02 2.14696620e-02 7.32480129e-03
5.91381453e-02 -5.22152521e-02 1.07401758e-02 -1.95603669e-02 -7.33636767e-02 -6.97369277e-02 8.53838958e-03 7.86276460e-02 -5.79401813e-02 -1.40316561e-02 3.71882543e-02 -8.36885571e-02 1.10194899e-01 5.93934432e-02 3.77477407e-02 1.12897411e-01 -6.24140948e-02 8.65897834e-02 -7.43184760e-02 -4.51967493e-02 -9.79537293e-02 -2.63521150e-02 2.34850682e-02 -1.63334347e-02 9.46329832e-01 4.43012007e-02 3.53501514e-02 4.35820483e-02 -2.36608069e-02 3.23671810e-02 -1.50044737e-02 4.94344868e-02
-1.06412619e-01 4.66232486e-02 3.11680194e-02 4.48737033e-02 1.27238547e-02 6.10473454e-02 7.54114566e-03 -2.09662598e-02 -8.34467914e-03 -4.92536128e-02 5.28632626e-02 -9.31576546e-03 -9.45525169e-02 8.39832053e-02 4.92873490e-02 -6.01241067e-02 4.55978530e-04 -2.44981647e-02 -3.13361846e-02 -5.81515096e-02 8.91023688e-03 7.47901276e-02 5.00977077e-02 2.02352032e-02 -1.08715603e-02 9.54779804e-01 -8.67014602e-02 -7.38570420e-03 -1.88677646e-02 -1.13932282e-01 3.95023748e-02 -6.30134493e-02
5.78281768e-02 -2.56274827e-02 5.19800521e-02 -4.79388498e-02 2.06916407e-02 -5.41932359e-02 2.58681439e-02 4.97515127e-02 -1.09536713e-02 -5.42318374e-02 7.75339901e-02 -6.45816922e-02 4.88999374e-02 8.82065576e-03 8.58350098e-02 7.10418969e-02 3.73133458e-02 5.45863248e-02 -1.05652250e-01 3.75132822e-02 -9.39256027e-02 2.58359686e-02 1.04406275e-01 4.92414422e-02 -9.71105695e-02 8.58002380e-02 9.38362598e-01 -9.78302807e-02 -6.76816478e-02 5.33301905e-02 2.68494431e-02 -3.96626852e-02
3.64866741e-02 8.12993385e-03 -5.24818758e-03 -6.68539852e-02 -5.25145233e-02 -3.60332206e-02 3.33389156e-02 4.68819141e-02 -5.30005842e-02 3.47935501e-03 2.54965909e-02 1.04707321e-02 5.50930947e-02 2.71448828e-02 -3.39790434e-02 8.56561288e-02 -2.34843250e-02 6.14766888e-02 1.24451304e-02 -4.52928394e-02 -1.21897534e-01 -6.65241033e-02 -3.20695639e-02 3.37456679e-03 -1.07845649e-01 4.07960676e-02 5.80126606e-02 9.61005330e-01 -4.21819314e-02 1.72546301e-02 2.11240035e-02 3.63151580e-02
5.70494719e-02 3.11955977e-02 -4.48238067e-02 -5.52534349e-02 -2.51067691e-02 -7.53213540e-02 -2.74017686e-03 8.17220956e-02 -3.07202656e-02 -4.06534076e-02 2.56291945e-02 -6.36416078e-02 4.44206744e-02 3.44045348e-02 4.21542004e-02 1.52711396e-03 2.32082773e-02 2.50839572e-02 -1.07351772e-01 -1.80669350e-03 -1.00601085e-01 6.20659627e-02 5.46898730e-02 6.28014877e-02 -3.04784551e-02 2.25318596e-02 -3.06086522e-03 1.34353004e-02 9.60928440e-01 6.71446323e-02 1.08488332e-02 -4.73416075e-02
1.76194943e-02 3.04070581e-02 6.65187463e-02 -3.46959420e-02 3.90183367e-03 3.08492258e-02 2.91280150e-02 4.14947458e-02 -1.23738602e-01 -6.51739091e-02 8.88357759e-02 6.07120525e-03 6.52401336e-03 1.23221986e-01 1.18076295e-01 2.42137760e-02 -3.22310440e-02 8.16001818e-02 -4.99419011e-02 -8.14942047e-02 -9.11712497e-02 6.50302172e-02 6.46350980e-02 1.93983801e-02 -7.95513019e-02 4.65350971e-02 -1.42338559e-01 -5.27824499e-02 -1.18134253e-01 9.16774035e-01 8.53757784e-02 -7.19014630e-02
-6.08377904e-02 -3.00538465e-02 -1.08712462e-04 1.96514372e-03 -1.49111366e-02 -9.26226284e-03 -4.06599864e-02 -1.59304626e-02 5.61505510e-03 7.63434395e-02 1.63844731e-02 -4.02838252e-02 -4.35103476e-02 2.92718187e-02 -1.70905236e-02 -9.50564742e-02 -8.82449839e-03 -7.55775836e-05 6.13467321e-02 -1.15185883e-02 -3.44876503e-03 -1.63577441e-02 -3.69153582e-02 -3.80207598e-02 3.61486450e-02 -5.20801395e-02 1.57774556e-02 -6.51659397e-03 1.67246778e-02 -6.16519824e-02 9.78157222e-01 3.31988968e-02
7.16716647e-02 -1.15804970e-02 6.57456666e-02 -7.35907406e-02 9.55811441e-02 5.12286946e-02 9.44330357e-03 6.39118552e-02 5.27874716e-02 -8.95821378e-02 3.06421425e-02 4.91457805e-02 4.89723869e-02 -4.17027026e-02 7.65394568e-02 5.10516055e-02 -4.43614200e-02 3.88931073e-02 -6.98599890e-02 1.18189845e-02 -4.04258408e-02 -1.44371903e-02 5.28865904e-02 6.12962898e-03 -7.55245388e-02 6.88838884e-02 -3.00322492e-02 -5.71374446e-02 1.99251194e-02 2.19136681e-02 6.69292687e-03 9.55810308e-01
9.91106272e-01 -2.05554198e-02 2.00279430e-02 6.66307751e-03 -2.84527186e-02 2.34180167e-02 -1.74667481e-02 -2.31069084e-02 1.41386164e-03 -3.99507349e-03 -5.28084207e-03 1.46727159e-03 2.06569559e-03 -4.63485159e-03 -4.35630605e-02 1.34235220e-02 -3.96982841e-02 -1.43620819e-02 3.51709337e-03 1.96522567e-02 2.22137850e-02 -4.95714508e-02 -2.20698398e-02 -1.19481767e-02 3.39215510e-02 2.82593481e-02 -5.49040921e-03 -2.26848084e-03 9.25401691e-03 5.92115149e-02 -2.34219190e-02 2.46047787e-02
1.02613335e-02 9.81465876e-01 9.21034999e-03 4.18221243e-02 4.44858539e-04 2.45107245e-02 3.55727645e-03 -3.43805030e-02 4.90995646e-02 -4.08788435e-02 -6.45321459e-02 2.49312669e-02 2.34668399e-03 -3.57858390e-02 -4.38935086e-02 4.12776433e-02 -4.03828686e-03 -8.87333602e-02 2.00370904e-02 -6.99905977e-02 -3.41083432e-05 -4.40356359e-02 -3.19650443e-03 1.31761860e-02 -1.18605681e-02 1.68180950e-02 3.64547446e-02 -6.38277642e-03 2.13192888e-02 3.81290913e-02 -1.26285432e-02 5.59156062e-03
-1.97371542e-02 2.16445231e-04 9.77010489e-01 -8.35920312e-03 -3.24257882e-03 -2.46256636e-03 -1.51157016e-02 1.04087843e-02 3.06365862e-02 3.32975127e-02 -1.30104106e-02 -1.80549920e-02 -7.13633597e-02 -2.21781190e-02 2.43116431e-02 -2.28820425e-02 1.13697331e-02 -5.90317091e-03 -6.59791380e-02 6.21144846e-02 1.11858688e-01 2.28432827e-02 1.20506007e-02 4.78966050e-02 6.55969903e-02 -4.70939986e-02 -9.24509298e-03 4.27191742e-02 5.02183400e-02 -1.96693093e-02 -1.32238092e-02 -5.67713752e-03
-1.35392370e-02 -5.42863160e-02 1.16760815e-02 9.89150465e-01 -6.24856763e-02 -1.88226963e-03 5.56417741e-04 -2.93057952e-02 1.25797531e-02 -1.04464646e-02 -2.44611837e-02 2.00751014e-02 -1.13392789e-02 -1.66604221e-02 -2.63797138e-02 3.08752991e-02 -7.19064800e-03 4.26280033e-03 2.46056188e-02 -3.33648548e-02 -3.36540351e-03 -5.17065041e-02 8.87411553e-03 4.38399836e-02 1.96956992e-02 6.18457375e-03 1.02157509e-02 -3.58103029e-02 6.02032570e-03 -3.01080663e-02 3.96531681e-03 3.12753581e-02
1.68839749e-02 -1.59182120e-02 -7.53700361e-03 6.51661530e-02 9.81292844e-01 1.27029754e-02 -2.08289195e-02 -5.36753573e-02 2.11793985e-02 -8.07769038e-03 -5.00205532e-02 -3.67574170e-02 -2.35290118e-02 -2.72635724e-02 -4.89856713e-02 1.09917838e-02 -1.86891649e-02 -2.81527210e-02 -1.51701234e-02 -2.99210125e-03 2.60339882e-02 3.12919654e-02 -3.39485295e-02 -3.45841274e-02 4.58911099e-02 -1.27999559e-02 -7.64232595e-04 5.97024895e-02 4.09885980e-02 7.70985484e-02 8.07682425e-03 -4.06334512e-02
-2.55757030e-02 -2.76446994e-02 3.66557040e-03 3.23349028e-04 -2.08774414e-02 9.90775824e-01 1.92729142e-02 2.39173993e-02 1.90008674e-02 -3.03643551e-02 1.28811439e-02 -4.02727500e-02 1.71094257e-02 -1.29501782e-02 -5.46082575e-03 6.81734830e-03 -3.11224051e-02 7.98703171e-03 -1.69821531e-02 -5.39487749e-02 1.04058301e-02 -3.81284393e-03 1.46225020e-02 -1.91107634e-02 2.13901177e-02 -2.14154311e-02 -1.37646860e-02 1.21429078e-02 4.47444897e-03 4.40643169e-02 5.94092086e-02 -1.63481385e-02
1.66593418e-02 -9.60850157e-03 1.80785563e-02 1.31690153e-03 1.39075248e-02 -2.84681190e-02 9.93032098e-01 2.12147981e-02 1.45940101e-02 -1.31683778e-02 -2.08619144e-03 -1.59440062e-03 3.97429150e-03 -7.84129649e-03 -1.12295784e-02 -2.07538102e-02 -1.35086318e-02 1.37129077e-03 -2.08495483e-02 -6.81302696e-02 -8.45939945e-03 1.60321761e-02 2.09768489e-02 4.92531992e-03 8.53245333e-03 1.47851966e-02 -6.97622402e-03 2.46352442e-02 1.34867597e-02 5.81460409e-02 1.09867947e-02 -4.83353483e-03
2.85589006e-02 3.63362320e-02 -2.60490160e-02 4.38763015e-02 3.89242098e-02 -2.29395013e-02 -2.77962461e-02 9.84748483e-01 8.73019639e-03 3.15349326e-02 -2.91359499e-02 -2.16894206e-02 -3.64174396e-02 -4.10649553e-02 3.25679258e-02 -2.41144598e-02 2.09429096e-02 7.53792934e-03 -5.46228774e-02 -8.89090728e-03 2.90507898e-02 5.94458841e-02 2.05789786e-02 -2.45741159e-02 -2.27699652e-02 -3.11915316e-02 -7.62188621e-03 4.10114303e-02 1.39711956e-02 4.97967117e-02 -2.82151233e-02 -2.48360401e-03
-4.21439996e-03 -5.38636446e-02 -3.65678072e-02 -1.86257605e-02 -2.55049095e-02 -1.76933911e-02 -1.76640060e-02 -9.44881141e-03 9.92328346e-01 9.69885662e-03 -1.86541323e-02 3.41300368e-02 7.74103869e-03 -2.09984798e-02 -1.70905143e-03 -9.14775580e-03 -9.38127935e-03 -2.19957829e-02 -3.00295884e-03 -2.35819295e-02 1.06938193e-02 2.87050959e-02 2.39831454e-04 2.30243653e-02 3.21617126e-02 3.12802084e-02 5.28286817e-03 2.91970111e-02 1.37491468e-02 -5.62000694e-03 -3.61667164e-02 9.77024250e-03
4.14539408e-03 4.43933792e-02 -3.05952262e-02 1.58652682e-02 3.65693192e-03 3.08796912e-02 1.88416857e-02 -3.14038023e-02 4.58789262e-04 9.86665606e-01 -8.32803454e-03 -8.96252319e-02 5.42391744e-03 3.73107269e-02 2.35214531e-02 2.65204646e-02 1.11797182e-02 1.38203455e-02 8.56469944e-03 6.26634061e-02 -4.98076677e-02 -1.93087570e-02 -1.14908293e-02 1.73790026e-02 -1.03696622e-02 2.53432337e-03 9.16476361e-03 -2.92442087e-03 2.50165258e-02 2.90682036e-02 2.71782093e-02 -1.43792173e-02
1.45271914e-02 6.80736825e-02 -1.39111131e-02 3.62092145e-02 4.35064025e-02 -8.45743623e-03 2.00646650e-03 3.80010181e-03 1.99849214e-02 7.59615749e-03 9.82427359e-01 -3.65098566e-02 -5.10206409e-02 -4.88517769e-02 4.80858311e-02 -1.64241996e-02 3.18256542e-02 -9.91907436e-03 -4.24399190e-02 1.03227086e-02 6.64069951e-02 4.84121367e-02 2.99211927e-02 1.34716015e-02 -1.13447162e-03 -4.48591746e-02 5.38045354e-03 3.53967063e-02 3.02389264e-02 -2.08961964e-02 -3.84000987e-02 1.31194387e-02
-3.45648476e-03 -8.44191201e-03 1.03031695e-02 -1.18258931e-02 3.85812744e-02 4.08323780e-02 4.40037716e-03 1.81982256e-02 -3.01340409e-02 8.97905678e-02 3.51981707e-02 9.86961722e-01 3.83693143e-03 3.37562636e-02 -1.94398910e-02 1.32467533e-02 -4.64026025e-03 4.16395739e-02 -2.52337884e-02 3.53979468e-02 3.87504660e-02 1.95846632e-02 1.23039791e-02 -4.16689925e-02 2.15264112e-02 -1.11950031e-02 -2.24151146e-02 6.15863316e-03 -7.64952833e-03 1.30295353e-02 1.47348186e-02 3.40818390e-02
-3.54510674e-04 6.37739850e-03 5.63083515e-02 2.03822199e-02 2.20237877e-02 -2.06719879e-02 -7.88386445e-03 2.41718851e-02 -6.18054904e-03 3.62692075e-03 3.53071801e-02 -1.32148238e-02 9.88520324e-01 -8.73568468e-03 4.28127535e-02 -1.93888713e-02 3.68511956e-03 -1.28787220e-03 -4.45638187e-02 -6.31280476e-03 8.62718076e-02 2.88111344e-02 1.51255410e-02 -3.45282629e-02 1.29232630e-02 -1.39376428e-02 -1.71563942e-02 2.80933306e-02 -5.12105133e-03 1.21363311e-03 -6.07753964e-03 2.52893772e-02
5.03005926e-03 3.72341238e-02 1.97974639e-03 2.59468202e-02 1.81418210e-02 4.29581199e-03 5.68084745e-03 2.84845382e-02 2.73704845e-02 -3.95575650e-02 2.91703753e-02 -3.85514274e-02 -9.03635751e-03 9.83468473e-01 3.53117399e-02 3.06471325e-02 2.91773118e-02 -8.63140728e-03 -5.49384244e-02 9.82381683e-03 9.67723802e-02 -2.53869202e-02 3.65520231e-02 -4.44552563e-02 2.58550700e-02 -3.26862857e-02 -1.79438982e-02 3.59613225e-02 3.22219320e-02 1.51518667e-02 1.14394585e-02 -2.18516793e-02
3.73587124e-02 2.79003717e-02 -1.99209340e-02 3.30160856e-02 2.87284311e-02 1.08899418e-02 4.86568222e-03 -4.23860028e-02 -3.23453126e-03 -3.05913016e-02 -4.98116575e-02 3.15024331e-02 -3.35763879e-02 -2.80102883e-02 9.79198575e-01 -3.44531126e-02 -1.93261094e-02 -4.90636081e-02 7.11735385e-03 1.84375495e-02 -5.23546748e-02 2.35198885e-02 -5.11715226e-02 1.43315503e-02 -2.14589331e-02 7.35799596e-02 -2.39324011e-03 4.73178253e-02 5.90592138e-02 7.21665993e-02 -1.04137193e-02 -3.18307690e-02
-1.09561021e-02 -3.70356366e-02 1.31609673e-02 -3.02545428e-02 -8.10040161e-03 -8.92531965e-03 2.22048741e-02 2.71394495e-02 4.15169029e-03 -2.16340516e-02 1.27466200e-02 -1.25855235e-02 1.15904631e-02 -3.86905670e-02 3.86142954e-02 9.89962280e-01 2.41993312e-02 -4.37605008e-02 -1.87614728e-02 2.93006282e-02 3.20279486e-02 2.57208906e-02 1.27390018e-02 -2.13125404e-02 4.11309339e-02 4.39726636e-02 -9.40682087e-03 -5.76832390e-04 1.14823775e-02 -4.41192985e-02 1.38256857e-02 -9.59251169e-03
3.56988683e-02 -7.94439390e-03 -1.17324414e-02 6.19495148e-03 9.86898411e-03 2.96202842e-02 7.24380231e-03 -2.59073693e-02 4.45430027e-03 -1.18699735e-02 -3.36474553e-02 9.30416863e-03 -1.56503497e-03 -2.73481905e-02 4.76352591e-03 -2.39409897e-02 9.92135048e-01 -4.19976972e-02 -9.20044899e-04 -1.37126390e-02 -4.35930211e-03 3.87569214e-03 2.23786198e-02 3.96953784e-02 1.07437903e-02 2.72833053e-02 -1.57729490e-03 3.05543486e-02 -9.67210438e-03 5.43390885e-02 2.00903378e-02 2.05190293e-02
1.58189256e-02 8.62317458e-02 3.25205550e-03 6.47664675e-03 1.80900488e-02 -6.67120609e-03 -5.43550646e-04 -1.71399582e-02 2.95045413e-02 -2.97554918e-02 -2.15766928e-03 -3.79299782e-02 -9.67726737e-05 -4.85085696e-03 3.65564562e-02 4.40265834e-02 4.15410697e-02 9.86210108e-01 1.31629054e-02 3.83333415e-02 -1.27123753e-02 4.46753623e-03 -2.34955698e-02 -3.12254317e-02 -5.35828853e-03 -5.48848591e-04 1.97351854e-02 4.79894355e-02 5.77415191e-02 3.45941484e-02 8.77712388e-03 -9.04776249e-03
-5.43592172e-03 -1.28157679e-02 7.09641054e-02 -1.82711557e-02 2.13529523e-02 7.45995622e-03 1.44248502e-02 6.23181984e-02 9.65564884e-03 -5.30104572e-03 5.30657284e-02 1.49570499e-02 3.55845168e-02 4.68177088e-02 1.90258410e-03 1.24691669e-02 8.98886996e-04 -9.21291765e-03 9.83331263e-01 1.12447413e-02 2.42096484e-02 2.66331318e-03 3.68921198e-02 -7.42724258e-03 2.26059761e-02 2.97943819e-02 -5.20275347e-02 -1.49107175e-02 -4.55219410e-02 5.74776493e-02 5.45509532e-02 -3.48388590e-02
-2.69597881e-02 5.40288016e-02 -5.97756095e-02 4.10573669e-02 -2.16583591e-02 4.04541753e-02 5.90093583e-02 3.57519183e-03 2.43964270e-02 -7.37770125e-02 -1.09701203e-02 -2.63669472e-02 1.12401880e-02 -1.87337454e-02 -4.41803783e-02 -2.89258994e-02 1.63973484e-03 -5.26017770e-02 -1.31866531e-02 9.74984407e-01 -5.50661050e-03 2.11362783e-02 -4.61142994e-02 -1.73515845e-02 2.21649669e-02 3.12221460e-02 1.12273172e-03 3.80802862e-02 3.44521925e-02 1.08312063e-01 4.75806221e-02 -2.88524609e-02
-1.57548804e-02 4.61995602e-03 -1.25764653e-01 3.02239833e-03 -3.49929482e-02 -3.74869746e-03 1.31277619e-02 -4.66479436e-02 -2.27822699e-02 4.67789434e-02 -8.26620981e-02 -3.43950614e-02 -7.96140879e-02 -8.60349238e-02 4.04422320e-02 -3.39571089e-02 -1.42757304e-03 1.43552655e-02 4.49539861e-03 9.15336772e-04 9.70574021e-01 8.64160433e-02 -1.94861293e-02 6.31030602e-03 1.58909764e-02 1.06721418e-02 -1.44164478e-02 -9.01744002e-04 -8.33841879e-03 -2.48463377e-02 -3.15602869e-02 2.60235984e-02
5.03109321e-02 3.69495191e-02 -3.77200916e-03 4.68020551e-02 -3.06806508e-02 9.36170947e-03 -1.53902024e-02 -5.87015934e-02 -2.25155111e-02 8.82047042e-03 -4.04970348e-02 -1.23019591e-02 -1.41737377e-02 4.23088968e-02 -3.18421423e-02 -8.63739196e-03 -8.64307117e-03 -1.60930911e-03 5.04010590e-03 -2.01530755e-02 -9.14987624e-02 9.82796967e-01 1.54183479e-02 3.91000845e-02 -5.50026521e-02 -1.24210436e-02 -1.35143800e-02 -4.85892519e-02 -3.39789540e-02 1.13897659e-02 9.67376214e-03 9.65302344e-03
2.15924066e-02 6.25392515e-03 -2.61303987e-02 -4.67434386e-03 2.79821679e-02 -8.40790570e-03 -1.88201237e-02 -3.38760503e-02 -3.68677801e-03 7.21692201e-03 -4.38296460e-02 -1.18369525e-02 -1.75986383e-02 -3.95054184e-02 4.19919118e-02 -1.04120346e-02 -2.75207572e-02 1.72491986e-02 -2.34879050e-02 5.06913215e-02 4.19011014e-03 -1.44699551e-02 9.88603652e-01 2.55097598e-02 -1.42175322e-02 -2.38889288e-02 -1.38593316e-02 7.11641312e-02 9.44043137e-03 3.40769097e-04 -3.81876640e-02 2.44507082e-02
8.09346605e-03 -8.44465196e-03 -4.20116633e-02 -4.10457775e-02 3.81588936e-02 1.68749429e-02 -5.06059406e-03 3.31932716e-02 -2.26965304e-02 -1.88816190e-02 -7.14512600e-04 3.55940647e-02 3.96330580e-02 4.52516191e-02 -1.44249732e-02 2.41788644e-02 -3.84559259e-02 3.37124467e-02 -1.77943928e-03 1.49280187e-02 4.77898493e-03 -3.47435698e-02 -2.48351321e-02 9.89926040e-01 1.87355950e-02 1.37616573e-02 -2.02406477e-02 5.77827776e-03 -7.72662973e-03 2.32630167e-02 1.87843740e-02 -2.04106513e-02
-3.09761893e-02 1.97508428e-02 -6.44164607e-02 -1.54139996e-02 -4.61973846e-02 -2.30851173e-02 -1.31197190e-02 1.46981049e-02 -3.96500453e-02 1.10950070e-02 -1.03526900e-03 -1.98560022e-02 -1.18693616e-02 -1.98545009e-02 1.49250664e-02 -4.22203280e-02 -1.23655004e-02 7.07558123e-03 -1.55592235e-02 -3.03115062e-02 -3.88493687e-02 5.29511347e-02 1.17846178e-02 -1.60988644e-02 9.88272250e-01 3.94209027e-02 -2.62225550e-02 1.72752552e-02 1.09949168e-02 1.89639479e-02 -2.06356104e-02 1.93412509e-02
-2.35257111e-02 -7.70341326e-03 5.32293878e-02 -3.76115600e-03 2.58894786e-02 1.92248523e-02 -1.56301986e-02 3.74501608e-02 -2.49412730e-02 6.22459408e-03 5.00369295e-02 1.54155737e-03 7.31901173e-03 3.54035944e-02 -5.78108355e-02 -4.29142304e-02 -2.07594186e-02 1.42944073e-02 -4.04936559e-02 -2.03288887e-02 6.75814180e-03 1.08831385e-02 3.45374644e-02 -1.43470243e-02 -3.61074805e-02 9.85358119e-01 2.99348421e-02 -2.03989632e-02 -4.79224175e-02 -5.17454892e-02 3.60211655e-02 1.12303114e-02
8.53120536e-03 -3.50477099e-02 8.32404010e-03 -1.28606735e-02 3.86393210e-03 1.11929141e-02 8.42917990e-03 1.52261155e-02 -5.80997579e-03 -5.99232828e-03 -5.07977675e-04 2.16866583e-02 1.79868601e-02 1.84436329e-02 1.00937122e-02 5.18980389e-03 1.79634755e-03 -1.41888885e-02 4.39047962e-02 3.39610549e-03 2.09073648e-02 1.72388293e-02 2.02913173e-02 1.68194938e-02 3.32637317e-02 -3.17302123e-02 9.93829072e-01 -2.23568436e-02 -9.63906478e-03 -1.52424304e-02 3.57872210e-02 -3.46435569e-02
-5.95489703e-03 -9.15136840e-03 -3.39831002e-02 2.60678865e-02 -7.14366660e-02 -6.97849412e-03 -2.37571318e-02 -3.94402184e-02 -4.01406772e-02 6.81136083e-03 -2.92543136e-02 3.78464838e-03 -1.74342468e-02 -1.85464080e-02 -6.24685958e-02 7.16309389e-03 -3.19654904e-02 -4.44816202e-02 3.62466089e-02 -4.61362712e-02 -1.77400634e-02 3.80449221e-02 -6.97540119e-02 9.94822243e-04 -2.84654014e-02 2.72550490e-02 2.89091263e-02 9.81085837e-01 3.95068526e-02 -2.58697290e-03 -5.58979362e-02 3.10362671e-02
-1.15196873e-02 -3.18884440e-02 -3.82874869e-02 -1.67507585e-02 -3.70266475e-02 -1.38372299e-03 -1.22475391e-02 -3.74353351e-03 -2.26196125e-02 -1.68272909e-02 -1.91842020e-02 1.58722848e-02 1.53466696e-02 -1.65290684e-02 -6.10725023e-02 -1.36762420e-02 7.58731877e-03 -4.59637977e-02 5.19892909e-02 -3.59199755e-02 -7.71579216e-04 2.83813383e-02 4.29036387e-04 9.94775444e-03 -1.76740792e-02 4.60786000e-02 7.25555420e-03 -5.96132949e-02 9.87516761e-01 -2.62249280e-02 -1.46514708e-02 2.28903778e-02
-7.02998415e-02 -5.26766740e-02 2.57623587e-02 1.16171371e-02 -8.01131204e-02 -5.07576764e-02 -6.33800030e-02 -4.34367880e-02 -5.18359989e-03 -1.30053489e-02 3.05600110e-02 -7.01568788e-03 -4.15531686e-03 -1.02316523e-02 -6.25318810e-02 4.51775007e-02 -4.92940545e-02 -2.07658522e-02 -5.00684492e-02 -1.01618499e-01 2.82013156e-02 -1.25144413e-02 7.95356184e-03 -1.50788287e-02 -2.63140835e-02 4.22003381e-02 2.37828139e-02 -2.21423469e-02 1.04499795e-02 9.71464336e-01 -4.13357951e-02 5.75017445e-02
2.39346847e-02 1.16356602e-02 9.22427163e-04 6.26585912e-04 -1.88832749e-02 -7.03591779e-02 -2.35038325e-02 1.36513496e-02 3.22234258e-02 -1.85720567e-02 2.65648551e-02 -1.06088780e-02 -6.58865459e-03 -2.81368885e-02 1.03450222e-02 -1.60151199e-02 -2.19264049e-02 -1.22269178e-02 -5.75142428e-02 -5.35194390e-02 3.48454267e-02 -1.68575614e-03 3.31430510e-02 -1.55898286e-02 1.50853628e-02 -3.33238877e-02 -3.24250273e-02 6.06468879e-02 2.35216096e-02 3.20678391e-02 9.85977411e-01 -2.61286423e-02
-1.83765888e-02 1.51147647e-03 7.86738843e-03 -2.97021754e-02 5.12056947e-02 1.95133984e-02 1.25692487e-02 1.04107689e-02 -2.11588433e-03 4.61299298e-03 -1.10457065e-02 -3.58483605e-02 -2.06012148e-02 2.69477535e-02 3.70662957e-02 9.38233547e-03 -1.62734278e-02 7.12231966e-03 3.51298042e-02 3.73545773e-02 -2.56942343e-02 -1.07356003e-02 -2.53341831e-02 1.73933152e-02 -1.25202201e-02 -1.52125731e-02 3.03736068e-02 -2.31967159e-02 -1.92216747e-02 -4.38502468e-02 3.94863412e-02 9.90472853e-01
