1 5 16 16 32
-2.710020e-01 -1.862559e-01 -2.912224e-01 4.287306e-01 5.924791e-01 1.850087e-01 5.175046e-01 -8.573786e-02 5.989002e-02 3.186733e-01 -1.622984e-01 2.288405e-01 4.396050e-01 -6.102815e-02 4.195791e-01 -3.213791e-01
-8.096116e-02 3.475670e-01 2.206673e-01 3.303544e-01 1.052515e-01 -3.320437e-01 -4.344058e-04 3.325926e-01 -4.369679e-01 -1.776180e-01 2.263872e-01 3.436260e-01 3.101950e-01 -1.871924e-01 -4.707778e-01 -8.695910e-02
-8.779785e-02 -2.600864e-01 2.502089e-01 1.257136e-01 -1.102586e-01 3.875982e-01 1.225584e-01 5.315989e-02 3.092281e-01 -4.941735e-02 -1.458573e-01 -1.611784e-01 6.302233e-01 -3.201956e-01 -1.114958e-01 -2.177713e-01
4.702643e-01 -3.109609e-01 -2.302487e-01 -2.196191e-01 -1.152468e-02 6.689201e-01 -1.483244e-01 -2.465283e-01 1.204260e-01 6.264742e-03 -1.290505e-02 -2.914301e-01 4.678902e-02 -6.721826e-03 5.490674e-01 -1.599483e-01
5.719646e-01 -3.065787e-01 1.998128e-01 -2.681438e-01 -1.721022e-01 -2.277853e-01 -4.567236e-01 4.466536e-03 9.820771e-02 -2.601464e-01 5.233970e-01 -1.474307e-01 -1.716902e-01 -1.388124e-01 -4.772363e-01 2.591589e-01
-2.523898e-02 3.536181e-01 -2.001067e-01 -4.101722e-01 3.078325e-01 2.526948e-01 4.750085e-01 -4.882075e-01 3.527193e-01 -3.418306e-01 -4.356030e-01 -2.243140e-03 3.646839e-01 3.180614e-01 -1.396655e-01 -1.466054e-01
-1.015166e-02 2.025599e-01 -2.240748e-01 1.777861e-02 4.634579e-01 1.547143e-01 -5.442928e-01 -2.187599e-01 7.015335e-02 -3.389378e-01 1.063595e-01 4.818437e-01 -3.038584e-01 1.451608e-01 5.643935e-01 -1.340833e-01
-4.904341e-02 3.723774e-01 4.300554e-02 -2.945883e-01 -1.716353e-01 -3.470286e-01 -4.358594e-02 3.010803e-01 2.764182e-01 8.136443e-02 -2.066816e-01 -1.971357e-01 -3.468185e-01 6.598958e-01 7.818977e-01 -6.540034e-01
1.199348e-01 1.409328e-01 -1.689095e-01 2.776252e-01 -1.913234e-01 -7.637433e-02 3.009034e-01 3.050183e-01 -7.379125e-02 3.713796e-01 4.784163e-01 -1.741166e-01 2.373700e-01 -1.039590e-01 -1.479960e-01 3.671775e-01
-1.116351e-01 -3.245478e-01 2.357505e-01 -1.577293e-01 1.451519e-01 -3.169016e-01 -4.457277e-01 -3.540854e-02 9.765423e-02 -3.905025e-01 -1.167832e-01 5.476516e-01 2.466621e-02 6.319843e-02 7.559461e-01 -1.707361e-01
1.342709e-01 -2.882381e-01 8.216451e-02 4.037701e-01 -2.436453e-01 -3.785764e-01 -4.608587e-01 4.780277e-01 -3.891970e-01 3.888144e-01 5.789895e-01 -1.687005e-01 -3.116449e-01 -1.803831e-01 6.166994e-02 3.275007e-01
-1.225266e-01 -3.746119e-01 3.936846e-01 -6.610761e-03 -4.718755e-01 -2.388891e-01 5.678998e-01 4.012561e-01 -3.279210e-02 4.445205e-01 -1.345426e-01 -3.258899e-01 3.979957e-01 -2.485912e-01 -3.311468e-01 1.661030e-01
-2.047191e-01 7.046551e-01 -3.836234e-02 -1.269474e-01 1.127962e-01 -2.285938e-01 -1.264762e-01 1.789519e-01 -2.371970e-01 1.301098e-01 -8.875849e-02 1.630092e-01 -2.324913e-01 -9.748159e-02 -5.886477e-01 -1.392854e-01
-2.177729e-01 -2.540686e-01 -1.530518e-01 1.352690e-01 3.047003e-01 8.878582e-03 -4.473551e-01 1.088826e-01 2.554043e-01 -4.499690e-01 2.096667e-02 8.297613e-01 -1.163869e-01 7.652294e-02 6.335395e-01 2.237474e-01
5.636269e-01 6.180108e-02 -2.620226e-01 -1.697063e-01 -3.405582e-02 -4.511941e-01 -4.045724e-01 -5.240536e-02 -2.530476e-01 -1.659119e-01 5.887516e-01 -7.540520e-02 -4.876048e-01 1.596868e-01 -1.367843e-01 6.542338e-02
3.405728e-02 -2.232354e-01 2.333350e-02 -3.832128e-01 -1.754231e-01 4.811804e-01 2.416927e-01 -2.526120e-01 4.197858e-01 3.184189e-02 -2.062249e-01 -2.152401e-01 -5.952823e-03 2.692499e-01 7.621410e-01 -7.305838e-02
-6.302083e-02 -1.553474e-02 -2.090090e-01 -1.164068e-01 5.074595e-01 1.345889e-01 1.106199e-01 -1.738156e-01 -1.003264e-02 -1.494514e-01 -1.630131e-01 -1.872000e-01 -1.238401e-01 1.881698e-01 6.681438e-01 -4.942803e-01
6.240782e-03 4.346838e-01 -7.580038e-03 1.624585e-01 1.418437e-01 -3.262964e-01 -1.837343e-01 3.450370e-01 -2.408052e-01 8.335976e-02 5.125925e-02 3.771685e-01 6.787364e-03 -2.141015e-01 -3.676310e-01 -9.786806e-02
-3.549321e-01 -1.940702e-01 4.070250e-01 2.524482e-01 2.689520e-02 -1.413440e-01 -6.300932e-03 1.487191e-01 3.201860e-01 -9.707219e-02 -3.406576e-01 4.763930e-01 3.087476e-01 -2.274441e-01 -1.479848e-01 -6.351369e-02
-1.961730e-02 -6.269861e-01 -9.128936e-02 4.320508e-02 1.869380e-01 1.259831e-01 -2.125425e-01 -6.823970e-02 2.642549e-01 6.605437e-02 7.968864e-02 1.048131e-01 -3.268680e-02 1.601446e-01 9.996272e-01 1.447254e-01
-3.094854e-01 1.956091e-01 6.440024e-01 1.038283e-01 -1.092977e-01 -2.746998e-03 -3.162254e-02 3.916173e-01 -2.269031e-01 4.832349e-01 3.481768e-01 1.582718e-01 1.571396e-01 4.989874e-02 -1.939203e-01 6.513873e-01
-2.882204e-01 1.631212e-01 6.320940e-03 -1.536558e-01 6.381724e-01 -6.801132e-02 -2.589191e-01 -3.449595e-02 3.925570e-01 -2.178494e-01 -4.161079e-01 3.636930e-01 -3.037196e-01 1.899321e-01 1.875170e-01 -1.931610e-01
4.483708e-01 1.686159e-01 -2.294030e-01 4.513184e-01 -1.447071e-01 1.596390e-01 -4.951488e-02 2.191939e-01 -6.990917e-02 4.463265e-01 6.164982e-01 -1.848866e-01 -7.096268e-02 -2.787769e-01 -2.552991e-01 1.253987e-01
-6.028715e-02 3.147850e-01 2.017306e-01 -2.848359e-01 4.069127e-01 3.127344e-01 -1.033322e-01 -3.986352e-01 -2.577976e-02 1.373051e-01 -2.786736e-01 -1.029621e-01 -3.973114e-01 -3.574282e-01 -1.324707e-01 -1.831497e-01
7.035524e-01 -3.993961e-02 -3.877057e-01 -2.082399e-01 -7.027419e-02 6.429632e-01 -3.736931e-01 -4.723860e-01 -1.202586e-02 -5.736820e-01 -4.218449e-02 -3.231685e-01 2.353322e-01 -1.552732e-01 2.653440e-01 -3.609843e-01
-6.166816e-02 5.304516e-01 1.935540e-01 -6.023197e-02 4.542523e-01 1.877737e-01 -9.196014e-02 2.335488e-01 -6.702963e-02 -6.712709e-02 -7.866161e-02 3.964148e-01 -3.097211e-01 -2.503337e-01 -3.402791e-01 -1.318330e-01
-4.997901e-01 7.151363e-02 -2.334604e-01 -2.283549e-01 3.518946e-01 1.792483e-01 4.223651e-01 -1.806710e-01 3.591513e-01 -3.225112e-01 -4.972880e-01 4.584864e-01 3.391534e-01 1.378180e-01 1.815249e-01 7.640477e-02
3.721352e-01 -1.482703e-01 -1.858594e-01 -1.294358e-01 -8.760427e-02 9.644819e-01 -1.621898e-01 -3.487216e-01 6.391361e-02 -3.300298e-01 -4.025188e-02 -3.288238e-01 4.574426e-01 -2.368032e-01 8.268519e-02 -2.664414e-01
-3.437270e-01 -1.935362e-01 1.780729e-01 4.641018e-01 -3.511784e-02 -3.855494e-01 5.277186e-02 5.941704e-02 -7.092171e-02 1.766859e-01 1.129155e-01 4.300560e-01 6.736765e-02 -3.129062e-01 -4.817909e-01 4.917337e-01
-3.330768e-01 2.685916e-01 3.879348e-01 1.765191e-01 -2.760652e-01 3.573419e-01 1.069076e-01 4.357171e-01 -2.164998e-01 4.277272e-01 -3.247596e-02 3.462141e-01 4.848309e-01 1.693832e-01 -2.107275e-01 6.499164e-01
2.156744e-01 5.340014e-01 -1.110903e-01 -1.449048e-01 3.039027e-01 1.142684e-01 1.274793e-01 5.183530e-02 -1.314578e-01 -1.307404e-01 1.549677e-01 5.463318e-01 1.164251e-02 -1.321224e-01 -2.152067e-01 -5.112751e-01
6.996144e-01 -2.496961e-01 -2.354625e-02 -3.963459e-01 -2.167580e-01 -1.824198e-01 -3.779740e-01 -1.898627e-01 1.777872e-01 -6.349499e-01 1.152223e-02 -3.834802e-01 -2.912270e-01 -1.650168e-01 -2.886839e-01 -2.248665e-02
7.157553e-02 -5.789890e-02 -1.302497e-01 -4.039249e-02 -3.048613e-02 -8.999225e-02 1.677449e-01 -4.839081e-01 -6.616873e-02 3.956502e-01 2.847868e-01 6.992215e-02 -4.217368e-02 1.757896e-01 -4.482054e-01 3.645913e-02
1.962957e-03 2.217029e-01 5.970365e-01 -6.793804e-02 -4.690320e-01 8.011053e-02 -1.877216e-01 -5.492143e-02 2.902801e-02 -1.399956e-01 4.334590e-01 -1.184663e-01 -1.744132e-01 -1.513469e-01 3.114697e-01 2.694189e-01
-2.087492e-01 -4.981253e-01 -1.078197e-01 2.644709e-01 3.678022e-01 -3.985731e-01 -3.944186e-01 4.932287e-01 -2.748418e-02 -1.449517e-01 -3.049050e-01 2.352563e-01 -4.336215e-01 -4.366412e-02 1.892709e-01 1.562469e-01
2.368781e-01 -1.952579e-02 1.541388e-01 -1.400591e-02 2.351492e-01 3.106258e-01 -4.504646e-01 -2.912374e-01 2.334367e-01 -3.494296e-01 2.566710e-01 -2.505290e-01 -5.933723e-01 1.471390e-01 2.132611e-01 -4.318129e-02
-1.093178e-01 -1.571801e-01 -1.233205e-01 3.716017e-01 -6.495619e-02 -3.011469e-01 -1.495379e-03 4.600623e-01 -2.525168e-01 4.473689e-01 -2.039048e-02 3.875340e-01 2.482195e-01 -2.374865e-01 -3.512263e-01 -2.309484e-02
-1.674166e-01 4.013677e-01 -1.082921e-01 -8.187635e-03 -4.228992e-01 -3.618526e-01 -3.159861e-02 2.408360e-01 5.467691e-01 -2.201393e-01 -4.412252e-02 -9.572700e-02 -1.571291e-02 -9.156727e-02 -2.968209e-01 1.034813e-01
-2.623312e-01 7.587884e-02 6.541105e-02 -1.177993e-01 -4.896886e-01 -4.382277e-01 7.990999e-02 -2.235912e-01 -2.414709e-01 1.153770e-01 -9.147718e-02 3.114899e-01 8.776739e-02 -4.834771e-02 -3.280286e-01 3.335487e-01
-2.871097e-01 2.614157e-01 -2.875087e-01 1.804588e-02 2.010627e-01 -6.994871e-01 7.006310e-02 2.329285e-02 2.505521e-01 -4.435756e-02 6.353065e-02 -2.097937e-02 -2.390059e-01 -3.059348e-01 -9.238959e-03 1.614064e-01
-2.109050e-01 6.983715e-02 -5.929845e-01 -2.156183e-02 3.228778e-02 -3.366746e-01 2.345452e-01 2.366567e-01 -2.091720e-01 3.353089e-01 3.269111e-01 3.146695e-01 -1.481447e-01 4.204103e-02 3.651636e-01 -1.999313e-01
1.923233e-01 1.929582e-02 -7.697034e-02 -4.837867e-01 1.240093e-01 -8.811488e-02 -1.285726e-01 -2.785625e-01 1.284320e-02 1.078893e-01 3.082534e-01 -1.963757e-01 1.438129e-01 1.523673e-02 6.846167e-01 8.964978e-02
4.224883e-01 -1.573289e-01 -1.663073e-01 -2.327809e-01 -2.540205e-02 -1.539499e-01 -1.765737e-01 1.532920e-01 4.571798e-01 -1.115289e-01 -1.455974e-01 -1.471763e-01 3.325248e-01 5.340633e-02 7.143345e-02 1.571110e-01
1.111890e-01 -3.331447e-01 1.860433e-01 -8.138685e-03 9.424772e-02 2.002904e-01 -4.643643e-01 -3.595462e-01 -3.394569e-01 5.915881e-02 -9.868848e-02 7.703808e-02 1.790222e-01 3.056057e-03 2.026958e-01 -9.843452e-02
8.000393e-02 5.631401e-02 5.497855e-01 -3.278053e-01 -8.011678e-02 3.506245e-01 -1.325012e-01 4.889943e-01 6.935712e-02 -5.292282e-01 1.488795e-01 -3.528008e-01 1.329984e-01 -5.694317e-01 -1.652689e-02 7.700360e-01
-8.741099e-02 -9.626408e-02 8.306903e-02 2.427883e-01 -1.033248e-01 -3.351530e-01 1.101013e-01 2.139046e-01 7.613912e-01 -2.169615e-01 8.589873e-02 3.479748e-03 -2.178346e-01 -2.561450e-01 -7.608455e-02 3.963951e-01
2.623433e-01 -1.817765e-01 -1.765446e-01 3.381437e-01 1.172705e-01 2.097872e-02 -1.158628e-01 4.151974e-01 1.582137e-01 -2.133762e-01 5.203292e-02 1.187829e-01 -2.387394e-01 -1.309259e-01 -4.057598e-01 -2.966561e-01
-5.365664e-02 2.657644e-02 -1.040769e-01 1.574264e-01 -3.145200e-02 -3.134057e-01 5.694285e-02 3.468403e-01 1.378037e-01 3.127325e-02 -3.948362e-01 1.266079e-02 -2.577437e-01 -2.222783e-02 -6.457368e-01 -9.287548e-02
1.463776e-02 -6.466495e-02 -1.250429e-01 1.762743e-01 1.520506e-01 -9.409285e-02 -3.014883e-01 -1.107289e-01 -2.185427e-01 2.703942e-01 5.227882e-01 2.684015e-01 1.652914e-02 -2.366354e-01 -3.485876e-01 -4.534035e-02
-2.714987e-01 1.970280e-01 -3.601446e-01 -1.768703e-01 -9.100735e-02 -5.645454e-01 2.861367e-01 -3.913403e-01 -2.692434e-01 3.262099e-01 1.804517e-01 3.605869e-01 -1.150204e-02 4.078030e-01 2.603769e-01 -3.991705e-01
8.556315e-02 9.793101e-02 -3.535839e-02 1.060298e-01 2.424272e-01 -4.074884e-02 -5.913175e-02 8.008773e-01 3.095598e-01 7.216668e-02 -8.051868e-02 -2.599866e-01 1.598563e-01 1.024651e-01 -5.211263e-02 -3.664203e-01
1.164082e-01 1.779810e-01 2.583117e-01 6.310156e-02 -3.742911e-01 1.729468e-01 2.272158e-01 -3.964268e-01 1.578691e-01 -8.382137e-02 3.320863e-01 -1.664350e-01 -5.360691e-02 9.077957e-02 -4.485154e-01 -1.039033e-02
2.413165e-02 -2.510262e-02 -2.112216e-01 1.126299e-01 3.325973e-01 -2.583692e-02 2.612865e-01 1.466461e-01 -3.318353e-01 1.201614e-01 3.062130e-01 1.228655e-01 -3.646671e-01 5.305967e-02 2.032930e-01 2.931172e-01
1.918272e-01 6.239334e-01 -2.078388e-03 -4.649677e-01 -3.727839e-01 2.253475e-01 2.118109e-01 -3.076894e-01 -9.223277e-02 1.988332e-01 1.496017e-01 -3.912963e-02 6.438344e-01 -1.175988e-01 -2.131918e-01 -9.969992e-02
-1.835255e-01 -2.168201e-01 -7.327703e-01 1.131510e-01 2.220348e-01 -3.798197e-01 3.770663e-01 -3.569607e-01 -2.895587e-01 6.101075e-01 -2.627159e-01 1.755854e-01 -1.568546e-01 5.143166e-01 -1.079870e-01 -5.432178e-01
1.356877e-01 3.802308e-02 -1.091576e-01 -1.470549e-01 1.829158e-01 2.683674e-01 -3.452145e-01 -4.536551e-01 -7.080714e-01 3.933152e-01 -3.541579e-02 2.198518e-01 3.994061e-01 1.224115e-01 3.828261e-01 -1.032021e-01
3.091209e-01 -5.078548e-02 -9.667777e-02 8.876617e-02 -5.982597e-02 -1.706727e-01 8.815027e-02 4.842025e-01 -5.726556e-02 2.680316e-01 -1.181721e-01 1.420492e-01 5.854290e-01 -2.689109e-01 -6.994503e-01 -6.559097e-02
-1.346368e-01 -4.052986e-02 -5.889568e-02 1.375660e-01 -4.637556e-01 1.549035e-02 9.137429e-02 -7.221825e-02 -2.154522e-02 5.016281e-01 -1.842623e-02 1.692834e-01 3.348885e-01 -1.042811e-02 -9.762754e-01 9.078998e-02
3.521002e-02 -7.966211e-02 4.746486e-01 -3.004411e-02 -1.054769e-01 5.289983e-01 -1.617780e-01 3.489573e-01 2.515372e-01 -4.432740e-01 1.844791e-01 -1.447229e-01 1.093042e-01 -3.233210e-01 2.464898e-01 3.360408e-01
-3.591271e-01 9.925462e-02 1.967148e-01 -3.945173e-02 -2.942150e-02 3.717281e-01 -4.558443e-01 -3.409305e-01 9.010537e-02 -5.140254e-01 1.145454e-01 -1.096794e-01 -4.881832e-01 1.253472e-01 5.562263e-01 -9.466472e-02
6.427343e-03 1.353690e-01 -6.762674e-02 -1.400847e-01 4.388492e-01 -1.330776e-01 -8.075873e-02 3.063456e-01 1.535144e-01 -3.801592e-01 -1.783658e-01 -1.408319e-01 -2.046789e-01 -5.350754e-02 6.747906e-01 -1.678611e-01
-1.352596e-01 -1.111965e-01 -1.173810e-01 3.787202e-01 1.452836e-02 3.973202e-03 -1.009152e-01 -1.924909e-01 7.287810e-02 -2.473733e-01 1.688969e-02 1.686391e-01 -7.892046e-01 6.930516e-02 -3.563479e-01 -1.937988e-01
3.465483e-01 -6.966180e-02 3.143306e-04 1.287414e-01 -2.742150e-01 5.888260e-01 -2.688992e-01 -1.516033e-01 9.432116e-02 9.830599e-02 7.753535e-02 5.058362e-02 2.893350e-01 3.442360e-02 -1.787223e-01 -2.585292e-01
-1.165521e-02 3.626674e-01 -1.117171e-01 -2.840888e-01 -6.084800e-02 -1.116974e-01 3.129249e-01 3.587542e-01 6.509198e-02 2.890063e-01 -1.738806e-02 -2.069939e-02 7.864969e-01 -2.031254e-01 1.982142e-01 1.108525e-02
-5.524070e-02 1.796704e-01 1.016322e-01 -1.312803e-01 -5.029441e-02 -8.232851e-02 -1.087621e-01 1.373037e-01 -4.515189e-02 4.097518e-01 -1.672076e-01 -1.972364e-01 -1.641652e-01 -1.205170e-02 -4.013709e-02 4.877957e-02
-3.280528e-02 1.581002e-01 -3.401453e-02 -2.080808e-01 2.787893e-01 3.072624e-02 1.109071e-01 1.108417e-02 1.687007e-01 2.588023e-01 2.585414e-01 4.213484e-01 -1.116368e-01 2.722427e-02 7.927154e-02 -1.327831e-01
4.815813e-01 -1.962906e-01 -1.436616e-01 1.050033e-01 -6.283629e-02 9.582405e-02 1.580900e-02 -1.217238e-01 3.357710e-02 -1.925507e-01 1.135709e-02 3.049347e-01 2.133743e-01 -8.110679e-02 -1.212893e-01 -1.493189e-01
-2.490812e-01 -1.977378e-02 1.403923e-01 9.335467e-02 4.511408e-01 1.080164e-01 4.023980e-01 1.743760e-01 6.889048e-02 8.621328e-02 3.755230e-02 -2.334707e-01 5.093199e-02 1.542466e-01 2.994292e-01 3.374130e-03
-3.558360e-01 1.956411e-01 3.294178e-01 1.500742e-01 1.438855e-01 2.072500e-01 1.257335e-01 1.395077e-01 5.450404e-02 5.201452e-01 1.506491e-01 2.873831e-01 1.288970e-01 4.645268e-02 1.170798e-01 1.501087e-01
7.542878e-02 -1.254993e-01 2.948242e-01 -1.029798e-01 -1.281645e-01 -1.340706e-01 3.311713e-01 -6.317940e-02 -7.803832e-02 -1.563293e-01 -2.505315e-01 -2.240418e-01 1.951632e-01 8.658252e-02 -2.324712e-01 -2.132648e-02
-6.123707e-02 3.653114e-02 -2.720497e-01 1.172272e-01 1.934604e-02 1.407560e-01 -2.449071e-01 8.893093e-02 2.633355e-02 -2.114768e-02 2.333493e-01 3.327088e-01 -1.937436e-01 -5.672577e-02 4.548624e-01 -1.582353e-02
-1.080831e-02 1.240929e-01 -1.059219e-01 7.791230e-02 2.086284e-01 -1.095567e-01 -2.647274e-02 8.419391e-02 -2.144895e-01 6.687778e-02 4.819653e-01 -8.378646e-02 9.813009e-02 -1.705880e-01 -3.628566e-02 8.670741e-02
3.214487e-01 -2.898576e-02 -1.135281e-01 -1.276823e-01 -4.426517e-03 5.364276e-01 -1.181596e-01 2.742951e-02 -1.039653e-01 -7.895759e-02 -4.105467e-02 -3.353225e-01 1.107061e-01 -1.292791e-02 -1.048419e-02 -2.209462e-01
-1.559410e-01 1.141281e-02 -4.501205e-02 -1.695398e-01 5.539170e-02 7.111008e-02 4.366517e-01 -4.923733e-02 2.328688e-01 -1.039076e-01 -3.389591e-01 1.189092e-01 4.374737e-01 1.346469e-01 -2.475880e-01 9.250532e-02
-2.257290e-01 1.255862e-01 4.262167e-01 3.014620e-02 1.813352e-01 1.706124e-01 5.056437e-02 3.585258e-01 -2.088978e-01 2.075077e-01 2.081314e-01 -6.313248e-02 1.558469e-01 6.035326e-02 1.226947e-01 2.826886e-01
1.212914e-01 -9.659506e-03 6.486156e-02 -3.503434e-02 2.682396e-01 9.453311e-02 1.965609e-01 2.740899e-02 -1.936132e-02 -1.735145e-02 3.177094e-01 6.421275e-01 2.893829e-01 -6.757913e-02 6.961040e-02 -1.234710e-01
1.234026e-01 -3.024622e-01 -1.431568e-01 1.419474e-01 -4.826266e-02 1.336202e-01 1.943924e-01 -8.196778e-02 3.634012e-02 -2.407787e-02 3.525761e-01 3.538705e-01 1.432882e-01 -1.913536e-01 3.155566e-01 -1.086328e-01
-1.040618e-01 2.243280e-01 -1.199018e-01 -8.968263e-02 7.226489e-03 -3.256063e-01 2.201914e-02 -5.317505e-02 -3.014623e-01 2.283966e-01 2.140878e-01 1.046856e-01 -2.669457e-01 5.558185e-02 -2.490343e-01 4.383951e-01
-1.983911e-02 -7.747547e-02 7.458885e-02 -1.508046e-01 -6.489891e-02 2.161305e-01 6.735098e-02 -9.182750e-02 4.179843e-01 -6.114326e-02 -2.099854e-01 2.828778e-01 -2.589884e-02 1.781229e-01 6.162941e-03 -7.923220e-02
-1.224163e-01 1.852568e-01 1.292177e-01 -2.008146e-01 6.124858e-01 1.435465e-02 -2.728834e-01 8.690774e-02 8.374365e-02 -1.306064e-01 -2.531398e-01 4.410991e-02 -6.688157e-02 1.201647e-02 6.052398e-02 -2.567174e-01
2.037893e-01 -2.467173e-01 4.895810e-02 1.362248e-01 -1.155041e-01 4.792363e-01 -6.082515e-02 4.400907e-03 1.689149e-01 -2.068002e-01 -1.037559e-01 -2.083983e-01 2.754466e-01 -1.456470e-01 1.675560e-01 -2.752376e-01
-2.799006e-01 -2.260629e-02 1.128113e-02 1.959857e-02 3.545777e-01 -1.300157e-01 -7.189380e-02 -5.733446e-02 2.577459e-01 -1.471221e-01 -2.554671e-01 4.071585e-01 3.437384e-02 -1.112543e-02 5.938527e-02 1.905228e-02
5.289823e-01 1.638181e-01 -4.554577e-02 4.686032e-02 -7.245047e-02 -6.784432e-03 -5.637430e-03 -6.931364e-02 -1.136598e-01 1.099048e-01 4.325045e-02 -2.086193e-01 -8.108908e-02 -4.606672e-02 -3.771343e-02 -4.343660e-02
-3.480750e-02 -9.373039e-02 1.318715e-01 1.758225e-01 8.091533e-02 -3.521487e-03 1.537910e-01 2.703120e-02 -1.201846e-01 -2.647191e-01 2.296711e-01 3.634011e-01 5.124345e-01 4.275867e-03 -1.367158e-02 -1.395491e-02
9.299771e-02 -1.188978e-01 -5.570063e-02 2.567518e-01 -1.294136e-01 -1.699398e-02 -2.748905e-01 1.759261e-01 -1.240654e-01 1.832269e-01 3.761213e-01 -5.411759e-03 -2.642697e-01 -1.465140e-01 2.956377e-01 -6.170167e-03
1.207616e-01 -1.745019e-02 2.624255e-01 -2.984919e-01 -6.523609e-02 -8.242291e-02 -1.766017e-01 1.185636e-02 -1.817866e-01 -9.944087e-02 4.119132e-01 -1.714172e-01 -1.172933e-01 -1.953273e-01 -1.837710e-01 9.096184e-02
2.814277e-02 2.950993e-01 3.583736e-02 -1.519338e-01 1.022370e-01 1.385252e-01 4.432267e-01 -1.945675e-01 1.699458e-02 -2.449972e-01 -2.479814e-01 5.190713e-02 2.900233e-01 2.798757e-01 -1.791131e-01 2.232275e-03
5.357529e-02 2.080159e-01 2.391703e-01 -9.000288e-02 5.173470e-02 1.290603e-01 -2.069964e-02 1.741643e-01 -1.863547e-02 7.687455e-02 -1.023174e-01 4.835697e-01 2.810916e-02 -1.232254e-01 -1.909553e-01 -1.165424e-01
7.739628e-03 -4.704642e-02 -1.279996e-01 1.796887e-01 -2.938035e-01 -2.024971e-01 9.565749e-02 -1.443704e-01 -2.524462e-01 1.328300e-01 2.170205e-01 1.156478e-01 -4.275872e-02 -1.352034e-01 -2.793468e-01 5.097010e-01
-2.214409e-02 -1.052858e-01 -2.400091e-02 5.314810e-01 -5.096945e-02 -3.161950e-02 2.625852e-02 1.334394e-02 -1.272964e-01 -1.702628e-01 -3.799023e-02 -1.266886e-01 3.261385e-02 -9.405535e-02 6.226250e-02 7.249596e-02
1.572120e-01 -1.214225e-01 -1.095366e-01 7.169407e-03 2.664067e-01 1.333221e-01 1.897151e-01 -1.894656e-01 2.426176e-01 -1.682212e-01 3.510976e-01 4.774247e-01 2.294960e-01 6.308614e-02 1.404016e-02 -1.655265e-01
-2.583186e-01 3.222827e-01 7.145808e-02 -2.613672e-01 1.939854e-01 -1.914823e-01 6.708339e-02 -5.465485e-02 -5.735591e-02 1.384030e-01 -4.518094e-02 -1.340593e-01 1.140563e-01 3.598027e-01 -2.024245e-01 3.982475e-01
-1.739614e-01 -1.211350e-02 -1.511148e-01 1.726603e-01 -1.283114e-01 1.093158e-01 2.628650e-01 1.499334e-01 8.572352e-02 2.405987e-01 2.149424e-02 2.147599e-01 3.802277e-01 7.769507e-02 -9.359930e-02 1.987821e-01
-5.930069e-02 5.319359e-01 -2.250889e-01 -1.028800e-02 1.779101e-01 7.457357e-02 5.339053e-02 4.109105e-02 1.628928e-01 1.634453e-01 -2.343602e-02 1.583196e-02 1.911423e-01 1.606333e-01 -1.471884e-01 2.174900e-01
-3.492985e-01 1.322051e-01 2.552927e-02 2.972429e-01 3.063486e-01 2.370836e-01 2.326657e-01 9.728011e-02 7.725374e-02 4.042502e-01 -1.472643e-01 2.734991e-01 1.334078e-01 1.122908e-01 3.079383e-01 -1.247793e-01
-1.087441e-01 1.104991e-01 -6.800761e-02 -7.853001e-02 1.567467e-01 -1.176011e-01 -7.836796e-03 -1.226970e-01 2.132340e-01 -9.230996e-02 -5.411281e-02 -5.112068e-02 -1.365823e-01 2.313300e-01 4.322740e-01 -7.923115e-02
1.514560e-01 -1.100200e-02 1.033796e-01 -1.250189e-01 2.651515e-01 -8.402478e-03 -1.326557e-01 5.815990e-03 -1.786148e-01 3.019585e-01 4.936573e-01 4.128672e-03 -1.423708e-01 -2.626983e-01 -2.145915e-01 -3.476920e-02
-9.264056e-02 -1.028371e-01 -1.974349e-01 1.633617e-01 3.458260e-01 -1.313745e-01 -2.580984e-01 -5.304710e-02 -2.314620e-01 6.231236e-02 4.092270e-01 3.683480e-01 -5.502264e-02 -3.116464e-01 -1.551350e-01 -5.842194e-02
-4.019921e-02 -6.264445e-02 -3.929756e-01 -4.528113e-03 -2.546779e-01 2.445196e-01 5.426005e-03 1.995493e-01 1.641289e-01 -2.552415e-01 -3.322573e-01 2.580335e-02 -7.382300e-02 2.256466e-02 -2.088868e-01 -2.824381e-02
-1.294233e-02 5.063692e-02 4.112236e-02 -1.515489e-01 -8.097720e-02 -1.772283e-02 1.330267e-01 9.762017e-02 1.521506e-01 7.657640e-02 -1.758581e-01 -2.901485e-01 -5.943317e-02 2.130730e-01 2.618617e-01 7.328899e-03
1.693095e-01 2.672817e-01 5.661124e-02 -4.565183e-01 7.290460e-03 -1.848434e-01 4.106652e-02 -2.365699e-01 -2.220166e-01 9.473799e-02 -4.441806e-02 -2.290262e-01 -3.416844e-02 1.928899e-02 -2.241345e-02 2.970779e-02
-2.049049e-01 2.926460e-01 -2.780391e-01 -1.775054e-01 2.443432e-01 8.318348e-03 -1.398673e-02 -9.895265e-04 3.913355e-02 4.339406e-02 -1.615147e-01 1.342497e-01 3.884822e-01 -1.232111e-01 3.979972e-01 -1.509508e-01
4.800883e-02 1.396450e-01 1.700349e-01 -6.885777e-02 -6.829455e-03 -6.296241e-01 6.541003e-02 -1.378927e-02 -2.621701e-01 1.597427e-01 1.007316e-01 -6.443724e-02 -6.723931e-02 -2.258093e-01 -8.752240e-03 1.109629e-01
-1.425095e-01 1.945429e-01 -1.457624e-02 2.264282e-01 -4.473945e-02 2.322960e-01 -4.172440e-02 -3.505826e-01 -5.820597e-02 1.015823e-01 2.207735e-01 1.357678e-01 -4.473026e-01 -1.227675e-01 -2.562942e-02 -7.035782e-02
-1.152878e-01 -1.091212e-01 -1.382132e-01 4.696375e-01 3.689367e-02 3.107592e-02 -3.361880e-02 1.427194e-01 9.658594e-02 -1.738634e-02 7.155892e-02 2.815330e-01 6.534142e-02 -3.528282e-02 1.371281e-01 7.744609e-02
-1.081747e-01 -1.818605e-03 2.340095e-02 -2.145193e-01 8.337919e-02 -1.907779e-02 6.082471e-02 4.139324e-01 -3.231944e-02 -6.704305e-02 -4.655179e-02 -2.930961e-02 4.142828e-01 -6.246565e-02 -5.333225e-02 8.435923e-02
2.273397e-01 -1.151794e-01 -1.626694e-02 1.982165e-01 -1.085407e-01 4.817990e-02 -4.729043e-02 4.774645e-02 -7.384792e-02 -3.881099e-01 1.256687e-01 4.262177e-01 -6.207299e-02 -3.160916e-01 -2.557809e-01 2.078679e-01
4.942193e-02 1.177482e-01 2.314912e-02 -2.346876e-02 3.581861e-01 1.769951e-01 2.831059e-01 4.224391e-02 -3.150770e-01 -2.569750e-02 -3.727251e-02 -3.303492e-02 -2.820151e-01 1.753333e-01 -1.948692e-01 2.402209e-01
-2.176149e-01 8.219904e-02 1.202128e-01 -8.287475e-02 1.040436e-01 1.457903e-01 -1.438567e-01 -6.160508e-01 6.086642e-02 -4.592507e-02 -2.169357e-02 -9.564377e-02 -2.746110e-01 2.533033e-01 7.026548e-02 1.303482e-01
-3.922873e-02 -1.978418e-02 -2.600414e-01 1.933576e-01 1.443693e-01 9.029811e-02 -2.150213e-02 -4.529773e-01 1.418317e-01 1.521500e-01 -1.037747e-01 1.527688e-01 1.117938e-01 4.665565e-02 1.312438e-01 -3.172510e-01
2.682431e-01 -2.290239e-02 -5.120736e-03 -2.128642e-02 -3.556120e-02 -1.407416e-01 4.398891e-02 -5.961580e-01 3.957465e-02 8.484970e-02 1.418477e-01 -1.169554e-01 -3.614943e-01 1.835816e-01 2.566495e-01 4.896981e-02
-1.616854e-02 1.161894e-01 -3.878623e-01 1.801716e-01 3.750019e-01 -3.265112e-01 7.854026e-02 -1.532257e-01 -1.572321e-01 2.002626e-01 -2.039694e-02 -7.351954e-02 -3.072416e-02 5.546461e-02 1.056154e-01 -8.685265e-02
-7.080537e-02 -4.352245e-02 -1.035331e-01 6.021409e-02 -2.733675e-01 -6.557302e-02 -2.381571e-01 -1.685080e-02 3.345817e-01 4.330462e-02 1.757241e-02 1.209369e-01 3.065270e-01 -8.447723e-02 3.225935e-01 -1.030913e-01
1.010393e-01 -3.160133e-01 -3.283837e-02 2.502793e-01 1.271041e-01 -4.652192e-03 -1.617670e-01 -2.224067e-02 -8.014748e-02 1.469809e-01 1.120574e-01 -1.794107e-01 -1.801940e-01 2.165889e-01 -3.918820e-01 1.574199e-02
2.723139e-03 -7.813567e-02 4.221454e-01 1.238322e-01 3.560979e-01 -1.557688e-02 3.266427e-02 -2.302637e-01 3.141353e-02 2.560874e-02 1.718186e-01 -1.194927e-01 1.911324e-01 -1.930833e-01 1.867871e-01 1.892218e-01
2.295015e-01 -9.096266e-02 1.360356e-02 6.972259e-02 2.408001e-02 -8.000185e-02 7.391394e-02 -2.428552e-02 4.497921e-01 -4.179522e-02 -3.149453e-01 3.212487e-02 -3.976884e-02 -1.549754e-01 -1.762500e-01 -3.056981e-02
3.552561e-01 -7.892545e-02 7.944396e-02 1.439011e-01 3.595332e-01 -1.929563e-01 1.717688e-02 2.854630e-03 1.444763e-01 3.022839e-01 2.823031e-01 -1.870841e-05 -1.553399e-01 2.114845e-02 2.190307e-01 -6.984413e-02
4.811331e-02 1.970740e-01 1.308258e-01 -1.192492e-01 -1.831447e-01 8.736384e-02 -1.005315e-01 -2.081372e-01 2.329997e-02 3.316118e-02 4.396381e-01 -3.339536e-03 8.659197e-02 9.287514e-03 2.216319e-01 -4.962662e-02
-4.388967e-02 -1.416163e-01 -6.244788e-02 1.677851e-02 -3.752524e-02 5.693231e-01 -1.709776e-01 2.556939e-02 2.108581e-01 -6.802297e-02 -1.577526e-03 3.584600e-02 -6.333704e-02 -3.285015e-02 4.126676e-02 -9.211392e-02
1.326885e-02 -2.115280e-01 -6.003206e-02 8.836709e-02 4.727654e-01 1.496061e-01 -2.784625e-01 -7.740132e-02 -1.244750e-01 -7.453887e-03 4.218097e-01 1.462650e-01 -2.892928e-01 -1.213651e-01 -2.399724e-01 5.331679e-02
-2.949869e-02 3.313602e-02 2.150856e-01 9.160614e-02 3.815871e-01 1.639677e-01 1.135445e-01 -7.404777e-02 3.802551e-02 -1.325931e-01 -1.446548e-01 6.699386e-02 5.758548e-01 1.609115e-01 7.876164e-02 7.448300e-03
-5.884310e-02 1.384902e-01 -4.810304e-01 1.173681e-01 3.840729e-01 4.679884e-02 -3.324816e-01 -1.476236e-01 1.261183e-01 6.507246e-02 -6.773271e-02 -4.380367e-02 -4.245358e-02 -5.160768e-02 2.005371e-01 -7.425158e-02
3.563418e-01 -3.291071e-01 -5.179292e-02 -2.060892e-01 4.815405e-02 -2.501355e-01 -4.650652e-04 1.691732e-01 1.651757e-01 -1.334454e-01 -2.946444e-01 -8.975068e-02 3.675203e-01 1.148638e-01 -4.261467e-02 6.634022e-02
5.871101e-02 -3.442467e-02 1.533330e-01 -1.780444e-01 -2.660031e-01 8.047212e-03 3.225057e-02 -2.201255e-02 1.086855e-02 -9.464627e-02 8.469488e-02 -7.032031e-02 -1.879632e-01 6.431517e-02 -4.370773e-01 9.984539e-03
-4.071067e-02 2.316178e-03 2.100999e-01 -2.481526e-02 -3.054183e-02 -3.197888e-03 3.765355e-02 5.209728e-01 -1.201592e-01 -2.698603e-01 -1.049132e-01 -5.324899e-02 -7.269948e-02 -1.460793e-01 -1.438622e-01 2.533673e-01
-2.666784e-01 1.418461e-01 4.567306e-02 1.952750e-02 6.405690e-02 2.496589e-01 -2.048868e-01 -3.275049e-01 -4.993991e-03 1.082811e-01 -2.522246e-02 1.315232e-01 1.475198e-01 4.493045e-02 -5.350245e-01 1.295163e-02
-1.575364e-01 9.142815e-02 -3.673732e-03 -4.615169e-02 2.200856e-02 -1.165667e-02 -4.105202e-02 1.724003e-02 -5.684291e-01 -7.491080e-03 1.354836e-01 -5.697442e-02 9.918098e-02 1.576580e-01 6.731785e-02 -7.616190e-02
2.924366e-01 -9.038464e-02 -6.136651e-02 4.241800e-02 -1.093894e-01 -1.682427e-01 9.188191e-02 5.914171e-01 -9.949554e-03 -5.134524e-02 -7.466573e-02 3.458634e-02 8.019100e-02 -6.421109e-02 8.025958e-02 7.233443e-03
