4 4 8 32 16
-8.280965e-02 -7.776414e-02 1.316815e-02 -1.064380e-01 -2.072526e-02 1.221570e-02 3.470933e-01 -6.905550e-02
-7.849469e-02 1.862224e-01 -1.293338e-01 3.351381e-01 -8.415668e-02 -7.393511e-02 -1.691470e-01 -1.035320e-01
-5.099121e-02 6.521404e-02 6.367429e-02 1.933826e-01 -6.015217e-02 -1.545975e-02 -1.439141e-01 -1.323199e-01
9.118451e-02 4.793183e-01 -9.699109e-02 -4.704832e-02 1.104149e-01 1.376657e-01 2.199787e-01 -5.903843e-02
-4.078344e-02 3.136880e-01 -1.499485e-01 1.011225e-01 -1.127268e-01 3.880688e-01 1.613128e-01 -1.307028e-01
-9.675038e-02 -1.122654e-02 -1.189542e-01 2.711028e-01 -1.009660e-01 -8.112897e-02 -1.298246e-01 -4.584675e-02
-6.935925e-02 -1.103889e-02 -1.102533e-01 2.631463e-01 7.737563e-03 -7.259681e-03 -2.295071e-01 -1.648315e-01
-1.480846e-02 2.145656e-01 -1.313163e-01 -7.982460e-02 2.195699e-02 2.635947e-02 3.782309e-01 -5.261431e-02
-5.134102e-02 -6.105391e-02 -5.324565e-02 -1.002064e-01 2.328696e-01 3.714439e-03 5.319626e-01 -1.027469e-01
-1.323096e-01 -1.127449e-01 2.354691e-03 1.550680e-01 -7.951877e-02 -8.553651e-02 -1.223438e-01 -1.049247e-01
1.505653e-01 2.382858e-02 -2.195740e-02 -1.423091e-02 3.541939e-01 1.267388e-01 3.048542e-01 7.657676e-03
-8.271442e-02 -7.926435e-02 -1.100857e-01 3.588297e-02 -1.017152e-01 3.009903e-01 2.257822e-01 -9.595630e-02
-9.373123e-02 4.092963e-01 -8.873197e-02 2.967761e-01 -1.158675e-01 -6.416687e-02 -1.366518e-01 -9.409896e-02
1.731240e-01 1.585093e-01 -1.088026e-01 -4.649100e-02 1.912933e-01 1.554823e-01 1.812102e-01 -8.102297e-02
-9.605289e-02 -8.725904e-02 2.424519e-01 5.749648e-02 -7.388278e-02 -4.023607e-02 -1.157845e-01 -1.001531e-01
-1.262217e-01 -3.952736e-02 -8.193107e-02 -9.938160e-02 4.132797e-02 -3.085697e-02 -9.558937e-02 -5.226028e-02
1.033202e-02 -1.211063e-01 -1.304269e-01 2.391991e-01 -1.134706e-01 -1.108223e-01 3.039927e-01 -8.936000e-02
3.831494e-01 6.513398e-02 -1.755206e-01 -1.863536e-01 -1.896273e-01 -1.281432e-01 -1.534871e-01 -2.375616e-01
1.438392e-01 -8.621069e-02 -1.025363e-01 -1.172315e-01 -2.093835e-02 1.968895e-01 -1.561051e-01 9.976215e-02
3.079828e-01 -1.147301e-01 -8.292984e-02 -6.832478e-03 -2.438287e-02 -1.661414e-01 -1.143056e-01 2.790723e-01
-1.050192e-01 -5.506456e-02 -1.224018e-01 -1.179766e-01 -6.281476e-02 -8.080314e-02 5.251338e-01 -1.715733e-03
3.624269e-01 -6.346589e-02 -1.467528e-01 -1.217639e-01 -1.019449e-01 -1.168167e-01 -7.326303e-02 1.779667e-01
-9.926758e-02 -1.353182e-02 -1.654730e-01 -9.812303e-02 6.473497e-02 -1.091989e-01 1.248414e-02 -1.660439e-01
5.548540e-03 -4.572970e-02 -2.673504e-01 -5.162270e-02 -2.587753e-01 -5.454794e-02 2.625929e-01 -4.471205e-02
-1.080665e-01 3.725698e-01 -3.538947e-02 2.211000e-01 -3.736358e-02 -1.729686e-01 -8.279810e-02 2.490664e-02
-9.447646e-03 -7.256608e-02 -1.054793e-01 -8.929529e-02 1.191335e-01 -7.434650e-02 -8.518298e-02 -1.019560e-02
3.458969e-02 -5.961767e-02 -4.041992e-01 4.822698e-02 -3.287394e-01 -9.599685e-02 1.082707e-01 -2.427124e-01
8.688694e-02 -6.921543e-03 -2.502781e-01 -1.433355e-01 -6.828564e-02 -1.237167e-01 1.847638e-02 -5.319394e-02
3.698879e-02 -9.331881e-02 -1.233603e-01 1.403144e-01 -8.747619e-02 -9.066487e-02 5.524797e-01 1.530026e-02
-1.196462e-01 -4.917462e-02 -1.982106e-02 -1.101043e-01 8.584357e-02 1.598326e-01 -9.340308e-02 -1.111291e-01
1.878114e-01 -6.862163e-02 -1.118368e-01 -1.144105e-01 -4.065660e-03 -9.198142e-02 -9.940655e-02 4.573548e-02
5.043846e-01 -8.084448e-02 -1.165186e-01 -1.099096e-01 -1.194033e-01 -1.464324e-01 -8.001333e-02 -7.303639e-03
-1.400481e-01 -1.459057e-01 -8.691284e-02 -6.137333e-02 2.419384e-01 -6.382249e-02 -1.315084e-01 -6.647707e-02
6.253633e-01 -1.433617e-01 2.008484e-01 -8.196966e-02 -3.948295e-02 -1.267630e-01 1.177145e-01 4.600640e-02
-2.450347e-01 -1.733191e-01 1.504964e-01 -7.567986e-02 -6.477235e-02 -7.193817e-02 -9.977695e-02 9.264673e-02
-1.169078e-01 -1.146353e-01 -1.273544e-01 2.454342e-01 2.734193e-01 3.009975e-01 -1.363975e-01 -8.422857e-02
3.456807e-01 -3.369161e-01 5.596114e-02 -1.015661e-01 7.268047e-02 2.242460e-02 1.231781e-01 8.181533e-02
-1.673645e-01 -1.728184e-02 3.427132e-01 1.229038e-01 -1.408953e-01 -2.296973e-03 -2.355019e-01 -5.933551e-03
-1.350603e-01 -1.994275e-02 -1.169942e-01 2.520284e-01 3.016038e-01 -1.745399e-02 -2.068049e-01 -9.397577e-02
-2.740545e-01 -1.556661e-01 -1.002434e-01 1.122235e-01 2.598373e-01 -1.061592e-01 -2.043041e-01 -5.285739e-02
-1.085270e-01 -1.348931e-01 2.216532e-01 -6.705085e-02 -4.262052e-02 -1.167380e-01 -1.745388e-01 1.308716e-02
-1.833611e-01 -2.246256e-01 -1.911551e-01 -3.146904e-03 1.871268e-01 2.403969e-01 -2.907101e-02 -3.216463e-03
-2.530361e-01 -8.855999e-02 -1.307820e-01 -7.812317e-03 2.859565e-01 2.079552e-02 -5.836825e-02 3.383501e-02
-2.789932e-01 -3.782654e-01 -1.474267e-02 -1.125715e-01 -3.867468e-03 -2.894238e-02 -1.370260e-01 1.008832e-02
-9.508966e-02 -7.943264e-02 -1.643963e-01 -4.619048e-02 2.657039e-01 2.509709e-01 4.931425e-02 4.810233e-02
3.333480e-01 -1.695530e-01 3.048605e-01 5.054336e-02 6.877542e-02 -8.298647e-02 1.616750e-02 -9.334806e-02
-1.607318e-01 -1.186693e-01 -1.635676e-01 -1.547139e-01 2.069000e-01 7.922483e-02 5.136931e-02 9.886030e-02
-1.574812e-01 -1.090561e-01 -1.386109e-01 9.248982e-02 3.225789e-01 1.214499e-01 -1.166592e-01 -6.765553e-02
-7.839938e-02 1.003204e-01 2.477207e-01 -1.777310e-02 3.286685e-01 2.395486e-02 -2.475866e-02 9.211546e-02
3.847282e-01 -8.150488e-02 -8.599462e-02 3.939422e-01 3.213331e-01 1.866007e-01 -5.844167e-02 -1.508457e-01
1.861801e-01 -2.036132e-01 4.816993e-02 2.598747e-01 -2.173752e-03 -2.098022e-03 1.231536e-02 -3.816064e-03
-7.372370e-02 -1.011625e-01 1.507194e-01 -7.056042e-02 -1.023550e-01 -9.667207e-02 -2.721909e-02 -8.981997e-02
-4.587009e-02 -1.021404e-01 2.613940e-01 1.034799e-02 5.387790e-01 -4.443314e-02 -8.881041e-02 -1.089405e-01
2.369393e-01 7.635815e-02 -2.430097e-03 3.055365e-01 2.611480e-01 1.573387e-01 -8.680904e-02 3.329004e-02
5.777032e-01 -1.042317e-01 -1.202352e-01 6.210518e-02 -1.037775e-01 1.112270e-01 1.263351e-01 -1.353290e-01
1.951993e-02 -1.105519e-01 3.758682e-01 1.130936e-01 2.597257e-01 -4.715625e-02 5.018912e-02 -1.475594e-02
2.485610e-01 -8.585975e-02 -6.748466e-02 -1.244311e-02 -9.656871e-02 2.333012e-02 -3.746666e-02 -4.687610e-02
2.037168e-01 -1.168883e-01 5.432481e-02 3.465257e-01 5.183117e-01 8.863857e-02 -6.721189e-02 -1.525267e-01
4.297476e-01 -1.455245e-01 -4.133308e-02 3.904173e-01 1.042273e-01 8.103395e-02 7.432410e-03 -1.775871e-01
-1.607890e-02 2.088621e-02 1.005767e-01 -7.247633e-02 -8.028935e-02 3.268320e-03 -9.627176e-02 3.928910e-01
4.013653e-01 -8.199465e-02 2.236645e-02 -2.262012e-02 -1.120950e-01 -4.485635e-03 2.553626e-01 -8.322167e-02
-3.702174e-02 -1.411768e-01 2.447673e-01 1.954319e-01 1.491141e-02 -2.834826e-03 1.519106e-02 1.095729e-02
-6.640315e-02 -1.015182e-01 1.486574e-01 -7.993624e-02 3.091784e-01 -8.124784e-02 -8.311522e-02 -1.368492e-01
2.964804e-01 -1.349718e-01 3.537400e-02 4.202773e-01 2.429962e-01 -3.062262e-02 4.671311e-02 -1.102185e-01
-1.478086e-01 -2.788464e-02 -7.502522e-02 -1.211554e-01 3.629978e-02 -3.937192e-02 -1.034637e-01 -4.169715e-02
-6.233193e-02 7.424912e-02 8.407404e-02 2.353185e-01 -5.602102e-02 -7.455209e-03 -1.732914e-01 -1.401138e-01
-4.333147e-02 8.045321e-03 -6.398514e-02 -1.199147e-01 2.156253e-02 -2.942664e-02 3.668353e-01 -5.030392e-02
-5.228901e-02 3.220588e-01 -1.465251e-01 8.201766e-02 -1.602554e-01 3.859113e-01 1.884087e-01 -9.434202e-02
-8.676186e-02 2.962981e-01 -1.074745e-01 3.941413e-01 -5.210549e-02 -5.039163e-02 -1.848184e-01 -1.250908e-01
4.261823e-02 1.129891e-01 -1.489799e-01 -2.464619e-02 2.693161e-01 7.278327e-02 4.873890e-01 -1.200498e-01
-1.399827e-01 -1.116087e-01 -1.602237e-02 2.028345e-01 -7.984391e-02 -8.882918e-02 -1.541171e-01 -1.132784e-01
-9.820119e-02 -5.322300e-02 -1.871919e-01 4.773732e-02 -1.350938e-01 3.302342e-01 2.532354e-01 -6.446672e-02
-9.880968e-02 2.060031e-02 -1.400490e-01 3.638145e-01 -9.073133e-02 -8.890768e-02 -1.838486e-01 -8.960648e-02
-1.446403e-01 -1.631395e-01 6.405264e-02 -5.343771e-02 -1.470638e-01 2.504695e-01 3.183037e-01 -5.735967e-02
1.943749e-01 1.482622e-01 -1.237598e-01 -3.787012e-02 2.062656e-01 1.556381e-01 2.071885e-01 -1.025919e-01
-1.177410e-01 -1.105496e-01 2.760839e-01 7.093316e-02 -9.529332e-02 -2.899818e-02 -1.284404e-01 -7.424170e-02
-7.578179e-02 -1.276079e-01 2.535409e-02 -9.322609e-02 2.515942e-01 -3.678741e-02 5.333762e-01 -7.252529e-02
-8.051905e-02 1.889767e-02 -1.023124e-01 2.904581e-01 1.196579e-02 8.907986e-03 -2.786368e-01 -1.874038e-01
5.944673e-02 3.746980e-01 -1.508161e-01 -3.476113e-02 6.707940e-02 6.104731e-02 2.585681e-01 -6.453489e-02
1.801512e-01 1.743590e-02 -3.557033e-02 1.107886e-02 3.829030e-01 1.300033e-01 3.383780e-01 -1.026966e-02
-1.562319e-01 2.511538e-01 1.670766e-02 4.699686e-01 -2.641579e-02 -1.569259e-01 -1.025596e-01 -2.015426e-02
1.303284e-01 -5.189344e-02 -1.872828e-01 -1.019932e-01 -8.763133e-02 -1.251041e-01 -1.144210e-02 -3.682274e-02
2.913545e-02 -6.218680e-02 -3.595510e-01 7.592443e-02 -2.968925e-01 -9.810774e-02 1.250753e-01 -2.351758e-01
-1.085394e-01 -4.920896e-02 -1.461563e-01 -7.538440e-02 7.620071e-02 -9.383995e-02 -1.350762e-02 -1.489419e-01
-4.253596e-03 -9.465771e-02 -1.817207e-01 2.410611e-01 -1.728015e-01 -9.508814e-02 2.507121e-01 -1.393580e-01
3.501207e-01 -1.418152e-01 -4.930248e-02 -2.273931e-02 -1.371047e-02 -1.712808e-01 -1.199782e-01 2.487484e-01
1.431426e-01 -1.332194e-01 -3.307227e-02 -6.589743e-02 -1.616445e-02 1.830986e-01 -1.348167e-01 9.841995e-02
-4.050490e-02 -4.819939e-02 -2.518080e-01 -8.769116e-02 -2.544879e-01 -7.758660e-02 3.339914e-01 -7.909410e-02
3.070890e-02 -1.516283e-01 -7.888691e-02 1.265522e-01 -9.849094e-02 -1.188710e-01 5.066832e-01 4.012171e-02
-1.297645e-01 -8.269751e-02 1.332928e-02 -6.947877e-02 8.429198e-02 1.823004e-01 -6.099010e-02 -1.168029e-01
3.153478e-01 -5.411382e-02 -1.661946e-01 -1.407772e-01 -1.623639e-01 -1.454548e-01 -2.502205e-02 9.768175e-02
3.840119e-01 1.498962e-02 -1.366443e-01 -1.682871e-01 -1.987035e-01 -1.022579e-01 -9.593201e-02 -1.904739e-01
4.772083e-01 -1.076560e-01 -6.003227e-02 -7.287566e-02 -1.470742e-01 -1.489030e-01 -7.164673e-02 1.335807e-02
-1.255965e-01 4.877392e-01 -2.184623e-02 5.663637e-02 -4.466379e-02 -1.447641e-01 -4.544581e-02 6.661998e-02
3.972189e-02 4.391759e-02 -1.588697e-01 -1.960843e-01 -7.709971e-02 3.091945e-03 -3.445176e-02 -1.807258e-01
2.798287e-02 -1.250198e-01 -6.594963e-02 -4.362445e-02 1.256146e-01 -1.130117e-01 -8.069578e-02 7.046875e-02
3.477597e-01 -1.220798e-01 3.188493e-01 6.390529e-02 4.503170e-02 -9.274936e-02 2.808581e-02 -8.435444e-02
-1.976594e-01 -9.763669e-02 -1.248509e-01 1.243876e-01 3.282686e-01 1.031100e-01 -1.200986e-01 -4.656904e-02
-1.862470e-01 -1.237461e-01 2.637644e-01 -2.642713e-02 -7.649972e-02 -1.870893e-01 -1.319990e-01 3.373201e-03
-1.273756e-01 -8.648556e-02 -1.629267e-01 9.510625e-03 2.332483e-01 2.621194e-01 9.865517e-04 -1.599493e-02
5.951026e-01 -9.694966e-02 2.324598e-01 -1.243984e-01 -8.799838e-02 -7.305850e-02 1.825692e-01 4.638623e-02
-3.077107e-01 -3.494320e-01 -3.364541e-02 -1.264841e-01 7.991258e-03 -2.342534e-02 -1.426653e-01 -2.824164e-04
3.644276e-01 -3.073753e-01 6.063906e-02 -1.238846e-01 7.409830e-02 3.081198e-02 1.370629e-01 8.308339e-02
-2.354506e-01 -1.232051e-01 -4.302275e-02 -2.437171e-03 2.405171e-01 -1.244136e-01 -1.849829e-01 -7.497500e-02
-1.878033e-01 -4.349387e-02 -1.236815e-01 6.896728e-03 3.141030e-01 4.674460e-02 -1.146204e-02 3.597543e-02
-1.731702e-01 -7.955495e-02 -8.415221e-02 -1.222247e-01 1.746336e-01 -1.063885e-02 -1.818198e-02 3.542038e-02
-5.949038e-02 -2.739826e-02 -1.638378e-01 -1.081129e-01 2.216991e-01 1.854341e-01 1.006175e-01 5.182827e-02
-1.378556e-01 -8.324392e-04 2.761497e-01 1.350007e-01 -1.355881e-01 -4.253604e-02 -2.726090e-01 -1.077874e-01
-1.143290e-01 -8.515219e-02 -1.220646e-01 2.455740e-01 2.844498e-01 2.993868e-01 -8.572738e-02 -7.616319e-02
-1.895110e-01 -6.901955e-02 -1.186322e-01 2.437634e-01 3.100507e-01 -3.902253e-02 -2.367389e-01 -1.153279e-01
-1.674139e-01 3.893012e-02 3.920334e-01 5.623898e-02 -1.923441e-01 -1.254265e-02 -1.177714e-01 6.835410e-02
-2.271101e-01 -1.201315e-01 1.446996e-01 -1.065757e-01 -5.263241e-02 -2.468438e-02 -5.802893e-02 1.096593e-01
-4.121150e-02 5.523534e-02 7.143014e-02 -8.570755e-02 -6.877971e-02 1.043089e-02 -8.624846e-02 3.355886e-01
2.824149e-01 -1.052768e-01 -3.178412e-02 3.766484e-01 2.498481e-01 -6.559177e-02 5.439419e-02 -1.050752e-01
-9.287991e-02 1.314851e-01 2.180294e-01 -6.406863e-02 3.405162e-01 1.761992e-02 -2.029290e-02 6.712145e-02
2.453395e-01 -8.469786e-02 -7.521245e-02 -9.157817e-03 -1.000142e-01 -4.261499e-02 4.753869e-02 -5.332717e-02
8.069322e-03 -8.131824e-02 3.774913e-01 3.459845e-02 1.725456e-01 -1.027640e-01 1.791001e-02 -6.108247e-02
1.577045e-01 -8.708720e-02 4.108342e-02 3.162617e-01 4.186642e-01 -1.073699e-02 2.208005e-02 -8.302585e-02
-1.617383e-03 -9.785946e-02 3.370574e-01 1.395144e-01 3.336765e-01 -3.748145e-02 9.099354e-02 -9.987243e-03
5.242634e-01 -8.214642e-02 -1.359606e-01 1.150050e-02 -1.269336e-01 7.882266e-02 1.731585e-01 -1.201414e-01
3.894249e-01 -7.422706e-02 -1.167189e-01 3.648071e-01 2.221169e-01 1.654408e-01 -7.574742e-02 -1.172238e-01
-4.099469e-02 -1.409915e-01 2.084521e-01 1.776678e-01 -5.045336e-03 -1.361863e-02 5.503427e-03 2.059091e-02
-6.206928e-02 -4.038443e-02 1.720238e-01 -6.601007e-03 4.203918e-01 -9.173889e-02 2.615270e-02 -7.072612e-02
2.958457e-01 -1.037133e-01 -1.032435e-01 3.986258e-01 3.780453e-01 7.528048e-02 -3.554497e-02 -9.408675e-02
1.703466e-01 -1.740374e-01 1.766435e-02 2.253014e-01 -2.117032e-02 -2.577959e-02 1.562603e-03 4.561079e-03
-4.932468e-02 -9.144882e-02 1.348092e-01 -6.325432e-02 -7.824600e-02 -1.128573e-01 1.141693e-02 -5.398466e-02
2.514325e-01 6.787854e-02 -4.422406e-02 2.649064e-01 3.026702e-01 1.652545e-01 -1.098526e-01 2.645740e-02
4.080033e-01 -1.617765e-01 -2.791967e-02 3.832730e-01 1.006563e-01 8.549167e-02 5.147117e-02 -1.963295e-01
