32
4.46462899e-01 1.48374766e-01 3.22167695e-01 -9.09943506e-02 3.47154662e-02 2.95856208e-01 1.33531630e-01 2.98990518e-01 1.11084498e-01 -2.26200059e-01 2.61870474e-01 1.82555467e-01 -1.30740330e-01 1.15123756e-01 -6.99945241e-02 1.33926086e-02 -1.42285272e-01 1.03171423e-01 4.89240736e-02 -5.15676215e-02 1.49402311e-02 2.20380709e-01 -2.05893740e-01 -1.53026819e-01 -4.12857682e-02 -8.59426633e-02 -3.27985100e-02 5.67083396e-02 -1.21803142e-01 -3.89602147e-02 2.96367288e-01 4.09318060e-02
-7.77701885e-02 2.83292323e-01 2.98018306e-01 -1.05816320e-01 -2.03351900e-02 -7.16755167e-02 -1.36259750e-01 -1.64578948e-02 1.64161444e-01 9.59437937e-02 -2.85623521e-02 -2.32606947e-01 1.93813369e-01 -1.94711629e-02 -9.84505117e-02 3.60751897e-01 -1.39062211e-01 1.51544228e-01 1.42058134e-01 1.63678780e-01 3.50230515e-01 -3.06215674e-01 -8.33456144e-02 3.23155187e-02 2.36261711e-01 4.28313240e-02 -5.00863930e-03 -3.09000611e-01 -1.45211339e-01 -5.33951558e-02 7.46489242e-02 1.55170336e-01
-2.62417614e-01 6.97613880e-02 6.13306582e-01 1.36450946e-01 -2.17925578e-01 1.43556893e-01 1.40621245e-01 -2.04755828e-01 3.52362730e-02 7.35931993e-02 -4.00671586e-02 1.33540198e-01 8.57556835e-02 -2.04106390e-01 8.74199532e-03 -2.19534934e-01 -5.82368448e-02 -1.27186656e-01 4.01552357e-02 2.64403149e-02 2.62033399e-02 1.26414772e-04 -4.73510884e-02 2.03478355e-02 1.04501799e-01 -2.04962716e-01 1.11080088e-01 3.69934618e-01 9.28033516e-02 -5.85796162e-02 -1.97200969e-01 7.10222730e-03
-1.00094594e-01 1.90343827e-01 6.21185973e-02 5.34037113e-01 6.46578744e-02 1.46246672e-01 1.30081862e-01 3.81581843e-01 -1.61154002e-01 -1.58176869e-01 -9.54133347e-02 -3.23885344e-02 6.40069023e-02 -2.08312403e-02 1.73739828e-02 1.24707289e-01 4.57860045e-02 8.84046778e-02 1.94988772e-01 -1.72505334e-01 -7.13384971e-02 -8.11872482e-02 -8.11987519e-02 5.09137996e-02 -2.35878840e-01 2.12740675e-01 3.43093574e-02 -1.40666634e-01 1.67405307e-01 1.73873663e-01 -2.79452592e-01 1.95716262e-01
-8.04936066e-02 1.72083050e-01 2.06452385e-02 2.66948164e-01 6.48810923e-01 8.71656686e-02 1.75211698e-01 5.68365753e-02 5.02944086e-03 3.79527844e-02 -5.82988970e-02 -1.06197581e-01 -6.51943907e-02 -1.17145665e-01 -1.05908975e-01 -1.73801184e-01 -8.53593461e-03 -2.19998911e-01 -2.35023439e-01 1.70281380e-01 4.98364642e-02 2.09426265e-02 7.13301748e-02 -7.49057308e-02 3.08334768e-01 -6.09936863e-02 -2.45688349e-01 -7.95541704e-02 1.05851528e-03 -2.30864845e-02 1.07380554e-01 -1.74143821e-01
-1.40461728e-01 2.79113024e-01 -3.63825053e-01 -9.24124867e-02 -2.16800898e-01 6.19909286e-01 -1.19667627e-01 2.44146269e-02 -1.53393120e-01 -2.19897926e-02 1.01451725e-01 -1.18546791e-01 1.54218331e-01 -9.61588100e-02 -2.53859777e-02 -1.42988935e-01 -3.36068595e-04 6.78333193e-02 -1.14615276e-01 -4.17401716e-02 2.25682318e-01 -3.09856422e-03 5.78754246e-02 1.46213770e-01 5.46043701e-02 -2.44609013e-01 2.35322248e-02 1.34127168e-02 -1.49427550e-02 2.16489837e-01 6.54821172e-02 -5.19056171e-02
-1.43073112e-01 -1.28776720e-03 -1.36550233e-01 1.44405812e-01 -3.01166415e-01 -2.40701512e-01 5.33303380e-01 -5.76225296e-02 -7.04704151e-02 8.98627564e-03 8.64895806e-02 -9.93952453e-02 1.12961598e-01 5.49337976e-02 -3.15632075e-01 2.23811604e-02 -1.87335014e-02 2.74204224e-01 -1.53459176e-01 2.41315037e-01 -4.45447862e-02 2.60932863e-01 -1.65952936e-01 -1.68770462e-01 6.15384541e-02 -1.55152217e-01 6.38208687e-02 -1.70336530e-01 7.64986426e-02 8.25821310e-02 8.97696018e-02 -1.60032250e-02
-3.67452204e-02 -6.42648637e-02 9.10628885e-02 -1.75836191e-01 -2.63274759e-01 -1.15573913e-01 2.51842916e-01 5.38985968e-01 -7.44862854e-02 -8.44817981e-02 -2.81219985e-02 -1.92081913e-01 -2.57431239e-01 1.12557217e-01 -1.30609395e-02 -4.53184173e-02 2.82644987e-01 -2.13089183e-01 4.01946791e-02 3.79233845e-02 1.83239982e-01 -1.31257847e-01 2.76401103e-01 2.39432335e-01 1.79443985e-01 -6.06721826e-02 9.19413380e-03 3.34281288e-02 5.56329191e-02 -1.44324496e-01 7.48001365e-03 -1.15012184e-01
-7.47297332e-02 1.52369916e-01 -1.30745992e-02 -2.50672102e-02 -1.26206964e-01 8.67828280e-02 1.22281961e-01 -1.14771597e-01 6.27119005e-01 -3.78693014e-01 1.72479358e-02 -6.00052960e-02 5.57228588e-02 5.72169572e-02 6.27842695e-02 -1.02307014e-01 1.99799463e-01 9.33042690e-02 -1.47893056e-01 3.25913206e-02 -1.41629770e-01 -9.35224369e-02 2.94367373e-01 -1.73168823e-01 2.51693986e-02 2.90720612e-01 -8.10541362e-02 3.15091610e-02 -1.07948229e-01 1.51480675e-01 -1.11797653e-01 -2.49935482e-02
3.84479851e-01 -1.33765891e-01 1.06664792e-01 1.39731511e-01 -1.04601979e-01 2.00459063e-01 -1.48337251e-02 -5.92564680e-02 2.04745028e-02 4.39605683e-01 6.01819530e-02 -1.50932610e-01 -6.40603574e-03 2.48047143e-01 -1.59849703e-01 5.63035300e-03 2.82370597e-01 -1.67897210e-01 -1.28228858e-01 1.85115159e-01 -6.85184970e-02 -1.27576720e-02 -9.88619998e-02 5.97481020e-02 2.81781089e-02 4.21567410e-02 -7.36937821e-02 -3.31492014e-02 -2.77743846e-01 2.54473418e-01 -3.29642028e-01 6.92744926e-02
-1.32867604e-01 -1.28544524e-01 -5.33108152e-02 6.03612289e-02 5.92242293e-02 5.67284897e-02 -8.18554908e-02 -9.93274003e-02 1.77280620e-01 -5.77359386e-02 6.00095034e-01 -1.61899269e-01 -2.39645705e-01 9.75865424e-02 -1.15816839e-01 1.78819150e-01 -1.43913999e-01 -2.93441057e-01 -2.96912882e-02 -8.03859234e-02 -3.29841301e-02 -6.57934099e-02 6.67828023e-02 -8.40727389e-02 3.89524773e-02 -1.83333948e-01 1.35841429e-01 -9.92232636e-02 3.52736026e-01 -1.94720626e-02 -1.34592429e-01 2.55272120e-01
6.39868574e-03 1.28026411e-01 -9.51204821e-02 3.77100073e-02 -8.93043205e-02 1.13440096e-01 2.31457651e-01 -6.65858202e-03 1.89992800e-01 3.27378333e-01 -1.28030768e-02 6.23845100e-01 9.07453299e-02 -5.41895516e-02 -1.88895371e-02 2.91294932e-01 1.09146930e-01 -2.51505673e-01 -1.24591433e-01 -1.63267255e-02 8.89256597e-02 -1.08874418e-01 1.46762982e-01 7.27349818e-02 -1.50042146e-01 6.02056757e-02 3.50563899e-02 -1.96445540e-01 1.57553196e-01 -8.94587338e-02 1.65389985e-01 -7.71389827e-02
-8.46010074e-02 1.15942575e-01 1.37222975e-01 1.37120545e-01 -2.16960553e-02 5.68125136e-02 -7.13833049e-02 -3.42552960e-02 -3.84231992e-02 9.42936912e-02 2.15680361e-01 -2.13925228e-01 2.68301725e-01 2.75235772e-01 2.03772504e-02 -1.21226184e-01 -4.80110087e-02 6.36410639e-02 -9.18008666e-03 1.16672397e-01 -1.96749613e-01 7.07258508e-02 2.57863760e-01 1.97040498e-01 -4.20511156e-01 -4.12274376e-02 -1.85410917e-01 -9.93247852e-02 -5.49714528e-02 -4.94773537e-01 9.74008366e-02 -1.30899161e-01
1.14314561e-03 -2.57791787e-01 -7.50571350e-03 3.54599953e-02 -4.22876962e-02 2.38249898e-01 -5.66834845e-02 1.15719602e-01 -2.04330906e-02 -1.89697165e-02 -3.82028788e-01 5.16048260e-02 1.78065538e-01 2.69768417e-01 -7.62894452e-02 -4.49754372e-02 -1.05962716e-02 3.25404704e-02 -3.75744961e-02 -1.12824753e-01 -2.45136097e-01 -2.93353438e-01 1.06640972e-01 -4.25381690e-01 1.88814878e-01 -3.16613942e-01 6.90071955e-02 -1.38705686e-01 4.18735147e-02 -2.09194615e-01 6.79679811e-02 1.77614376e-01
5.68159968e-02 8.27820301e-02 -4.72621806e-02 2.44786382e-01 -1.23821888e-02 -1.67118251e-01 6.74909875e-02 -4.92896028e-02 9.07064974e-02 1.13516100e-01 1.18933514e-01 9.23810452e-02 2.35047396e-02 1.67810977e-01 5.78808784e-01 -1.96146354e-01 6.18180521e-02 7.79835433e-02 8.02253634e-02 -2.37299189e-01 1.87728941e-01 2.41131335e-01 1.02400035e-01 3.28157358e-02 2.75688380e-01 -2.22476661e-01 1.28407300e-01 -2.57958293e-01 -1.92663044e-01 -2.14921441e-02 -4.85829525e-02 1.43626913e-01
-3.33377600e-01 -2.26901397e-01 1.67403311e-01 -1.12536348e-01 3.40753682e-02 1.31701142e-01 4.01125550e-02 1.74885109e-01 -2.27572322e-01 6.74024671e-02 1.28474697e-01 7.21526742e-02 2.47142249e-04 5.88673800e-02 2.74165392e-01 4.41288203e-01 -1.88725650e-01 1.41851112e-01 -3.18105578e-01 1.56653784e-02 -5.25102541e-02 1.61936611e-01 2.17431083e-01 -1.43270999e-01 7.23525435e-02 1.00442052e-01 -1.47137940e-01 9.44505483e-02 -2.37783924e-01 1.38879284e-01 -1.20880902e-01 -6.54304251e-02
-4.48398963e-02 -9.09094959e-02 9.17997360e-02 1.56129785e-02 2.79291570e-01 1.14402257e-01 -2.11495664e-02 -9.48391482e-02 7.45308548e-02 -3.80104296e-02 -5.56311458e-02 -1.68914229e-01 1.41083121e-01 -2.42596716e-02 -1.75828502e-01 3.27238441e-01 4.50012773e-01 8.93208683e-02 8.78945813e-02 -1.93120047e-01 -1.35607246e-04 3.03787649e-01 1.04064636e-01 7.59521574e-02 1.06988540e-02 -7.61858970e-02 5.07026553e-01 1.00055516e-01 -5.63263521e-02 -5.40909693e-02 1.18712753e-01 -1.60647392e-01
-7.34474584e-02 -2.58698970e-01 1.86916813e-02 2.08251029e-01 5.00318222e-02 1.46175653e-01 -1.48519233e-01 2.00965237e-02 4.27261405e-02 1.70726001e-01 1.75429389e-01 1.84244633e-01 -3.06327045e-01 -6.38269410e-02 -5.13971187e-02 -1.71436548e-01 2.13313580e-01 6.06807351e-01 -1.37957055e-02 2.00156152e-01 1.52519092e-01 -1.71945304e-01 5.33706322e-02 6.23266883e-02 1.00944884e-01 1.60510927e-01 9.98456497e-03 5.66535443e-02 1.48370728e-01 -1.41388848e-01 1.11034587e-01 6.97550774e-02
8.33703801e-02 -2.20694080e-01 -1.76042020e-01 -1.07008836e-03 6.14365004e-02 2.02738017e-01 2.39723071e-01 2.89272349e-02 1.08893268e-01 8.27033296e-02 3.40502821e-02 -7.39802271e-02 4.48615402e-02 -2.43725538e-01 1.77221566e-01 6.05703071e-02 -1.75390467e-01 -4.34023477e-02 6.23140991e-01 4.17959243e-01 -3.93584371e-02 6.98963972e-03 2.00474009e-01 -1.34394944e-01 -5.12874499e-02 -7.02648908e-02 5.48191182e-02 1.74480621e-02 -9.44686458e-02 1.96018964e-02 -5.99180646e-02 -9.53087732e-02
4.69293445e-02 1.47192404e-01 -8.32203999e-02 1.50192678e-01 -1.71637442e-02 -9.38542932e-03 -2.66813219e-01 7.02201650e-02 1.07105426e-01 -1.94215328e-01 -2.50425398e-01 1.79420590e-01 -8.76518115e-02 3.19626570e-01 3.59784551e-02 1.51376128e-01 -2.21778303e-01 -1.60287023e-02 -9.52706859e-02 5.06748199e-01 -9.20346901e-02 2.13739917e-01 3.63665596e-02 2.94057578e-01 1.56390294e-01 -8.99444818e-02 2.41730437e-01 1.18091680e-01 1.38678253e-01 8.79401993e-03 -1.02429427e-01 2.89361714e-03
-3.57452929e-02 -2.94625670e-01 1.50117464e-02 8.88256729e-02 -2.22325530e-02 -4.41971906e-02 -1.67378470e-01 1.31331176e-01 1.15016527e-01 -1.82484463e-02 -1.17412601e-02 1.41927630e-01 2.63612002e-01 1.45150065e-01 -3.99620533e-01 -2.14264542e-01 -2.61352301e-01 -8.05018023e-02 1.20801784e-01 -1.56986728e-01 4.49600577e-01 2.81965464e-01 2.16850072e-01 -5.96824102e-02 2.95679122e-02 1.97655275e-01 -5.87443560e-02 -4.97088842e-02 3.03125684e-03 7.97986463e-02 -1.22456513e-01 -1.12213328e-01
-3.42580736e-01 1.60990283e-01 7.68170459e-03 -3.61558527e-01 7.26120025e-02 1.30310103e-01 -1.58961266e-02 1.80778891e-01 2.53538579e-01 3.75309438e-01 -1.38830379e-01 -1.07649276e-02 -2.33352005e-01 9.03618336e-02 -8.62540007e-02 -1.58056676e-01 -5.06873205e-02 9.02728587e-02 1.91313848e-01 -1.19645506e-01 -2.90382743e-01 2.97470540e-01 -1.79011688e-01 3.81319001e-02 4.97212037e-02 7.52958804e-02 -1.84789672e-02 -2.14407876e-01 8.14650878e-02 -1.61286276e-02 -1.47860259e-01 -4.85176453e-03
1.70343935e-01 3.45854282e-01 5.88477775e-02 -1.10350950e-02 -8.00310075e-02 -1.78483706e-02 1.09711541e-02 -2.67548889e-01 -3.33065659e-01 6.69192597e-02 -9.65708718e-02 2.58806907e-02 -3.20320845e-01 -3.23742628e-02 -2.43237674e-01 3.55989635e-02 -6.73763081e-02 6.44723773e-02 1.38721183e-01 -8.33901912e-02 -8.61441046e-02 1.34570628e-01 5.78355372e-01 -1.39081970e-01 8.58070180e-02 1.04936861e-01 -4.46977792e-03 -1.63235608e-02 -2.51247138e-02 2.04580873e-02 2.40801973e-03 2.14209139e-01
-8.66272375e-02 -2.26206973e-01 -9.54318326e-03 2.48276955e-03 1.47106826e-01 8.30038711e-02 3.58691782e-01 -2.01255858e-01 7.51329958e-02 -6.59478232e-02 -8.71998072e-02 2.43975911e-02 -6.25546277e-02 2.17098311e-01 -1.27125412e-01 -8.69706925e-03 -2.66368210e-01 6.96938336e-02 7.37525299e-02 -2.09498793e-01 -9.50276330e-02 -2.02849016e-01 4.18260060e-02 5.63563526e-01 2.30883453e-02 -3.71630378e-02 -4.38675918e-02 6.22184277e-02 -2.14895189e-01 1.78890079e-01 1.96771577e-01 1.96929365e-01
1.01900272e-01 -3.68361957e-02 -9.66625959e-02 9.41534042e-02 -1.57327443e-01 -1.26821082e-02 -1.16611078e-01 6.86022639e-02 -2.67015826e-02 -1.03711732e-01 2.18427628e-01 1.44115686e-01 2.51826316e-01 -2.79118896e-01 -1.46429718e-01 1.31640851e-01 6.03793263e-02 6.44576084e-03 1.31278545e-01 -1.24597192e-01 -4.03417856e-01 7.47672245e-02 -3.70118134e-02 2.43882805e-01 5.31571984e-01 6.89527616e-02 -2.54950792e-01 -1.64373796e-02 -4.30859737e-02 -1.96026474e-01 -7.83627629e-02 -4.62833717e-02
-1.52615830e-01 -7.72729442e-02 -1.63009148e-02 2.26773694e-03 -1.05340086e-01 2.66830921e-01 9.68854353e-02 -2.14550212e-01 -2.43053824e-01 -1.27494410e-01 6.12896541e-03 -4.48655710e-02 -8.35915376e-03 2.03150883e-01 1.35196447e-01 -7.98624754e-02 5.73718473e-02 -2.97908932e-01 7.55354762e-02 1.20866001e-01 5.89161366e-02 1.02379687e-01 -2.30334118e-01 -7.08312839e-02 1.93830907e-01 5.72548568e-01 1.51490480e-01 -9.95703563e-02 -1.70736089e-02 -2.17254892e-01 2.16841370e-01 1.10632882e-01
2.31967255e-01 -3.79728526e-02 8.43678564e-02 -8.68788064e-02 2.36344282e-02 -1.01535348e-02 6.39581233e-02 1.68890759e-01 -2.14380790e-02 1.27366900e-01 8.14298317e-02 -1.13922775e-01 1.34149179e-01 -2.72249907e-01 3.92151996e-02 -2.38669485e-01 -3.30244184e-01 5.23250811e-02 -3.23091894e-01 -1.67753678e-02 -1.90317661e-01 -1.34050384e-01 1.37046114e-01 9.76206735e-02 4.40583229e-02 2.36652091e-01 5.58626950e-01 -1.87746450e-01 1.89394187e-02 6.83758920e-03 -3.35902534e-02 -6.43159673e-02
-2.75290441e-02 2.48071194e-01 -1.96154490e-01 -1.29649788e-01 1.98915586e-01 -1.63941830e-01 1.12167202e-01 1.87583029e-01 -3.37048471e-02 2.50980347e-01 2.07218885e-01 4.79716435e-02 3.41953516e-01 2.61526585e-01 -1.72267016e-02 -6.05984107e-02 3.25574167e-02 4.19646055e-02 8.94765407e-02 2.07584929e-02 -1.17662260e-02 -1.23612791e-01 2.71584187e-02 -1.15870975e-01 1.20705999e-01 1.35597497e-01 9.68877897e-02 5.59922695e-01 5.46271913e-02 6.68177893e-03 1.88162494e-02 2.63550103e-01
3.17862391e-01 -5.18526025e-02 6.01136461e-02 -5.57505935e-02 -2.12169606e-02 1.34374127e-01 1.68004155e-01 -1.61699742e-01 5.18988259e-02 1.20548755e-01 -1.52994826e-01 -2.62700558e-01 1.01860039e-01 1.31389230e-01 2.27842078e-01 1.56168625e-01 -1.08411923e-01 1.69595152e-01 -2.25176178e-02 -1.65373489e-01 9.32697877e-02 7.81416818e-02 2.36449689e-02 5.62176481e-02 1.46662071e-01 1.03215046e-01 -2.20715076e-01 8.85326043e-02 6.23581529e-01 1.38601875e-02 -2.89816447e-02 -1.93887040e-01
-6.88083693e-02 -8.94933753e-03 2.74606884e-01 -1.56121641e-01 9.21881646e-02 -8.90859291e-02 -1.19901963e-01 -4.76914346e-02 -2.20136315e-01 -9.28500146e-02 1.95207790e-01 1.82975307e-01 1.83398396e-01 2.06461504e-01 5.39349839e-02 -1.56501338e-01 1.88571140e-01 -2.01801257e-03 2.05911696e-01 1.49273723e-01 -1.95188314e-01 -1.20105572e-01 9.82646644e-02 2.10989341e-02 5.73444255e-02 -4.57441621e-02 5.07789385e-03 -2.59490907e-01 2.26981610e-01 5.14151335e-01 1.85293898e-01 -2.10160360e-01
-8.84517282e-02 -3.41350585e-02 3.04970834e-02 3.44276458e-01 -2.57403880e-01 -8.13926458e-02 -2.31616691e-01 1.58021271e-01 1.94757536e-01 2.61594087e-01 -7.37281591e-02 -2.33594581e-01 -7.26488456e-02 -9.75025371e-02 6.48968071e-02 4.09615710e-02 -9.04771909e-02 -1.55779466e-01 2.18206272e-02 -6.76205754e-02 -1.58543527e-01 8.48053843e-02 5.22981323e-02 -6.38052300e-02 1.28740724e-02 6.51778951e-02 -3.49382758e-02 1.69392973e-01 2.44248356e-03 2.60869533e-01 5.94538450e-01 2.27751471e-02
3.90519761e-02 -1.71501219e-01 9.68801826e-02 -2.07661793e-01 8.50994661e-02 1.85418837e-02 -4.06131567e-03 7.71748498e-02 3.20989601e-02 -5.67521304e-02 -1.10779442e-01 -2.91441418e-02 2.28405982e-01 -2.71056771e-01 6.61896169e-02 -7.26237223e-02 1.83299899e-01 -5.41319326e-02 -1.43251806e-01 2.02566162e-01 3.32528688e-02 3.04813951e-01 1.18323676e-01 1.45466685e-01 -1.11583449e-01 -3.83048989e-02 -1.66242018e-01 -1.00317188e-01 1.70654029e-01 4.21767831e-02 9.26778913e-02 6.57232881e-01
8.15494120e-01 1.81179464e-01 3.97888944e-02 -6.05262145e-02 -1.11033268e-01 8.95130932e-02 -4.98356819e-02 1.27802089e-01 -7.21145794e-02 -9.68423709e-02 1.24817193e-01 -1.15156416e-02 1.76776454e-01 5.35997823e-02 -5.80033585e-02 1.72105692e-02 -1.30868718e-01 6.70333579e-02 -4.67190929e-02 4.95487489e-02 -1.58831440e-02 -1.37859151e-01 -8.07426199e-02 -1.57105118e-01 -1.06736228e-01 1.43103763e-01 -4.62479480e-02 -8.30020905e-02 1.44465759e-01 6.54875413e-02 -2.07700253e-01 6.12358749e-02
-1.73716992e-01 7.79379785e-01 -7.70048797e-02 1.50730729e-01 5.81222139e-02 -5.21282991e-03 -1.20017469e-01 -8.51688907e-02 -7.60285482e-02 1.27989560e-01 -1.01025619e-01 2.49530245e-02 6.16643652e-02 3.25434133e-02 1.76448505e-02 -8.41554105e-02 -4.83142920e-02 1.08418182e-01 -3.89087722e-02 -9.72151384e-02 1.76555261e-01 -2.02140555e-01 4.20795716e-02 2.49475706e-03 1.24374218e-01 2.64181972e-01 -2.67322939e-02 -7.23887384e-02 1.42903715e-01 -4.19840328e-02 2.26070374e-01 -7.76634272e-03
-5.35079166e-02 3.91357532e-03 7.66364932e-01 3.48181501e-02 -1.77379884e-02 -8.12424049e-02 -5.67188486e-02 -1.55945823e-01 -1.09244041e-01 -1.74386892e-02 -1.10570170e-01 -9.26535949e-02 8.51409957e-02 -9.91684105e-03 6.79190457e-02 8.05687159e-02 -4.71147895e-02 2.38755941e-01 -2.50123769e-01 -2.14757379e-02 2.04007834e-01 3.83405089e-02 5.39764250e-03 -1.35265574e-01 1.89695463e-01 -1.57751903e-01 -1.23329937e-01 1.66446909e-01 1.75606627e-02 8.78338218e-02 -1.46226630e-01 -7.60905147e-02
-9.55887586e-02 -4.77080345e-02 1.10849239e-01 7.02360868e-01 4.95358817e-02 2.23920420e-01 2.66922768e-02 2.29383651e-02 5.30796908e-02 2.68723443e-02 1.24090403e-01 1.16565591e-02 8.68748724e-02 1.60793155e-01 -2.06465404e-02 7.47335255e-02 1.97412204e-02 6.18206970e-02 1.88319981e-02 1.18099876e-01 -6.89406097e-02 6.78088591e-02 5.38661405e-02 -3.30684483e-01 -2.40440145e-01 1.24900989e-01 5.91069758e-02 -2.14226186e-01 -2.78256238e-01 -1.47987396e-01 -7.31612816e-02 5.54312132e-02
7.83820450e-02 1.88115507e-01 4.96477261e-02 -1.52631651e-03 7.56949723e-01 2.19244212e-01 -1.05026096e-01 -2.80429069e-02 3.42594236e-02 -8.63175169e-02 1.30637869e-01 -9.55157951e-02 -1.03812432e-02 9.60265752e-03 -1.49075150e-01 -6.08333088e-02 -6.00662306e-02 -1.97322235e-01 -5.83226345e-02 1.36757880e-01 -1.14680223e-01 1.12165883e-02 6.37823194e-02 1.69461161e-01 6.77092886e-03 -2.48877078e-01 -5.13896905e-02 6.90382645e-02 -1.49941668e-01 2.29784712e-01 -5.17001301e-02 -6.43877536e-02
-1.63689494e-01 3.98134254e-02 2.71142665e-02 -1.86017811e-01 -2.50753164e-01 7.63537526e-01 -1.50986716e-01 1.83864057e-01 5.28420024e-02 -6.32358417e-02 1.76763013e-01 -1.70319334e-01 -3.25383656e-02 5.91402575e-02 1.24135904e-01 1.46025628e-01 -5.08904159e-02 1.43106923e-01 -2.89061666e-02 -9.62779820e-02 -1.38562530e-01 1.00432165e-01 -2.66400762e-02 9.76699125e-03 1.13861635e-01 -4.16671075e-02 -3.02889086e-02 -1.57329766e-03 9.58791301e-02 7.88135976e-02 1.47439033e-01 -9.72104594e-02
-3.13718468e-02 1.02714039e-01 7.18348324e-02 -9.31589678e-02 1.58164680e-01 1.14508063e-01 8.79614294e-01 9.85057577e-02 6.01242743e-02 -9.81399044e-02 -1.96290817e-02 3.05464882e-02 -3.56868617e-02 -6.60699904e-02 1.27961606e-01 2.33353558e-06 -1.96217727e-02 1.21266603e-01 -2.04112902e-01 -1.11988723e-01 -2.23737787e-02 2.44579706e-02 2.37067081e-02 4.51838262e-02 -5.38771078e-02 1.11253157e-01 3.64230648e-02 -1.09289907e-01 5.34741990e-02 4.02272232e-02 -1.78059768e-02 1.00765817e-01
-4.78041433e-02 1.96365602e-02 -4.98152804e-03 6.33267462e-02 8.34714621e-02 -2.26948336e-01 -1.15275912e-01 7.06842363e-01 8.90928134e-03 -2.17266083e-02 2.15265676e-02 -1.28218113e-02 4.41255942e-02 4.37875092e-02 -9.00655165e-02 7.53165036e-02 1.58556506e-01 1.78663373e-01 -1.73284322e-01 1.00083552e-01 1.19256817e-01 2.69044906e-01 1.76948458e-01 2.46167220e-02 -1.47262245e-01 1.14451773e-01 1.41802251e-01 2.49067560e-01 1.28656536e-01 1.81608036e-01 1.44694552e-01 -7.15350779e-03
-6.62213489e-02 1.36030003e-01 -1.01943471e-01 -1.68333083e-01 -6.60611019e-02 -1.02667741e-01 -4.95753847e-02 -5.73064387e-02 6.36041760e-01 2.51810402e-01 8.41132626e-02 7.72690848e-02 1.85527131e-01 4.60214540e-02 2.18678340e-01 -2.17342284e-02 -3.93842421e-02 -5.65995798e-02 -1.27565950e-01 1.26332268e-01 2.71894261e-02 2.40932778e-01 -1.15156077e-01 -1.70111135e-01 9.32892784e-02 1.15531325e-01 -1.64943740e-01 7.81398173e-03 -1.97963074e-01 2.67784297e-01 -2.14463547e-01 8.78473893e-02
1.75462902e-01 8.37730337e-03 1.09093390e-01 7.94408619e-02 1.17928181e-02 -4.67606522e-02 1.20106377e-01 1.55788332e-01 2.08532751e-01 6.10299468e-01 8.78276080e-02 -3.35122552e-03 8.42738971e-02 -9.48854312e-02 2.86549912e-04 1.86320335e-01 -1.42224386e-01 -1.19832434e-01 -8.31933971e-03 -1.25515670e-01 -4.22245264e-02 -9.15580839e-02 4.14558798e-02 7.05144256e-02 -3.42472196e-02 -2.97892213e-01 6.57219738e-02 -3.39579433e-02 9.57174301e-02 -2.57983625e-01 1.88635230e-01 -4.01819497e-01
2.05457564e-02 6.18767329e-02 -1.59535497e-01 2.56781802e-02 -8.75978842e-02 -1.60626546e-01 3.56885977e-02 -2.62488335e-01 -7.82164186e-02 -5.19979857e-02 7.74081886e-01 6.94067553e-02 -5.22609614e-02 7.16493279e-02 2.18444280e-02 -5.09170294e-02 1.23522900e-01 2.80783534e-01 -1.51302293e-01 -9.86682475e-02 1.33212671e-01 7.68332332e-02 1.99302658e-01 8.73174965e-02 8.48062988e-03 -1.91891983e-01 3.18230465e-02 5.78377731e-02 -2.35926695e-02 -3.06167994e-02 -5.90613997e-03 -4.13865708e-02
7.35954642e-02 -2.09621917e-02 -3.22569013e-02 1.05195411e-01 -4.43379954e-02 2.35805079e-01 4.41005193e-02 -9.66886878e-02 1.56934142e-01 -9.18465480e-02 -1.80474654e-01 7.47960806e-01 -3.46397012e-02 6.39092997e-02 -1.69062540e-01 -1.44315720e-01 1.12314098e-01 8.02429244e-02 -5.85339181e-02 1.82392031e-01 6.92751631e-03 3.15569118e-02 9.51464549e-02 -4.57498468e-02 4.74979766e-02 -1.46382287e-01 -1.20547794e-01 2.09977835e-01 2.26691827e-01 -1.93319470e-02 5.75533472e-02 -1.67578414e-01
5.58741973e-04 -1.14667632e-01 -2.37196181e-02 -4.46602590e-02 1.35298120e-02 6.58384860e-02 -2.52190456e-02 -4.97540385e-02 1.17582582e-01 -6.31024688e-02 -1.50798827e-01 -7.11399317e-02 7.14535177e-01 2.09077373e-01 -1.49820089e-01 -2.31878042e-01 6.26831800e-02 6.99006841e-02 -4.08434048e-02 -3.46960455e-01 -2.93954671e-03 3.07163130e-02 1.92905322e-01 1.69017479e-01 -2.69175861e-02 -1.46424353e-01 4.34455909e-02 -2.41725463e-02 -2.79337876e-02 -1.28440619e-01 9.99773592e-02 2.25970075e-01
1.08176775e-01 -1.07760891e-01 1.93739850e-02 4.95464206e-02 2.35360861e-02 -9.02971104e-02 2.41640862e-02 -9.91625264e-02 1.44342020e-01 -4.21069115e-02 -8.90781730e-02 -1.41687512e-01 -3.32206786e-01 7.67375350e-01 -1.01565551e-02 3.17168310e-02 -5.11354208e-02 -1.58009037e-01 -1.18919566e-01 -2.25521743e-01 4.51909192e-02 4.19019535e-02 6.79124743e-02 5.85460477e-02 -1.01455441e-02 1.40723005e-01 -1.41339868e-01 -2.93354876e-02 1.30538911e-01 7.62237236e-02 1.14277214e-01 -1.50674209e-01
1.18436716e-01 -1.71974018e-01 -2.37206426e-02 8.27714130e-02 1.42008096e-01 -7.60533437e-02 -9.95056257e-02 2.75987573e-02 -2.13270277e-01 -3.06837428e-02 -3.34827937e-02 2.60187656e-01 1.79421559e-01 1.01760760e-01 6.97419405e-01 -9.89543833e-03 -7.04821944e-02 1.05435953e-01 -5.00703603e-02 7.05964863e-02 -1.10646069e-01 -7.38584399e-02 -7.23756626e-02 1.50911883e-01 1.20910235e-01 2.35234480e-02 1.05427839e-01 -1.71697930e-01 -1.19957283e-01 1.97121724e-01 2.80804902e-01 -1.04571640e-01
8.00320655e-02 1.57317102e-01 -2.54336476e-01 -3.32704559e-02 -5.07245921e-02 4.94439602e-02 1.47825619e-02 -1.46057919e-01 -2.52298653e-01 1.05041303e-01 -2.77009696e-01 1.14996098e-01 1.73112694e-02 5.37368506e-02 2.36110277e-02 6.57313585e-01 2.27236021e-02 -8.78086127e-03 -6.58698976e-02 -1.18499003e-01 4.58574668e-02 2.09313601e-01 2.76242197e-01 8.59471597e-03 -5.87816276e-02 -1.87984303e-01 1.06051080e-02 4.65283543e-02 -1.97988585e-01 1.14174291e-01 -1.63414851e-01 1.21437445e-01
1.78154424e-01 2.92798635e-02 3.06364149e-04 8.22404400e-02 9.76538807e-02 7.41820261e-02 -2.34074481e-02 -1.11756176e-01 1.29227877e-01 2.75784191e-02 -8.46195072e-02 -1.93543628e-01 -2.92423684e-02 -1.00216195e-01 2.01332390e-01 6.29265159e-02 8.74728262e-01 -4.74829488e-02 -1.02766426e-02 -7.01844916e-02 2.08487106e-03 -3.84456106e-02 -9.51103196e-02 -5.34409434e-02 3.38968635e-02 -2.23066062e-02 1.89377088e-02 -1.73492115e-02 1.58935711e-01 -1.78891737e-02 3.90375615e-03 -3.69929038e-02
1.33387297e-01 -2.11350303e-02 -5.39762191e-02 7.47976005e-02 1.03513077e-01 -5.96193224e-02 -8.91446397e-02 -3.04795615e-02 1.52398989e-01 1.52832478e-01 -2.10613981e-01 -8.87098461e-02 -2.42647812e-01 -4.98152860e-02 -1.11127675e-01 -6.93259314e-02 -3.02934535e-02 7.10980952e-01 1.38960510e-01 -3.29184011e-02 -2.71013796e-01 1.56352878e-01 -3.07182837e-02 2.81984776e-01 6.18429556e-02 -5.37910406e-03 -1.22297548e-01 -1.82470620e-01 -5.60449436e-02 -4.15976644e-02 -9.85649526e-02 3.05072367e-02
5.62588125e-02 9.85918716e-02 1.38811126e-01 4.39607725e-02 -7.40406290e-03 -6.98208436e-02 1.73545957e-01 4.96601425e-02 1.83997288e-01 -2.46655390e-01 9.31850448e-02 1.08802784e-03 1.18330233e-01 6.65448979e-02 3.68208662e-02 2.22775906e-01 1.15463762e-02 5.97147420e-02 7.84919977e-01 4.85711964e-03 2.07455203e-01 2.36846530e-03 3.82050686e-02 6.09637760e-02 8.32145959e-02 -2.57891230e-02 -1.30077630e-01 1.26141340e-01 -8.87588188e-02 1.09738350e-01 1.39856592e-01 -8.75330046e-02
7.24529698e-02 7.78500289e-02 -1.89136848e-01 1.69814512e-01 -2.43578017e-01 -3.93082239e-02 1.57253549e-01 -1.92614123e-01 8.26435238e-02 -1.91014439e-01 -1.72234073e-01 -4.11551416e-01 1.27502128e-01 5.88994240e-03 -7.84807187e-03 -1.94868725e-02 -9.71364453e-02 1.38341310e-02 -1.61170214e-01 5.91195285e-01 3.89716811e-02 1.10363752e-01 4.27404605e-02 1.21388309e-01 5.02218269e-02 -2.12861449e-01 9.28274319e-02 1.03257708e-02 7.93898255e-02 1.71138123e-02 1.84933245e-01 -1.71931311e-01
4.64830697e-02 -1.88695535e-01 -1.66899413e-01 6.05854467e-02 1.13708921e-01 2.78979182e-01 -8.01143062e-04 4.70615551e-02 -6.96602836e-02 2.52528608e-01 -7.99499676e-02 -7.87583962e-02 -7.81724080e-02 4.98868432e-03 1.79739982e-01 -2.10563123e-01 -8.00546631e-02 7.13107213e-02 8.24871510e-02 6.21681400e-02 7.51902282e-01 1.22526707e-02 -9.87220090e-03 1.29681334e-01 -9.96100754e-02 -4.88998927e-02 -4.61707152e-02 -2.28211144e-03 7.04854429e-02 -1.67732928e-02 -2.07095966e-01 8.10037926e-02
1.39574274e-01 1.85095832e-01 1.87361762e-01 2.29992792e-02 -1.61699764e-02 8.02292768e-03 -6.76600710e-02 -8.31975043e-02 -6.60447404e-02 -8.78010541e-02 -6.11322350e-04 6.44315556e-02 -7.03590810e-02 -1.24656267e-01 1.73122838e-01 -1.82127297e-01 -6.78827092e-02 -2.64276028e-01 1.10103428e-01 -1.02174692e-01 -2.02300102e-02 7.51610398e-01 3.48068886e-02 1.38773978e-01 -4.45379429e-02 7.73960128e-02 1.11784875e-01 -9.44598466e-02 1.13505803e-01 -2.71478385e-01 -7.75548769e-03 -9.94818844e-03
5.57525121e-02 -8.89322534e-02 5.36023378e-02 4.75931019e-02 -6.34005442e-02 1.03592081e-02 -4.88924049e-02 2.87203379e-02 1.13125734e-01 1.16012888e-02 -2.62981821e-02 -9.35646370e-02 -1.23858690e-01 -2.20568523e-01 1.77598983e-01 -1.48141101e-01 -4.15466242e-02 -1.11895807e-01 5.33289686e-02 1.88046340e-02 -1.06753409e-01 -1.59060240e-01 8.33168149e-01 -6.99974746e-02 1.22563846e-01 9.65421945e-02 -1.51825249e-01 -1.00497060e-01 9.32898894e-02 9.97068211e-02 -5.57777919e-02 6.47098869e-02
1.62833501e-02 5.11246249e-02 2.46056542e-01 1.16970427e-01 -2.70372212e-01 4.52887267e-02 -6.18990287e-02 9.07197595e-02 1.42686993e-01 -6.66548312e-02 6.21027909e-02 1.58984706e-01 -5.53598851e-02 -6.50129989e-02 -1.31565213e-01 1.25841856e-01 1.28295854e-01 -1.95202902e-01 -1.70096323e-01 7.08059147e-02 1.21224627e-01 -1.72447324e-01 -1.99725479e-02 6.85990095e-01 -4.13419567e-02 1.21952020e-01 -1.66898184e-02 -2.19706357e-01 -2.36618653e-01 6.31428808e-02 -6.68137968e-02 8.83965716e-02
6.15907051e-02 -5.87065630e-02 -1.42015487e-01 2.18078643e-01 3.58743444e-02 -1.59551259e-02 6.82825968e-02 2.33153000e-01 -2.77540013e-02 -3.95137146e-02 4.78225499e-02 1.56691708e-02 -1.05254562e-03 6.12444766e-02 -1.16579972e-01 4.85877097e-02 -1.33047635e-02 -1.03156455e-01 -3.56071107e-02 -5.37352972e-02 4.98354137e-02 5.57023436e-02 -6.63204491e-02 -2.99102142e-02 8.54492307e-01 -4.62088957e-02 1.31362259e-01 -7.93056637e-02 8.18403251e-03 -1.20627970e-01 -1.87671900e-01 9.14966390e-02
-8.95006582e-04 -2.75234938e-01 -3.35450210e-02 -3.07523878e-03 1.72327995e-01 9.29449573e-02 2.93849017e-02 -2.89206892e-01 -8.63473862e-02 1.49741858e-01 1.04664601e-01 -3.20371687e-02 2.58859098e-01 -1.25506058e-01 -1.85270131e-01 2.25099519e-01 -1.43364202e-02 3.69793177e-02 -2.04088986e-02 8.61122683e-02 3.91536206e-03 1.08882681e-01 5.15412465e-02 1.45496428e-01 1.12483032e-01 6.51969433e-01 -1.41683649e-02 1.53939128e-01 1.44581810e-01 3.46592367e-02 1.16843767e-02 -2.48392895e-01
6.46056756e-02 2.67990623e-02 1.28495678e-01 -1.46755517e-01 -7.52206333e-03 7.86713809e-02 -4.20029797e-02 -1.62054732e-01 1.88239172e-01 4.39666733e-02 -7.08901361e-02 4.61699292e-02 -1.31711140e-01 8.15852955e-02 -6.94850832e-02 -5.86267151e-02 -1.48925958e-02 9.47959721e-02 1.01686738e-01 -5.78011805e-03 6.84479624e-02 -8.77536535e-02 1.20073676e-01 -6.51993826e-02 1.64637342e-02 6.53631613e-02 8.68912458e-01 2.32393406e-02 -1.01173013e-01 1.48149773e-01 -4.34631780e-02 -3.45293358e-02
1.07799225e-01 8.35096985e-02 -3.84635516e-02 2.36898005e-01 -1.16057195e-01 7.71279484e-02 7.82883242e-02 2.28234264e-03 -1.13535589e-02 9.38034877e-02 -2.93766130e-02 -9.88821909e-02 -6.86573163e-02 3.01761627e-02 2.29270935e-01 -1.49013296e-01 -5.60100153e-02 -3.99954394e-02 7.67477090e-04 -9.54117775e-02 -2.21945867e-01 -1.06462657e-01 -3.76937427e-02 1.96048096e-01 5.86320739e-03 8.59341025e-02 2.53206119e-02 7.71694303e-01 -1.92825496e-01 -1.15963928e-01 -1.19822755e-01 1.24259889e-01
-1.17633082e-01 -6.42154887e-02 -4.66159172e-02 2.33132154e-01 1.40594602e-01 -7.27678686e-02 -1.49985224e-01 -9.06457603e-02 3.15281063e-01 -2.40104407e-01 5.11132032e-02 1.49922697e-02 8.00600741e-03 -1.25948057e-01 1.76302627e-01 3.23069572e-01 -2.41264179e-01 1.14344982e-02 -4.35263067e-02 -1.20759107e-01 -2.53618788e-02 -1.16843335e-01 -1.04444385e-01 1.07653663e-01 -1.21990599e-01 -8.72377604e-02 1.31543234e-01 3.76674794e-02 5.66153407e-01 -4.10435013e-02 -1.49539396e-01 2.47117698e-01
-6.57416582e-02 6.96654804e-03 -1.01187583e-02 3.06867808e-01 -2.01819345e-01 -8.95810872e-03 1.12379648e-01 -5.19996881e-02 -2.03033552e-01 2.29244560e-01 2.29593329e-02 -1.94387361e-02 6.80586025e-02 -4.87207621e-02 -1.34579584e-01 -2.02078477e-01 7.58298300e-03 -1.09770983e-01 1.48912042e-01 -1.87738314e-01 -1.44494981e-01 1.06794074e-01 -1.15604572e-01 6.09838292e-02 -2.89748125e-02 -1.26327619e-01 3.20182554e-02 -6.01313859e-02 2.49707550e-01 6.85004473e-01 -1.08037077e-01 -3.14673111e-02
2.49576047e-01 -1.36024043e-01 -3.63559350e-02 1.55785605e-01 6.42272877e-03 3.89439762e-02 -3.45399119e-02 -1.23537950e-01 1.57534495e-01 -6.28280938e-02 -2.67328750e-02 -2.35634986e-02 -1.78999588e-01 -3.38361412e-01 -1.46159574e-01 2.56356914e-02 -1.15537383e-01 -1.37411319e-02 -1.66806072e-01 -2.61276186e-01 1.96885571e-01 8.42151791e-02 -9.22083855e-02 -1.54292032e-01 6.14053458e-02 1.50734289e-02 -5.51550128e-02 7.40212202e-02 -2.00016320e-01 1.76003829e-01 5.90845168e-01 2.37969980e-01
2.09959019e-02 -2.39230916e-02 2.05699638e-01 -1.08316623e-01 3.27974521e-02 3.52440998e-02 5.49951792e-02 -7.62445554e-02 -1.08693145e-01 3.74899805e-01 1.36180788e-01 3.95507328e-02 -4.03766297e-02 2.21040368e-01 -3.85905281e-02 7.55361021e-02 6.58187270e-02 -3.12053729e-02 1.26610518e-01 3.81341398e-01 -1.08721562e-01 3.48335169e-02 1.34271653e-02 3.85744050e-02 7.05222934e-02 -2.98447907e-02 -3.25700588e-04 1.78890210e-02 2.04389051e-01 -4.01139185e-02 2.66584367e-01 6.33667052e-01
