32
3.48227710e-01 3.48354310e-01 4.94237393e-01 -1.59503043e-01 5.52810878e-02 1.16006829e-01 3.27932164e-02 1.28291368e-01 -1.93994299e-01 -1.94037110e-01 1.49270818e-01 4.59454581e-02 -1.29682468e-02 9.06759351e-02 -2.79323399e-01 -3.11706513e-01 -8.90887827e-02 5.01430668e-02 -8.48898590e-02 -1.13401435e-01 -1.63954288e-01 2.82992534e-02 -8.27981755e-02 -2.59165198e-01 6.29159659e-02 1.21433781e-02 -3.29735763e-02 -7.64502212e-02 -6.50183633e-02 9.78910327e-02 8.88898596e-02 7.35321045e-02
-1.41700745e-01 4.01577801e-01 -3.49166244e-02 -1.15168601e-01 -4.56441119e-02 -2.82198843e-02 -1.78513452e-01 1.37686003e-02 2.80939281e-01 3.76384184e-02 -8.72269347e-02 1.83247477e-02 2.18959346e-01 -2.54062086e-01 -1.76968992e-01 7.10672885e-02 -2.55183369e-01 9.62489564e-03 5.27001694e-02 -9.15849730e-02 8.63474011e-02 -1.74571157e-01 -2.52603535e-02 3.31477672e-01 4.02082950e-01 -2.00561985e-01 -1.17502019e-01 -1.80751383e-01 -1.67538658e-01 -3.68725061e-02 5.35251386e-02 1.63093716e-01
-2.94933498e-01 1.37249306e-01 5.41004419e-01 2.08591167e-02 -5.32648750e-02 -1.19191162e-01 2.85913199e-01 -2.14531198e-01 1.11915208e-01 6.55882806e-02 -1.56608596e-01 -4.01688851e-02 1.22429796e-01 -1.34979263e-01 2.48296484e-01 9.84460264e-02 -1.03034945e-02 2.23392546e-02 -5.00038862e-02 2.23530218e-01 -1.99241694e-02 -3.80253419e-02 -1.36887342e-01 -1.43181235e-01 1.23651884e-01 -7.85230286e-03 6.50261790e-02 3.87694210e-01 -4.52474132e-02 8.56259242e-02 -1.82502896e-01 -4.47011329e-02
1.30942002e-01 2.10577577e-01 -1.62536934e-01 6.54953063e-01 6.37331754e-02 9.48431417e-02 -5.80532849e-02 1.95551626e-02 -7.73137361e-02 2.99585480e-02 -5.80319613e-02 -2.90121019e-01 -9.93126482e-02 -2.56666318e-02 3.03070825e-02 -9.13602933e-02 -1.49998575e-01 1.95379481e-01 2.17896745e-01 -2.57084429e-01 -1.46865070e-01 -4.33737189e-02 -6.88777193e-02 2.42164917e-02 7.99682960e-02 4.88501042e-02 7.64735937e-02 3.25055897e-01 -1.21436097e-01 9.34760422e-02 -7.27533102e-02 -5.13264211e-03
2.36038089e-01 1.43503934e-01 -1.16206802e-01 1.01398095e-01 6.56666636e-01 -7.70129263e-02 1.43991128e-01 -3.07943642e-01 3.36031877e-02 1.08390287e-01 -1.46410823e-01 9.30984765e-02 1.08318422e-02 -1.51123125e-02 -1.68985799e-02 -8.82243067e-02 6.37727752e-02 -1.99028641e-01 -7.68419504e-02 9.00050551e-02 1.25182182e-01 8.09676647e-02 2.81489730e-01 -1.19031809e-01 1.80393830e-01 -7.86483064e-02 -7.86923394e-02 -7.77595788e-02 1.28513366e-01 -2.74940450e-02 -2.22133070e-01 7.00623468e-02
-2.23465517e-01 -1.62817433e-01 -5.04442416e-02 -9.12740231e-02 1.83631387e-02 5.20617723e-01 2.44456813e-01 1.37400821e-01 2.21577227e-01 -1.73893347e-01 -2.81317949e-01 -9.84098986e-02 -4.15882701e-03 -6.67154416e-02 -8.52768868e-02 -1.44815281e-01 -1.79526344e-01 -1.93104204e-02 8.61842744e-03 -4.58493792e-02 -3.08832347e-01 1.35378882e-01 2.80733883e-01 -8.56233016e-02 -6.00495413e-02 -2.65440047e-01 2.99823824e-02 8.34518522e-02 1.29042074e-01 -9.92113054e-02 1.66877965e-03 1.36881366e-01
5.10950796e-02 -7.03334762e-03 1.17075117e-02 1.26947418e-01 -2.13499963e-01 -2.59821683e-01 5.58598876e-01 2.00923835e-03 2.32320838e-02 1.56417146e-01 -4.28487174e-02 -2.87839293e-01 2.53258254e-02 -1.07831530e-01 -6.01852546e-03 5.91163263e-02 9.43945721e-02 1.83647916e-01 -2.30876431e-02 -2.39979595e-01 1.35770842e-01 1.66549578e-01 1.18520372e-01 -1.49307519e-01 -6.04713336e-02 -8.30486044e-02 -5.66770732e-02 -4.11293834e-01 -1.48874789e-01 9.32035130e-03 1.38313890e-01 1.51276037e-01
-2.62235135e-01 1.84831247e-01 6.23913072e-02 2.54833668e-01 8.93622711e-02 -1.49224415e-01 1.21495083e-01 7.29215860e-01 -1.26543520e-02 -3.39113623e-02 1.62456110e-02 1.14814699e-01 -1.31180301e-01 8.53318423e-02 3.88294570e-02 -7.43703991e-02 2.01248512e-01 -1.66194841e-01 -1.22920997e-01 1.25230640e-01 1.08196303e-01 -6.27336279e-02 1.85705677e-01 1.16924927e-01 7.98676163e-02 -2.76278723e-02 -6.28356934e-02 -5.00863139e-03 1.04263619e-01 1.33912176e-01 -1.99714694e-02 -4.63700406e-02
2.82811373e-01 -1.25866726e-01 2.18209643e-02 4.58100513e-02 -9.73102078e-02 -1.98472157e-01 -1.33709788e-01 8.05694982e-02 6.66370869e-01 -1.56467587e-01 1.99328810e-02 -2.95861363e-02 -5.59790321e-02 1.11849539e-01 -1.84074398e-02 -9.16896015e-02 1.31010860e-01 2.28880972e-01 2.38426123e-02 2.47738972e-01 -1.42193884e-01 5.71307205e-02 1.61676526e-01 -9.30057988e-02 7.39204809e-02 2.06233978e-01 -2.17902273e-01 7.17485473e-02 -1.78005889e-01 -5.05052805e-02 -8.39033127e-02 5.00748605e-02
2.20656753e-01 -1.23075284e-01 2.44929701e-01 7.62071609e-02 -1.63460113e-02 4.53427643e-01 -1.37384325e-01 1.09926529e-01 8.43666419e-02 6.44283235e-01 -4.12086770e-02 -1.75511599e-01 1.45174945e-02 1.43789332e-02 -1.36419743e-01 1.54375926e-01 1.45024657e-01 -6.53549805e-02 -1.88457251e-01 1.22971088e-01 1.29603058e-01 2.81168502e-02 4.05570790e-02 7.96346590e-02 4.48995940e-02 -7.06015248e-03 -3.73887941e-02 2.05764771e-02 -9.84834880e-02 6.00453019e-02 1.08765550e-01 -7.36531019e-02
-1.13960952e-01 7.24331588e-02 3.07870898e-02 8.24583694e-02 -3.85079086e-02 1.36793062e-01 9.54256654e-02 -7.78988153e-02 3.15445244e-01 1.42647764e-02 6.72480404e-01 -9.09030065e-02 -1.44938126e-01 1.81995079e-01 -2.35962728e-03 8.59833136e-02 -1.91543266e-01 -1.98259056e-01 -1.15152419e-01 -1.51130170e-01 1.25975475e-01 1.21963501e-01 -7.74610788e-02 1.08171850e-02 -2.32036244e-02 -6.49694651e-02 1.39606178e-01 -4.90825102e-02 1.00138776e-01 -6.08413331e-02 -3.44942749e-01 9.26709846e-02
2.13502511e-01 -1.22630205e-02 -1.69232097e-02 2.31697872e-01 -1.21152923e-01 9.19685215e-02 1.42811239e-01 5.41907027e-02 2.08532333e-01 -1.17116235e-01 -1.46569356e-01 5.76945007e-01 1.77200615e-01 -7.54371360e-02 -1.83171555e-01 1.88510373e-01 -9.62888524e-02 1.02646545e-01 -1.47203043e-01 -2.28704959e-01 3.34344178e-01 -4.55691293e-02 -5.67374155e-02 -1.36443093e-01 -1.32160529e-01 -2.87294481e-02 1.44287929e-01 1.44815251e-01 8.06644857e-02 -6.53467998e-02 3.54925878e-02 -1.85740307e-01
-1.16203271e-01 8.92894715e-02 1.60151869e-01 1.21859372e-01 1.36066765e-01 -4.47945744e-02 -2.41531562e-02 -1.35817635e-03 -1.92808509e-02 1.31082982e-01 1.55461788e-01 1.63924005e-02 4.81495589e-01 1.24314405e-01 1.25261784e-01 -2.95375079e-01 -2.99270134e-02 1.94245949e-01 -9.21199750e-03 -3.08222100e-02 -4.97811772e-02 1.66326255e-01 1.35468692e-01 2.54887998e-01 -2.35633418e-01 5.09824120e-02 -5.86444885e-02 -1.49547262e-03 3.05475220e-02 -5.12579739e-01 1.08359128e-01 -1.86006472e-01
-6.63257837e-02 -1.06817186e-01 1.50800541e-01 7.67673030e-02 5.30163012e-02 -1.31323308e-01 -2.11329624e-01 1.38849542e-01 2.04745345e-02 1.70598313e-01 -2.24969670e-01 6.89023286e-02 1.13686427e-01 4.11429524e-01 8.35135207e-02 1.82194948e-01 -1.94197632e-02 -1.51203975e-01 1.38077825e-01 -2.29723841e-01 -1.60511404e-01 -2.98313469e-01 -6.41686022e-02 -3.29804868e-01 -3.41552533e-02 -1.10841893e-01 9.52178612e-02 -1.62449852e-01 -9.72017273e-02 -2.64136642e-01 -1.58007786e-01 2.97484964e-01
2.10962176e-01 3.03416938e-01 -1.33679375e-01 -1.06552057e-01 -1.73525929e-01 1.20549113e-01 -9.30490196e-02 4.58911294e-03 1.48026403e-02 -1.50495330e-02 2.37265229e-02 5.42485788e-02 -8.92811492e-02 1.99840575e-01 5.83304346e-01 -3.53269204e-02 3.73314917e-02 5.14447875e-02 4.24894691e-02 1.22271098e-01 1.97838217e-01 1.28786981e-01 9.93093327e-02 -1.41218856e-01 6.85644597e-02 -4.30995643e-01 1.08180866e-01 9.17226970e-02 -6.23318069e-02 -4.50229608e-02 2.51852244e-01 3.59584428e-02
-5.73237054e-02 -1.33931115e-01 4.10423726e-02 -4.44545262e-02 4.33567405e-01 1.08868606e-01 1.79771036e-02 1.13235883e-01 -5.44249751e-02 -2.73215026e-01 1.71754420e-01 -1.15666881e-01 9.17945728e-02 2.15235930e-02 2.19136909e-01 4.65181261e-01 -2.24706337e-01 1.47932574e-01 -2.18117431e-01 -8.44860300e-02 4.51450646e-02 -6.54358268e-02 1.13549158e-01 -6.76722899e-02 2.49101985e-02 1.46032810e-01 -1.67704463e-01 4.56096567e-02 -3.04272592e-01 6.16587624e-02 2.62536526e-01 1.69813854e-03
2.67226212e-02 3.37726101e-02 2.92715970e-02 -1.32713050e-01 2.12588415e-01 -1.77529678e-01 -3.29722874e-02 5.32797612e-02 1.59388945e-01 -1.48219347e-01 5.00789173e-02 -2.83755928e-01 7.21332356e-02 1.84473488e-02 -2.84130663e-01 2.31917799e-01 4.26783770e-01 -6.01777472e-02 1.33204952e-01 -1.51867315e-01 -5.02155386e-02 1.36302546e-01 -9.36150104e-02 1.45392334e-02 1.08756043e-01 -2.19113857e-01 3.86437416e-01 2.17591643e-01 1.12013705e-01 -1.26912162e-01 2.47451305e-01 -1.59773439e-01
-2.67513394e-01 -1.28516241e-03 2.88037700e-03 -1.08082481e-02 2.27670908e-01 1.64257586e-01 4.89162095e-02 -4.35256027e-02 -8.37300962e-04 1.04434200e-01 8.70103464e-02 1.45124957e-01 -2.87567228e-01 7.92605802e-02 -1.37260944e-01 -5.03791124e-02 1.63996130e-01 6.38785362e-01 1.30151346e-01 1.49188817e-01 1.97256684e-01 -1.38900533e-01 -1.97959065e-01 -6.65560812e-02 7.88394287e-02 -1.51715893e-02 1.77736133e-02 -4.84538712e-02 1.46157041e-01 -1.30617216e-01 7.90142491e-02 2.56082863e-01
1.75333813e-01 -1.59621447e-01 2.22559497e-01 2.29105651e-02 4.99771163e-02 2.46502901e-03 1.61141548e-02 1.90016374e-01 -6.43406734e-02 5.45760524e-03 1.77863270e-01 3.29243354e-02 5.49460091e-02 -2.59997636e-01 1.77477095e-02 1.69397578e-01 -2.09938318e-01 -6.21680543e-02 7.39578485e-01 1.78137243e-01 1.55128300e-01 7.72314966e-02 1.11554898e-01 -6.31375015e-02 -2.39332654e-02 -7.63611868e-02 -1.05594777e-01 -4.05060723e-02 1.52152941e-01 -3.10216900e-02 -3.98084037e-02 -1.82779916e-02
9.14599523e-02 2.10012987e-01 -7.12759644e-02 1.97992980e-01 -7.38689080e-02 3.98284197e-03 1.51700810e-01 -2.56697480e-02 -8.57909694e-02 -1.32229984e-01 -1.56933412e-01 -1.17665917e-01 -4.96199168e-02 2.67131656e-01 -2.10230857e-01 3.09497386e-01 -2.78825074e-01 -3.27410512e-02 -6.56001270e-02 5.76019645e-01 -1.22880727e-01 6.81310892e-02 -1.48757383e-01 7.40452260e-02 -4.07915674e-02 3.12632099e-02 1.41363040e-01 -2.18849897e-01 4.90954630e-02 -2.22962901e-01 6.75989613e-02 -8.65754858e-02
-1.07980914e-01 -9.31088068e-03 -5.78849167e-02 -1.08519442e-01 1.67317819e-02 5.08356728e-02 -1.49159119e-01 9.28707495e-02 2.77468916e-02 -1.13176294e-01 -2.33571261e-01 -2.86888391e-01 3.70845824e-01 3.22699487e-01 -5.91957681e-02 -1.27093285e-01 -1.17196947e-01 9.75692347e-02 6.73269629e-02 8.39404669e-03 4.68808681e-01 2.70475417e-01 -9.66253281e-02 -9.95207056e-02 4.64364421e-03 1.66804507e-01 5.22178188e-02 -2.18445901e-02 1.27636164e-01 3.32562774e-01 -1.63653538e-01 5.36009185e-02
1.86776009e-03 1.25803471e-01 1.55163586e-01 -5.74003793e-02 1.46568403e-01 -3.69004644e-02 -6.51723519e-02 3.93020399e-02 1.64051875e-01 1.42577618e-01 -1.97974741e-01 2.57107079e-01 -2.27981701e-01 -1.67149154e-03 2.26169690e-01 1.58280209e-01 -8.67287442e-02 3.97746451e-02 8.87032449e-02 -2.01110229e-01 -2.29815081e-01 4.90066916e-01 -8.91813785e-02 2.53860384e-01 -6.97624385e-02 2.90747970e-01 2.10952178e-01 -1.65042534e-01 1.07391857e-01 1.63478643e-01 9.87544283e-02 1.24466248e-01
-2.10406035e-01 7.19234794e-02 9.31507871e-02 -5.86849786e-02 -1.16371341e-01 -2.09852174e-01 -2.30140954e-01 -1.28483355e-01 -1.56328738e-01 1.12429127e-01 6.89769071e-03 6.62721172e-02 -2.26334646e-01 1.07222453e-01 -3.06521714e-01 1.01627767e-01 -1.91714212e-01 1.68094888e-01 -3.48835276e-03 -1.11548193e-02 7.49405846e-02 1.36923119e-01 6.25429034e-01 -7.29417875e-02 -7.94546977e-02 -7.34111220e-02 1.76857144e-01 1.42972052e-01 -1.93819344e-01 5.35148345e-02 -6.13920428e-02 -9.61391777e-02
2.19056100e-01 -2.53626555e-01 2.19621673e-01 -1.17558544e-03 -3.37943062e-02 -4.59095500e-02 2.53087282e-01 -1.33181870e-01 -6.66272938e-02 -1.49999678e-01 -6.82673603e-02 3.40592712e-02 -5.71181513e-02 3.85723501e-01 -2.11239737e-02 -4.26803976e-02 -1.60060152e-02 -2.75941323e-02 7.36970901e-02 -7.16812983e-02 1.28089517e-01 -1.77068323e-01 1.05589546e-01 6.07258201e-01 5.08067198e-02 -1.23557180e-01 7.38015864e-03 1.78239241e-01 -2.29909979e-02 9.15260240e-02 4.27734144e-02 2.60143220e-01
-2.89796665e-02 -2.40461111e-01 -1.64416179e-01 5.59421331e-02 -1.01836026e-01 1.52537916e-02 1.25391498e-01 5.73443025e-02 -2.17328146e-01 9.99140665e-02 1.88678697e-01 2.91478068e-01 2.87928462e-01 1.55712008e-01 -4.88346107e-02 5.00873588e-02 4.84656803e-02 1.08123735e-01 1.36647308e-02 5.37066311e-02 -2.67133325e-01 3.27844620e-01 -3.44415866e-02 -5.13576604e-02 5.93337774e-01 -6.75976500e-02 3.56349498e-02 3.07914671e-02 -1.30621389e-01 8.23116675e-02 -9.62751806e-02 -5.09808538e-03
-7.57889897e-02 1.34961918e-01 2.99484860e-02 -1.43456878e-02 -1.77068084e-01 2.85359412e-01 1.14747487e-01 -1.24617144e-01 -1.20520750e-02 -1.24332130e-01 -2.42054276e-02 -1.67623814e-02 -3.77649665e-02 7.74953887e-02 8.69186297e-02 -1.04603788e-03 1.86674759e-01 -1.63864657e-01 1.99760675e-01 -1.04325995e-01 1.31183818e-01 -1.75949186e-01 2.91279137e-01 -5.88400178e-02 3.45403612e-01 5.68415344e-01 1.72870487e-01 -1.09028019e-01 1.28597757e-02 -2.21506134e-01 1.02790140e-01 -9.52523500e-02
2.01667324e-01 -2.11426914e-01 2.06023976e-02 -5.33926226e-02 5.90228625e-02 -1.24387980e-01 -3.62485163e-02 1.65565848e-01 1.46582853e-02 5.71857989e-02 6.24776334e-02 -1.13333508e-01 9.37824994e-02 -2.40685686e-01 1.73197180e-01 -1.71008214e-01 -2.28689566e-01 2.01014742e-01 -2.06766590e-01 1.19123802e-01 -3.17826383e-02 -2.72365987e-01 1.25998005e-01 2.91545223e-02 1.30360961e-01 4.26368527e-02 6.37965322e-01 -1.43242091e-01 1.48374096e-01 4.01460789e-02 -6.70257881e-02 3.81553918e-02
1.24587886e-01 2.87995517e-01 -3.19897473e-01 -3.33482027e-01 1.86606385e-02 2.81991786e-03 2.82248318e-01 1.87738851e-01 -3.08228973e-02 2.47135893e-01 1.01267330e-01 5.33475466e-02 1.97012782e-01 5.47672797e-04 -8.47929344e-02 1.03297792e-01 3.04789357e-02 -4.16762382e-03 1.06956244e-01 9.15936753e-02 -8.08318257e-02 -9.62068886e-02 4.88980375e-02 1.26758758e-02 -2.68620253e-01 2.42628515e-01 1.00724421e-01 3.49022627e-01 -1.51725486e-01 6.87436992e-03 -1.04266293e-01 3.23851764e-01
1.27341986e-01 1.10006101e-01 -2.63597444e-02 -1.40099853e-01 -1.44568086e-01 -1.16628088e-01 1.26049081e-02 2.42905375e-02 -3.23486365e-02 1.40574858e-01 7.73523527e-04 -1.29274860e-01 9.61880758e-03 1.34457320e-01 5.19387238e-02 2.47670665e-01 -1.25317529e-01 2.05295950e-01 -1.23612396e-01 -1.85905814e-01 -1.62879199e-01 -1.26790658e-01 1.38128817e-01 -3.40000242e-02 1.60593808e-01 3.49827930e-02 -3.24684501e-01 1.32025003e-01 6.82646036e-01 -1.99420363e-04 -5.10039879e-03 -9.97477248e-02
-9.71332863e-02 1.34286180e-01 -5.28597878e-03 1.36564583e-01 3.35727185e-02 1.28133640e-01 2.13709548e-02 -2.10803688e-01 1.60559565e-01 5.66385337e-04 1.58015773e-01 1.12011686e-01 2.83081234e-01 1.58490732e-01 6.92408951e-03 6.58636391e-02 1.79050326e-01 8.00676942e-02 1.77301407e-01 8.46044570e-02 -2.63593763e-01 -2.78139949e-01 1.64467841e-01 1.33183261e-03 -2.18343645e-01 -1.05240516e-01 7.83597156e-02 -2.63745844e-01 7.01720864e-02 5.41670501e-01 1.15586534e-01 -1.46208927e-01
-1.43749252e-01 -1.23707876e-01 -6.21064976e-02 1.38405964e-01 1.39744813e-02 -1.96931377e-01 1.81353539e-02 -9.90464762e-02 1.43790349e-01 1.87553689e-01 1.12091891e-01 5.07787019e-02 1.13155423e-02 6.59790263e-02 -1.11140974e-01 -2.32292145e-01 -2.89709210e-01 -2.84371138e-01 2.77757645e-03 8.32531154e-02 3.27951498e-02 -1.04334336e-02 -4.28312756e-02 -2.03878999e-01 6.97316825e-02 1.16057560e-01 -2.68574199e-03 1.87773168e-01 1.38113022e-01 8.73212516e-02 6.39530063e-01 2.10938036e-01
1.29676610e-02 4.31779213e-02 1.02951534e-01 2.81004399e-01 -1.68298587e-01 5.86860813e-02 -2.70363420e-01 -9.77004692e-02 -1.62390903e-01 -2.23773420e-01 7.88153410e-02 -6.52276794e-04 2.06095770e-01 -2.49750540e-01 -1.36541938e-02 1.80256978e-01 2.64710963e-01 -2.54586805e-02 -1.84546918e-01 1.10159516e-01 9.05111374e-04 1.51598811e-01 1.60712659e-01 6.33067591e-03 -7.81828389e-02 3.30789648e-02 6.68097381e-03 3.00408639e-02 2.05628499e-01 -3.11348904e-02 1.52581278e-02 5.96995592e-01
7.93015182e-01 -4.25841240e-03 8.15341547e-02 -7.33940527e-02 -7.75963813e-02 5.41711040e-02 6.03205618e-03 4.84164208e-02 -6.11757264e-02 -2.24138517e-02 9.46197659e-02 -3.16693783e-02 1.41170979e-01 6.01082854e-02 -1.31075561e-01 1.19680747e-01 -6.96017370e-02 1.27507627e-01 1.03574365e-01 1.28624275e-01 -1.24441460e-02 -2.29437903e-01 -1.19788505e-01 -2.88818121e-01 -4.17005122e-02 1.62670240e-01 -1.81518607e-02 -1.04431987e-01 9.57385972e-02 4.26535495e-02 -9.32567418e-02 1.42956078e-01
-1.02441259e-01 8.15847993e-01 3.70133109e-02 6.30264580e-02 1.59068126e-02 4.10307497e-02 -7.66526535e-02 -5.60339689e-02 -2.96733737e-01 -5.44744581e-02 -2.78340410e-02 1.02201641e-01 4.52479236e-02 -1.92584470e-02 -1.10387236e-01 -1.12751313e-01 -1.14585576e-03 1.36949673e-01 -2.57704854e-02 -1.10339805e-01 8.03199783e-02 -6.92557991e-02 -1.86052006e-02 -6.17405511e-02 2.04844236e-01 1.77539021e-01 1.27618939e-01 2.49972232e-02 9.47118029e-02 1.49048343e-01 -8.81542340e-02 -4.12042476e-02
-1.35509729e-01 -9.64713916e-02 6.82638466e-01 -4.66658399e-02 2.53723450e-02 -5.19752651e-02 3.81340086e-02 -6.68232590e-02 -7.99970776e-02 -2.26395926e-03 -1.65987626e-01 -1.13774411e-01 1.35857567e-01 1.50941312e-01 5.97442351e-02 1.05252661e-01 -4.27058041e-02 1.99061725e-03 -2.39864975e-01 5.88552132e-02 2.97639757e-01 1.81138553e-02 -3.18245254e-02 -3.06818098e-01 8.47350731e-02 -1.62818015e-01 -2.00139463e-01 1.26576692e-01 -2.65332917e-03 8.91314894e-02 -1.66525766e-01 -1.40567794e-01
-1.11978263e-01 8.84226710e-02 1.11570470e-01 7.41301596e-01 9.12667625e-03 1.31569043e-01 -1.29181184e-02 9.49218124e-02 1.12081341e-01 -1.01341130e-02 8.58601257e-02 -1.16552291e-02 1.33314326e-01 1.10604316e-02 1.63391918e-01 -1.40776131e-02 -4.16798182e-02 6.66774437e-02 1.39508083e-01 1.36703581e-01 -7.09148571e-02 3.10208206e-03 7.99263269e-03 -2.73719192e-01 -1.66258082e-01 5.57129905e-02 5.77581255e-03 -2.31981799e-01 -1.55495256e-01 -3.00479293e-01 3.39015611e-02 -3.95448133e-02
1.00454375e-01 1.99849885e-02 -6.87630847e-02 1.43171623e-01 7.61743844e-01 2.67030269e-01 1.62341874e-02 4.62497808e-02 8.42259303e-02 -2.71269158e-02 -3.00949160e-02 2.89105959e-02 -1.67038161e-02 -4.38225718e-04 -3.49468708e-01 1.42711386e-01 8.85429978e-02 -2.30840772e-01 -3.25319767e-02 5.05644195e-02 -1.07730597e-01 4.44798991e-02 -1.62654705e-02 -3.59901264e-02 9.77694914e-02 -1.61827832e-01 -7.16237277e-02 8.34596902e-02 1.19057326e-02 1.26227260e-01 -3.44822071e-02 -1.13942266e-01
-1.55740082e-01 -5.95828854e-02 -5.52491518e-03 -8.82283375e-02 -3.00266713e-01 8.12961996e-01 1.93672965e-03 9.37784165e-02 6.08095601e-02 -6.99604303e-02 1.11556157e-01 -1.67143717e-01 5.04299849e-02 4.67856899e-02 -1.45699261e-02 7.46513233e-02 -5.01260199e-02 1.21928059e-01 8.89275968e-02 -8.72440785e-02 -4.45725396e-02 -1.43402487e-01 3.98327876e-03 1.19365426e-02 5.52169643e-02 -8.59191641e-02 -4.27623689e-02 8.20254683e-02 1.10121906e-01 1.69217438e-01 9.83074307e-02 -1.41427457e-01
2.37773452e-03 9.69197005e-02 1.71417240e-02 -5.06509393e-02 5.79186790e-02 5.14480770e-02 9.39690948e-01 1.13369741e-01 -6.00798195e-03 -8.17025378e-02 -6.05296679e-02 9.99909490e-02 -5.39482087e-02 -6.79404587e-02 1.13855436e-01 -1.35146489e-04 -4.95953597e-02 4.76640090e-02 -4.43180501e-02 5.51226921e-02 7.14911381e-03 -1.13168232e-01 3.79119925e-02 8.96766186e-02 -1.95769481e-02 6.05130382e-02 -3.42220291e-02 -1.59148071e-02 -4.28356901e-02 -6.66190460e-02 -3.42246071e-02 4.48123785e-03
8.07983428e-02 1.03244178e-01 -6.18652776e-02 -7.93172698e-03 -3.20363529e-02 -1.02234125e-01 -6.62636906e-02 8.27047706e-01 1.02775425e-01 3.01429313e-02 -1.08569279e-01 -3.17427032e-02 -8.35921839e-02 3.43584828e-02 7.14669470e-03 1.62831396e-01 3.54226008e-02 1.82981595e-01 -1.28116965e-01 -8.37196484e-02 1.67779118e-01 2.44472593e-01 1.38824731e-01 -7.39898607e-02 -3.55394222e-02 -9.39743891e-02 1.01018183e-01 1.13378212e-01 8.02657083e-02 5.08732116e-03 9.52631459e-02 -2.29166839e-02
-4.70286347e-02 2.71012366e-01 -1.62878975e-01 -1.87912852e-01 -9.30984020e-02 2.79442668e-02 7.61818374e-03 2.56176665e-02 5.89267552e-01 1.69333875e-01 9.96931717e-02 4.85508926e-02 2.54327714e-01 2.03161672e-01 3.71378362e-02 -1.58777684e-01 2.18012892e-02 -9.98566821e-02 -4.55667116e-02 2.08522737e-01 -1.53176691e-02 1.82144940e-01 -1.35284781e-01 -6.54208288e-02 6.76833391e-02 6.69624954e-02 -3.12505573e-01 9.04649794e-02 -1.22302741e-01 5.76825719e-03 -2.79523462e-01 1.07483618e-01
8.18850175e-02 5.40174730e-02 1.89512148e-01 9.80223864e-02 -4.84930687e-02 -5.63467257e-02 1.14819661e-01 -9.40748230e-02 1.85405001e-01 7.64616787e-01 5.23877665e-02 8.06229562e-02 -3.84389423e-02 -5.21901585e-02 -5.79957701e-02 8.35483801e-03 -2.56739277e-02 -1.16130207e-02 3.89587181e-03 -2.76833862e-01 -1.66508332e-01 -2.56932843e-02 4.47203554e-02 1.08444253e-02 -1.11151844e-01 -1.77484080e-02 7.84010440e-02 -5.73988119e-03 2.89223403e-01 1.03569090e-01 1.00744121e-01 -2.23776400e-01
1.12141967e-01 3.99118811e-02 -5.26228137e-02 7.35504786e-03 3.69461328e-02 -1.09793700e-01 5.51993698e-02 -9.31334943e-02 -2.43827458e-02 -1.08546495e-01 7.69275069e-01 7.10274652e-02 4.49543707e-02 5.03546838e-03 6.12836778e-02 8.16531293e-03 6.92252740e-02 1.41422048e-01 -1.14527017e-01 -2.35512674e-01 1.52762547e-01 3.40266414e-02 2.32932508e-01 -3.34221944e-02 5.68732210e-02 -3.57957572e-01 -6.57100677e-02 2.33510006e-02 -1.21095777e-01 -2.63656974e-02 -4.71633263e-02 -1.25435591e-01
1.23096339e-01 -1.28488421e-01 -1.97681002e-02 7.94864967e-02 -1.77483290e-01 9.14912671e-02 -4.28117849e-02 -6.39330968e-02 1.10701144e-01 -2.39327893e-01 -1.96566179e-01 7.69720316e-01 1.43806934e-02 -7.28292465e-02 -6.11391142e-02 -2.21810490e-01 8.03430378e-02 -1.07572405e-02 -6.80669770e-02 -3.59586403e-02 4.60641086e-02 4.85782735e-02 6.75743725e-03 -1.52175233e-01 -5.93281463e-02 -9.75644886e-02 1.84833426e-02 1.82055369e-01 1.40587166e-01 -3.51227298e-02 1.31582273e-02 -2.21069261e-01
7.93308616e-02 -9.03566647e-03 3.27209830e-02 2.82862056e-02 1.14448041e-01 2.84168851e-02 -7.86043704e-03 -1.93791259e-02 4.76861373e-02 -1.00244274e-02 -1.71844557e-01 -2.21601967e-02 7.36729383e-01 6.27514720e-02 -2.55163573e-02 -1.09079875e-01 8.66963714e-02 3.21177915e-02 -8.30616876e-02 -1.51782006e-01 2.09397763e-01 -1.18597753e-01 2.21323162e-01 3.59156698e-01 -5.64206205e-02 -3.90773006e-02 4.86764163e-02 -5.53872585e-02 5.94347045e-02 -8.84709433e-02 2.57720411e-01 1.53151616e-01
2.70228088e-01 7.02512786e-02 -5.35314865e-02 2.52002865e-01 -3.05010397e-02 4.80647832e-02 2.76751518e-02 -1.56508535e-01 6.36045821e-03 -7.69323185e-02 -1.19855568e-01 -1.45731181e-01 -2.87540406e-01 6.94976509e-01 2.08108380e-01 -1.45195559e-01 -4.96865027e-02 -9.06237811e-02 -1.15389653e-01 -3.50768901e-02 -1.83894020e-03 5.31319678e-02 1.59705743e-01 2.01779425e-01 -4.11475885e-05 -4.41432372e-02 6.35910928e-02 2.15577558e-01 9.06831026e-02 7.83795305e-03 1.02674160e-02 -2.03396697e-02
6.01939224e-02 -7.10646212e-02 -2.59497873e-02 3.98556888e-02 2.07087874e-01 -7.94981234e-03 -5.08188643e-02 3.07185575e-02 -3.14557552e-02 2.30879113e-02 8.30143224e-04 1.72859773e-01 1.82294890e-01 -6.10260479e-02 6.89967752e-01 9.07655805e-02 -7.11343437e-02 1.16332337e-01 1.19413026e-01 7.43104145e-02 -1.31204993e-01 8.67437199e-02 -1.44965291e-01 5.19196391e-02 1.62244767e-01 -3.72891724e-02 1.40398100e-01 -2.47772201e-03 -6.92479126e-03 5.05105674e-01 -2.23545693e-02 1.14939560e-03
9.09748226e-02 1.86016813e-01 -2.53814459e-01 4.34360700e-03 -1.94387272e-01 6.85423687e-02 3.06453053e-02 -3.11263978e-01 -8.41138810e-02 1.55620009e-01 -2.96787322e-01 6.65904433e-02 3.22025158e-02 -3.84994000e-02 2.94807367e-02 6.08487248e-01 1.14687167e-01 7.74306953e-02 -2.20610127e-02 1.24749556e-01 3.62956710e-02 1.84485003e-01 1.94443241e-01 -6.48789927e-02 -4.76033427e-03 -2.99256384e-01 -7.12433234e-02 -4.49244380e-02 -1.96652144e-01 -7.24645704e-02 3.74680199e-02 1.87604986e-02
7.92802423e-02 3.21845375e-02 8.29801112e-02 3.34186405e-02 -3.16092223e-02 3.98190245e-02 1.54668195e-02 5.25497645e-03 1.61741152e-02 -9.84464772e-03 -7.00997422e-03 -1.54700667e-01 -7.81621039e-02 -1.23652473e-01 2.11952135e-01 -4.14927751e-02 9.01379466e-01 -3.32834721e-02 1.84804276e-02 -4.78515308e-03 -1.94186773e-02 -7.81618506e-02 -1.31648302e-01 7.91054126e-03 6.56021014e-02 1.54738817e-02 -2.59249806e-02 7.45627359e-02 1.56979069e-01 -1.14708051e-01 -5.27331531e-02 1.57157630e-02
5.44158816e-02 1.67337048e-03 1.22103892e-01 -1.23809474e-02 1.09858111e-01 -2.43416848e-03 -1.33935325e-02 -1.44740239e-01 2.41100624e-01 -4.82700840e-02 -1.81218296e-01 -1.45866185e-01 -1.16823152e-01 -1.01779364e-01 -1.61540806e-01 -2.53811181e-01 5.28992293e-03 6.96008503e-01 7.73269832e-02 9.74608883e-02 -9.49806422e-02 7.39067420e-02 -3.40981185e-02 1.58001661e-01 -7.58950040e-02 -3.02904934e-01 1.75739586e-01 -3.87716591e-02 -7.91593641e-02 1.41156903e-02 -2.06646964e-01 7.68357236e-03
-2.25666203e-02 -8.67069513e-03 1.14700496e-01 2.14843918e-02 1.25273378e-04 -1.54171959e-01 4.02479209e-02 4.72799055e-02 -2.04757671e-03 1.37445899e-02 -7.32559105e-03 8.54044259e-02 -3.10892295e-02 1.42558202e-01 -1.20117426e-01 3.36691998e-02 6.50881827e-02 5.85050061e-02 8.23044479e-01 2.56055146e-02 2.06980467e-01 1.62632726e-02 1.39862895e-01 1.09045520e-01 1.49400219e-01 3.94866280e-02 -2.61891454e-01 1.64671034e-01 -6.38190731e-02 7.11371750e-02 1.15807794e-01 -1.06668450e-01
-2.11204141e-02 4.00896333e-02 -1.45827904e-02 1.37111038e-01 -1.74450994e-01 -1.59807622e-01 5.06925173e-02 2.97771720e-03 -3.72848362e-02 1.04117133e-02 1.97538316e-01 -9.86751691e-02 1.05155692e-01 -9.00512859e-02 -1.70968741e-01 -2.27256007e-02 1.35311289e-02 -5.69746904e-02 -1.19287476e-01 7.24862099e-01 -4.08115378e-03 -4.55669239e-02 -1.29471505e-02 1.40954182e-01 1.07510751e-02 -1.01492383e-01 1.58380508e-01 2.31035098e-01 1.65887773e-01 1.75376818e-01 2.56717801e-01 -2.07228616e-01
7.22875819e-02 -2.96991486e-02 -1.58584386e-01 7.53720477e-02 6.63700104e-02 2.17944011e-01 7.56770372e-03 -8.60071555e-02 -2.91049667e-02 2.07892567e-01 1.47907408e-02 -6.69017583e-02 -1.28937423e-01 -2.27949232e-01 8.59531984e-02 -1.60779014e-01 -5.93291223e-02 -1.53763458e-01 9.37153473e-02 8.10447559e-02 7.32708097e-01 9.31530371e-02 -4.80464660e-02 4.39881207e-03 -2.50425816e-01 -1.47201435e-03 1.88140735e-01 5.09219877e-02 2.21283771e-02 6.93287998e-02 -2.13280737e-01 1.06057100e-01
1.45395428e-01 8.22627917e-02 2.70758063e-01 -6.53378069e-02 -9.01741982e-02 1.07455954e-01 9.91970450e-02 -6.65152967e-02 -8.12464207e-02 -1.77739710e-01 9.80794504e-02 -9.14164856e-02 1.25740662e-01 -1.12131052e-01 -3.59470882e-02 1.45571830e-03 -6.80530965e-02 -2.13691905e-01 1.64392993e-01 -5.59396781e-02 -1.60786316e-01 7.46513367e-01 -9.87267569e-02 1.21875398e-01 -2.16622464e-02 -1.96239483e-02 1.56478211e-01 -4.17580977e-02 1.91563785e-01 -1.47856295e-01 -1.12907598e-02 2.77542993e-02
3.65490429e-02 4.11695652e-02 1.47587940e-01 -9.12583098e-02 1.77622624e-02 5.91562875e-02 -7.56279528e-02 -2.47141887e-02 1.50136903e-01 -7.72285610e-02 -4.50102761e-02 -5.54997139e-02 -1.03360564e-01 -2.39459783e-01 1.08413525e-01 -1.26527444e-01 6.44090818e-03 -1.45488933e-01 1.96989905e-02 1.58080056e-01 -1.41716003e-01 -2.32368708e-02 8.16032350e-01 -1.31530702e-01 1.26750944e-02 1.24864027e-01 9.25044296e-04 -8.38277116e-02 8.31520706e-02 1.40042558e-01 -1.23157389e-01 1.11458533e-01
6.38843253e-02 3.04137021e-02 3.44865054e-01 7.40516260e-02 -5.87725341e-02 1.13686524e-01 -1.43130451e-01 8.20263773e-02 1.29517332e-01 -1.07758390e-02 1.35116741e-01 2.92526305e-01 -2.01074719e-01 1.66129936e-02 -6.73182681e-02 2.93369085e-01 6.01584017e-02 -8.92791618e-03 -1.59798101e-01 1.08599633e-01 1.16810583e-01 -4.11532149e-02 -2.22720020e-02 5.77005327e-01 -2.68374756e-03 2.31894940e-01 -3.05026174e-02 -2.72019506e-01 -1.84937000e-01 5.76134138e-02 -1.37605041e-01 6.51596929e-04
2.64812410e-02 -2.07733676e-01 -6.08923845e-02 1.05989829e-01 -9.21310112e-02 4.19729948e-02 4.43870798e-02 5.14013804e-02 8.96639749e-03 1.83334246e-01 -3.05251870e-02 3.30199338e-02 2.30780393e-02 5.01752365e-03 -6.90185279e-02 -6.04474731e-02 -5.79528511e-02 -3.52014042e-02 -9.19462740e-03 4.93510626e-02 8.77277553e-02 -1.09571442e-02 4.55905162e-02 -5.11603151e-03 8.20854664e-01 -6.13291375e-02 2.77670801e-01 -1.20149240e-01 3.12292613e-02 -2.46112823e-01 -1.77298710e-01 5.03194034e-02
-4.25298139e-02 -2.23203853e-01 -1.50495276e-01 2.41485909e-02 1.54000476e-01 6.09698035e-02 2.76315901e-02 -1.73413992e-01 -5.91347292e-02 5.77215292e-02 8.31165537e-02 -2.39787884e-02 5.65718710e-02 2.92095430e-02 -2.52832696e-02 9.43060592e-02 6.43263534e-02 4.20974821e-01 -1.78957224e-01 3.59522551e-02 9.26868469e-02 3.09527636e-01 1.24622695e-01 -7.12418109e-02 6.50072545e-02 6.39735162e-01 -1.05204180e-01 1.72630593e-01 7.96768293e-02 -5.88947050e-02 5.44874296e-02 -1.79300353e-01
-1.54694870e-01 1.58864092e-02 8.05495679e-02 -5.16788773e-02 1.65146179e-02 -1.10317908e-01 7.15195015e-02 -1.68101788e-01 4.50926721e-01 -2.25567147e-01 8.16236287e-02 -4.16891929e-03 1.03612142e-02 1.24598920e-01 -7.81345442e-02 3.51373255e-01 5.28013632e-02 -4.84227985e-02 1.02501601e-01 -1.32009193e-01 8.88893157e-02 -1.15884684e-01 -3.05384174e-02 -1.92519724e-01 -3.69421728e-02 1.46702200e-01 5.92791557e-01 1.53372303e-01 6.24670507e-03 6.20234050e-02 7.58753493e-02 1.22064188e-01
9.91665497e-02 3.24564544e-03 1.30735770e-01 1.29244328e-01 -4.19485830e-02 6.14851192e-02 -5.97008020e-02 5.58287688e-02 -9.77024734e-02 1.12148263e-01 2.13342533e-02 1.15515315e-03 6.47405013e-02 -2.53409088e-01 3.06745153e-02 5.01164123e-02 -1.09180830e-01 -2.70963069e-02 -1.55995451e-02 -9.34204757e-02 -2.01470271e-01 -9.87130105e-02 2.29075532e-02 1.37930483e-01 -5.81565592e-03 5.54695241e-02 3.76767330e-02 7.37822831e-01 -3.33577484e-01 -1.70590326e-01 -1.66514516e-01 2.02915192e-01
-5.61065674e-02 4.74899709e-02 -6.82917088e-02 2.01800227e-01 2.36623045e-02 -1.17854536e-01 -4.80169281e-02 -7.77229816e-02 1.86766192e-01 -1.90779179e-01 7.17102690e-03 -4.70369495e-02 -6.95283785e-02 -2.11685047e-01 9.69027504e-02 2.55163521e-01 -2.29699910e-01 8.38721395e-02 -7.09108496e-03 -5.70277870e-02 6.97960481e-02 -1.22742109e-01 -6.95684701e-02 1.45806521e-01 7.75874779e-02 -7.89225549e-02 -3.32629383e-01 1.03833161e-01 6.43416286e-01 -1.32091373e-01 -1.20708443e-01 1.99792475e-01
-1.18710203e-02 -1.51982322e-01 -6.85429946e-02 4.08438802e-01 -2.61117458e-01 -1.03224225e-01 1.62934214e-01 -1.52406944e-02 5.75991347e-03 -7.31448829e-02 -3.77773531e-02 -7.92927891e-02 2.52248272e-02 -6.65542781e-02 -3.07516396e-01 -5.83532415e-02 1.26108289e-01 -2.27781981e-02 -1.09606914e-01 -2.20872417e-01 -1.00925434e-02 1.63279966e-01 -1.59330107e-02 -3.84817347e-02 7.79185891e-02 2.55327486e-02 -1.46498278e-01 -3.54488343e-02 -1.02670133e-01 5.74998498e-01 -3.90468948e-02 3.25022101e-01
2.00648323e-01 1.45612627e-01 1.35489136e-01 -2.77532618e-02 5.11700436e-02 5.95019497e-02 -3.52700017e-02 -1.24259844e-01 2.61620015e-01 -3.65333594e-02 -4.10898551e-02 -6.96152374e-02 -2.47179568e-01 -2.47672424e-01 1.18532360e-01 -1.38822794e-01 -1.01430796e-01 3.70094669e-03 -1.21827431e-01 -4.71713878e-02 1.48405358e-01 5.17390333e-02 -1.17864423e-01 -7.24980310e-02 2.52012461e-01 1.80926640e-02 -1.61426693e-01 1.27879502e-02 -2.10371166e-01 -3.03869154e-02 6.69780552e-01 9.70987678e-02
-1.97943389e-01 -3.64116319e-02 1.34276241e-01 -8.37793127e-02 1.19226336e-01 1.48035288e-01 9.86149535e-03 9.70351975e-03 -1.91434458e-01 2.07285836e-01 1.76782936e-01 3.07446420e-01 -1.05052419e-01 2.37121984e-01 -4.23510969e-02 -3.44389267e-02 8.39285105e-02 1.60530835e-01 3.83436680e-03 2.01136276e-01 -4.13183793e-02 7.54715130e-02 2.41640788e-02 -1.11319669e-01 -5.59174158e-02 -1.05053112e-01 9.96671151e-03 3.31514142e-02 1.59367055e-01 -5.46292998e-02 1.93225518e-01 6.69139028e-01
