1 5 16 16 32
-3.785819e-01 7.100723e-02 -4.506093e-02 3.164387e-01 3.377022e-01 2.702455e-01 2.945797e-01 1.335710e-01 -1.777626e-02 4.054851e-01 -1.441583e-01 2.754906e-01 2.345921e-01 8.151274e-02 2.891752e-01 -1.284234e-01
-9.056883e-02 3.853158e-01 1.931850e-01 1.495212e-01 7.785366e-02 -1.962782e-01 -2.795496e-02 2.192632e-01 -2.597540e-01 -1.501810e-01 1.179656e-01 3.821771e-01 2.351652e-01 -1.190122e-01 -4.045362e-01 -8.905512e-02
5.221796e-02 -3.408403e-01 1.992100e-01 1.434075e-01 -6.274807e-02 4.346614e-01 -7.617387e-02 2.209779e-02 2.485060e-01 -1.758730e-01 -1.469505e-01 -3.961601e-02 4.402830e-01 -2.969745e-01 2.791797e-02 -2.701117e-01
2.141125e-01 -3.224363e-01 -1.878886e-01 -1.716124e-01 -1.075430e-01 2.736545e-01 3.092409e-02 -1.452489e-01 2.733405e-01 3.053031e-01 -2.672522e-02 -2.706826e-01 -2.009256e-01 3.822128e-02 4.868680e-01 1.340613e-01
8.356458e-02 1.055384e-01 3.451374e-01 -1.308188e-01 -3.726551e-01 -1.707350e-02 -1.228859e-01 1.558913e-01 -4.446483e-02 1.436615e-01 3.440218e-01 4.744015e-02 8.859786e-02 -3.272573e-02 -3.733192e-01 5.218834e-01
-9.399536e-02 2.599707e-01 -6.826151e-02 -1.636243e-01 1.678385e-01 1.542258e-01 3.124183e-01 -1.992242e-01 1.439061e-01 -2.503808e-01 -2.935027e-01 6.906025e-02 3.472420e-01 2.374271e-01 -1.465687e-01 2.568682e-02
-1.058671e-01 2.168104e-01 -1.977973e-01 -8.214011e-03 2.776928e-01 1.401537e-01 -3.471760e-01 -1.208247e-01 2.317640e-02 -2.546151e-01 6.160468e-02 4.048932e-01 -1.239984e-01 6.507093e-02 4.589875e-01 -1.097955e-01
-3.997504e-02 2.412013e-01 6.436125e-02 -1.746730e-01 8.034474e-02 -2.433939e-01 3.854733e-02 1.813575e-01 1.448114e-01 3.270126e-02 4.389917e-02 -1.371623e-01 -3.134964e-01 4.907621e-01 3.910705e-01 -3.138214e-01
4.709071e-02 1.997876e-01 -1.821054e-01 1.715425e-01 -1.000184e-01 8.470815e-02 3.058740e-01 2.048924e-01 4.615832e-02 3.286701e-01 1.799040e-01 -6.689694e-02 2.280917e-01 9.469558e-02 -1.981936e-01 2.920936e-01
-1.066924e-01 -5.225721e-02 6.364245e-02 -1.739570e-01 1.969583e-01 -1.136370e-01 -2.633975e-01 -2.052238e-02 -7.587365e-03 -4.031655e-01 -1.042609e-01 3.761533e-01 2.869807e-02 4.807404e-02 4.746359e-01 -2.047925e-01
5.994079e-02 -1.784677e-01 7.736681e-02 2.009784e-01 -1.570762e-01 -1.210563e-01 -2.317885e-01 2.367515e-01 -1.585182e-01 3.813487e-01 3.418079e-01 -1.955926e-01 -2.600228e-01 -9.295086e-02 1.595275e-02 1.481664e-01
8.947204e-04 -2.563246e-01 1.991786e-01 -7.034945e-03 -2.089343e-01 -1.649661e-01 3.682704e-01 1.892160e-01 -8.329543e-03 2.584955e-01 -4.858126e-02 -2.017874e-01 1.177655e-01 -8.159786e-02 -3.009217e-01 1.409310e-01
-1.938628e-01 5.703321e-01 1.247943e-02 -2.789825e-02 1.010077e-01 -3.211446e-01 -1.727034e-01 2.122798e-01 -1.994040e-01 1.138855e-01 -3.853276e-02 2.081889e-01 -1.890205e-01 -9.601616e-02 -4.438657e-01 -1.626952e-01
-3.253653e-01 -2.537769e-02 -3.067234e-01 7.663561e-02 2.205248e-01 1.304890e-01 -1.810381e-01 5.554479e-02 1.781380e-01 -2.021433e-01 2.100197e-02 5.573773e-01 -2.035187e-02 -1.232858e-03 4.027189e-01 4.924117e-02
4.043656e-02 2.853422e-01 -1.789480e-01 -9.475992e-02 -4.085429e-02 -2.650148e-01 -2.415230e-02 1.084209e-02 -2.581877e-01 1.640998e-01 3.347893e-01 -8.779677e-02 -2.158496e-01 2.159587e-01 -7.934409e-02 1.912972e-01
8.638775e-02 -3.716118e-01 2.091309e-02 -1.864834e-01 -2.651762e-03 3.980697e-01 2.068949e-01 -2.384187e-01 3.066066e-01 -2.424245e-02 5.844282e-02 -2.103397e-01 -3.619576e-02 1.256207e-01 4.215249e-01 1.532628e-01
-2.039220e-01 6.073061e-03 -6.310463e-02 8.462661e-02 5.635417e-01 1.180621e-01 9.093732e-02 -7.279523e-03 -8.189984e-02 -1.599108e-02 -1.580051e-01 -7.464509e-02 -1.034356e-01 4.979960e-02 4.976732e-01 -4.285495e-01
-9.900323e-02 4.659526e-01 4.571358e-02 1.409395e-01 1.390423e-01 -2.496428e-01 -1.383733e-01 3.203126e-01 -2.712060e-01 1.144001e-01 5.047846e-02 3.728623e-01 4.099619e-02 -2.255898e-01 -3.421381e-01 -1.005230e-01
-1.942311e-01 -2.610542e-01 1.891497e-01 2.330055e-01 1.696452e-01 -2.005708e-02 -6.188084e-02 8.963519e-04 4.024312e-01 -2.390856e-01 -3.260551e-01 3.771631e-01 2.357471e-01 -1.892422e-01 -2.144738e-02 -1.263946e-01
9.300518e-02 -4.728556e-01 -5.064341e-02 -1.931012e-02 -1.608147e-01 1.732000e-01 1.153387e-01 -1.379622e-01 1.924322e-01 1.656566e-01 6.573436e-02 -1.322877e-01 2.002316e-01 1.345661e-01 5.598602e-01 1.545370e-01
-1.752633e-01 1.491839e-01 4.805221e-01 -4.013767e-02 -6.365536e-02 9.763800e-02 -4.878644e-02 2.492093e-01 -1.235203e-01 2.896937e-01 3.217884e-01 5.671199e-02 2.121912e-01 5.568482e-02 -1.477848e-01 4.779371e-01
-2.328175e-01 1.190792e-01 2.378534e-02 -9.421477e-02 6.043974e-01 -1.065231e-01 -2.429685e-01 -2.402609e-02 3.310905e-01 -2.056861e-01 -3.255745e-01 2.898775e-01 -8.790681e-02 1.230510e-01 1.252146e-01 -1.420137e-01
2.134576e-01 1.378753e-01 -1.770154e-01 3.767999e-01 -1.556794e-01 2.026097e-01 -5.920516e-02 1.884967e-01 8.891685e-02 4.238746e-01 3.713452e-01 -1.034742e-01 -9.640279e-02 -9.985254e-02 -1.335773e-01 1.286393e-01
-5.557546e-02 1.767980e-01 2.194341e-01 -1.802341e-01 3.293792e-01 2.149381e-01 -1.886398e-01 -1.826110e-01 1.183193e-02 -4.388046e-02 -2.756380e-01 -2.147989e-03 -2.212824e-01 -1.952193e-01 -2.269210e-02 -1.075781e-01
4.402469e-01 2.426605e-01 -3.502323e-01 3.815826e-02 1.998512e-02 2.152785e-01 -8.697041e-02 -1.981976e-01 -6.651001e-02 -1.581412e-01 -4.060182e-02 -5.610205e-02 -1.200229e-01 4.017070e-02 1.114991e-01 -9.200518e-02
-4.891958e-02 4.884607e-01 2.494701e-01 -6.162082e-02 2.355515e-01 2.774408e-02 1.117194e-02 2.499729e-01 -7.023261e-02 -5.292348e-02 -9.120283e-02 3.265583e-01 -2.031922e-01 -2.324511e-01 -4.017857e-01 -1.504085e-01
-3.170728e-01 3.798522e-02 -2.215157e-01 -1.895119e-01 1.943695e-01 1.144641e-01 2.317527e-01 -5.923991e-02 2.732075e-01 -2.758947e-01 -2.862230e-01 4.575930e-01 3.280317e-01 8.260478e-02 1.205655e-01 1.177266e-02
2.532472e-01 -1.452181e-01 -8.803943e-02 -8.683970e-02 -1.245973e-01 6.026739e-01 3.727336e-02 -1.210846e-01 -5.298499e-02 -2.963008e-02 -3.905169e-02 -1.410872e-01 3.260433e-01 -2.512968e-01 -1.428162e-01 -1.344655e-01
-2.142791e-01 -1.457388e-01 8.882915e-02 2.091814e-01 1.852254e-02 -2.204157e-01 2.328183e-03 -4.778468e-02 -3.221355e-02 -3.283185e-03 -1.726850e-02 3.523280e-01 9.009996e-02 -2.565213e-01 -2.727973e-01 3.168743e-01
-1.051369e-01 1.033811e-01 2.388314e-01 7.681407e-02 -2.077847e-01 1.213279e-01 -2.673472e-02 3.751514e-01 -1.810419e-01 2.208902e-01 1.280454e-01 1.513375e-01 3.979805e-01 8.524530e-02 -2.336458e-01 4.937138e-01
-4.523924e-02 3.915658e-01 7.441413e-02 -3.736829e-02 3.131244e-01 -1.012853e-01 3.538882e-02 1.498355e-01 -1.241544e-01 -4.424101e-02 1.647380e-01 5.701692e-01 -1.589512e-02 -1.356227e-01 -3.286749e-01 -2.194897e-01
4.484946e-01 -5.892992e-02 6.777370e-02 -2.607146e-01 -3.225527e-01 -2.075872e-01 -2.952287e-01 -9.482163e-02 9.233815e-02 -4.176649e-01 1.025359e-01 -2.179231e-01 -2.016813e-01 -7.496875e-02 -2.595249e-01 8.975672e-02
3.916093e-02 -5.835323e-02 -7.161257e-02 -6.960520e-03 5.138838e-02 -6.782471e-02 1.662810e-01 -6.379260e-01 -1.499928e-02 3.374730e-01 3.160814e-01 1.017484e-01 1.773738e-02 4.976674e-02 -4.385628e-01 -6.312026e-03
7.052255e-02 1.570749e-01 4.318267e-01 -1.061677e-01 -4.442674e-01 6.570097e-02 -1.638346e-01 -8.243605e-02 -1.061900e-01 -1.922298e-02 4.132061e-01 -1.039947e-01 -1.735722e-01 -6.195939e-02 3.074636e-01 1.309390e-01
-2.263159e-01 -3.305481e-01 -8.086731e-02 1.419673e-01 3.307675e-01 -1.628993e-01 -3.062093e-01 4.914916e-01 -7.181000e-02 -1.991685e-02 -2.287374e-01 1.548693e-01 -2.949378e-01 1.623302e-02 1.683498e-01 8.766367e-02
1.333137e-01 -1.229213e-02 1.450750e-01 -8.143412e-02 -4.632753e-03 4.920758e-01 -4.963632e-01 -2.115574e-02 1.021560e-01 2.815964e-02 2.043614e-02 -2.234581e-01 -5.050060e-01 1.797970e-01 -4.576252e-02 1.486408e-01
-2.971133e-01 -2.174373e-01 -1.867038e-01 3.039639e-01 1.952385e-01 -2.616168e-01 1.310520e-01 1.913645e-02 -3.287436e-01 1.203966e-01 1.039269e-01 3.798245e-01 1.933429e-01 -1.718518e-01 -1.329627e-01 -1.038933e-01
-8.483443e-02 2.973612e-01 -9.788920e-02 -6.112219e-02 -3.596584e-01 -2.663095e-01 -3.522524e-02 -8.928580e-04 4.639012e-01 -1.357506e-01 1.314372e-01 -4.143153e-02 6.941735e-02 -1.238718e-01 -1.116349e-01 -7.837754e-02
-1.859993e-01 -4.775495e-02 4.689939e-02 -2.622877e-01 -2.688458e-01 -2.974809e-01 6.210410e-02 -4.370575e-01 -3.220440e-01 -4.990229e-02 -5.075834e-02 2.579038e-01 -1.661472e-02 1.418231e-02 3.096301e-02 3.180769e-01
-1.938032e-01 2.042470e-01 -2.361985e-01 7.553776e-02 2.014948e-01 -5.193073e-01 3.388305e-02 -1.840043e-01 1.550839e-01 5.255375e-02 1.275156e-01 -7.025980e-02 -1.481083e-01 -1.287230e-01 1.046590e-01 -1.915718e-01
-1.733227e-01 -4.159207e-02 -2.166455e-01 1.684086e-01 2.113611e-01 9.512215e-02 -4.794938e-02 7.557142e-02 1.337190e-01 7.757647e-02 9.339625e-02 2.359840e-01 1.565423e-01 9.016719e-02 4.919003e-01 1.406093e-01
1.013095e-01 -4.101495e-03 -1.435048e-01 -3.519249e-01 -4.594874e-02 4.073315e-02 -1.006460e-01 -1.682792e-01 2.145069e-02 2.607293e-01 2.699123e-01 -1.958315e-01 9.602933e-02 4.782012e-02 3.475941e-01 5.533194e-02
4.510419e-01 -2.735388e-01 -1.130055e-01 -3.240145e-01 2.532205e-02 -2.096668e-01 -1.469062e-02 1.003730e-02 2.497382e-01 4.573958e-03 -1.523925e-01 -1.689096e-01 2.881390e-01 7.467776e-02 1.375569e-01 9.101024e-02
6.564579e-02 -4.017024e-01 2.607419e-01 -3.180955e-02 2.655882e-01 2.288074e-01 -2.493320e-01 -1.037027e-01 -3.785644e-01 7.607441e-02 -1.841643e-01 3.845218e-02 -4.550090e-02 5.581045e-02 2.129860e-01 -4.397930e-03
-2.399314e-02 9.903637e-02 3.651960e-01 -2.219663e-01 -1.104864e-01 9.019648e-02 -4.255111e-02 3.148704e-01 -8.186977e-02 -2.815725e-01 4.955504e-02 -2.036603e-01 -2.062507e-02 -3.304302e-01 -2.492169e-02 3.651031e-01
-1.287438e-01 -6.013879e-02 8.819707e-02 2.993811e-01 -1.587918e-01 -3.466648e-01 -3.182172e-02 -9.030538e-03 4.603408e-01 4.326410e-02 2.566627e-01 1.672888e-01 -1.441217e-02 -3.998103e-01 -7.881560e-02 2.044726e-01
3.019224e-01 -6.757264e-02 -4.878437e-02 3.698737e-01 1.711237e-01 2.537490e-01 -1.425584e-01 4.664695e-01 3.130504e-01 -1.915879e-01 1.044721e-01 -1.146464e-02 1.259832e-03 -1.807427e-01 -1.914756e-01 -1.911615e-01
-3.376433e-02 -6.109883e-02 5.416944e-02 2.012260e-01 3.411942e-02 -1.205169e-01 9.395374e-02 1.227118e-01 2.413132e-01 -2.570286e-01 -4.683987e-01 5.482699e-02 -2.441138e-01 1.288697e-02 -4.140673e-01 -7.922393e-03
2.827325e-02 -1.212753e-01 -3.666377e-02 9.531698e-02 3.272672e-01 -4.738179e-02 -2.398042e-01 -3.254790e-02 -3.049011e-01 1.922984e-01 4.494796e-01 1.892829e-01 -1.012841e-01 -3.463465e-01 -3.281110e-01 -5.684033e-02
8.767879e-02 1.797802e-01 -2.860947e-02 -9.197699e-02 -6.875507e-02 -2.290421e-01 -7.517471e-02 -5.694147e-01 -5.918216e-04 1.847853e-01 3.400484e-01 6.598764e-02 1.366263e-01 2.902440e-01 3.107045e-01 -2.173475e-01
8.791747e-02 -8.188624e-02 -2.482421e-02 8.537966e-02 1.360340e-01 2.614726e-02 -5.827817e-02 7.284543e-01 2.427375e-01 -1.096306e-02 -6.035535e-02 -3.093606e-01 8.292977e-03 1.878847e-01 2.532053e-02 -2.817378e-01
2.010465e-01 1.906603e-01 2.658332e-01 -4.032378e-02 -3.269477e-01 1.959752e-01 1.760275e-01 -4.007346e-01 -3.097522e-03 -2.684561e-02 2.646871e-01 -1.566009e-01 -1.397426e-01 1.066629e-01 -4.577085e-01 4.186671e-03
-1.656735e-02 5.481547e-02 -8.648424e-02 1.868597e-01 3.737902e-01 2.378516e-01 2.456370e-01 1.353505e-01 -1.629869e-01 2.696345e-02 1.543777e-01 1.824143e-01 -2.434811e-01 1.471139e-01 9.107939e-02 4.227584e-01
1.699999e-01 3.872198e-01 4.930305e-02 -2.979540e-01 -3.138425e-01 1.564085e-01 2.308311e-01 -3.349846e-01 7.428568e-02 9.416145e-03 1.791041e-01 -1.353553e-01 4.196462e-01 -5.784402e-02 -7.526877e-02 -8.975652e-02
1.602370e-02 -8.966560e-02 -4.124162e-01 1.915778e-01 2.366055e-01 -1.693468e-01 1.069515e-01 -3.298319e-01 2.558914e-02 3.364175e-01 -1.582536e-01 1.391407e-01 5.382228e-02 3.877975e-01 -1.142436e-02 -3.499516e-01
9.103663e-02 -3.742991e-03 -1.088213e-01 -1.075728e-01 2.150794e-01 3.697787e-01 2.256248e-02 9.864716e-03 -4.594650e-01 -1.873476e-03 -1.414260e-01 -3.327735e-02 6.454016e-02 3.531630e-01 2.073551e-01 -2.173213e-02
2.571765e-01 -9.774908e-02 -9.373194e-02 3.780650e-02 -4.621986e-02 -1.715635e-01 1.983276e-01 3.196767e-01 -1.058264e-02 7.327823e-02 -1.992761e-03 1.013048e-01 4.113960e-01 -9.599991e-02 -4.825497e-01 2.026636e-02
-1.004092e-01 -4.938681e-02 -8.933391e-02 2.030983e-02 5.621949e-02 1.269050e-02 1.108514e-01 -3.676338e-01 -1.705928e-02 3.129528e-01 2.048153e-01 1.608035e-01 2.938703e-01 -1.915421e-02 -6.536809e-01 2.238620e-02
-1.371935e-02 2.963024e-02 4.833382e-01 -6.581008e-02 -1.703211e-01 4.213130e-01 -8.803824e-02 2.652161e-01 8.454650e-03 -3.302266e-01 2.415085e-01 -1.087710e-01 5.082883e-02 -3.031981e-01 1.717036e-01 2.962108e-01
-3.245431e-01 1.606841e-01 1.808179e-01 -1.642293e-02 3.764451e-02 2.806423e-01 -3.441589e-01 -3.751282e-01 9.405132e-03 -1.070531e-01 -8.089444e-03 -8.547761e-02 -3.496540e-01 9.957855e-02 4.045666e-01 -1.723997e-02
4.416503e-02 1.384911e-01 5.590732e-02 -2.876677e-02 -9.114212e-02 4.863441e-02 -1.218774e-01 3.147475e-01 1.396913e-01 -2.509541e-01 -3.165153e-01 -1.175409e-01 -1.448954e-01 9.099309e-02 5.389291e-01 -2.840274e-02
-7.321936e-02 6.132958e-02 -7.436730e-04 2.788252e-01 4.374923e-02 1.449360e-01 -6.563032e-02 -2.415717e-01 1.336823e-01 3.562688e-02 2.851316e-03 1.202172e-01 -5.493363e-01 -9.728365e-02 -2.126317e-01 -7.932603e-02
3.183766e-01 -1.132589e-01 -6.431834e-02 -1.396294e-02 -1.394069e-01 7.009113e-01 -1.679590e-01 2.517437e-02 3.454451e-02 -2.883514e-03 -8.696456e-02 -8.290011e-03 5.487221e-02 9.236208e-02 -1.754992e-02 8.987232e-03
-2.401224e-02 1.681257e-01 -6.855239e-02 -3.309076e-01 -1.235893e-02 -3.802151e-03 3.250760e-01 2.349347e-02 5.391942e-02 8.392593e-03 6.190972e-02 -8.627180e-02 6.683520e-01 -1.239900e-01 1.752164e-01 -1.638378e-03
-5.524070e-02 1.796704e-01 1.016322e-01 -1.312803e-01 -5.029441e-02 -8.232851e-02 -1.087621e-01 1.373037e-01 -4.515189e-02 4.097518e-01 -1.672076e-01 -1.972364e-01 -1.641652e-01 -1.205170e-02 -4.013709e-02 4.877957e-02
-3.280528e-02 1.581002e-01 -3.401453e-02 -2.080808e-01 2.787893e-01 3.072624e-02 1.109071e-01 1.108417e-02 1.687007e-01 2.588023e-01 2.585414e-01 4.213484e-01 -1.116368e-01 2.722427e-02 7.927154e-02 -1.327831e-01
4.815813e-01 -1.962906e-01 -1.436616e-01 1.050033e-01 -6.283629e-02 9.582405e-02 1.580900e-02 -1.217238e-01 3.357710e-02 -1.925507e-01 1.135709e-02 3.049347e-01 2.133743e-01 -8.110679e-02 -1.212893e-01 -1.493189e-01
-2.490812e-01 -1.977378e-02 1.403923e-01 9.335467e-02 4.511408e-01 1.080164e-01 4.023980e-01 1.743760e-01 6.889048e-02 8.621328e-02 3.755230e-02 -2.334707e-01 5.093199e-02 1.542466e-01 2.994292e-01 3.374130e-03
-3.558360e-01 1.956411e-01 3.294178e-01 1.500742e-01 1.438855e-01 2.072500e-01 1.257335e-01 1.395077e-01 5.450404e-02 5.201452e-01 1.506491e-01 2.873831e-01 1.288970e-01 4.645268e-02 1.170798e-01 1.501087e-01
7.542878e-02 -1.254993e-01 2.948242e-01 -1.029798e-01 -1.281645e-01 -1.340706e-01 3.311713e-01 -6.317940e-02 -7.803832e-02 -1.563293e-01 -2.505315e-01 -2.240418e-01 1.951632e-01 8.658252e-02 -2.324712e-01 -2.132648e-02
-6.123707e-02 3.653114e-02 -2.720497e-01 1.172272e-01 1.934604e-02 1.407560e-01 -2.449071e-01 8.893093e-02 2.633355e-02 -2.114768e-02 2.333493e-01 3.327088e-01 -1.937436e-01 -5.672577e-02 4.548624e-01 -1.582353e-02
-1.080831e-02 1.240929e-01 -1.059219e-01 7.791230e-02 2.086284e-01 -1.095567e-01 -2.647274e-02 8.419391e-02 -2.144895e-01 6.687778e-02 4.819653e-01 -8.378646e-02 9.813009e-02 -1.705880e-01 -3.628566e-02 8.670741e-02
3.214487e-01 -2.898576e-02 -1.135281e-01 -1.276823e-01 -4.426517e-03 5.364276e-01 -1.181596e-01 2.742951e-02 -1.039653e-01 -7.895759e-02 -4.105467e-02 -3.353225e-01 1.107061e-01 -1.292791e-02 -1.048419e-02 -2.209462e-01
-1.559410e-01 1.141281e-02 -4.501205e-02 -1.695398e-01 5.539170e-02 7.111008e-02 4.366517e-01 -4.923733e-02 2.328688e-01 -1.039076e-01 -3.389591e-01 1.189092e-01 4.374737e-01 1.346469e-01 -2.475880e-01 9.250532e-02
-2.257290e-01 1.255862e-01 4.262167e-01 3.014620e-02 1.813352e-01 1.706124e-01 5.056437e-02 3.585258e-01 -2.088978e-01 2.075077e-01 2.081314e-01 -6.313248e-02 1.558469e-01 6.035326e-02 1.226947e-01 2.826886e-01
1.212914e-01 -9.659506e-03 6.486156e-02 -3.503434e-02 2.682396e-01 9.453311e-02 1.965609e-01 2.740899e-02 -1.936132e-02 -1.735145e-02 3.177094e-01 6.421275e-01 2.893829e-01 -6.757913e-02 6.961040e-02 -1.234710e-01
1.234026e-01 -3.024622e-01 -1.431568e-01 1.419474e-01 -4.826266e-02 1.336202e-01 1.943924e-01 -8.196778e-02 3.634012e-02 -2.407787e-02 3.525761e-01 3.538705e-01 1.432882e-01 -1.913536e-01 3.155566e-01 -1.086328e-01
-1.040618e-01 2.243280e-01 -1.199018e-01 -8.968263e-02 7.226489e-03 -3.256063e-01 2.201914e-02 -5.317505e-02 -3.014623e-01 2.283966e-01 2.140878e-01 1.046856e-01 -2.669457e-01 5.558185e-02 -2.490343e-01 4.383951e-01
-1.983911e-02 -7.747547e-02 7.458885e-02 -1.508046e-01 -6.489891e-02 2.161305e-01 6.735098e-02 -9.182750e-02 4.179843e-01 -6.114326e-02 -2.099854e-01 2.828778e-01 -2.589884e-02 1.781229e-01 6.162941e-03 -7.923220e-02
-1.224163e-01 1.852568e-01 1.292177e-01 -2.008146e-01 6.124858e-01 1.435465e-02 -2.728834e-01 8.690774e-02 8.374365e-02 -1.306064e-01 -2.531398e-01 4.410991e-02 -6.688157e-02 1.201647e-02 6.052398e-02 -2.567174e-01
2.037893e-01 -2.467173e-01 4.895810e-02 1.362248e-01 -1.155041e-01 4.792363e-01 -6.082515e-02 4.400907e-03 1.689149e-01 -2.068002e-01 -1.037559e-01 -2.083983e-01 2.754466e-01 -1.456470e-01 1.675560e-01 -2.752376e-01
-2.799006e-01 -2.260629e-02 1.128113e-02 1.959857e-02 3.545777e-01 -1.300157e-01 -7.189380e-02 -5.733446e-02 2.577459e-01 -1.471221e-01 -2.554671e-01 4.071585e-01 3.437384e-02 -1.112543e-02 5.938527e-02 1.905228e-02
5.289823e-01 1.638181e-01 -4.554577e-02 4.686032e-02 -7.245047e-02 -6.784432e-03 -5.637430e-03 -6.931364e-02 -1.136598e-01 1.099048e-01 4.325045e-02 -2.086193e-01 -8.108908e-02 -4.606672e-02 -3.771343e-02 -4.343660e-02
-3.480750e-02 -9.373039e-02 1.318715e-01 1.758225e-01 8.091533e-02 -3.521487e-03 1.537910e-01 2.703120e-02 -1.201846e-01 -2.647191e-01 2.296711e-01 3.634011e-01 5.124345e-01 4.275867e-03 -1.367158e-02 -1.395491e-02
9.299771e-02 -1.188978e-01 -5.570063e-02 2.567518e-01 -1.294136e-01 -1.699398e-02 -2.748905e-01 1.759261e-01 -1.240654e-01 1.832269e-01 3.761213e-01 -5.411759e-03 -2.642697e-01 -1.465140e-01 2.956377e-01 -6.170167e-03
1.207616e-01 -1.745019e-02 2.624255e-01 -2.984919e-01 -6.523609e-02 -8.242291e-02 -1.766017e-01 1.185636e-02 -1.817866e-01 -9.944087e-02 4.119132e-01 -1.714172e-01 -1.172933e-01 -1.953273e-01 -1.837710e-01 9.096184e-02
2.814277e-02 2.950993e-01 3.583736e-02 -1.519338e-01 1.022370e-01 1.385252e-01 4.432267e-01 -1.945675e-01 1.699458e-02 -2.449972e-01 -2.479814e-01 5.190713e-02 2.900233e-01 2.798757e-01 -1.791131e-01 2.232275e-03
5.357529e-02 2.080159e-01 2.391703e-01 -9.000288e-02 5.173470e-02 1.290603e-01 -2.069964e-02 1.741643e-01 -1.863547e-02 7.687455e-02 -1.023174e-01 4.835697e-01 2.810916e-02 -1.232254e-01 -1.909553e-01 -1.165424e-01
7.739628e-03 -4.704642e-02 -1.279996e-01 1.796887e-01 -2.938035e-01 -2.024971e-01 9.565749e-02 -1.443704e-01 -2.524462e-01 1.328300e-01 2.170205e-01 1.156478e-01 -4.275872e-02 -1.352034e-01 -2.793468e-01 5.097010e-01
-2.214409e-02 -1.052858e-01 -2.400091e-02 5.314810e-01 -5.096945e-02 -3.161950e-02 2.625852e-02 1.334394e-02 -1.272964e-01 -1.702628e-01 -3.799023e-02 -1.266886e-01 3.261385e-02 -9.405535e-02 6.226250e-02 7.249596e-02
1.572120e-01 -1.214225e-01 -1.095366e-01 7.169407e-03 2.664067e-01 1.333221e-01 1.897151e-01 -1.894656e-01 2.426176e-01 -1.682212e-01 3.510976e-01 4.774247e-01 2.294960e-01 6.308614e-02 1.404016e-02 -1.655265e-01
-2.583186e-01 3.222827e-01 7.145808e-02 -2.613672e-01 1.939854e-01 -1.914823e-01 6.708339e-02 -5.465485e-02 -5.735591e-02 1.384030e-01 -4.518094e-02 -1.340593e-01 1.140563e-01 3.598027e-01 -2.024245e-01 3.982475e-01
-1.739614e-01 -1.211350e-02 -1.511148e-01 1.726603e-01 -1.283114e-01 1.093158e-01 2.628650e-01 1.499334e-01 8.572352e-02 2.405987e-01 2.149424e-02 2.147599e-01 3.802277e-01 7.769507e-02 -9.359930e-02 1.987821e-01
-5.930069e-02 5.319359e-01 -2.250889e-01 -1.028800e-02 1.779101e-01 7.457357e-02 5.339053e-02 4.109105e-02 1.628928e-01 1.634453e-01 -2.343602e-02 1.583196e-02 1.911423e-01 1.606333e-01 -1.471884e-01 2.174900e-01
-3.492985e-01 1.322051e-01 2.552927e-02 2.972429e-01 3.063486e-01 2.370836e-01 2.326657e-01 9.728011e-02 7.725374e-02 4.042502e-01 -1.472643e-01 2.734991e-01 1.334078e-01 1.122908e-01 3.079383e-01 -1.247793e-01
-1.087441e-01 1.104991e-01 -6.800761e-02 -7.853001e-02 1.567467e-01 -1.176011e-01 -7.836796e-03 -1.226970e-01 2.132340e-01 -9.230996e-02 -5.411281e-02 -5.112068e-02 -1.365823e-01 2.313300e-01 4.322740e-01 -7.923115e-02
1.514560e-01 -1.100200e-02 1.033796e-01 -1.250189e-01 2.651515e-01 -8.402478e-03 -1.326557e-01 5.815990e-03 -1.786148e-01 3.019585e-01 4.936573e-01 4.128672e-03 -1.423708e-01 -2.626983e-01 -2.145915e-01 -3.476920e-02
-9.264056e-02 -1.028371e-01 -1.974349e-01 1.633617e-01 3.458260e-01 -1.313745e-01 -2.580984e-01 -5.304710e-02 -2.314620e-01 6.231236e-02 4.092270e-01 3.683480e-01 -5.502264e-02 -3.116464e-01 -1.551350e-01 -5.842194e-02
-4.019921e-02 -6.264445e-02 -3.929756e-01 -4.528113e-03 -2.546779e-01 2.445196e-01 5.426005e-03 1.995493e-01 1.641289e-01 -2.552415e-01 -3.322573e-01 2.580335e-02 -7.382300e-02 2.256466e-02 -2.088868e-01 -2.824381e-02
-1.294233e-02 5.063692e-02 4.112236e-02 -1.515489e-01 -8.097720e-02 -1.772283e-02 1.330267e-01 9.762017e-02 1.521506e-01 7.657640e-02 -1.758581e-01 -2.901485e-01 -5.943317e-02 2.130730e-01 2.618617e-01 7.328899e-03
1.693095e-01 2.672817e-01 5.661124e-02 -4.565183e-01 7.290460e-03 -1.848434e-01 4.106652e-02 -2.365699e-01 -2.220166e-01 9.473799e-02 -4.441806e-02 -2.290262e-01 -3.416844e-02 1.928899e-02 -2.241345e-02 2.970779e-02
-2.049049e-01 2.926460e-01 -2.780391e-01 -1.775054e-01 2.443432e-01 8.318348e-03 -1.398673e-02 -9.895265e-04 3.913355e-02 4.339406e-02 -1.615147e-01 1.342497e-01 3.884822e-01 -1.232111e-01 3.979972e-01 -1.509508e-01
4.800883e-02 1.396450e-01 1.700349e-01 -6.885777e-02 -6.829455e-03 -6.296241e-01 6.541003e-02 -1.378927e-02 -2.621701e-01 1.597427e-01 1.007316e-01 -6.443724e-02 -6.723931e-02 -2.258093e-01 -8.752240e-03 1.109629e-01
-1.425095e-01 1.945429e-01 -1.457624e-02 2.264282e-01 -4.473945e-02 2.322960e-01 -4.172440e-02 -3.505826e-01 -5.820597e-02 1.015823e-01 2.207735e-01 1.357678e-01 -4.473026e-01 -1.227675e-01 -2.562942e-02 -7.035782e-02
-1.152878e-01 -1.091212e-01 -1.382132e-01 4.696375e-01 3.689367e-02 3.107592e-02 -3.361880e-02 1.427194e-01 9.658594e-02 -1.738634e-02 7.155892e-02 2.815330e-01 6.534142e-02 -3.528282e-02 1.371281e-01 7.744609e-02
-1.081747e-01 -1.818605e-03 2.340095e-02 -2.145193e-01 8.337919e-02 -1.907779e-02 6.082471e-02 4.139324e-01 -3.231944e-02 -6.704305e-02 -4.655179e-02 -2.930961e-02 4.142828e-01 -6.246565e-02 -5.333225e-02 8.435923e-02
2.273397e-01 -1.151794e-01 -1.626694e-02 1.982165e-01 -1.085407e-01 4.817990e-02 -4.729043e-02 4.774645e-02 -7.384792e-02 -3.881099e-01 1.256687e-01 4.262177e-01 -6.207299e-02 -3.160916e-01 -2.557809e-01 2.078679e-01
4.942193e-02 1.177482e-01 2.314912e-02 -2.346876e-02 3.581861e-01 1.769951e-01 2.831059e-01 4.224391e-02 -3.150770e-01 -2.569750e-02 -3.727251e-02 -3.303492e-02 -2.820151e-01 1.753333e-01 -1.948692e-01 2.402209e-01
-2.176149e-01 8.219904e-02 1.202128e-01 -8.287475e-02 1.040436e-01 1.457903e-01 -1.438567e-01 -6.160508e-01 6.086642e-02 -4.592507e-02 -2.169357e-02 -9.564377e-02 -2.746110e-01 2.533033e-01 7.026548e-02 1.303482e-01
-3.922873e-02 -1.978418e-02 -2.600414e-01 1.933576e-01 1.443693e-01 9.029811e-02 -2.150213e-02 -4.529773e-01 1.418317e-01 1.521500e-01 -1.037747e-01 1.527688e-01 1.117938e-01 4.665565e-02 1.312438e-01 -3.172510e-01
2.682431e-01 -2.290239e-02 -5.120736e-03 -2.128642e-02 -3.556120e-02 -1.407416e-01 4.398891e-02 -5.961580e-01 3.957465e-02 8.484970e-02 1.418477e-01 -1.169554e-01 -3.614943e-01 1.835816e-01 2.566495e-01 4.896981e-02
-1.616854e-02 1.161894e-01 -3.878623e-01 1.801716e-01 3.750019e-01 -3.265112e-01 7.854026e-02 -1.532257e-01 -1.572321e-01 2.002626e-01 -2.039694e-02 -7.351954e-02 -3.072416e-02 5.546461e-02 1.056154e-01 -8.685265e-02
-7.080537e-02 -4.352245e-02 -1.035331e-01 6.021409e-02 -2.733675e-01 -6.557302e-02 -2.381571e-01 -1.685080e-02 3.345817e-01 4.330462e-02 1.757241e-02 1.209369e-01 3.065270e-01 -8.447723e-02 3.225935e-01 -1.030913e-01
1.010393e-01 -3.160133e-01 -3.283837e-02 2.502793e-01 1.271041e-01 -4.652192e-03 -1.617670e-01 -2.224067e-02 -8.014748e-02 1.469809e-01 1.120574e-01 -1.794107e-01 -1.801940e-01 2.165889e-01 -3.918820e-01 1.574199e-02
2.723139e-03 -7.813567e-02 4.221454e-01 1.238322e-01 3.560979e-01 -1.557688e-02 3.266427e-02 -2.302637e-01 3.141353e-02 2.560874e-02 1.718186e-01 -1.194927e-01 1.911324e-01 -1.930833e-01 1.867871e-01 1.892218e-01
2.295015e-01 -9.096266e-02 1.360356e-02 6.972259e-02 2.408001e-02 -8.000185e-02 7.391394e-02 -2.428552e-02 4.497921e-01 -4.179522e-02 -3.149453e-01 3.212487e-02 -3.976884e-02 -1.549754e-01 -1.762500e-01 -3.056981e-02
3.552561e-01 -7.892545e-02 7.944396e-02 1.439011e-01 3.595332e-01 -1.929563e-01 1.717688e-02 2.854630e-03 1.444763e-01 3.022839e-01 2.823031e-01 -1.870841e-05 -1.553399e-01 2.114845e-02 2.190307e-01 -6.984413e-02
4.811331e-02 1.970740e-01 1.308258e-01 -1.192492e-01 -1.831447e-01 8.736384e-02 -1.005315e-01 -2.081372e-01 2.329997e-02 3.316118e-02 4.396381e-01 -3.339536e-03 8.659197e-02 9.287514e-03 2.216319e-01 -4.962662e-02
-4.388967e-02 -1.416163e-01 -6.244788e-02 1.677851e-02 -3.752524e-02 5.693231e-01 -1.709776e-01 2.556939e-02 2.108581e-01 -6.802297e-02 -1.577526e-03 3.584600e-02 -6.333704e-02 -3.285015e-02 4.126676e-02 -9.211392e-02
1.326885e-02 -2.115280e-01 -6.003206e-02 8.836709e-02 4.727654e-01 1.496061e-01 -2.784625e-01 -7.740132e-02 -1.244750e-01 -7.453887e-03 4.218097e-01 1.462650e-01 -2.892928e-01 -1.213651e-01 -2.399724e-01 5.331679e-02
-2.949869e-02 3.313602e-02 2.150856e-01 9.160614e-02 3.815871e-01 1.639677e-01 1.135445e-01 -7.404777e-02 3.802551e-02 -1.325931e-01 -1.446548e-01 6.699386e-02 5.758548e-01 1.609115e-01 7.876164e-02 7.448300e-03
-5.884310e-02 1.384902e-01 -4.810304e-01 1.173681e-01 3.840729e-01 4.679884e-02 -3.324816e-01 -1.476236e-01 1.261183e-01 6.507246e-02 -6.773271e-02 -4.380367e-02 -4.245358e-02 -5.160768e-02 2.005371e-01 -7.425158e-02
3.563418e-01 -3.291071e-01 -5.179292e-02 -2.060892e-01 4.815405e-02 -2.501355e-01 -4.650652e-04 1.691732e-01 1.651757e-01 -1.334454e-01 -2.946444e-01 -8.975068e-02 3.675203e-01 1.148638e-01 -4.261467e-02 6.634022e-02
5.871101e-02 -3.442467e-02 1.533330e-01 -1.780444e-01 -2.660031e-01 8.047212e-03 3.225057e-02 -2.201255e-02 1.086855e-02 -9.464627e-02 8.469488e-02 -7.032031e-02 -1.879632e-01 6.431517e-02 -4.370773e-01 9.984539e-03
-4.071067e-02 2.316178e-03 2.100999e-01 -2.481526e-02 -3.054183e-02 -3.197888e-03 3.765355e-02 5.209728e-01 -1.201592e-01 -2.698603e-01 -1.049132e-01 -5.324899e-02 -7.269948e-02 -1.460793e-01 -1.438622e-01 2.533673e-01
-2.666784e-01 1.418461e-01 4.567306e-02 1.952750e-02 6.405690e-02 2.496589e-01 -2.048868e-01 -3.275049e-01 -4.993991e-03 1.082811e-01 -2.522246e-02 1.315232e-01 1.475198e-01 4.493045e-02 -5.350245e-01 1.295163e-02
-1.575364e-01 9.142815e-02 -3.673732e-03 -4.615169e-02 2.200856e-02 -1.165667e-02 -4.105202e-02 1.724003e-02 -5.684291e-01 -7.491080e-03 1.354836e-01 -5.697442e-02 9.918098e-02 1.576580e-01 6.731785e-02 -7.616190e-02
2.924366e-01 -9.038464e-02 -6.136651e-02 4.241800e-02 -1.093894e-01 -1.682427e-01 9.188191e-02 5.914171e-01 -9.949554e-03 -5.134524e-02 -7.466573e-02 3.458634e-02 8.019100e-02 -6.421109e-02 8.025958e-02 7.233443e-03
