1 5 16 16 32
-3.788909e-01 7.111373e-02 -4.745140e-02 3.194228e-01 3.379726e-01 2.676019e-01 2.903425e-01 1.387309e-01 -3.019072e-02 4.105572e-01 -1.294996e-01 2.706716e-01 2.515576e-01 7.706258e-02 2.847665e-01 -1.293115e-01
-8.743937e-02 3.850530e-01 1.925479e-01 1.490812e-01 8.877806e-02 -1.893060e-01 -3.116589e-02 2.268545e-01 -2.603415e-01 -1.487527e-01 1.211787e-01 3.857410e-01 2.323533e-01 -1.248844e-01 -4.001514e-01 -8.782998e-02
4.301611e-02 -3.519066e-01 2.093337e-01 1.538492e-01 -6.963542e-02 4.267398e-01 -7.763708e-02 3.233010e-02 2.515449e-01 -1.673712e-01 -1.485751e-01 -4.592495e-02 4.321936e-01 -2.996375e-01 1.514086e-02 -2.659448e-01
2.206731e-01 -3.230646e-01 -1.990572e-01 -1.822916e-01 -1.020530e-01 2.904951e-01 4.672592e-02 -1.391630e-01 2.559115e-01 2.955468e-01 -9.501041e-04 -2.491877e-01 -1.924794e-01 1.959744e-02 5.012885e-01 1.231719e-01
7.703297e-02 1.085238e-01 3.514953e-01 -1.249548e-01 -3.591667e-01 -2.828599e-02 -1.278667e-01 1.604468e-01 -3.971196e-02 1.471035e-01 3.394049e-01 5.372091e-02 9.542979e-02 -4.245587e-02 -3.745950e-01 5.206829e-01
-9.425826e-02 2.568785e-01 -7.134141e-02 -1.695584e-01 1.733804e-01 1.464410e-01 3.201324e-01 -2.026420e-01 1.321189e-01 -2.700038e-01 -2.986858e-01 8.311108e-02 3.509220e-01 2.242469e-01 -1.333295e-01 9.963894e-03
-1.150277e-01 2.130446e-01 -2.008462e-01 -9.406975e-03 2.646422e-01 1.360704e-01 -3.474460e-01 -1.172698e-01 2.485534e-02 -2.479932e-01 6.788763e-02 4.141799e-01 -1.173064e-01 5.252917e-02 4.605766e-01 -1.077379e-01
-2.852395e-02 2.511249e-01 4.916826e-02 -1.993305e-01 7.482843e-02 -2.313237e-01 4.013950e-02 1.744923e-01 1.372060e-01 5.575239e-02 6.169434e-02 -1.299885e-01 -3.075791e-01 4.831845e-01 4.027895e-01 -3.147138e-01
5.473420e-02 2.192491e-01 -1.776723e-01 1.860846e-01 -9.040993e-02 8.494294e-02 3.124089e-01 2.118518e-01 4.592440e-02 3.345958e-01 1.950661e-01 -7.492519e-02 2.268136e-01 1.040191e-01 -1.979730e-01 3.027484e-01
-1.066423e-01 -4.891584e-02 5.682496e-02 -1.774642e-01 1.994466e-01 -1.033541e-01 -2.770224e-01 -1.622464e-02 6.198223e-03 -4.173201e-01 -1.302017e-01 3.793437e-01 3.396989e-02 6.147542e-02 4.733283e-01 -2.161120e-01
7.987581e-02 -1.784073e-01 8.174835e-02 2.126159e-01 -1.565836e-01 -1.270555e-01 -2.366949e-01 2.490489e-01 -1.711958e-01 3.745878e-01 3.455810e-01 -1.922434e-01 -2.645441e-01 -1.038030e-01 1.939136e-02 1.435278e-01
-1.208048e-02 -2.717257e-01 2.042568e-01 3.886252e-03 -2.006706e-01 -1.758392e-01 3.637520e-01 1.867435e-01 -1.545357e-02 2.480102e-01 -5.183308e-02 -1.961202e-01 1.166854e-01 -9.051277e-02 -3.014246e-01 1.442028e-01
-2.056999e-01 5.577362e-01 1.238247e-02 -1.785937e-02 1.030528e-01 -3.207819e-01 -1.824311e-01 2.070339e-01 -1.935373e-01 1.178683e-01 -3.967384e-02 2.107024e-01 -1.850814e-01 -8.896603e-02 -4.439411e-01 -1.679866e-01
-3.188335e-01 -1.883142e-02 -3.108481e-01 8.158447e-02 2.238134e-01 1.167524e-01 -1.704667e-01 4.291071e-02 1.758906e-01 -2.057163e-01 2.949695e-02 5.557461e-01 -2.043732e-02 4.308511e-03 3.981262e-01 5.549039e-02
4.191180e-02 2.805940e-01 -1.785784e-01 -8.406221e-02 -3.589283e-02 -2.651607e-01 -2.249262e-02 1.423038e-02 -2.599427e-01 1.584465e-01 3.347733e-01 -8.273873e-02 -2.100140e-01 2.124558e-01 -8.480229e-02 1.910189e-01
8.762797e-02 -3.746222e-01 1.857421e-02 -1.896255e-01 -1.253901e-02 3.970969e-01 2.035442e-01 -2.523417e-01 3.087177e-01 -2.037356e-02 5.749177e-02 -2.178401e-01 -3.834989e-02 1.300983e-01 4.163349e-01 1.525204e-01
-2.053192e-01 1.966879e-03 -5.486147e-02 7.846013e-02 5.649051e-01 1.264185e-01 7.576600e-02 -6.151599e-03 -8.265756e-02 -1.507168e-02 -1.544543e-01 -8.935182e-02 -9.674681e-02 4.724794e-02 4.998038e-01 -4.260794e-01
-1.046869e-01 4.537626e-01 4.483436e-02 1.353322e-01 1.409802e-01 -2.555345e-01 -1.453884e-01 3.246777e-01 -2.626304e-01 1.179790e-01 4.539884e-02 3.744616e-01 3.250215e-02 -2.151561e-01 -3.406078e-01 -9.608687e-02
-2.010497e-01 -2.584194e-01 2.010066e-01 2.326763e-01 1.736545e-01 -2.632410e-02 -6.138346e-02 1.528027e-02 3.839092e-01 -2.337829e-01 -3.121178e-01 3.756070e-01 2.302936e-01 -1.879665e-01 -1.814932e-02 -1.193335e-01
8.410533e-02 -4.754340e-01 -4.733909e-02 -1.498206e-02 -1.531310e-01 1.795551e-01 1.120388e-01 -1.321917e-01 1.816022e-01 1.613250e-01 6.997142e-02 -1.373415e-01 2.112543e-01 1.258115e-01 5.593399e-01 1.620726e-01
-1.697326e-01 1.494383e-01 4.928929e-01 -4.308679e-02 -6.412236e-02 8.975504e-02 -6.005683e-02 2.495246e-01 -1.247392e-01 2.852526e-01 3.357491e-01 5.049731e-02 2.035031e-01 4.624515e-02 -1.483709e-01 4.764691e-01
-2.296995e-01 1.220877e-01 2.226504e-02 -8.351907e-02 6.128865e-01 -1.028263e-01 -2.443409e-01 -3.426059e-02 3.249740e-01 -2.143382e-01 -3.213168e-01 2.948418e-01 -7.917923e-02 1.030039e-01 1.160199e-01 -1.388228e-01
2.172897e-01 1.612805e-01 -1.617741e-01 3.859333e-01 -1.601567e-01 1.833685e-01 -6.654717e-02 2.008640e-01 8.545379e-02 4.328761e-01 3.757021e-01 -1.149295e-01 -1.027055e-01 -1.026471e-01 -1.515638e-01 1.344120e-01
-5.581937e-02 1.828606e-01 2.276465e-01 -1.812462e-01 3.209006e-01 2.040185e-01 -1.723856e-01 -1.814405e-01 8.766807e-03 -3.603676e-02 -2.796227e-01 9.970595e-03 -2.126029e-01 -1.746000e-01 -1.572917e-02 -1.133828e-01
4.498931e-01 2.428176e-01 -3.514497e-01 3.347256e-02 2.037650e-02 2.125618e-01 -9.415241e-02 -2.122801e-01 -5.885139e-02 -1.610707e-01 -4.394596e-02 -5.819888e-02 -1.204190e-01 3.366903e-02 1.144774e-01 -1.055479e-01
-5.747232e-02 5.062498e-01 2.504515e-01 -5.931476e-02 2.405601e-01 2.724736e-02 9.596772e-03 2.652507e-01 -6.850127e-02 -4.919782e-02 -9.284937e-02 3.306752e-01 -2.077410e-01 -2.341762e-01 -3.998427e-01 -1.459674e-01
-3.292074e-01 4.361845e-02 -2.159216e-01 -1.946170e-01 2.083652e-01 1.163289e-01 2.244774e-01 -6.120083e-02 2.830496e-01 -2.770245e-01 -2.972900e-01 4.515227e-01 3.274306e-01 8.135711e-02 1.151758e-01 1.204657e-02
2.517568e-01 -1.447116e-01 -8.951753e-02 -7.243990e-02 -1.157121e-01 5.906950e-01 2.817517e-02 -1.247137e-01 -5.002960e-02 -5.353947e-02 -3.924653e-02 -1.492538e-01 3.239093e-01 -2.530220e-01 -1.573051e-01 -1.277391e-01
-2.062768e-01 -1.448004e-01 7.066683e-02 2.285226e-01 1.314754e-02 -2.092804e-01 5.399198e-05 -5.392380e-02 -3.475006e-02 -3.734063e-03 -3.099044e-02 3.463310e-01 9.442245e-02 -2.685069e-01 -2.647674e-01 3.245729e-01
-8.976407e-02 9.186556e-02 2.260523e-01 5.184904e-02 -2.208030e-01 1.017088e-01 -3.282898e-02 3.820672e-01 -1.794674e-01 2.112587e-01 1.350142e-01 1.477847e-01 4.022461e-01 5.921359e-02 -2.474614e-01 5.010836e-01
-4.058276e-02 3.902721e-01 7.274900e-02 -4.301144e-02 3.096197e-01 -1.032239e-01 3.771311e-02 1.507139e-01 -1.237035e-01 -3.842534e-02 1.673310e-01 5.737073e-01 -1.877903e-02 -1.366825e-01 -3.274512e-01 -2.201580e-01
4.506458e-01 -6.148840e-02 7.004528e-02 -2.689122e-01 -3.264180e-01 -2.132639e-01 -2.924515e-01 -9.962414e-02 1.109187e-01 -4.173892e-01 9.198467e-02 -2.219601e-01 -1.963547e-01 -6.966971e-02 -2.665119e-01 8.306961e-02
3.018668e-02 -5.326492e-02 -6.433195e-02 -1.800369e-02 4.640856e-02 -6.332797e-02 1.567730e-01 -6.481171e-01 -2.598487e-02 3.284325e-01 3.132768e-01 9.364963e-02 1.349474e-02 4.901654e-02 -4.427653e-01 -2.978568e-03
7.034951e-02 1.672697e-01 4.319993e-01 -1.012261e-01 -4.407724e-01 7.189360e-02 -1.779194e-01 -8.984829e-02 -1.077257e-01 -1.324060e-02 4.291452e-01 -9.694286e-02 -1.774750e-01 -5.682814e-02 3.169535e-01 1.248986e-01
-2.321487e-01 -3.253446e-01 -1.015958e-01 1.415223e-01 3.490686e-01 -1.820214e-01 -3.274535e-01 4.846370e-01 -6.777576e-02 -2.717458e-02 -2.224067e-01 1.554047e-01 -3.115121e-01 6.535987e-03 1.705684e-01 9.167991e-02
1.312007e-01 -1.281394e-02 1.449319e-01 -6.983215e-02 2.577335e-03 4.793411e-01 -4.926666e-01 -1.301094e-02 1.128263e-01 2.924929e-02 2.589801e-02 -2.262890e-01 -5.089016e-01 1.962170e-01 -3.709796e-02 1.430076e-01
-3.059241e-01 -2.134352e-01 -1.813447e-01 3.149882e-01 1.923779e-01 -2.650040e-01 1.374698e-01 3.408751e-02 -3.145811e-01 1.271191e-01 1.137652e-01 3.862214e-01 2.085768e-01 -1.703969e-01 -1.309784e-01 -1.096557e-01
-1.041165e-01 3.120360e-01 -1.058873e-01 -5.343520e-02 -3.489025e-01 -2.562392e-01 -3.998096e-02 -4.581312e-03 4.824869e-01 -1.238056e-01 1.476851e-01 -3.329438e-02 8.591875e-02 -1.134662e-01 -1.113453e-01 -9.092494e-02
-1.926222e-01 -3.830736e-02 4.660888e-02 -2.466461e-01 -2.563177e-01 -3.006035e-01 6.140138e-02 -4.362929e-01 -3.130989e-01 -5.520520e-02 -5.293028e-02 2.606775e-01 -1.962607e-02 7.624421e-03 5.248389e-02 3.205027e-01
-1.862738e-01 2.063331e-01 -2.577975e-01 8.165059e-02 1.904014e-01 -5.375168e-01 2.338715e-02 -1.801285e-01 1.508586e-01 5.694842e-02 1.398996e-01 -6.580927e-02 -1.511496e-01 -1.151346e-01 1.031431e-01 -2.003218e-01
-1.799957e-01 -3.798847e-02 -2.169205e-01 1.725686e-01 2.258199e-01 1.037608e-01 -3.785940e-02 7.060516e-02 1.293940e-01 7.458193e-02 9.975940e-02 2.415545e-01 1.460323e-01 8.250204e-02 4.928749e-01 1.384886e-01
1.018841e-01 5.051644e-04 -1.358388e-01 -3.401370e-01 -4.883919e-02 3.427476e-02 -1.100367e-01 -1.671602e-01 3.027984e-02 2.689626e-01 2.808673e-01 -1.908280e-01 9.379502e-02 4.163093e-02 3.450046e-01 6.113643e-02
4.476050e-01 -2.738750e-01 -1.267525e-01 -3.187187e-01 1.328889e-02 -2.119661e-01 -2.480357e-02 1.201069e-02 2.532425e-01 1.068984e-02 -1.502822e-01 -1.623177e-01 2.907688e-01 8.612823e-02 1.213117e-01 9.045884e-02
7.205326e-02 -3.907058e-01 2.580561e-01 -2.961639e-02 2.559755e-01 2.407079e-01 -2.287519e-01 -1.019917e-01 -3.898897e-01 8.213440e-02 -1.953787e-01 2.753141e-02 -4.830801e-02 5.787776e-02 2.136709e-01 1.184358e-02
-1.923754e-02 9.822360e-02 3.751489e-01 -2.199397e-01 -1.077303e-01 1.038535e-01 -3.292000e-02 3.138503e-01 -7.066964e-02 -2.766910e-01 6.626970e-02 -2.176843e-01 -1.743349e-02 -3.337261e-01 -2.604247e-02 3.786467e-01
-1.266801e-01 -5.296346e-02 7.907114e-02 3.029304e-01 -1.611907e-01 -3.443604e-01 -2.594327e-02 -1.436053e-02 4.610420e-01 4.778451e-02 2.508064e-01 1.768535e-01 -1.532396e-02 -4.116318e-01 -8.734810e-02 2.092506e-01
3.085428e-01 -6.922641e-02 -5.107230e-02 3.706672e-01 1.705033e-01 2.486716e-01 -1.434574e-01 4.709148e-01 3.136380e-01 -1.868882e-01 1.138820e-01 -5.407043e-03 7.469901e-03 -1.785176e-01 -1.907614e-01 -1.824774e-01
-1.923950e-02 -4.759745e-02 5.056398e-02 2.097516e-01 2.865182e-02 -1.241780e-01 9.327420e-02 1.226018e-01 2.497473e-01 -2.584699e-01 -4.634179e-01 6.507213e-02 -2.404004e-01 8.600144e-03 -4.177533e-01 -8.875617e-03
1.920631e-02 -1.218384e-01 -4.685781e-02 8.709765e-02 3.330952e-01 -3.588979e-02 -2.518694e-01 -4.610254e-02 -3.134676e-01 1.899033e-01 4.383365e-01 1.841995e-01 -8.884892e-02 -3.578848e-01 -3.420395e-01 -4.785235e-02
9.821495e-02 1.658903e-01 -2.024059e-02 -8.358318e-02 -7.720281e-02 -2.434381e-01 -6.760303e-02 -5.714720e-01 1.682793e-02 1.850947e-01 3.303815e-01 6.742319e-02 1.362873e-01 2.879974e-01 3.158502e-01 -2.281252e-01
8.988811e-02 -8.142631e-02 -2.154650e-02 9.478985e-02 1.421703e-01 3.152398e-02 -6.025210e-02 7.319748e-01 2.445552e-01 -1.594027e-02 -6.166700e-02 -3.035515e-01 9.607747e-03 1.869498e-01 3.576398e-02 -2.835870e-01
1.933057e-01 1.818711e-01 2.597378e-01 -3.642885e-02 -3.269783e-01 1.960472e-01 1.795361e-01 -3.898093e-01 1.195427e-02 -1.741828e-02 2.586808e-01 -1.734859e-01 -1.247508e-01 1.045347e-01 -4.513582e-01 5.080090e-03
-1.466837e-02 5.830196e-02 -7.882595e-02 1.933232e-01 3.780102e-01 2.318737e-01 2.530898e-01 1.420304e-01 -1.630856e-01 3.337742e-02 1.638552e-01 1.913827e-01 -2.514648e-01 1.458497e-01 1.008685e-01 4.131778e-01
1.641827e-01 3.729995e-01 5.391534e-02 -2.966807e-01 -2.984223e-01 1.564468e-01 2.398278e-01 -3.266838e-01 6.747298e-02 -4.458215e-05 1.747945e-01 -1.450441e-01 4.155895e-01 -3.712605e-02 -8.071562e-02 -9.995069e-02
1.199445e-02 -8.720084e-02 -4.098545e-01 1.933762e-01 2.403547e-01 -1.615455e-01 1.052532e-01 -3.246849e-01 2.695595e-02 3.267134e-01 -1.614136e-01 1.434017e-01 6.512537e-02 3.976945e-01 -2.372749e-03 -3.521157e-01
7.639320e-02 1.712006e-03 -1.165533e-01 -1.066961e-01 2.249700e-01 3.868461e-01 7.455578e-03 1.061183e-02 -4.537404e-01 4.628064e-03 -1.431183e-01 -1.304252e-02 6.240171e-02 3.538474e-01 2.158621e-01 -2.378159e-02
2.420980e-01 -9.087612e-02 -9.101297e-02 3.240336e-02 -5.000298e-02 -1.592627e-01 1.965670e-01 3.156149e-01 -1.500857e-02 7.369380e-02 -8.960704e-03 1.054302e-01 4.123777e-01 -9.159228e-02 -4.926786e-01 2.721766e-02
-8.828048e-02 -5.653961e-02 -8.754602e-02 1.078868e-02 4.721352e-02 1.433392e-02 1.195406e-01 -3.699999e-01 -3.947642e-02 3.066520e-01 2.049612e-01 1.625756e-01 3.044207e-01 -1.272940e-02 -6.629464e-01 3.842108e-02
-1.831030e-02 1.757309e-02 4.802260e-01 -5.693282e-02 -1.628762e-01 4.268583e-01 -9.073741e-02 2.445976e-01 2.104624e-02 -3.339062e-01 2.529084e-01 -1.076831e-01 6.821650e-02 -2.892031e-01 1.881241e-01 2.905877e-01
-3.380425e-01 1.670700e-01 1.634787e-01 -1.515388e-02 5.032983e-02 2.849046e-01 -3.596772e-01 -3.592306e-01 4.922394e-03 -9.312732e-02 -2.568200e-03 -7.343453e-02 -3.456964e-01 9.458213e-02 3.995669e-01 -1.819905e-02
4.150500e-02 1.459321e-01 5.855808e-02 -2.554734e-02 -9.269600e-02 5.633637e-02 -1.188784e-01 3.097973e-01 1.304936e-01 -2.638748e-01 -3.163930e-01 -1.039749e-01 -1.485304e-01 7.511363e-02 5.387805e-01 -2.822733e-02
-7.351282e-02 6.636583e-02 -1.256597e-03 2.866739e-01 5.462640e-02 1.479750e-01 -7.223206e-02 -2.451322e-01 1.355945e-01 3.769654e-02 -2.676299e-03 1.344263e-01 -5.527135e-01 -8.516707e-02 -2.087916e-01 -8.308937e-02
3.314437e-01 -1.048648e-01 -7.888238e-02 -2.217320e-02 -1.366247e-01 7.020180e-01 -1.555562e-01 5.825154e-03 2.948617e-02 -1.405048e-02 -8.887304e-02 -1.257750e-02 5.270891e-02 8.213150e-02 -2.118986e-02 6.684079e-03
-2.576271e-02 1.690440e-01 -7.283863e-02 -3.370518e-01 -1.019928e-02 7.157512e-03 3.217295e-01 3.731402e-02 5.105376e-02 4.568502e-03 5.294314e-02 -8.184469e-02 6.740779e-01 -1.223202e-01 1.742997e-01 -3.608553e-04
-5.524070e-02 1.796704e-01 1.016322e-01 -1.312803e-01 -5.029441e-02 -8.232851e-02 -1.087621e-01 1.373037e-01 -4.515189e-02 4.097518e-01 -1.672076e-01 -1.972364e-01 -1.641652e-01 -1.205170e-02 -4.013709e-02 4.877957e-02
-3.280528e-02 1.581002e-01 -3.401453e-02 -2.080808e-01 2.787893e-01 3.072624e-02 1.109071e-01 1.108417e-02 1.687007e-01 2.588023e-01 2.585414e-01 4.213484e-01 -1.116368e-01 2.722427e-02 7.927154e-02 -1.327831e-01
4.815813e-01 -1.962906e-01 -1.436616e-01 1.050033e-01 -6.283629e-02 9.582405e-02 1.580900e-02 -1.217238e-01 3.357710e-02 -1.925507e-01 1.135709e-02 3.049347e-01 2.133743e-01 -8.110679e-02 -1.212893e-01 -1.493189e-01
-2.490812e-01 -1.977378e-02 1.403923e-01 9.335467e-02 4.511408e-01 1.080164e-01 4.023980e-01 1.743760e-01 6.889048e-02 8.621328e-02 3.755230e-02 -2.334707e-01 5.093199e-02 1.542466e-01 2.994292e-01 3.374130e-03
-3.558360e-01 1.956411e-01 3.294178e-01 1.500742e-01 1.438855e-01 2.072500e-01 1.257335e-01 1.395077e-01 5.450404e-02 5.201452e-01 1.506491e-01 2.873831e-01 1.288970e-01 4.645268e-02 1.170798e-01 1.501087e-01
7.542878e-02 -1.254993e-01 2.948242e-01 -1.029798e-01 -1.281645e-01 -1.340706e-01 3.311713e-01 -6.317940e-02 -7.803832e-02 -1.563293e-01 -2.505315e-01 -2.240418e-01 1.951632e-01 8.658252e-02 -2.324712e-01 -2.132648e-02
-6.123707e-02 3.653114e-02 -2.720497e-01 1.172272e-01 1.934604e-02 1.407560e-01 -2.449071e-01 8.893093e-02 2.633355e-02 -2.114768e-02 2.333493e-01 3.327088e-01 -1.937436e-01 -5.672577e-02 4.548624e-01 -1.582353e-02
-1.080831e-02 1.240929e-01 -1.059219e-01 7.791230e-02 2.086284e-01 -1.095567e-01 -2.647274e-02 8.419391e-02 -2.144895e-01 6.687778e-02 4.819653e-01 -8.378646e-02 9.813009e-02 -1.705880e-01 -3.628566e-02 8.670741e-02
3.214487e-01 -2.898576e-02 -1.135281e-01 -1.276823e-01 -4.426517e-03 5.364276e-01 -1.181596e-01 2.742951e-02 -1.039653e-01 -7.895759e-02 -4.105467e-02 -3.353225e-01 1.107061e-01 -1.292791e-02 -1.048419e-02 -2.209462e-01
-1.559410e-01 1.141281e-02 -4.501205e-02 -1.695398e-01 5.539170e-02 7.111008e-02 4.366517e-01 -4.923733e-02 2.328688e-01 -1.039076e-01 -3.389591e-01 1.189092e-01 4.374737e-01 1.346469e-01 -2.475880e-01 9.250532e-02
-2.257290e-01 1.255862e-01 4.262167e-01 3.014620e-02 1.813352e-01 1.706124e-01 5.056437e-02 3.585258e-01 -2.088978e-01 2.075077e-01 2.081314e-01 -6.313248e-02 1.558469e-01 6.035326e-02 1.226947e-01 2.826886e-01
1.212914e-01 -9.659506e-03 6.486156e-02 -3.503434e-02 2.682396e-01 9.453311e-02 1.965609e-01 2.740899e-02 -1.936132e-02 -1.735145e-02 3.177094e-01 6.421275e-01 2.893829e-01 -6.757913e-02 6.961040e-02 -1.234710e-01
1.234026e-01 -3.024622e-01 -1.431568e-01 1.419474e-01 -4.826266e-02 1.336202e-01 1.943924e-01 -8.196778e-02 3.634012e-02 -2.407787e-02 3.525761e-01 3.538705e-01 1.432882e-01 -1.913536e-01 3.155566e-01 -1.086328e-01
-1.040618e-01 2.243280e-01 -1.199018e-01 -8.968263e-02 7.226489e-03 -3.256063e-01 2.201914e-02 -5.317505e-02 -3.014623e-01 2.283966e-01 2.140878e-01 1.046856e-01 -2.669457e-01 5.558185e-02 -2.490343e-01 4.383951e-01
-1.983911e-02 -7.747547e-02 7.458885e-02 -1.508046e-01 -6.489891e-02 2.161305e-01 6.735098e-02 -9.182750e-02 4.179843e-01 -6.114326e-02 -2.099854e-01 2.828778e-01 -2.589884e-02 1.781229e-01 6.162941e-03 -7.923220e-02
-1.224163e-01 1.852568e-01 1.292177e-01 -2.008146e-01 6.124858e-01 1.435465e-02 -2.728834e-01 8.690774e-02 8.374365e-02 -1.306064e-01 -2.531398e-01 4.410991e-02 -6.688157e-02 1.201647e-02 6.052398e-02 -2.567174e-01
2.037893e-01 -2.467173e-01 4.895810e-02 1.362248e-01 -1.155041e-01 4.792363e-01 -6.082515e-02 4.400907e-03 1.689149e-01 -2.068002e-01 -1.037559e-01 -2.083983e-01 2.754466e-01 -1.456470e-01 1.675560e-01 -2.752376e-01
-2.799006e-01 -2.260629e-02 1.128113e-02 1.959857e-02 3.545777e-01 -1.300157e-01 -7.189380e-02 -5.733446e-02 2.577459e-01 -1.471221e-01 -2.554671e-01 4.071585e-01 3.437384e-02 -1.112543e-02 5.938527e-02 1.905228e-02
5.289823e-01 1.638181e-01 -4.554577e-02 4.686032e-02 -7.245047e-02 -6.784432e-03 -5.637430e-03 -6.931364e-02 -1.136598e-01 1.099048e-01 4.325045e-02 -2.086193e-01 -8.108908e-02 -4.606672e-02 -3.771343e-02 -4.343660e-02
-3.480750e-02 -9.373039e-02 1.318715e-01 1.758225e-01 8.091533e-02 -3.521487e-03 1.537910e-01 2.703120e-02 -1.201846e-01 -2.647191e-01 2.296711e-01 3.634011e-01 5.124345e-01 4.275867e-03 -1.367158e-02 -1.395491e-02
9.299771e-02 -1.188978e-01 -5.570063e-02 2.567518e-01 -1.294136e-01 -1.699398e-02 -2.748905e-01 1.759261e-01 -1.240654e-01 1.832269e-01 3.761213e-01 -5.411759e-03 -2.642697e-01 -1.465140e-01 2.956377e-01 -6.170167e-03
1.207616e-01 -1.745019e-02 2.624255e-01 -2.984919e-01 -6.523609e-02 -8.242291e-02 -1.766017e-01 1.185636e-02 -1.817866e-01 -9.944087e-02 4.119132e-01 -1.714172e-01 -1.172933e-01 -1.953273e-01 -1.837710e-01 9.096184e-02
2.814277e-02 2.950993e-01 3.583736e-02 -1.519338e-01 1.022370e-01 1.385252e-01 4.432267e-01 -1.945675e-01 1.699458e-02 -2.449972e-01 -2.479814e-01 5.190713e-02 2.900233e-01 2.798757e-01 -1.791131e-01 2.232275e-03
5.357529e-02 2.080159e-01 2.391703e-01 -9.000288e-02 5.173470e-02 1.290603e-01 -2.069964e-02 1.741643e-01 -1.863547e-02 7.687455e-02 -1.023174e-01 4.835697e-01 2.810916e-02 -1.232254e-01 -1.909553e-01 -1.165424e-01
7.739628e-03 -4.704642e-02 -1.279996e-01 1.796887e-01 -2.938035e-01 -2.024971e-01 9.565749e-02 -1.443704e-01 -2.524462e-01 1.328300e-01 2.170205e-01 1.156478e-01 -4.275872e-02 -1.352034e-01 -2.793468e-01 5.097010e-01
-2.214409e-02 -1.052858e-01 -2.400091e-02 5.314810e-01 -5.096945e-02 -3.161950e-02 2.625852e-02 1.334394e-02 -1.272964e-01 -1.702628e-01 -3.799023e-02 -1.266886e-01 3.261385e-02 -9.405535e-02 6.226250e-02 7.249596e-02
1.572120e-01 -1.214225e-01 -1.095366e-01 7.169407e-03 2.664067e-01 1.333221e-01 1.897151e-01 -1.894656e-01 2.426176e-01 -1.682212e-01 3.510976e-01 4.774247e-01 2.294960e-01 6.308614e-02 1.404016e-02 -1.655265e-01
-2.583186e-01 3.222827e-01 7.145808e-02 -2.613672e-01 1.939854e-01 -1.914823e-01 6.708339e-02 -5.465485e-02 -5.735591e-02 1.384030e-01 -4.518094e-02 -1.340593e-01 1.140563e-01 3.598027e-01 -2.024245e-01 3.982475e-01
-1.739614e-01 -1.211350e-02 -1.511148e-01 1.726603e-01 -1.283114e-01 1.093158e-01 2.628650e-01 1.499334e-01 8.572352e-02 2.405987e-01 2.149424e-02 2.147599e-01 3.802277e-01 7.769507e-02 -9.359930e-02 1.987821e-01
-5.930069e-02 5.319359e-01 -2.250889e-01 -1.028800e-02 1.779101e-01 7.457357e-02 5.339053e-02 4.109105e-02 1.628928e-01 1.634453e-01 -2.343602e-02 1.583196e-02 1.911423e-01 1.606333e-01 -1.471884e-01 2.174900e-01
-3.492985e-01 1.322051e-01 2.552927e-02 2.972429e-01 3.063486e-01 2.370836e-01 2.326657e-01 9.728011e-02 7.725374e-02 4.042502e-01 -1.472643e-01 2.734991e-01 1.334078e-01 1.122908e-01 3.079383e-01 -1.247793e-01
-1.087441e-01 1.104991e-01 -6.800761e-02 -7.853001e-02 1.567467e-01 -1.176011e-01 -7.836796e-03 -1.226970e-01 2.132340e-01 -9.230996e-02 -5.411281e-02 -5.112068e-02 -1.365823e-01 2.313300e-01 4.322740e-01 -7.923115e-02
1.514560e-01 -1.100200e-02 1.033796e-01 -1.250189e-01 2.651515e-01 -8.402478e-03 -1.326557e-01 5.815990e-03 -1.786148e-01 3.019585e-01 4.936573e-01 4.128672e-03 -1.423708e-01 -2.626983e-01 -2.145915e-01 -3.476920e-02
-9.264056e-02 -1.028371e-01 -1.974349e-01 1.633617e-01 3.458260e-01 -1.313745e-01 -2.580984e-01 -5.304710e-02 -2.314620e-01 6.231236e-02 4.092270e-01 3.683480e-01 -5.502264e-02 -3.116464e-01 -1.551350e-01 -5.842194e-02
-4.019921e-02 -6.264445e-02 -3.929756e-01 -4.528113e-03 -2.546779e-01 2.445196e-01 5.426005e-03 1.995493e-01 1.641289e-01 -2.552415e-01 -3.322573e-01 2.580335e-02 -7.382300e-02 2.256466e-02 -2.088868e-01 -2.824381e-02
-1.294233e-02 5.063692e-02 4.112236e-02 -1.515489e-01 -8.097720e-02 -1.772283e-02 1.330267e-01 9.762017e-02 1.521506e-01 7.657640e-02 -1.758581e-01 -2.901485e-01 -5.943317e-02 2.130730e-01 2.618617e-01 7.328899e-03
1.693095e-01 2.672817e-01 5.661124e-02 -4.565183e-01 7.290460e-03 -1.848434e-01 4.106652e-02 -2.365699e-01 -2.220166e-01 9.473799e-02 -4.441806e-02 -2.290262e-01 -3.416844e-02 1.928899e-02 -2.241345e-02 2.970779e-02
-2.049049e-01 2.926460e-01 -2.780391e-01 -1.775054e-01 2.443432e-01 8.318348e-03 -1.398673e-02 -9.895265e-04 3.913355e-02 4.339406e-02 -1.615147e-01 1.342497e-01 3.884822e-01 -1.232111e-01 3.979972e-01 -1.509508e-01
4.800883e-02 1.396450e-01 1.700349e-01 -6.885777e-02 -6.829455e-03 -6.296241e-01 6.541003e-02 -1.378927e-02 -2.621701e-01 1.597427e-01 1.007316e-01 -6.443724e-02 -6.723931e-02 -2.258093e-01 -8.752240e-03 1.109629e-01
-1.425095e-01 1.945429e-01 -1.457624e-02 2.264282e-01 -4.473945e-02 2.322960e-01 -4.172440e-02 -3.505826e-01 -5.820597e-02 1.015823e-01 2.207735e-01 1.357678e-01 -4.473026e-01 -1.227675e-01 -2.562942e-02 -7.035782e-02
-1.152878e-01 -1.091212e-01 -1.382132e-01 4.696375e-01 3.689367e-02 3.107592e-02 -3.361880e-02 1.427194e-01 9.658594e-02 -1.738634e-02 7.155892e-02 2.815330e-01 6.534142e-02 -3.528282e-02 1.371281e-01 7.744609e-02
-1.081747e-01 -1.818605e-03 2.340095e-02 -2.145193e-01 8.337919e-02 -1.907779e-02 6.082471e-02 4.139324e-01 -3.231944e-02 -6.704305e-02 -4.655179e-02 -2.930961e-02 4.142828e-01 -6.246565e-02 -5.333225e-02 8.435923e-02
2.273397e-01 -1.151794e-01 -1.626694e-02 1.982165e-01 -1.085407e-01 4.817990e-02 -4.729043e-02 4.774645e-02 -7.384792e-02 -3.881099e-01 1.256687e-01 4.262177e-01 -6.207299e-02 -3.160916e-01 -2.557809e-01 2.078679e-01
4.942193e-02 1.177482e-01 2.314912e-02 -2.346876e-02 3.581861e-01 1.769951e-01 2.831059e-01 4.224391e-02 -3.150770e-01 -2.569750e-02 -3.727251e-02 -3.303492e-02 -2.820151e-01 1.753333e-01 -1.948692e-01 2.402209e-01
-2.176149e-01 8.219904e-02 1.202128e-01 -8.287475e-02 1.040436e-01 1.457903e-01 -1.438567e-01 -6.160508e-01 6.086642e-02 -4.592507e-02 -2.169357e-02 -9.564377e-02 -2.746110e-01 2.533033e-01 7.026548e-02 1.303482e-01
-3.922873e-02 -1.978418e-02 -2.600414e-01 1.933576e-01 1.443693e-01 9.029811e-02 -2.150213e-02 -4.529773e-01 1.418317e-01 1.521500e-01 -1.037747e-01 1.527688e-01 1.117938e-01 4.665565e-02 1.312438e-01 -3.172510e-01
2.682431e-01 -2.290239e-02 -5.120736e-03 -2.128642e-02 -3.556120e-02 -1.407416e-01 4.398891e-02 -5.961580e-01 3.957465e-02 8.484970e-02 1.418477e-01 -1.169554e-01 -3.614943e-01 1.835816e-01 2.566495e-01 4.896981e-02
-1.616854e-02 1.161894e-01 -3.878623e-01 1.801716e-01 3.750019e-01 -3.265112e-01 7.854026e-02 -1.532257e-01 -1.572321e-01 2.002626e-01 -2.039694e-02 -7.351954e-02 -3.072416e-02 5.546461e-02 1.056154e-01 -8.685265e-02
-7.080537e-02 -4.352245e-02 -1.035331e-01 6.021409e-02 -2.733675e-01 -6.557302e-02 -2.381571e-01 -1.685080e-02 3.345817e-01 4.330462e-02 1.757241e-02 1.209369e-01 3.065270e-01 -8.447723e-02 3.225935e-01 -1.030913e-01
1.010393e-01 -3.160133e-01 -3.283837e-02 2.502793e-01 1.271041e-01 -4.652192e-03 -1.617670e-01 -2.224067e-02 -8.014748e-02 1.469809e-01 1.120574e-01 -1.794107e-01 -1.801940e-01 2.165889e-01 -3.918820e-01 1.574199e-02
2.723139e-03 -7.813567e-02 4.221454e-01 1.238322e-01 3.560979e-01 -1.557688e-02 3.266427e-02 -2.302637e-01 3.141353e-02 2.560874e-02 1.718186e-01 -1.194927e-01 1.911324e-01 -1.930833e-01 1.867871e-01 1.892218e-01
2.295015e-01 -9.096266e-02 1.360356e-02 6.972259e-02 2.408001e-02 -8.000185e-02 7.391394e-02 -2.428552e-02 4.497921e-01 -4.179522e-02 -3.149453e-01 3.212487e-02 -3.976884e-02 -1.549754e-01 -1.762500e-01 -3.056981e-02
3.552561e-01 -7.892545e-02 7.944396e-02 1.439011e-01 3.595332e-01 -1.929563e-01 1.717688e-02 2.854630e-03 1.444763e-01 3.022839e-01 2.823031e-01 -1.870841e-05 -1.553399e-01 2.114845e-02 2.190307e-01 -6.984413e-02
4.811331e-02 1.970740e-01 1.308258e-01 -1.192492e-01 -1.831447e-01 8.736384e-02 -1.005315e-01 -2.081372e-01 2.329997e-02 3.316118e-02 4.396381e-01 -3.339536e-03 8.659197e-02 9.287514e-03 2.216319e-01 -4.962662e-02
-4.388967e-02 -1.416163e-01 -6.244788e-02 1.677851e-02 -3.752524e-02 5.693231e-01 -1.709776e-01 2.556939e-02 2.108581e-01 -6.802297e-02 -1.577526e-03 3.584600e-02 -6.333704e-02 -3.285015e-02 4.126676e-02 -9.211392e-02
1.326885e-02 -2.115280e-01 -6.003206e-02 8.836709e-02 4.727654e-01 1.496061e-01 -2.784625e-01 -7.740132e-02 -1.244750e-01 -7.453887e-03 4.218097e-01 1.462650e-01 -2.892928e-01 -1.213651e-01 -2.399724e-01 5.331679e-02
-2.949869e-02 3.313602e-02 2.150856e-01 9.160614e-02 3.815871e-01 1.639677e-01 1.135445e-01 -7.404777e-02 3.802551e-02 -1.325931e-01 -1.446548e-01 6.699386e-02 5.758548e-01 1.609115e-01 7.876164e-02 7.448300e-03
-5.884310e-02 1.384902e-01 -4.810304e-01 1.173681e-01 3.840729e-01 4.679884e-02 -3.324816e-01 -1.476236e-01 1.261183e-01 6.507246e-02 -6.773271e-02 -4.380367e-02 -4.245358e-02 -5.160768e-02 2.005371e-01 -7.425158e-02
3.563418e-01 -3.291071e-01 -5.179292e-02 -2.060892e-01 4.815405e-02 -2.501355e-01 -4.650652e-04 1.691732e-01 1.651757e-01 -1.334454e-01 -2.946444e-01 -8.975068e-02 3.675203e-01 1.148638e-01 -4.261467e-02 6.634022e-02
5.871101e-02 -3.442467e-02 1.533330e-01 -1.780444e-01 -2.660031e-01 8.047212e-03 3.225057e-02 -2.201255e-02 1.086855e-02 -9.464627e-02 8.469488e-02 -7.032031e-02 -1.879632e-01 6.431517e-02 -4.370773e-01 9.984539e-03
-4.071067e-02 2.316178e-03 2.100999e-01 -2.481526e-02 -3.054183e-02 -3.197888e-03 3.765355e-02 5.209728e-01 -1.201592e-01 -2.698603e-01 -1.049132e-01 -5.324899e-02 -7.269948e-02 -1.460793e-01 -1.438622e-01 2.533673e-01
-2.666784e-01 1.418461e-01 4.567306e-02 1.952750e-02 6.405690e-02 2.496589e-01 -2.048868e-01 -3.275049e-01 -4.993991e-03 1.082811e-01 -2.522246e-02 1.315232e-01 1.475198e-01 4.493045e-02 -5.350245e-01 1.295163e-02
-1.575364e-01 9.142815e-02 -3.673732e-03 -4.615169e-02 2.200856e-02 -1.165667e-02 -4.105202e-02 1.724003e-02 -5.684291e-01 -7.491080e-03 1.354836e-01 -5.697442e-02 9.918098e-02 1.576580e-01 6.731785e-02 -7.616190e-02
2.924366e-01 -9.038464e-02 -6.136651e-02 4.241800e-02 -1.093894e-01 -1.682427e-01 9.188191e-02 5.914171e-01 -9.949554e-03 -5.134524e-02 -7.466573e-02 3.458634e-02 8.019100e-02 -6.421109e-02 8.025958e-02 7.233443e-03
