1 5 16 16 32
-4.135924e-01 -1.106610e-01 -1.094814e-01 5.099184e-01 4.791472e-01 3.394535e-01 5.415538e-01 6.797793e-02 -5.893676e-02 3.492662e-01 -1.753633e-01 2.854771e-01 4.878178e-01 3.150175e-02 3.694654e-01 -1.826925e-01
-1.536735e-01 3.055199e-01 3.130867e-01 2.361864e-01 3.277464e-02 -3.071947e-01 7.039186e-02 3.100513e-01 -2.921759e-01 -1.304104e-01 1.077089e-01 4.022032e-01 3.212685e-01 -1.755853e-01 -5.062747e-01 -1.343327e-02
8.878978e-03 -4.056898e-01 2.479382e-01 2.721907e-01 -1.873855e-01 3.817635e-01 1.794119e-02 1.003920e-01 2.303325e-01 -7.571109e-02 -2.041651e-01 -9.311508e-02 5.950806e-01 -3.710603e-01 -5.808767e-02 -2.827722e-01
1.838124e-01 -2.723897e-01 -2.190711e-01 -2.472722e-01 -4.370546e-02 3.378027e-01 5.533137e-02 -2.312311e-01 2.912195e-01 2.744290e-01 -6.253351e-02 -2.728713e-01 -2.617561e-01 5.957953e-02 5.681439e-01 1.067369e-01
6.509005e-01 3.042340e-01 1.964937e-01 -3.644776e-01 -4.553106e-01 6.518695e-02 -4.000318e-01 -1.723466e-01 7.108522e-02 -3.968263e-01 4.364597e-01 4.161564e-02 -1.509968e-01 -2.447820e-01 -4.255597e-01 3.632637e-01
-1.928978e-01 2.769581e-01 -9.798430e-02 -2.823156e-01 2.943680e-01 3.418342e-01 5.388439e-01 -4.599519e-01 4.451744e-01 -5.734677e-01 -5.812225e-01 -2.216592e-03 5.225536e-01 3.834586e-01 -1.171449e-01 -5.779698e-02
-1.036430e-01 2.023809e-01 -2.557776e-01 -1.281913e-02 3.516294e-01 2.129774e-01 -4.777937e-01 -2.035785e-01 1.043201e-04 -3.564489e-01 8.773588e-02 4.915949e-01 -2.139228e-01 1.033658e-01 5.490373e-01 -1.789507e-01
-2.409735e-01 4.772163e-01 4.844630e-02 -2.426685e-01 2.896652e-02 -4.475094e-01 2.696086e-03 4.670435e-01 2.811736e-01 5.046602e-02 -3.122032e-01 -1.213231e-01 -5.819492e-01 6.787086e-01 7.627057e-01 -6.292429e-01
8.694956e-02 2.477199e-01 -2.611607e-01 3.446162e-01 -3.158589e-01 1.550971e-01 3.282877e-01 8.852714e-02 8.385218e-02 3.331359e-01 3.571469e-01 -1.136567e-01 3.551535e-01 1.029787e-01 -3.164307e-01 3.022231e-01
-3.526707e-01 -2.224656e-01 2.002930e-01 -2.849972e-01 3.294193e-01 -3.694586e-01 -1.967582e-01 1.605623e-01 -1.376288e-01 -4.801029e-01 -3.517289e-01 4.902029e-01 -1.065067e-01 3.434255e-02 6.567163e-01 -2.955934e-01
1.546818e-01 -3.070293e-01 1.355519e-01 3.634845e-01 -2.498236e-01 -3.901462e-01 -4.262580e-01 4.737092e-01 -2.789315e-01 4.936088e-01 4.724649e-01 -1.375075e-01 -1.906179e-01 -2.711197e-01 3.953136e-02 2.319893e-01
-2.674585e-01 -5.858608e-01 3.792158e-01 -1.815019e-01 -5.964979e-02 -3.896190e-01 6.473550e-01 3.438273e-01 -1.612586e-01 3.282424e-01 -3.618123e-01 -2.449138e-01 1.641642e-01 -1.472987e-01 -2.102742e-01 3.781173e-01
-1.504973e-01 8.307475e-01 2.694894e-02 -8.102625e-02 -8.733279e-03 -4.009276e-01 -1.587525e-01 2.451063e-01 -1.584612e-01 1.608741e-01 -3.765674e-02 9.301595e-02 -3.338153e-01 -5.757734e-02 -5.126730e-01 -2.474348e-01
-3.517642e-01 -9.274526e-02 -4.361925e-01 2.439839e-02 3.647126e-01 1.610907e-01 -1.491868e-01 -5.474583e-02 4.512225e-02 -3.630516e-01 8.100176e-02 7.667980e-01 -1.541753e-01 4.222494e-02 5.720927e-01 1.002637e-01
2.575004e-01 5.878510e-01 -1.961774e-01 -2.384033e-01 -1.504229e-01 -1.948788e-01 -1.483175e-01 -5.599573e-02 -1.779227e-01 2.042927e-01 5.004196e-01 -2.291239e-01 -3.286811e-01 2.855951e-01 -1.694770e-01 1.301569e-01
3.175841e-01 -5.713752e-01 -1.773665e-01 -2.340645e-01 -5.331851e-04 6.940033e-01 1.534256e-01 -2.918788e-01 4.041948e-01 -2.512808e-01 5.927959e-02 -2.511570e-01 9.007419e-02 9.564709e-02 5.551262e-01 -1.252275e-01
-3.243392e-01 -1.907595e-01 -6.481718e-02 1.434445e-01 7.035244e-01 1.540568e-02 2.489512e-01 1.432280e-02 -1.416107e-01 -9.785404e-02 -2.801852e-01 -1.852974e-02 -3.421240e-02 9.262604e-02 6.235186e-01 -5.105715e-01
-6.417511e-02 6.074387e-01 2.362895e-02 1.175950e-01 6.725200e-02 -3.815206e-01 -1.785656e-01 3.922541e-01 -2.776277e-01 1.274006e-01 5.381643e-02 3.896213e-01 -6.059539e-02 -2.066561e-01 -3.967400e-01 -9.531879e-02
-2.946972e-01 -2.754814e-01 3.578530e-01 4.675490e-01 1.080215e-01 -2.590535e-01 2.249241e-02 1.614009e-01 2.352357e-01 -1.804619e-01 -2.944728e-01 6.121486e-01 2.625401e-01 -2.517723e-01 -2.381427e-01 -4.114896e-02
7.482135e-02 -4.399165e-01 -2.438256e-01 -3.224940e-02 1.098282e-01 2.575848e-01 -3.224503e-02 -2.852740e-01 1.046311e-01 1.500864e-02 1.509784e-01 1.805859e-01 4.445736e-02 1.623962e-01 8.412295e-01 7.744393e-02
-2.600616e-01 1.784792e-01 5.046285e-01 -4.911375e-02 -7.330208e-02 -1.034193e-02 -4.807161e-02 3.732304e-01 -3.028840e-01 3.612820e-01 4.086300e-01 8.612054e-02 2.372319e-01 1.053474e-01 -1.493932e-01 5.397357e-01
-6.646260e-02 4.802121e-02 -2.482658e-01 -3.026820e-01 5.058612e-01 1.003221e-01 -7.491643e-02 -1.481162e-01 5.191660e-01 -3.921749e-01 -4.379397e-01 8.400425e-02 -2.291665e-01 2.758749e-01 5.328156e-01 -4.576246e-01
2.931509e-01 2.315481e-01 -2.338416e-01 4.412784e-01 -2.642989e-01 3.175945e-01 -1.751554e-01 4.969463e-02 1.004427e-01 3.554546e-01 4.943867e-01 -7.487413e-02 -2.287101e-02 -1.945459e-01 -1.299626e-01 7.539939e-02
-2.282751e-01 -1.086738e-02 4.707139e-01 -3.823004e-01 3.342776e-01 -2.941761e-02 2.079722e-01 1.903262e-01 -7.865960e-02 3.230199e-01 -5.844221e-01 -1.448377e-01 -2.471427e-01 -2.123811e-01 -5.891367e-02 2.101560e-01
7.811959e-01 2.214725e-01 -4.740548e-01 -1.308557e-01 -1.182449e-01 3.193393e-01 -3.360460e-01 -4.293046e-01 7.437326e-02 -6.601397e-01 -7.024107e-02 -1.448674e-01 -1.494891e-01 -1.691653e-02 1.544515e-01 -2.321355e-01
-3.073785e-02 5.529875e-01 2.869902e-01 -7.274573e-02 2.006767e-01 1.018025e-03 1.929229e-02 2.502115e-01 -6.422570e-02 -2.693924e-02 -9.709362e-02 2.853159e-01 -2.049149e-01 -2.398088e-01 -4.459620e-01 -1.564302e-01
-3.221397e-01 -4.585663e-02 -3.512079e-01 -2.382871e-01 2.826822e-01 1.631278e-01 3.468166e-01 -2.232396e-01 3.439543e-01 -3.582771e-01 -3.370517e-01 5.583318e-01 2.565412e-01 1.447020e-01 2.105079e-01 3.655485e-02
3.356798e-01 -2.053668e-01 -1.837042e-01 -1.924221e-01 -1.077616e-01 8.352959e-01 1.537063e-02 -2.505654e-01 1.539880e-02 -1.923733e-01 -7.495501e-02 -2.311316e-01 2.858469e-01 -2.386882e-01 -5.588826e-03 -3.165612e-01
-2.049732e-01 -2.222973e-01 9.849136e-02 3.832420e-01 -1.392479e-01 -2.929896e-01 6.522582e-02 -5.725476e-02 -3.527616e-02 7.387262e-03 5.624314e-02 4.445084e-01 1.980794e-01 -3.613594e-01 -3.856837e-01 4.067643e-01
-1.349834e-01 1.226280e-01 2.629352e-01 1.369072e-01 -2.847855e-01 4.661593e-02 4.862060e-02 4.003370e-01 -2.246362e-01 2.879250e-01 1.514314e-01 1.352563e-01 5.262975e-01 -2.547120e-03 -3.143041e-01 7.003822e-01
-2.815594e-02 4.030789e-01 7.610388e-02 -4.202420e-02 2.814276e-01 -1.102633e-01 -9.607257e-03 1.540901e-01 -1.180877e-01 -4.504355e-02 1.693711e-01 5.929255e-01 -3.399587e-02 -1.391591e-01 -3.084888e-01 -2.391486e-01
6.568569e-01 -3.075624e-02 2.325051e-02 -4.222482e-01 -4.736304e-01 -1.070083e-01 -4.598304e-01 -7.526467e-02 1.625134e-01 -5.980638e-01 -4.147694e-02 -1.910734e-01 -2.639030e-01 -1.927520e-01 -3.638909e-01 4.906911e-02
9.467153e-02 8.953315e-02 -2.498073e-02 1.405060e-01 -1.407098e-01 -1.896378e-01 2.780200e-01 -5.330438e-01 2.747684e-01 2.928453e-01 3.141113e-01 1.867403e-02 -1.410983e-01 -1.495597e-01 -4.298933e-01 2.443377e-01
9.579762e-02 3.206740e-02 4.424841e-01 -5.688892e-02 -4.111763e-01 7.345854e-02 -1.743573e-01 -5.826800e-02 -1.128541e-01 -3.035942e-01 4.930556e-01 -1.402390e-01 -1.498833e-01 -1.210883e-01 3.035359e-01 1.006728e-01
-2.314290e-01 -4.578585e-01 -8.927606e-02 1.953830e-01 3.348824e-01 -1.658209e-01 -4.649790e-01 5.530270e-01 -2.967581e-01 -7.043113e-02 -1.379039e-01 1.597946e-01 -2.351132e-01 2.618748e-01 1.562312e-01 2.274077e-01
1.768521e-01 -1.030606e-01 1.516140e-01 -9.636562e-02 4.243945e-02 4.977371e-01 -6.126242e-01 -1.914794e-01 5.666339e-02 -1.452090e-01 -5.312929e-03 -2.113722e-01 -5.865090e-01 2.247543e-01 7.383131e-03 1.133059e-01
-3.059891e-01 -1.859726e-01 -2.008799e-01 3.539858e-01 2.017183e-01 -3.141218e-01 1.470495e-01 1.558905e-01 -1.260398e-01 6.403288e-02 1.372432e-01 4.909070e-01 2.670391e-01 -2.502323e-01 -1.487278e-01 8.442434e-03
-1.658904e-01 4.125719e-01 -1.278806e-01 -4.936055e-02 -4.788289e-01 -3.944761e-01 7.104667e-02 7.837003e-03 6.308058e-01 -1.400859e-01 2.019116e-01 -1.631754e-01 -4.604697e-02 -2.538469e-01 -1.872956e-01 1.744818e-01
-1.960086e-01 -3.037384e-02 3.348559e-02 -2.084124e-01 -2.068284e-01 -4.249119e-01 7.648966e-02 -4.857832e-01 -9.818742e-02 -3.014342e-01 5.474429e-03 2.536237e-01 -4.155140e-02 -3.510553e-02 1.024157e-01 4.027508e-01
-2.788235e-01 2.914959e-01 -3.032861e-01 2.081244e-01 3.238919e-01 -7.222858e-01 4.224854e-02 -2.387776e-01 2.435808e-01 -5.117595e-01 2.125796e-01 -8.093073e-02 -2.426349e-01 -2.988647e-01 3.696443e-01 -2.278014e-01
-5.154307e-01 -2.889001e-01 -2.719314e-01 9.122796e-02 5.280037e-01 7.615745e-03 -4.758422e-02 2.562102e-01 -1.644109e-01 -3.937660e-02 1.731994e-01 3.216815e-01 2.708352e-01 5.077019e-01 6.045761e-01 3.358123e-02
7.185700e-02 -6.218544e-02 -1.340112e-01 -3.567221e-01 1.176311e-01 -8.428370e-02 -1.575958e-01 -3.597223e-01 -6.081219e-02 1.135103e-01 2.765328e-01 -2.239596e-01 2.065677e-01 7.356142e-02 8.148195e-01 -9.952688e-02
6.045385e-01 -2.414360e-01 -7.388353e-02 -2.567126e-01 9.816971e-02 -2.105489e-01 -1.357682e-01 -1.055580e-01 3.351768e-01 -4.002457e-01 -1.092358e-01 -2.813979e-01 1.528631e-01 1.072949e-02 1.501075e-01 5.419886e-02
1.581594e-01 -5.670720e-01 1.840111e-01 -2.820062e-02 3.856207e-01 1.449116e-01 -3.675770e-01 -9.290828e-02 -4.668360e-01 -8.921721e-02 -2.578287e-01 1.759431e-01 8.229133e-02 9.898028e-02 2.623470e-01 -1.268583e-01
1.227258e-02 8.424432e-02 4.439316e-01 -1.930894e-01 -2.455082e-01 2.956624e-02 5.060486e-02 2.898850e-01 9.405944e-02 -1.704921e-01 2.422735e-01 -2.777581e-01 9.361545e-02 -4.030810e-01 -6.614324e-02 4.468874e-01
-2.904219e-01 2.270990e-01 2.605158e-01 4.088969e-01 -1.601246e-01 -4.459662e-01 3.357836e-01 1.779584e-01 5.548241e-01 7.522882e-02 2.582161e-01 1.809666e-01 -2.052525e-01 -4.030699e-01 -9.954797e-02 3.842514e-01
4.125348e-01 4.170992e-02 -4.072721e-03 2.819764e-01 -2.157241e-03 2.029687e-01 -1.386867e-01 2.924961e-01 4.566878e-01 -1.919963e-01 1.464472e-01 -3.083954e-01 -2.953855e-01 -2.415136e-01 -1.723708e-01 -1.472102e-01
1.048885e-01 -3.631442e-02 4.862176e-02 1.746534e-01 -9.409824e-02 -8.754269e-02 7.690967e-02 2.677964e-01 5.517589e-01 -8.646891e-02 -4.133635e-01 7.172432e-02 -2.699524e-01 -5.595057e-02 -7.704901e-01 2.022314e-01
1.341151e-01 -1.978753e-02 8.824066e-03 1.500326e-01 1.743284e-02 1.883127e-02 -2.674125e-01 1.191441e-01 -6.704723e-02 4.828827e-02 4.088290e-01 4.497362e-03 -3.032537e-01 -4.740054e-01 -4.782522e-01 1.663641e-01
8.432414e-02 1.304036e-01 -1.027226e-01 -1.270060e-01 1.421938e-02 -3.335664e-01 -6.317642e-02 -7.461627e-01 -1.633592e-01 1.838918e-01 2.753309e-01 3.939032e-02 1.892992e-01 2.484678e-01 5.953691e-01 -3.518205e-01
2.376334e-01 -9.486897e-02 -8.832307e-02 4.311723e-02 1.302136e-01 -6.874808e-02 -1.199933e-01 6.865874e-01 2.776278e-01 5.375508e-02 3.288551e-02 -3.772806e-01 -2.756963e-02 9.424014e-02 -1.303473e-01 -2.926126e-01
2.075314e-01 1.695094e-01 2.303181e-01 -1.567632e-01 -4.799252e-01 1.377548e-01 1.843709e-01 -4.849983e-01 4.291389e-01 -6.099193e-02 2.736338e-01 -1.972538e-01 -3.083883e-02 -4.681681e-01 -4.569327e-01 -4.885582e-02
-5.832148e-02 2.837579e-02 -7.562810e-02 1.853827e-01 3.381669e-01 1.494022e-01 2.237921e-01 7.866075e-02 -1.243962e-01 1.389427e-02 1.910241e-01 1.962106e-01 -3.113493e-01 1.251021e-01 1.203867e-01 4.202107e-01
1.243723e-01 4.752348e-01 -1.453249e-01 -3.572985e-01 -3.726342e-01 4.960699e-02 2.469214e-01 -5.740616e-01 4.567265e-01 -7.046909e-02 1.486803e-01 -9.188583e-02 4.915338e-01 -5.297332e-01 -1.286553e-01 -2.386754e-01
2.681553e-01 -2.571407e-01 -6.482713e-01 -6.326775e-02 3.031979e-01 -2.488034e-02 -1.099168e-01 -3.459903e-01 -4.714885e-02 2.319192e-01 -1.531358e-01 -7.764431e-02 -2.548287e-02 3.266007e-01 -6.801995e-02 -3.942398e-01
2.559346e-01 -3.479916e-01 -3.426848e-01 -1.870211e-01 1.874559e-01 3.781511e-01 -2.912582e-01 -2.826099e-01 -4.329040e-01 -1.734234e-01 -1.207321e-01 2.035141e-02 1.706488e-01 1.956279e-01 1.567402e-01 -4.782136e-02
3.449927e-01 -3.429696e-02 -1.640795e-01 2.207027e-02 -1.597659e-01 -1.824872e-01 1.806730e-01 4.691135e-01 1.861173e-01 2.362504e-01 4.871045e-02 6.482878e-02 5.237629e-01 -1.283660e-01 -8.341846e-01 5.190131e-02
5.464599e-03 1.011383e-01 -3.720918e-02 6.550726e-02 -2.306979e-01 -6.913844e-04 9.553454e-02 -2.669539e-01 3.500314e-01 4.308708e-01 1.458016e-01 9.015975e-02 1.670979e-01 -1.308672e-01 -8.235288e-01 2.192190e-01
-1.746606e-01 -3.346238e-02 4.446516e-01 -4.446225e-02 -1.539213e-01 3.736051e-01 -8.144384e-03 2.183922e-01 2.176365e-02 -2.559461e-01 2.499205e-01 -3.756321e-02 3.783695e-02 -2.797692e-01 1.961854e-01 2.949223e-01
-3.529970e-01 7.180605e-02 1.656423e-01 -5.031907e-02 6.194508e-02 2.296383e-01 -4.027881e-01 -5.171530e-01 -2.072048e-01 -2.749748e-01 -7.368357e-02 -7.891003e-02 -3.905232e-01 1.258798e-01 6.588673e-01 -1.021625e-01
1.515367e-01 4.864194e-04 -2.024836e-02 -1.900822e-02 1.433664e-02 1.982121e-02 -2.537861e-01 1.254752e-01 1.608874e-02 -5.835109e-01 -2.536297e-01 -7.928009e-02 -1.813816e-01 7.444749e-02 5.463111e-01 -5.047685e-02
-4.549416e-02 4.192752e-02 -4.700615e-02 2.913236e-01 8.557177e-02 1.431593e-01 -5.059222e-02 -2.180644e-01 1.341604e-01 2.687174e-03 1.101838e-02 6.737551e-02 -7.873018e-01 4.602341e-02 -2.500491e-01 4.164514e-02
3.866131e-01 -1.740881e-01 4.412664e-02 -1.566991e-01 -2.435905e-01 8.041160e-01 -1.666001e-01 -5.610795e-02 3.346525e-03 2.295064e-01 -1.790443e-01 3.940121e-02 9.705119e-02 1.900819e-01 -1.786290e-01 1.022711e-01
-1.275448e-01 1.638582e-01 -1.601530e-01 -3.362773e-01 -6.807484e-02 -2.346089e-01 3.927135e-01 -2.234655e-02 2.675775e-01 9.892241e-02 1.868393e-01 -3.152261e-02 9.862098e-01 -1.802551e-01 2.323167e-01 -3.702230e-03
-5.524070e-02 1.796704e-01 1.016322e-01 -1.312803e-01 -5.029441e-02 -8.232851e-02 -1.087621e-01 1.373037e-01 -4.515189e-02 4.097518e-01 -1.672076e-01 -1.972364e-01 -1.641652e-01 -1.205170e-02 -4.013709e-02 4.877957e-02
-3.280528e-02 1.581002e-01 -3.401453e-02 -2.080808e-01 2.787893e-01 3.072624e-02 1.109071e-01 1.108417e-02 1.687007e-01 2.588023e-01 2.585414e-01 4.213484e-01 -1.116368e-01 2.722427e-02 7.927154e-02 -1.327831e-01
4.815813e-01 -1.962906e-01 -1.436616e-01 1.050033e-01 -6.283629e-02 9.582405e-02 1.580900e-02 -1.217238e-01 3.357710e-02 -1.925507e-01 1.135709e-02 3.049347e-01 2.133743e-01 -8.110679e-02 -1.212893e-01 -1.493189e-01
-2.490812e-01 -1.977378e-02 1.403923e-01 9.335467e-02 4.511408e-01 1.080164e-01 4.023980e-01 1.743760e-01 6.889048e-02 8.621328e-02 3.755230e-02 -2.334707e-01 5.093199e-02 1.542466e-01 2.994292e-01 3.374130e-03
-3.558360e-01 1.956411e-01 3.294178e-01 1.500742e-01 1.438855e-01 2.072500e-01 1.257335e-01 1.395077e-01 5.450404e-02 5.201452e-01 1.506491e-01 2.873831e-01 1.288970e-01 4.645268e-02 1.170798e-01 1.501087e-01
7.542878e-02 -1.254993e-01 2.948242e-01 -1.029798e-01 -1.281645e-01 -1.340706e-01 3.311713e-01 -6.317940e-02 -7.803832e-02 -1.563293e-01 -2.505315e-01 -2.240418e-01 1.951632e-01 8.658252e-02 -2.324712e-01 -2.132648e-02
-6.123707e-02 3.653114e-02 -2.720497e-01 1.172272e-01 1.934604e-02 1.407560e-01 -2.449071e-01 8.893093e-02 2.633355e-02 -2.114768e-02 2.333493e-01 3.327088e-01 -1.937436e-01 -5.672577e-02 4.548624e-01 -1.582353e-02
-1.080831e-02 1.240929e-01 -1.059219e-01 7.791230e-02 2.086284e-01 -1.095567e-01 -2.647274e-02 8.419391e-02 -2.144895e-01 6.687778e-02 4.819653e-01 -8.378646e-02 9.813009e-02 -1.705880e-01 -3.628566e-02 8.670741e-02
3.214487e-01 -2.898576e-02 -1.135281e-01 -1.276823e-01 -4.426517e-03 5.364276e-01 -1.181596e-01 2.742951e-02 -1.039653e-01 -7.895759e-02 -4.105467e-02 -3.353225e-01 1.107061e-01 -1.292791e-02 -1.048419e-02 -2.209462e-01
-1.559410e-01 1.141281e-02 -4.501205e-02 -1.695398e-01 5.539170e-02 7.111008e-02 4.366517e-01 -4.923733e-02 2.328688e-01 -1.039076e-01 -3.389591e-01 1.189092e-01 4.374737e-01 1.346469e-01 -2.475880e-01 9.250532e-02
-2.257290e-01 1.255862e-01 4.262167e-01 3.014620e-02 1.813352e-01 1.706124e-01 5.056437e-02 3.585258e-01 -2.088978e-01 2.075077e-01 2.081314e-01 -6.313248e-02 1.558469e-01 6.035326e-02 1.226947e-01 2.826886e-01
1.212914e-01 -9.659506e-03 6.486156e-02 -3.503434e-02 2.682396e-01 9.453311e-02 1.965609e-01 2.740899e-02 -1.936132e-02 -1.735145e-02 3.177094e-01 6.421275e-01 2.893829e-01 -6.757913e-02 6.961040e-02 -1.234710e-01
1.234026e-01 -3.024622e-01 -1.431568e-01 1.419474e-01 -4.826266e-02 1.336202e-01 1.943924e-01 -8.196778e-02 3.634012e-02 -2.407787e-02 3.525761e-01 3.538705e-01 1.432882e-01 -1.913536e-01 3.155566e-01 -1.086328e-01
-1.040618e-01 2.243280e-01 -1.199018e-01 -8.968263e-02 7.226489e-03 -3.256063e-01 2.201914e-02 -5.317505e-02 -3.014623e-01 2.283966e-01 2.140878e-01 1.046856e-01 -2.669457e-01 5.558185e-02 -2.490343e-01 4.383951e-01
-1.983911e-02 -7.747547e-02 7.458885e-02 -1.508046e-01 -6.489891e-02 2.161305e-01 6.735098e-02 -9.182750e-02 4.179843e-01 -6.114326e-02 -2.099854e-01 2.828778e-01 -2.589884e-02 1.781229e-01 6.162941e-03 -7.923220e-02
-1.224163e-01 1.852568e-01 1.292177e-01 -2.008146e-01 6.124858e-01 1.435465e-02 -2.728834e-01 8.690774e-02 8.374365e-02 -1.306064e-01 -2.531398e-01 4.410991e-02 -6.688157e-02 1.201647e-02 6.052398e-02 -2.567174e-01
2.037893e-01 -2.467173e-01 4.895810e-02 1.362248e-01 -1.155041e-01 4.792363e-01 -6.082515e-02 4.400907e-03 1.689149e-01 -2.068002e-01 -1.037559e-01 -2.083983e-01 2.754466e-01 -1.456470e-01 1.675560e-01 -2.752376e-01
-2.799006e-01 -2.260629e-02 1.128113e-02 1.959857e-02 3.545777e-01 -1.300157e-01 -7.189380e-02 -5.733446e-02 2.577459e-01 -1.471221e-01 -2.554671e-01 4.071585e-01 3.437384e-02 -1.112543e-02 5.938527e-02 1.905228e-02
5.289823e-01 1.638181e-01 -4.554577e-02 4.686032e-02 -7.245047e-02 -6.784432e-03 -5.637430e-03 -6.931364e-02 -1.136598e-01 1.099048e-01 4.325045e-02 -2.086193e-01 -8.108908e-02 -4.606672e-02 -3.771343e-02 -4.343660e-02
-3.480750e-02 -9.373039e-02 1.318715e-01 1.758225e-01 8.091533e-02 -3.521487e-03 1.537910e-01 2.703120e-02 -1.201846e-01 -2.647191e-01 2.296711e-01 3.634011e-01 5.124345e-01 4.275867e-03 -1.367158e-02 -1.395491e-02
9.299771e-02 -1.188978e-01 -5.570063e-02 2.567518e-01 -1.294136e-01 -1.699398e-02 -2.748905e-01 1.759261e-01 -1.240654e-01 1.832269e-01 3.761213e-01 -5.411759e-03 -2.642697e-01 -1.465140e-01 2.956377e-01 -6.170167e-03
1.207616e-01 -1.745019e-02 2.624255e-01 -2.984919e-01 -6.523609e-02 -8.242291e-02 -1.766017e-01 1.185636e-02 -1.817866e-01 -9.944087e-02 4.119132e-01 -1.714172e-01 -1.172933e-01 -1.953273e-01 -1.837710e-01 9.096184e-02
2.814277e-02 2.950993e-01 3.583736e-02 -1.519338e-01 1.022370e-01 1.385252e-01 4.432267e-01 -1.945675e-01 1.699458e-02 -2.449972e-01 -2.479814e-01 5.190713e-02 2.900233e-01 2.798757e-01 -1.791131e-01 2.232275e-03
5.357529e-02 2.080159e-01 2.391703e-01 -9.000288e-02 5.173470e-02 1.290603e-01 -2.069964e-02 1.741643e-01 -1.863547e-02 7.687455e-02 -1.023174e-01 4.835697e-01 2.810916e-02 -1.232254e-01 -1.909553e-01 -1.165424e-01
7.739628e-03 -4.704642e-02 -1.279996e-01 1.796887e-01 -2.938035e-01 -2.024971e-01 9.565749e-02 -1.443704e-01 -2.524462e-01 1.328300e-01 2.170205e-01 1.156478e-01 -4.275872e-02 -1.352034e-01 -2.793468e-01 5.097010e-01
-2.214409e-02 -1.052858e-01 -2.400091e-02 5.314810e-01 -5.096945e-02 -3.161950e-02 2.625852e-02 1.334394e-02 -1.272964e-01 -1.702628e-01 -3.799023e-02 -1.266886e-01 3.261385e-02 -9.405535e-02 6.226250e-02 7.249596e-02
1.572120e-01 -1.214225e-01 -1.095366e-01 7.169407e-03 2.664067e-01 1.333221e-01 1.897151e-01 -1.894656e-01 2.426176e-01 -1.682212e-01 3.510976e-01 4.774247e-01 2.294960e-01 6.308614e-02 1.404016e-02 -1.655265e-01
-2.583186e-01 3.222827e-01 7.145808e-02 -2.613672e-01 1.939854e-01 -1.914823e-01 6.708339e-02 -5.465485e-02 -5.735591e-02 1.384030e-01 -4.518094e-02 -1.340593e-01 1.140563e-01 3.598027e-01 -2.024245e-01 3.982475e-01
-1.739614e-01 -1.211350e-02 -1.511148e-01 1.726603e-01 -1.283114e-01 1.093158e-01 2.628650e-01 1.499334e-01 8.572352e-02 2.405987e-01 2.149424e-02 2.147599e-01 3.802277e-01 7.769507e-02 -9.359930e-02 1.987821e-01
-5.930069e-02 5.319359e-01 -2.250889e-01 -1.028800e-02 1.779101e-01 7.457357e-02 5.339053e-02 4.109105e-02 1.628928e-01 1.634453e-01 -2.343602e-02 1.583196e-02 1.911423e-01 1.606333e-01 -1.471884e-01 2.174900e-01
-3.492985e-01 1.322051e-01 2.552927e-02 2.972429e-01 3.063486e-01 2.370836e-01 2.326657e-01 9.728011e-02 7.725374e-02 4.042502e-01 -1.472643e-01 2.734991e-01 1.334078e-01 1.122908e-01 3.079383e-01 -1.247793e-01
-1.087441e-01 1.104991e-01 -6.800761e-02 -7.853001e-02 1.567467e-01 -1.176011e-01 -7.836796e-03 -1.226970e-01 2.132340e-01 -9.230996e-02 -5.411281e-02 -5.112068e-02 -1.365823e-01 2.313300e-01 4.322740e-01 -7.923115e-02
1.514560e-01 -1.100200e-02 1.033796e-01 -1.250189e-01 2.651515e-01 -8.402478e-03 -1.326557e-01 5.815990e-03 -1.786148e-01 3.019585e-01 4.936573e-01 4.128672e-03 -1.423708e-01 -2.626983e-01 -2.145915e-01 -3.476920e-02
-9.264056e-02 -1.028371e-01 -1.974349e-01 1.633617e-01 3.458260e-01 -1.313745e-01 -2.580984e-01 -5.304710e-02 -2.314620e-01 6.231236e-02 4.092270e-01 3.683480e-01 -5.502264e-02 -3.116464e-01 -1.551350e-01 -5.842194e-02
-4.019921e-02 -6.264445e-02 -3.929756e-01 -4.528113e-03 -2.546779e-01 2.445196e-01 5.426005e-03 1.995493e-01 1.641289e-01 -2.552415e-01 -3.322573e-01 2.580335e-02 -7.382300e-02 2.256466e-02 -2.088868e-01 -2.824381e-02
-1.294233e-02 5.063692e-02 4.112236e-02 -1.515489e-01 -8.097720e-02 -1.772283e-02 1.330267e-01 9.762017e-02 1.521506e-01 7.657640e-02 -1.758581e-01 -2.901485e-01 -5.943317e-02 2.130730e-01 2.618617e-01 7.328899e-03
1.693095e-01 2.672817e-01 5.661124e-02 -4.565183e-01 7.290460e-03 -1.848434e-01 4.106652e-02 -2.365699e-01 -2.220166e-01 9.473799e-02 -4.441806e-02 -2.290262e-01 -3.416844e-02 1.928899e-02 -2.241345e-02 2.970779e-02
-2.049049e-01 2.926460e-01 -2.780391e-01 -1.775054e-01 2.443432e-01 8.318348e-03 -1.398673e-02 -9.895265e-04 3.913355e-02 4.339406e-02 -1.615147e-01 1.342497e-01 3.884822e-01 -1.232111e-01 3.979972e-01 -1.509508e-01
4.800883e-02 1.396450e-01 1.700349e-01 -6.885777e-02 -6.829455e-03 -6.296241e-01 6.541003e-02 -1.378927e-02 -2.621701e-01 1.597427e-01 1.007316e-01 -6.443724e-02 -6.723931e-02 -2.258093e-01 -8.752240e-03 1.109629e-01
-1.425095e-01 1.945429e-01 -1.457624e-02 2.264282e-01 -4.473945e-02 2.322960e-01 -4.172440e-02 -3.505826e-01 -5.820597e-02 1.015823e-01 2.207735e-01 1.357678e-01 -4.473026e-01 -1.227675e-01 -2.562942e-02 -7.035782e-02
-1.152878e-01 -1.091212e-01 -1.382132e-01 4.696375e-01 3.689367e-02 3.107592e-02 -3.361880e-02 1.427194e-01 9.658594e-02 -1.738634e-02 7.155892e-02 2.815330e-01 6.534142e-02 -3.528282e-02 1.371281e-01 7.744609e-02
-1.081747e-01 -1.818605e-03 2.340095e-02 -2.145193e-01 8.337919e-02 -1.907779e-02 6.082471e-02 4.139324e-01 -3.231944e-02 -6.704305e-02 -4.655179e-02 -2.930961e-02 4.142828e-01 -6.246565e-02 -5.333225e-02 8.435923e-02
2.273397e-01 -1.151794e-01 -1.626694e-02 1.982165e-01 -1.085407e-01 4.817990e-02 -4.729043e-02 4.774645e-02 -7.384792e-02 -3.881099e-01 1.256687e-01 4.262177e-01 -6.207299e-02 -3.160916e-01 -2.557809e-01 2.078679e-01
4.942193e-02 1.177482e-01 2.314912e-02 -2.346876e-02 3.581861e-01 1.769951e-01 2.831059e-01 4.224391e-02 -3.150770e-01 -2.569750e-02 -3.727251e-02 -3.303492e-02 -2.820151e-01 1.753333e-01 -1.948692e-01 2.402209e-01
-2.176149e-01 8.219904e-02 1.202128e-01 -8.287475e-02 1.040436e-01 1.457903e-01 -1.438567e-01 -6.160508e-01 6.086642e-02 -4.592507e-02 -2.169357e-02 -9.564377e-02 -2.746110e-01 2.533033e-01 7.026548e-02 1.303482e-01
-3.922873e-02 -1.978418e-02 -2.600414e-01 1.933576e-01 1.443693e-01 9.029811e-02 -2.150213e-02 -4.529773e-01 1.418317e-01 1.521500e-01 -1.037747e-01 1.527688e-01 1.117938e-01 4.665565e-02 1.312438e-01 -3.172510e-01
2.682431e-01 -2.290239e-02 -5.120736e-03 -2.128642e-02 -3.556120e-02 -1.407416e-01 4.398891e-02 -5.961580e-01 3.957465e-02 8.484970e-02 1.418477e-01 -1.169554e-01 -3.614943e-01 1.835816e-01 2.566495e-01 4.896981e-02
-1.616854e-02 1.161894e-01 -3.878623e-01 1.801716e-01 3.750019e-01 -3.265112e-01 7.854026e-02 -1.532257e-01 -1.572321e-01 2.002626e-01 -2.039694e-02 -7.351954e-02 -3.072416e-02 5.546461e-02 1.056154e-01 -8.685265e-02
-7.080537e-02 -4.352245e-02 -1.035331e-01 6.021409e-02 -2.733675e-01 -6.557302e-02 -2.381571e-01 -1.685080e-02 3.345817e-01 4.330462e-02 1.757241e-02 1.209369e-01 3.065270e-01 -8.447723e-02 3.225935e-01 -1.030913e-01
1.010393e-01 -3.160133e-01 -3.283837e-02 2.502793e-01 1.271041e-01 -4.652192e-03 -1.617670e-01 -2.224067e-02 -8.014748e-02 1.469809e-01 1.120574e-01 -1.794107e-01 -1.801940e-01 2.165889e-01 -3.918820e-01 1.574199e-02
2.723139e-03 -7.813567e-02 4.221454e-01 1.238322e-01 3.560979e-01 -1.557688e-02 3.266427e-02 -2.302637e-01 3.141353e-02 2.560874e-02 1.718186e-01 -1.194927e-01 1.911324e-01 -1.930833e-01 1.867871e-01 1.892218e-01
2.295015e-01 -9.096266e-02 1.360356e-02 6.972259e-02 2.408001e-02 -8.000185e-02 7.391394e-02 -2.428552e-02 4.497921e-01 -4.179522e-02 -3.149453e-01 3.212487e-02 -3.976884e-02 -1.549754e-01 -1.762500e-01 -3.056981e-02
3.552561e-01 -7.892545e-02 7.944396e-02 1.439011e-01 3.595332e-01 -1.929563e-01 1.717688e-02 2.854630e-03 1.444763e-01 3.022839e-01 2.823031e-01 -1.870841e-05 -1.553399e-01 2.114845e-02 2.190307e-01 -6.984413e-02
4.811331e-02 1.970740e-01 1.308258e-01 -1.192492e-01 -1.831447e-01 8.736384e-02 -1.005315e-01 -2.081372e-01 2.329997e-02 3.316118e-02 4.396381e-01 -3.339536e-03 8.659197e-02 9.287514e-03 2.216319e-01 -4.962662e-02
-4.388967e-02 -1.416163e-01 -6.244788e-02 1.677851e-02 -3.752524e-02 5.693231e-01 -1.709776e-01 2.556939e-02 2.108581e-01 -6.802297e-02 -1.577526e-03 3.584600e-02 -6.333704e-02 -3.285015e-02 4.126676e-02 -9.211392e-02
1.326885e-02 -2.115280e-01 -6.003206e-02 8.836709e-02 4.727654e-01 1.496061e-01 -2.784625e-01 -7.740132e-02 -1.244750e-01 -7.453887e-03 4.218097e-01 1.462650e-01 -2.892928e-01 -1.213651e-01 -2.399724e-01 5.331679e-02
-2.949869e-02 3.313602e-02 2.150856e-01 9.160614e-02 3.815871e-01 1.639677e-01 1.135445e-01 -7.404777e-02 3.802551e-02 -1.325931e-01 -1.446548e-01 6.699386e-02 5.758548e-01 1.609115e-01 7.876164e-02 7.448300e-03
-5.884310e-02 1.384902e-01 -4.810304e-01 1.173681e-01 3.840729e-01 4.679884e-02 -3.324816e-01 -1.476236e-01 1.261183e-01 6.507246e-02 -6.773271e-02 -4.380367e-02 -4.245358e-02 -5.160768e-02 2.005371e-01 -7.425158e-02
3.563418e-01 -3.291071e-01 -5.179292e-02 -2.060892e-01 4.815405e-02 -2.501355e-01 -4.650652e-04 1.691732e-01 1.651757e-01 -1.334454e-01 -2.946444e-01 -8.975068e-02 3.675203e-01 1.148638e-01 -4.261467e-02 6.634022e-02
5.871101e-02 -3.442467e-02 1.533330e-01 -1.780444e-01 -2.660031e-01 8.047212e-03 3.225057e-02 -2.201255e-02 1.086855e-02 -9.464627e-02 8.469488e-02 -7.032031e-02 -1.879632e-01 6.431517e-02 -4.370773e-01 9.984539e-03
-4.071067e-02 2.316178e-03 2.100999e-01 -2.481526e-02 -3.054183e-02 -3.197888e-03 3.765355e-02 5.209728e-01 -1.201592e-01 -2.698603e-01 -1.049132e-01 -5.324899e-02 -7.269948e-02 -1.460793e-01 -1.438622e-01 2.533673e-01
-2.666784e-01 1.418461e-01 4.567306e-02 1.952750e-02 6.405690e-02 2.496589e-01 -2.048868e-01 -3.275049e-01 -4.993991e-03 1.082811e-01 -2.522246e-02 1.315232e-01 1.475198e-01 4.493045e-02 -5.350245e-01 1.295163e-02
-1.575364e-01 9.142815e-02 -3.673732e-03 -4.615169e-02 2.200856e-02 -1.165667e-02 -4.105202e-02 1.724003e-02 -5.684291e-01 -7.491080e-03 1.354836e-01 -5.697442e-02 9.918098e-02 1.576580e-01 6.731785e-02 -7.616190e-02
2.924366e-01 -9.038464e-02 -6.136651e-02 4.241800e-02 -1.093894e-01 -1.682427e-01 9.188191e-02 5.914171e-01 -9.949554e-03 -5.134524e-02 -7.466573e-02 3.458634e-02 8.019100e-02 -6.421109e-02 8.025958e-02 7.233443e-03
