32
9.51458633e-01 6.71359226e-02 2.11735126e-02 -4.08225544e-02 3.27570140e-02 5.61072901e-02 4.60500009e-02 4.99941967e-03 -4.96186987e-02 -4.60081436e-02 4.74568829e-02 2.84000393e-02 -1.11427158e-01 6.80272877e-02 3.01671084e-02 -1.38899118e-01 -5.69576537e-03 4.05118652e-02 2.35976558e-02 -6.43799007e-02 -3.26085836e-02 3.19016911e-02 2.21827719e-02 4.81165275e-02 -4.74748313e-02 7.90495891e-03 -4.48955372e-02 -2.79690977e-02 -5.87040894e-02 -1.06676184e-01 5.18588834e-02 -5.44104129e-02
-1.71295721e-02 9.72925067e-01 -7.04026073e-02 -2.38829367e-02 -8.71668383e-02 -1.37578296e-02 -2.20487770e-02 7.95994326e-03 2.42024977e-02 3.13137285e-02 -1.55164022e-02 -3.92507034e-04 3.76030281e-02 -4.09370437e-02 -5.81352711e-02 1.14447027e-01 -4.09520157e-02 -2.84750853e-02 -2.06454471e-02 -3.36141922e-02 5.55848964e-02 -3.61067243e-02 -2.73720659e-02 -3.61246020e-02 5.54004498e-02 5.04137436e-03 2.51003895e-02 6.93200796e-04 4.36549122e-03 4.51822244e-02 -7.24848127e-03 3.94326001e-02
-5.90384826e-02 9.65587273e-02 9.62631881e-01 4.31222767e-02 1.65976528e-02 -2.85422467e-02 1.82787143e-02 -3.74724679e-02 2.66056247e-02 -5.12563102e-02 -3.16845328e-02 -2.66907699e-02 -1.05931260e-01 2.44755968e-02 9.13545489e-03 -8.84907544e-02 6.82766289e-02 5.91217820e-03 4.51852288e-03 -3.59539837e-02 1.87745616e-02 1.36624640e-02 2.93202437e-02 2.60261502e-02 -9.19362903e-03 -8.70911479e-02 4.66024550e-03 3.12111843e-02 8.69849399e-02 -4.73874994e-02 8.23215488e-03 -6.65279329e-02
6.59277886e-02 8.57251231e-03 -4.47616056e-02 9.67385948e-01 -5.59136942e-02 -6.20271899e-02 1.75287258e-02 6.26296550e-02 -2.45016310e-02 -2.77156364e-02 -2.19074227e-02 -3.94119397e-02 3.78364064e-02 -8.68080184e-03 6.48674602e-03 5.18530011e-02 4.58509587e-02 -3.43124545e-03 1.68967899e-03 -7.63682276e-02 -9.83307138e-02 1.30631598e-02 1.42077683e-02 2.62192879e-02 5.49043342e-02 -2.88274083e-02 3.70533206e-02 8.74321163e-02 5.80841638e-02 6.19866550e-02 8.74836091e-03 8.00735969e-03
-1.95405390e-02 7.14579225e-02 -4.35993746e-02 4.66569513e-02 9.74726975e-01 -6.18300866e-03 -1.70072867e-03 -5.42537682e-02 1.71797033e-02 -2.62468606e-02 -5.33599854e-02 -4.87640724e-02 -3.09593491e-02 -4.13253438e-03 -1.31844804e-02 3.61607410e-02 -2.95483526e-02 -2.58869100e-02 -4.45235372e-02 -3.65618337e-03 7.44905397e-02 3.67540233e-02 -2.86585069e-03 5.56724286e-03 8.43782797e-02 -2.44140010e-02 7.44779501e-03 7.78649226e-02 2.83983424e-02 1.64692979e-02 2.40661502e-02 -5.21687083e-02
-2.27559321e-02 -7.57525582e-03 5.72194287e-04 3.23804244e-02 -3.27696986e-02 9.66215134e-01 -2.29647756e-02 1.25667581e-03 7.72883892e-02 -5.81761077e-02 -7.09485486e-02 -8.51543546e-02 -2.23015919e-02 1.66343409e-03 -4.31811363e-02 6.16399869e-02 1.41671894e-03 -4.24241684e-02 -3.94928157e-02 -4.28751819e-02 3.11677046e-02 9.17293970e-03 1.80585440e-02 1.62827857e-02 4.11614701e-02 -5.29863015e-02 6.98770434e-02 8.39854926e-02 1.02974989e-01 2.31627002e-02 -5.11304056e-03 -3.07090729e-02
-5.69439419e-02 1.68187339e-02 -3.70691456e-02 -5.64956432e-03 -6.27904572e-03 1.72831193e-02 9.88867581e-01 -3.21037844e-02 1.69081930e-02 3.54913659e-02 -3.09584499e-03 -1.50413793e-02 -3.96765508e-02 1.50888935e-02 -5.02730079e-04 -3.42035592e-02 -2.79662460e-02 -1.94619037e-02 1.80414822e-02 -4.06966768e-02 3.76337804e-02 -3.75791453e-02 1.15074823e-02 -2.23634131e-02 1.47831598e-02 -4.33711074e-02 3.01596988e-03 -1.41376890e-02 2.01278999e-02 -3.94924022e-02 -1.02134719e-02 1.02925608e-02
-7.49122575e-02 3.06156091e-02 5.69440983e-03 -1.81765240e-02 6.52161762e-02 2.95289569e-02 1.66137535e-02 9.63323951e-01 -1.58486553e-02 -5.33509254e-03 1.59221981e-02 4.50456776e-02 -1.13629013e-01 7.06649199e-02 1.44273101e-03 -1.15877263e-01 2.20183865e-03 6.40481431e-03 2.38714367e-02 1.98352393e-02 1.31073678e-02 -3.58725805e-03 -7.89337978e-03 4.62005939e-03 -6.59908727e-02 -2.74921823e-02 -2.65861042e-02 -4.79303263e-02 -7.76196420e-02 -8.00399706e-02 4.65900674e-02 -4.24602851e-02
5.59681430e-02 -2.09555849e-02 -3.48951966e-02 -3.63300554e-02 -2.96053756e-02 -1.02022968e-01 4.41901386e-03 5.11117317e-02 9.41138327e-01 -8.07253942e-02 -6.26185283e-05 -5.99407144e-02 5.91667444e-02 4.11111414e-02 5.90699129e-02 6.56073615e-02 3.48330960e-02 9.54384655e-02 -8.81207362e-02 -6.48748055e-02 -8.88501257e-02 5.39579801e-02 1.00822553e-01 2.50847191e-02 2.84823589e-02 -3.10559217e-02 -5.08401766e-02 7.83447400e-02 4.83775586e-02 6.65945262e-02 4.12188135e-02 -9.09396037e-02
8.38499367e-02 -3.72097529e-02 8.14208984e-02 2.77238023e-02 2.47449819e-02 4.56888564e-02 -1.53597174e-02 4.20769416e-02 6.65542483e-02 9.62807119e-01 1.84610263e-02 -8.39481577e-02 7.21034929e-02 -4.80222441e-02 2.62244605e-02 5.24428897e-02 -4.64651734e-03 -3.44320387e-02 -9.71893668e-02 5.75227849e-02 3.02192997e-02 1.19897090e-02 2.37023346e-02 -2.47463249e-02 6.05897931e-03 8.01635459e-02 -1.55108338e-02 -3.38259377e-02 3.91978398e-02 6.03307560e-02 2.09216587e-02 -8.21806770e-03
-7.00235292e-02 2.44295653e-02 -1.32152820e-02 6.40361160e-02 2.76276134e-02 5.91996089e-02 -2.50884090e-02 -5.91594949e-02 5.53500317e-02 6.29233429e-03 9.58129644e-01 2.70051621e-02 -1.07183591e-01 -1.56419759e-03 -2.81608216e-02 -9.33996513e-02 -2.00305460e-03 -4.06996235e-02 1.89152900e-02 2.61837859e-02 1.28626511e-01 1.15672760e-02 -2.65110936e-02 -3.96664590e-02 2.01624688e-02 -1.07271530e-01 -6.23424351e-03 4.15434549e-03 -3.37285921e-03 -6.72847331e-02 -2.59083044e-03 -2.83140168e-02
3.93068194e-02 -3.41470316e-02 6.56464770e-02 4.97522093e-02 3.48956920e-02 6.11195117e-02 2.00026762e-02 1.18789170e-03 1.00618981e-01 2.46683136e-02 -2.72048619e-02 9.46624219e-01 7.02786148e-02 -8.43404084e-02 5.62873203e-03 1.12506449e-01 -6.65875450e-02 -9.33304206e-02 -7.90017191e-03 5.99189699e-02 8.87754783e-02 -1.32067138e-02 -5.33464663e-02 -6.23049475e-02 6.24416918e-02 6.60832822e-02 7.73759037e-02 -3.19632106e-02 4.81374413e-02 4.08401527e-02 -2.19747387e-02 3.89163978e-02
-5.75115019e-03 4.34427932e-02 6.82563037e-02 4.33851173e-03 5.74555062e-02 7.50297830e-02 3.79734747e-02 2.55551878e-02 -5.71309701e-02 -4.74652387e-02 8.14021379e-02 1.06584812e-02 9.12692308e-01 9.72274542e-02 5.08181080e-02 -2.06834301e-01 4.60783718e-03 6.62613139e-02 2.09149299e-03 2.40641758e-02 -5.35629429e-02 7.64444992e-02 5.77829704e-02 6.40642196e-02 -8.09903145e-02 -1.22864144e-02 -8.26538056e-02 -4.54912372e-02 -9.16190371e-02 -1.59330845e-01 7.76983574e-02 -7.56050646e-02
-4.96617034e-02 2.07690448e-02 -4.51454446e-02 1.96369905e-02 1.41607132e-03 -8.99998005e-03 -4.43607867e-02 -7.66923800e-02 2.38900650e-02 8.80596042e-02 -4.56655137e-02 7.38042295e-02 -4.93645482e-02 9.48357403e-01 -6.28713965e-02 -5.51826619e-02 7.40458146e-02 -5.87804690e-02 7.28541091e-02 -5.05338423e-02 4.31345403e-02 -8.31901506e-02 -5.34522124e-02 -7.51628578e-02 5.34309186e-02 -5.80255575e-02 6.44363761e-02 -1.87711492e-02 4.87659834e-02 -3.49334478e-02 -8.23468566e-02 8.29408765e-02
-7.02287182e-02 6.91706315e-02 -5.77424169e-02 8.57993774e-03 -7.90106319e-03 3.73774208e-02 -2.52504889e-02 -4.16200720e-02 -3.30934078e-02 2.44247038e-02 -2.67218556e-02 3.42999846e-02 -8.74250978e-02 2.59182826e-02 9.65093434e-01 -7.89520815e-02 2.01624352e-02 -5.40133892e-03 5.44914976e-02 -2.58422811e-02 7.50228018e-02 -8.90713651e-03 2.81821005e-03 4.81355675e-02 5.92457410e-03 -7.90080428e-02 -1.11392625e-02 7.07312450e-02 1.19015491e-02 -9.48222354e-02 2.39343885e-02 -1.71658508e-02
3.43767032e-02 -3.75045985e-02 9.45869684e-02 -2.80427132e-02 1.57647468e-02 1.38936667e-02 5.72000593e-02 5.17808236e-02 -1.24382734e-01 -5.21143004e-02 1.33409262e-01 -1.62378270e-02 3.46058644e-02 1.62853420e-01 9.26076695e-02 8.70197177e-01 2.01573242e-02 1.39676437e-01 -3.79134007e-02 -3.33968364e-03 -9.44601372e-02 7.67994747e-02 1.02465935e-01 7.24724978e-02 -1.31129444e-01 4.48014885e-02 -1.58832714e-01 -8.94989893e-02 -1.53816625e-01 -6.69321865e-02 9.83510241e-02 -9.64780599e-02
3.00120413e-02 1.61157921e-02 -5.45964018e-02 -5.28384112e-02 1.48134278e-02 -4.61850408e-03 3.12671401e-02 1.67036057e-02 -2.57849079e-02 -3.13494331e-03 3.03116953e-03 3.88313085e-02 3.62200737e-02 -7.98408687e-02 -2.17495281e-02 2.94410419e-02 9.73796248e-01 -3.40889245e-02 9.24677309e-03 2.93120909e-02 1.07133150e-01 -1.12889819e-02 -5.72168157e-02 4.81829233e-02 6.43089339e-02 9.39213112e-03 1.28163295e-02 1.13798007e-02 3.20445374e-02 5.32749854e-02 6.22031391e-02 2.26675402e-02
-5.56472801e-02 2.94491816e-02 -2.38439012e-02 4.72541340e-02 2.52103787e-02 6.13728613e-02 -6.29096804e-03 -4.70253974e-02 -1.23220356e-02 7.43817464e-02 -2.67277993e-02 9.18434784e-02 -7.62256831e-02 -1.39240045e-02 -4.38702218e-02 -9.08736810e-02 2.66374741e-02 9.55382228e-01 7.55341724e-02 2.62762737e-02 1.09595962e-01 -3.74649502e-02 -7.14287162e-02 -5.71988374e-02 4.98917094e-03 -6.47325292e-02 1.71614960e-02 -2.23586485e-02 -4.11327220e-02 -5.53686544e-02 -3.11769713e-02 5.63199483e-02
5.48603944e-02 -1.50602236e-02 3.78068611e-02 -1.20776864e-02 4.02720831e-02 1.29536176e-02 -4.16487968e-03 4.01867107e-02 9.49569121e-02 2.69252006e-02 1.39389159e-02 -8.73179436e-02 9.24618170e-02 -6.77786916e-02 6.43521128e-03 1.22113183e-01 -3.44163701e-02 -4.47608232e-02 9.40802693e-01 5.94809353e-02 4.68165725e-02 -7.93969445e-03 -3.70325856e-02 -4.77773473e-02 2.51447465e-02 9.47466642e-02 7.90504068e-02 -4.23326455e-02 1.09490238e-01 1.10270217e-01 -6.75572753e-02 4.47558388e-02
5.01841195e-02 4.09737267e-02 1.05618415e-02 6.99951574e-02 -3.15310620e-02 1.59429219e-02 4.02154215e-02 -2.34509967e-02 4.27071229e-02 -6.98147938e-02 -4.25757840e-02 -6.20778278e-02 -4.43131998e-02 7.61464611e-02 1.64348837e-02 -8.81417375e-03 -2.41848473e-02 -1.22471470e-02 -4.87451330e-02 9.72951651e-01 3.32082286e-02 3.87890115e-02 6.15332089e-03 -7.44789199e-04 5.82488030e-02 5.23409247e-03 -1.62416343e-02 4.94306423e-02 -3.56976641e-03 -1.57996640e-02 6.52164593e-02 -6.21845573e-02
9.17878971e-02 -8.88418779e-02 8.01382773e-03 2.41034366e-02 -1.03020035e-01 -9.22013670e-02 -1.10852439e-02 6.58340603e-02 -7.30266701e-03 -7.13052154e-02 -6.37699887e-02 -1.11879870e-01 1.22048780e-01 2.15951409e-02 -2.51341537e-02 1.11907586e-01 -1.13987386e-01 -1.58721004e-02 -9.22261104e-02 -6.49446920e-02 9.12968874e-01 7.98365176e-02 4.36550751e-02 6.65299594e-02 5.77114932e-02 -1.73347327e-03 5.56035489e-02 1.13241799e-01 5.26107587e-02 1.11903071e-01 2.50850972e-02 -4.32652459e-02
-5.86283952e-02 3.78791653e-02 -3.63890789e-02 -8.14471673e-03 -3.74832265e-02 -1.00281672e-03 1.86981838e-02 -2.67256908e-02 -2.56737266e-02 3.68679203e-02 -4.09576148e-02 4.39524241e-02 -9.16337371e-02 3.95713523e-02 -2.62307264e-02 -6.10687844e-02 2.04255935e-02 -5.06634591e-03 5.35034947e-02 -3.67523655e-02 -3.69923413e-02 9.76179004e-01 -5.39479293e-02 -3.91614102e-02 3.23197134e-02 -5.43528795e-02 1.10310623e-02 -7.58944405e-03 -3.33621316e-02 -3.99558842e-02 -1.75012078e-03 3.12215220e-02
-6.32394999e-02 4.18038927e-02 -6.74550980e-02 1.96608622e-03 3.23400483e-04 -3.30252014e-03 -2.99548041e-02 -3.97247225e-02 -6.33637458e-02 4.28807139e-02 -2.13883296e-02 1.05354145e-01 -9.64973643e-02 4.74845618e-03 -6.83541000e-02 -9.44962054e-02 5.23180887e-02 1.06794983e-02 1.09591238e-01 4.80654510e-03 2.30153482e-02 7.36171845e-03 9.56687331e-01 5.39096333e-02 -1.79922639e-03 -7.45126009e-02 7.66737107e-03 2.48351358e-02 -1.85773242e-02 -7.41662011e-02 3.31010409e-02 -8.25915486e-03
-6.83300048e-02 3.27386558e-02 -3.16082984e-02 -1.86514197e-04 -9.87048494e-04 1.71481038e-03 5.87871019e-03 -3.89329381e-02 2.98453495e-02 6.37596473e-02 8.53809807e-03 7.05547929e-02 -7.51534030e-02 3.52866240e-02 -7.33873099e-02 -5.02352566e-02 -4.98908050e-02 9.01191588e-03 7.20491707e-02 1.07121198e-02 -1.37351360e-02 -3.41402483e-06 -9.84761715e-02 9.70218241e-01 1.24911293e-02 -7.84020778e-03 3.34510170e-02 -5.39969727e-02 -3.36286649e-02 -2.10172068e-02 2.86422148e-02 3.41409482e-02
5.68409227e-02 -5.96115291e-02 5.89174293e-02 -9.50599089e-02 -5.10279089e-02 -2.89781690e-02 1.03835938e-02 1.01782307e-01 -8.55741650e-02 -2.49547120e-02 6.03122748e-02 -5.16609214e-02 8.59690830e-02 3.54275573e-03 4.52405326e-02 7.03810453e-02 -5.19551374e-02 6.23226501e-02 -4.43500467e-02 -3.91983800e-02 -1.30496264e-01 -5.36523154e-03 5.24523221e-02 2.35664379e-02 9.45511401e-01 4.40961644e-02 4.64828797e-02 4.13306057e-02 -5.31272851e-02 3.14069092e-02 -2.91761849e-02 5.67862801e-02
-8.28962177e-02 3.65125947e-02 3.64308618e-02 6.77164048e-02 1.39079103e-02 6.21966273e-02 2.53994409e-02 -3.49396281e-02 3.81316058e-02 -6.35502785e-02 5.40322997e-02 -2.19588466e-02 -9.02457088e-02 7.14090392e-02 3.67961265e-02 -1.28057256e-01 2.05165762e-02 4.22091670e-02 -2.83002462e-02 -4.13316861e-02 5.65086007e-02 3.72508280e-02 4.81710285e-02 -2.08124728e-03 -1.63151801e-03 9.48423624e-01 -8.33735541e-02 -2.04940233e-02 -5.56606501e-02 -1.02169655e-01 6.01056367e-02 -6.64545670e-02
5.02119064e-02 -1.36146089e-02 2.77850647e-02 -4.97017317e-02 2.21420340e-02 -5.05071990e-02 2.49172971e-02 4.77238111e-02 -5.54039609e-03 -3.41800824e-02 7.71406814e-02 -7.63020590e-02 6.93862215e-02 8.71969853e-03 7.56428018e-02 7.28140622e-02 2.26256880e-03 5.74750639e-02 -1.19277179e-01 2.51924358e-02 -9.60711315e-02 3.43800187e-02 6.04490601e-02 7.04568485e-03 -1.16348311e-01 1.00735456e-01 9.44334447e-01 -8.55173171e-02 1.34352874e-02 5.75262383e-02 1.59131475e-02 2.07697656e-02
2.10083835e-02 -2.16172915e-03 1.18963495e-02 -1.00287780e-01 -3.14960256e-02 -4.34398800e-02 3.11427973e-02 4.97895591e-02 -8.04825500e-02 5.20274863e-02 5.33323064e-02 5.73267080e-02 4.12482023e-02 3.40700373e-02 -4.37186770e-02 4.15999666e-02 -6.43206248e-03 3.98609377e-02 4.58997115e-02 -8.93105939e-03 -1.16710648e-01 3.39725707e-03 -2.51210090e-02 4.02979590e-02 -1.06453545e-01 6.42867088e-02 4.42904606e-02 9.54407096e-01 -7.51654506e-02 2.97693852e-02 -2.47007571e-02 7.77009502e-02
3.96182872e-02 3.80776823e-03 -5.79989366e-02 -9.01260599e-02 -1.19352741e-02 -7.26934075e-02 9.74850636e-03 8.82401764e-02 -1.33717313e-01 -4.48882282e-02 7.55846500e-02 5.85527066e-03 5.78990504e-02 3.37157659e-02 2.08153222e-02 4.33571003e-02 -3.28757614e-02 1.12260625e-01 -9.17428955e-02 8.29013065e-03 -1.09454028e-01 5.83781712e-02 4.36941981e-02 6.32977337e-02 -2.45380588e-02 6.93356916e-02 -9.12041292e-02 2.14671344e-02 9.36428607e-01 5.54055870e-02 4.34931256e-02 -4.06793021e-02
1.63786709e-02 1.34475222e-02 4.95416746e-02 -3.87092680e-02 1.76820680e-02 4.11142558e-02 5.14529981e-02 2.11826842e-02 -9.95061919e-02 -5.20772263e-02 8.76132101e-02 3.21664773e-02 2.07033306e-02 1.09397866e-01 9.55657735e-02 -1.22066990e-01 -2.22146064e-02 8.02729428e-02 -3.59010212e-02 2.61931238e-03 -8.42517763e-02 4.15416248e-02 7.11873323e-02 2.74753440e-02 -6.81310818e-02 3.27090882e-02 -1.09006420e-01 -6.00715540e-02 -1.33967847e-01 9.23981488e-01 1.11628816e-01 -6.71761036e-02
-5.65284453e-02 -8.17852374e-03 -2.27870643e-02 -2.82224780e-03 -3.26587968e-02 -5.00000920e-03 -1.63289458e-02 -6.08905070e-02 7.27370207e-04 2.53271013e-02 -3.47537547e-02 2.51263566e-02 -6.00484572e-02 2.16125604e-02 -5.97567447e-02 -3.55307013e-02 -5.88833690e-02 -1.68262850e-02 9.34864208e-02 -6.18090928e-02 1.14862458e-03 -4.18996997e-02 -7.39514977e-02 -7.10841119e-02 5.85315004e-02 -6.30779266e-02 5.04838564e-02 3.25838998e-02 8.29786435e-03 -7.42522031e-02 9.65632319e-01 4.61034328e-02
5.88865839e-02 -2.26645004e-02 8.50719735e-02 7.14019127e-03 6.39722049e-02 3.62133309e-02 8.55944306e-03 5.20258062e-02 6.88177049e-02 -5.71777634e-02 5.10712974e-02 -6.83244541e-02 5.32772243e-02 -2.14529317e-02 6.13825656e-02 3.74180414e-02 -1.64979044e-02 -1.16154198e-02 -8.83897170e-02 5.30040935e-02 2.58341040e-02 2.01077461e-02 6.95500970e-02 7.98383448e-03 -7.83532262e-02 5.46040460e-02 -9.03630778e-02 -6.69726878e-02 1.52639505e-02 3.24012972e-02 1.45425266e-02 9.57356155e-01
9.91600573e-01 2.59575564e-02 -4.67772270e-03 -2.10804008e-02 -8.34291521e-03 1.37445778e-02 -2.94737015e-02 4.41382639e-04 9.56799462e-03 -1.68436076e-02 1.06668137e-02 -1.02355313e-02 1.67592671e-02 -2.96784425e-03 -3.62984128e-02 2.15553064e-02 -2.00081207e-02 1.64744034e-02 -1.06694782e-02 3.02716494e-02 -1.00324983e-02 -2.84301154e-02 -2.75356248e-02 -5.89420013e-02 2.33391044e-03 2.42462475e-02 -2.67514028e-02 1.38554648e-02 -1.14023369e-02 5.62964566e-02 -2.51480239e-03 1.20594632e-02
-3.48329805e-02 9.89797711e-01 1.79468933e-03 7.32829701e-03 -2.14612987e-02 5.52929528e-02 7.86173530e-03 4.15733783e-03 2.02671401e-02 -2.58600060e-03 -7.45708635e-03 -1.93666003e-03 2.23071198e-03 -1.27682649e-02 -4.62571271e-02 -2.77535040e-02 2.47294735e-03 -4.33255173e-02 1.39032295e-02 -4.21518460e-03 -1.39459334e-02 -4.25924473e-02 -8.31676275e-03 -4.64776754e-02 -2.79919500e-03 4.16890904e-02 -3.50902183e-03 -7.24280672e-03 2.64569670e-02 4.71717119e-02 2.51411437e-03 2.83607841e-02
-4.20066557e-04 4.47851233e-03 9.84336078e-01 -1.96769554e-02 1.28343292e-02 -5.07598743e-02 -4.53899503e-02 -2.18920521e-02 3.13713717e-05 -1.06591145e-02 -8.88344552e-03 -1.07889995e-03 -1.72569286e-02 -1.03499675e-02 1.51691874e-02 3.71359475e-02 -1.24792233e-02 -1.52607227e-03 -7.39831179e-02 1.73021071e-02 8.46860334e-02 1.89317099e-03 -3.00911255e-02 -2.72427108e-02 1.27684902e-02 -9.92437080e-03 -6.41023228e-03 6.15972579e-02 3.92383263e-02 1.21512190e-02 -4.26380970e-02 -2.88153607e-02
2.67329141e-02 -1.03728939e-02 4.22831886e-02 9.77121830e-01 -2.67503839e-02 2.12345608e-02 2.02386472e-02 6.24679066e-02 2.31742263e-02 -1.79529097e-02 5.96004911e-02 3.87845077e-02 -4.65243123e-04 2.27894466e-02 -3.63819604e-03 -8.32423102e-04 1.56056574e-02 2.97841020e-02 4.74904999e-02 -6.45669028e-02 -7.26385489e-02 -7.13051409e-02 2.62294393e-02 4.44522873e-02 -5.38506806e-02 3.16012911e-02 4.32242975e-02 -4.98906560e-02 8.01736396e-03 -3.93629074e-02 -4.05881926e-03 1.51385488e-02
8.63720779e-04 1.50952209e-02 -2.88290307e-02 5.93951717e-02 9.74749207e-01 4.32243720e-02 5.38264029e-03 -5.88735454e-02 2.78555173e-02 4.13460005e-03 -5.67416698e-02 -3.64008136e-02 -2.26816256e-02 -2.41448022e-02 -4.44022082e-02 3.29597667e-02 -3.83234695e-02 -5.88696674e-02 -4.47540544e-02 2.69859731e-02 5.38464226e-02 -7.91788974e-04 -6.35084659e-02 -3.11430171e-02 4.87362035e-02 -4.75701317e-02 -1.56176966e-02 6.55616149e-02 3.19747417e-03 3.29360291e-02 5.23341596e-02 -4.28622179e-02
-2.65638381e-02 -5.84198907e-02 4.12804112e-02 -2.35888064e-02 -4.54476140e-02 9.82397139e-01 -1.18179405e-02 3.14880274e-02 6.17450615e-03 -2.83694305e-02 5.10902256e-02 -4.83435020e-02 3.30602936e-02 2.02070903e-02 -2.66483799e-02 4.12598066e-02 -5.07436171e-02 6.12438098e-02 -2.78543439e-02 -5.86514641e-03 5.49826259e-03 -3.04691661e-02 -5.29171638e-02 -3.88422273e-02 3.40008526e-03 1.36134205e-02 -2.26031095e-02 2.94212773e-02 1.14342924e-02 2.92242672e-02 -1.71990953e-02 -1.89409312e-02
2.21299548e-02 -9.48271994e-03 3.77494209e-02 -1.90088339e-02 -9.32233315e-03 -3.83868767e-03 9.93990779e-01 1.20974029e-03 1.38132023e-02 -2.52463724e-02 2.58898875e-03 -3.34952101e-02 9.60793160e-03 1.16850790e-02 -9.35011916e-03 6.12944970e-03 -3.10984831e-02 2.81793252e-02 -2.37068255e-02 -1.15940068e-02 8.79458711e-03 -8.12961347e-03 -2.44949181e-02 -4.98455465e-02 -1.19731259e-02 1.12484256e-02 -9.55669582e-03 2.43452918e-02 1.29713975e-02 9.33290739e-03 -1.11074662e-02 -1.35777090e-02
-1.50510261e-03 7.48220831e-03 -5.12654614e-03 -3.40832397e-02 4.33484279e-02 -3.28889228e-02 -6.44480204e-03 9.81273234e-01 -1.57979084e-04 1.03040366e-02 -2.32618656e-02 -5.45837637e-03 -1.30214579e-02 -2.65613589e-02 4.20059711e-02 3.41523178e-02 7.40214065e-03 -2.57743779e-03 -7.91200027e-02 3.48010510e-02 6.90007657e-02 5.12089916e-02 -2.80242035e-04 -4.93201539e-02 -6.86795404e-03 -6.05986528e-02 -2.23005265e-02 6.87648728e-02 1.10027147e-03 -2.15694774e-03 -2.80257035e-02 -3.58654745e-02
-1.07190795e-02 -2.48949155e-02 6.75600022e-04 -3.20674106e-02 -2.05111038e-02 -8.89819022e-03 -1.33514851e-02 5.41469641e-03 9.95326519e-01 1.55121116e-02 1.22348825e-02 3.88565361e-02 -2.10862505e-04 -5.45136118e-03 1.32823716e-05 8.80495552e-03 6.94803568e-03 -2.02246401e-02 1.03934845e-02 -3.17574553e-02 -2.45430116e-02 -2.01414693e-02 -6.87489891e-03 2.67108646e-03 -8.83102790e-03 3.02739628e-02 1.27604539e-02 1.65327135e-02 1.02907792e-02 1.74335055e-02 -1.44504625e-02 1.26960250e-02
2.03275755e-02 4.51413449e-03 1.94754433e-02 1.31270029e-02 -1.64626702e-03 3.00610010e-02 2.65785884e-02 -3.50818224e-03 -1.22547075e-02 9.96236205e-01 5.70137799e-03 -2.09133327e-02 1.33071113e-02 2.00582780e-02 -1.70416036e-03 -8.80897976e-03 1.51042442e-03 1.37539180e-02 9.68773570e-03 4.48500644e-03 -2.68655028e-02 1.15103051e-02 6.64979871e-03 3.82809825e-02 1.22686746e-02 -1.41351009e-02 -1.23112518e-02 -1.74477417e-02 7.38074724e-03 -5.57177421e-03 6.58728695e-03 -4.29224642e-03
-6.83763251e-03 1.94580778e-02 -1.37323020e-02 -4.08219732e-02 5.24594933e-02 -4.64643501e-02 -4.18759603e-03 -8.00714735e-03 -1.06602954e-02 1.24379178e-03 9.83780324e-01 1.21588968e-02 -1.83068756e-02 -3.87337878e-02 5.00853434e-02 2.01015845e-02 2.02943739e-02 -4.63374052e-03 -6.70426041e-02 -1.63932666e-02 5.73484153e-02 5.04933521e-02 2.69302130e-02 -2.32482273e-02 -1.16256969e-02 -4.33240943e-02 -2.73844856e-03 6.36616498e-02 1.40930368e-02 -4.98079928e-03 -3.04816887e-02 -1.91487465e-02
9.07366350e-03 3.76869156e-03 -9.01532546e-03 -1.95760876e-02 2.16085222e-02 4.93406095e-02 3.09089236e-02 -1.22420732e-02 -3.31106968e-02 2.04977319e-02 -2.43891999e-02 9.89997625e-01 1.73062983e-03 1.34227285e-02 -4.74227080e-03 -6.32042810e-03 3.69264768e-03 2.61516823e-03 -4.40434553e-02 2.25699861e-02 5.77537939e-02 2.93172710e-02 5.20631205e-03 -3.78982276e-02 2.96076853e-02 -3.31300385e-02 -2.84346193e-02 4.33330424e-02 3.85410589e-04 -7.00566452e-03 -3.41325905e-03 -1.14323264e-02
-1.47451097e-02 1.51889119e-03 4.75518871e-03 7.87978806e-03 2.26582699e-02 -3.26624215e-02 -1.22118276e-02 -2.74962187e-03 1.50672800e-03 -8.26964900e-03 2.06024409e-03 -6.43363595e-03 9.93299067e-01 -8.83274246e-03 2.77360529e-02 2.09566858e-03 3.64148431e-02 -3.33366031e-03 -3.80856469e-02 -1.08719803e-02 4.18534949e-02 1.10753039e-02 1.91133674e-02 -4.33258638e-02 -3.14279050e-02 -2.11771782e-02 6.33639330e-03 2.59527229e-02 2.20971964e-02 -1.53347813e-02 -2.11037137e-02 -2.58130254e-03
-5.27927768e-04 2.06359699e-02 -1.66888218e-02 -1.39228220e-03 1.06861303e-02 -2.88396012e-02 -1.86890494e-02 -1.32165721e-03 1.04579367e-02 -1.42524010e-02 1.56334657e-02 -2.66765915e-02 -5.44546731e-03 9.84030604e-01 2.51846239e-02 1.88944489e-02 1.81288365e-02 2.77628340e-02 -5.91892265e-02 2.13777181e-02 8.72283950e-02 1.32408012e-02 -1.41664194e-02 -4.22694497e-02 2.82617845e-02 -4.92063165e-02 -1.36034121e-03 6.43197671e-02 2.76783928e-02 4.23215004e-03 -6.07521161e-02 -2.69335993e-02
3.08088474e-02 4.28135768e-02 -1.03187533e-02 9.11807735e-03 3.42447497e-02 3.34543064e-02 9.37719364e-03 -3.79581824e-02 1.99672161e-03 2.25552838e-04 -4.29133065e-02 4.99492045e-03 -1.95880327e-02 -1.70311760e-02 9.89056826e-01 -1.14164399e-02 -4.02022563e-02 -5.84201328e-03 2.64568068e-02 3.36339660e-02 -4.71756011e-02 5.87575603e-03 -6.66055232e-02 -2.07032962e-03 -6.64078025e-03 2.95360256e-02 -4.16547991e-04 3.85766220e-03 -3.08754127e-02 1.20665245e-02 8.71737860e-03 3.24979867e-03
-1.83913969e-02 2.90823448e-02 -4.74298224e-02 1.68591626e-02 -4.62267883e-02 -3.39073576e-02 -4.19112341e-03 -4.56652530e-02 -9.21559613e-03 1.35012753e-02 -3.35601680e-02 1.11236912e-03 -9.34557058e-03 -2.82086264e-02 1.44304652e-02 9.88961816e-01 1.11839380e-02 -3.95530276e-02 -3.49882282e-02 -5.55810705e-02 2.48610992e-02 3.70845683e-02 7.77458865e-03 -2.29241233e-02 1.05705382e-02 -2.03926787e-02 -1.37310280e-02 2.98436508e-02 7.51627423e-03 -5.82776079e-03 -8.96612927e-03 -9.74455848e-04
2.44194530e-02 -4.13952814e-03 1.79392509e-02 -2.07425896e-02 4.19313312e-02 5.94586730e-02 3.45077589e-02 -3.24024400e-03 -6.95923856e-03 -5.87431714e-03 -1.81553718e-02 -5.28535340e-03 -3.20730470e-02 -1.38139902e-02 3.41200717e-02 -3.29493033e-03 9.90605712e-01 -9.03479941e-03 3.75341773e-02 2.56717112e-02 -9.59372614e-03 -1.81941930e-02 1.45024424e-02 4.28039916e-02 2.35335976e-02 7.17653194e-03 2.66289450e-02 6.80896593e-03 2.74790339e-02 3.86323757e-03 -2.21203920e-02 2.77401991e-02
-2.22092755e-02 4.81589772e-02 -1.87791437e-02 -2.99060182e-03 4.24312763e-02 -5.93866371e-02 -2.92696245e-02 -2.13739201e-02 2.45601516e-02 -7.08268117e-03 -1.50922053e-02 -9.88892559e-03 -6.25847187e-03 -4.80899177e-02 3.58882849e-03 3.03760190e-02 1.24730440e-02 9.85585868e-01 -1.65362787e-02 5.85251339e-02 3.75561230e-02 4.53270525e-02 -1.67173352e-02 -3.13942507e-02 2.16612723e-02 -3.08243670e-02 -1.34911472e-02 5.73464148e-02 2.21754350e-02 2.32977699e-02 -4.97582927e-03 -2.38729874e-03
8.62042943e-04 -1.53299738e-02 7.50686452e-02 -5.83080016e-02 6.04451708e-02 1.16371522e-02 1.78529788e-02 8.05752724e-02 -1.21769877e-02 -1.05933892e-02 7.04041794e-02 4.13371772e-02 4.09704559e-02 6.20410442e-02 -1.90913659e-02 5.55079319e-02 -3.91253568e-02 2.18672268e-02 9.74676430e-01 3.29620317e-02 3.64845768e-02 -2.87211388e-02 3.08052991e-02 -1.23521034e-02 8.65998771e-03 2.96500698e-02 -4.03050110e-02 -2.40443870e-02 -1.73939131e-02 4.43287008e-02 2.33965740e-02 4.37126160e-02
-3.60096507e-02 -5.30002220e-03 -2.79829614e-02 8.08108971e-02 -5.35760112e-02 -1.90590566e-03 9.66970623e-03 -3.83995138e-02 3.04095298e-02 -6.01966516e-04 1.65850874e-02 -2.33217273e-02 9.29720793e-03 -2.95696985e-02 -3.47872712e-02 4.24108580e-02 -1.84782967e-02 -6.81709722e-02 -2.14678291e-02 9.83018756e-01 3.26204747e-02 1.53886750e-02 -5.28652854e-02 -7.49143260e-03 6.95845718e-03 1.31052891e-02 -1.99399516e-02 4.40042913e-02 1.89609192e-02 4.19385992e-02 -2.26327050e-02 9.68326069e-03
1.97626613e-02 1.40917273e-02 -8.28871205e-02 8.41108784e-02 -7.06638545e-02 1.20197665e-02 -1.65453658e-03 -6.82200268e-02 2.58997828e-02 2.68248878e-02 -5.94323091e-02 -5.52051961e-02 -4.17276844e-02 -8.73927996e-02 3.75787430e-02 -4.74378914e-02 8.41389038e-03 -4.00679000e-02 1.12886503e-02 -5.16167320e-02 9.70262051e-01 4.08580676e-02 -1.70232095e-02 4.25612107e-02 -6.06747996e-03 1.88809203e-03 3.73333017e-03 3.99112441e-02 -2.46189516e-02 -3.11957207e-02 -4.17202339e-02 6.78961724e-03
2.93956771e-02 3.40368971e-02 1.53808650e-02 6.55358583e-02 -4.03966568e-03 4.26630825e-02 1.16938651e-02 -3.39559130e-02 2.32377611e-02 -1.78546477e-02 -3.44056338e-02 -2.29814332e-02 -3.35082784e-03 3.12253879e-03 -1.65031478e-02 -3.62033136e-02 1.45343300e-02 -3.66245396e-02 3.99074964e-02 -1.76765248e-02 -5.49879596e-02 9.87722635e-01 1.30101163e-02 1.22022126e-02 -2.48184893e-03 2.01554708e-02 -1.53626930e-02 -4.09495533e-02 -1.58006661e-02 1.96990501e-02 2.74570845e-02 -5.67825045e-03
2.96609290e-02 1.30766286e-02 1.91327911e-02 -1.64970718e-02 5.10184243e-02 5.46140373e-02 2.03504618e-02 -1.42139699e-02 1.33455573e-02 -9.64204781e-03 -3.61094736e-02 -1.61391459e-02 -2.15310548e-02 2.77196313e-03 6.04011640e-02 -3.28813214e-03 -2.64458749e-02 1.00408047e-02 -2.85649262e-02 5.86253330e-02 1.98405515e-02 -1.13061341e-02 9.84402716e-01 1.06210643e-02 1.51648605e-02 -1.54461833e-02 9.70680080e-03 2.72440985e-02 5.94519153e-02 -8.46196990e-03 -5.82784647e-03 -8.03868994e-02
4.86223660e-02 4.79905047e-02 2.79615223e-02 -5.09763770e-02 3.55161801e-02 2.75548548e-02 4.18902896e-02 4.90810610e-02 -1.42033352e-03 -4.19722423e-02 2.58574765e-02 3.37117761e-02 4.93691787e-02 4.29744981e-02 -3.53747606e-03 3.58768739e-02 -4.43798117e-02 3.40186954e-02 -1.55195268e-02 1.63850337e-02 -1.53935477e-02 -1.00068878e-02 -1.86763536e-02 9.83580232e-01 1.46370595e-02 2.53798664e-02 -4.29136567e-02 2.69188825e-03 -1.44317150e-02 3.17733549e-02 8.97638407e-03 -2.92845592e-02
-3.14858812e-03 -9.75883217e-04 -1.04557397e-02 5.37912622e-02 -5.38392887e-02 -8.14246852e-03 1.03184255e-02 1.15703251e-02 8.94710142e-03 -1.22466460e-02 1.64802261e-02 -2.60858331e-02 3.18411589e-02 -2.77007557e-02 7.71554001e-03 -1.59701779e-02 -1.81783549e-02 -1.96930896e-02 -1.01436547e-03 -1.85951982e-02 -6.96527353e-03 -1.83518941e-03 -9.18605924e-03 -1.10698203e-02 9.94250476e-01 1.35557298e-02 -1.20040243e-02 1.51241198e-02 -6.44988660e-03 -5.90480771e-03 1.69968174e-03 3.04105482e-03
-2.69403476e-02 -3.75874974e-02 7.63901800e-04 -3.07661202e-02 5.72762862e-02 -2.38154922e-02 -1.48045812e-02 4.95306924e-02 -3.25289518e-02 1.80141609e-02 3.24434675e-02 2.63534319e-02 1.40057774e-02 4.05655243e-02 -1.93437580e-02 2.39592232e-02 -2.01576343e-03 2.84833871e-02 -5.05000316e-02 -7.07809906e-03 2.03459337e-02 -3.38279433e-03 1.89566724e-02 -3.24236304e-02 -8.16199463e-03 9.88144457e-01 -2.36805864e-02 3.20002623e-02 -8.15500680e-04 -1.53323766e-02 -2.02855114e-02 2.22280603e-02
2.50253156e-02 4.28683637e-03 8.59778561e-03 -4.64649722e-02 2.04256624e-02 2.17202473e-02 1.01664802e-02 2.59451065e-02 -1.39017226e-02 9.82094556e-03 6.39449945e-03 2.77612843e-02 5.56349696e-04 6.35308027e-03 -3.54824937e-03 2.27677990e-02 -3.37298401e-02 1.50764361e-02 2.58751009e-02 2.64529735e-02 1.00313071e-02 1.85846873e-02 -1.43280532e-02 3.12760659e-02 1.77890416e-02 2.24550180e-02 9.93204653e-01 -2.26189978e-02 2.61278618e-02 2.38275193e-02 1.66145172e-02 1.02890916e-02
-5.33229858e-03 4.14295634e-03 -4.83942442e-02 4.77580316e-02 -7.06230327e-02 -1.52180279e-02 -1.68979932e-02 -5.43412305e-02 -1.86884254e-02 1.59460641e-02 -5.36439307e-02 -3.23118791e-02 -2.05556396e-02 -4.93579768e-02 -1.24854725e-02 -4.36475277e-02 -4.65510832e-03 -5.12835495e-02 6.27080649e-02 -5.21886647e-02 -7.85131752e-02 2.47606244e-02 -1.69826057e-02 2.05586031e-02 -2.41686646e-02 -1.18208313e-02 3.21302600e-02 9.78421748e-01 -4.39568702e-03 -3.78257148e-02 3.34362895e-03 -1.03149489e-02
1.35578178e-02 -2.44722795e-02 -4.19849046e-02 -2.40957597e-03 -1.01501429e-02 -1.09958407e-02 -1.21377558e-02 -1.49847707e-03 -1.13351867e-02 -5.87942451e-03 -1.41560966e-02 1.07675930e-03 -1.91622581e-02 -2.66620424e-02 2.55403277e-02 -1.23374816e-02 -2.61976290e-02 -2.27275994e-02 2.83123050e-02 -2.39096973e-02 1.23006105e-02 1.52767496e-02 -6.12597726e-02 1.71645377e-02 3.57026141e-03 6.80910423e-03 -2.75908764e-02 -5.94527461e-03 9.92688239e-01 -1.83318829e-04 1.08233467e-02 -3.76428701e-02
-5.43495342e-02 -5.10459095e-02 -1.75806899e-02 4.33619320e-02 -3.46336775e-02 -3.38139124e-02 -8.82736780e-03 1.70127489e-04 -2.20367312e-02 1.08001390e-02 2.23286828e-04 6.82055997e-03 8.77616461e-03 -7.81585090e-03 -1.18364452e-03 -5.73037658e-03 4.20970609e-03 -2.23958250e-02 -4.05533090e-02 -5.41753136e-02 2.26734057e-02 -1.42158829e-02 2.14798450e-02 -1.87555123e-02 -1.22136099e-03 7.46876141e-03 -1.46079911e-02 3.37380469e-02 5.67791401e-04 9.89314377e-01 -1.19553572e-02 4.56673503e-02
-1.09735911e-03 -3.36643541e-03 3.64101045e-02 2.48804362e-03 -5.39444163e-02 5.30192861e-03 5.49360551e-03 2.46996414e-02 1.48633206e-02 -6.13630656e-03 3.13054249e-02 -2.66888994e-04 1.79735925e-02 5.28093278e-02 7.93850922e-04 1.13689443e-02 2.83938497e-02 7.56205246e-03 -3.47409621e-02 1.95423122e-02 5.42394109e-02 -2.26812959e-02 4.20226855e-03 -1.57424249e-02 -3.58188385e-03 1.58347245e-02 -1.50494846e-02 1.13186399e-02 -6.44094311e-03 9.97486617e-03 9.91170108e-01 -3.52876037e-02
-4.96657798e-03 -2.18342841e-02 2.65554860e-02 -1.66323856e-02 4.57095690e-02 1.94134507e-02 1.31253935e-02 2.78584920e-02 -9.42990556e-03 9.59613069e-04 1.02026835e-02 3.76450480e-03 -1.39389827e-03 2.44234279e-02 5.72019536e-03 4.09685727e-03 -3.12072188e-02 3.83445341e-03 -5.59328422e-02 -3.08376591e-04 6.41234266e-03 1.23683140e-02 7.05653578e-02 2.47029848e-02 1.40455016e-03 -3.35509107e-02 -1.28480215e-02 2.27798112e-02 4.36900519e-02 -4.69160639e-02 3.40745077e-02 9.88565981e-01
