1 4 16 16 16
-2.119529e-01 4.240533e-01 7.274323e-02 -2.674528e-01 2.279901e-01 -4.899094e-01 -2.248427e-01 3.393380e-01 3.179320e-01 -1.617576e-01 -1.354799e-01 -2.563658e-01 -5.604787e-01 7.093621e-01 7.127282e-01 -6.692267e-01
-1.967423e-01 -2.172996e-02 3.998205e-01 1.477059e-03 -3.349203e-01 -1.052376e-02 -2.049394e-04 3.631566e-01 -1.375319e-01 3.984274e-01 2.316056e-01 1.135512e-01 2.337772e-01 6.081966e-02 -2.521514e-01 7.323648e-01
-5.234701e-02 4.036784e-01 1.289583e-01 1.901214e-02 2.079710e-01 -2.188767e-01 2.872590e-02 2.667640e-01 -1.320596e-01 2.466256e-03 9.934796e-02 5.447201e-01 -3.635478e-02 -1.533332e-01 -4.911517e-01 -1.784008e-01
1.989592e-01 -2.436170e-01 -1.920284e-01 -8.886597e-02 1.300792e-01 3.679981e-01 -9.201190e-02 -3.494041e-01 1.993286e-01 -8.573174e-03 1.000318e-01 -1.711758e-01 -1.170823e-01 1.448429e-01 7.147492e-01 9.710260e-02
-2.572664e-01 -1.857812e-01 -1.165007e-01 1.700976e-01 7.843148e-01 5.316132e-02 1.164906e-01 1.208943e-01 -8.766257e-02 -7.748643e-02 -1.459298e-01 2.472115e-02 -2.943997e-01 -7.615735e-02 7.057821e-01 -5.793064e-01
4.966318e-01 2.634064e-01 -3.664324e-01 -1.645437e-01 9.299025e-02 5.638124e-01 -1.896817e-01 -4.738535e-01 -8.230957e-03 -5.666859e-01 7.874078e-02 -1.997374e-01 9.036968e-04 -6.206500e-02 1.616129e-01 -4.020368e-01
3.631644e-01 -1.976207e-01 -1.542575e-01 1.849026e-01 3.909272e-02 -1.040957e-01 -6.196726e-01 1.756415e-01 -2.292555e-01 2.273442e-01 6.289997e-01 -2.344480e-02 -6.157553e-01 -3.767713e-02 3.065478e-01 1.007038e-03
-2.481791e-01 -1.331109e-01 -2.500942e-01 8.010334e-02 5.297714e-01 -4.192147e-02 -3.863794e-01 2.277705e-01 3.695501e-02 -3.763102e-01 2.169512e-01 7.052750e-01 -3.194788e-01 -1.370982e-01 6.123198e-01 -3.192509e-01
4.830241e-01 1.361292e-01 -3.314660e-01 4.370480e-01 -1.842840e-01 1.670272e-01 -1.225600e-01 7.400583e-02 5.147303e-02 3.420459e-01 5.278431e-01 -9.439639e-02 -3.449326e-01 -4.882846e-02 -3.920192e-02 6.081332e-02
5.771402e-01 5.376834e-01 -3.921768e-01 -3.684113e-01 -3.237571e-01 -3.898745e-01 -4.039130e-01 -8.988668e-02 -8.345997e-02 -3.228853e-01 2.310400e-01 -1.408981e-01 -3.762384e-01 1.937878e-01 -3.690898e-01 7.397979e-03
-3.441767e-01 -1.377380e-01 -1.227861e-01 4.581612e-01 4.953766e-01 4.445777e-01 4.708422e-01 1.221352e-01 -3.909952e-02 3.239621e-01 -1.144708e-01 2.597481e-01 3.533790e-01 -3.503790e-02 4.546441e-01 -2.097784e-01
4.142460e-02 -3.821688e-01 2.943391e-01 1.679563e-01 -2.795922e-01 4.272843e-01 2.895110e-01 -1.230499e-01 2.108095e-01 -3.643377e-02 -1.853056e-01 -1.389949e-01 6.558143e-01 -3.873297e-01 -2.485007e-01 -9.761990e-03
-4.397292e-01 -4.005347e-02 -1.089594e-01 -2.571827e-01 2.833774e-01 1.178619e-01 5.948749e-01 -1.865050e-01 4.261223e-01 -2.822426e-01 -5.674360e-01 3.262381e-01 5.552168e-01 2.308661e-01 -4.407362e-02 -4.612556e-02
-1.401502e-01 -3.972411e-01 4.044430e-01 4.256456e-01 -2.523996e-01 -3.091788e-01 7.179762e-01 2.285003e-01 -2.788772e-01 5.182391e-01 -1.101379e-01 -2.751817e-01 8.651455e-02 -4.269854e-01 -3.760161e-01 3.240045e-01
-3.397534e-01 1.715427e-01 1.658466e-01 -2.031163e-01 6.469095e-01 -2.266709e-01 -3.185425e-01 6.822950e-03 4.855057e-01 -3.353737e-01 -4.488384e-01 3.082860e-01 -1.432869e-01 2.899958e-01 2.384355e-02 -2.555351e-01
-1.432007e-01 6.441380e-01 2.051181e-02 3.881707e-02 3.006436e-01 -4.720533e-01 -2.246446e-01 3.195550e-01 -2.012076e-01 -1.459042e-03 -9.125725e-02 3.772202e-01 -2.432466e-01 -1.103070e-01 -1.812729e-01 -3.548504e-01
1.524522e-01 -1.255598e-01 1.977198e-01 7.682486e-02 3.976408e-01 -1.320300e-01 -1.607207e-01 5.004321e-01 -5.737170e-02 -1.518461e-01 -3.273223e-01 -2.042100e-01 -2.206099e-01 3.105980e-01 7.460932e-01 -3.033125e-01
1.517919e-01 1.797439e-01 -3.495596e-01 -3.070426e-01 -2.593545e-01 -1.126997e-01 1.045326e-01 -3.688668e-01 5.956272e-02 1.323515e-01 2.277820e-01 -5.358198e-02 5.306703e-01 -8.486029e-02 -2.700076e-01 1.232985e-01
-1.198806e-01 -4.616170e-01 -5.474680e-02 1.902861e-01 1.225312e-01 -2.119533e-01 -4.829615e-01 1.560201e-01 1.056261e-01 8.252203e-02 -1.032202e-01 1.578736e-01 -4.368323e-01 -1.305854e-01 1.393904e-01 2.215245e-01
-1.677630e-01 1.570511e-01 -5.078801e-01 -4.714578e-02 -2.092742e-01 -1.382445e-01 7.467674e-02 -6.686537e-01 9.133279e-02 4.158498e-01 2.780336e-01 2.809955e-01 2.408649e-01 -3.124157e-01 -8.769328e-01 5.381678e-01
7.216451e-02 1.076899e-03 4.117922e-02 -7.225336e-02 -7.666129e-02 4.085597e-01 -4.907360e-01 1.274190e-02 9.479392e-02 4.058234e-02 1.919845e-02 -2.693962e-01 -5.526358e-01 2.704718e-03 1.081289e-02 1.650615e-01
-1.794464e-01 1.349945e-01 -2.313193e-01 7.551938e-02 1.218611e-01 -5.703894e-01 2.421680e-02 -3.315162e-01 1.547065e-01 -7.985944e-04 1.252041e-01 -8.172145e-02 -1.882835e-01 -5.866227e-02 1.019631e-01 -1.032342e-01
-1.548624e-01 9.140501e-02 4.731218e-01 -1.192181e-01 -2.448252e-01 4.400707e-01 -2.553308e-01 2.593716e-01 7.168008e-02 -3.572975e-01 3.956264e-01 -2.710136e-01 -1.237920e-01 -5.435315e-01 6.478890e-02 4.043818e-01
-1.586530e-01 -2.439371e-01 -2.934976e-01 3.455769e-01 4.220382e-02 -3.235425e-01 -7.959358e-02 -3.994738e-01 -3.538582e-01 3.216187e-01 1.191829e-01 4.884756e-01 1.370467e-01 -3.353460e-01 -2.999795e-01 7.120056e-02
2.153513e-01 -2.024719e-01 -9.445667e-02 2.023484e-01 8.773247e-02 1.194229e-01 -1.816874e-01 5.426434e-01 2.637340e-01 6.082197e-02 6.548520e-02 -2.382878e-01 -1.678025e-01 -1.580037e-02 -8.059712e-02 -3.167464e-01
-6.644703e-02 -1.853115e-02 5.425051e-02 2.117233e-01 -1.436633e-01 -1.877389e-01 7.489105e-02 -1.657532e-01 3.655933e-01 -1.038797e-01 -3.178261e-01 1.481971e-01 -5.122938e-01 -6.099016e-02 -6.853680e-01 -1.952357e-02
3.598217e-01 -1.635427e-01 -5.382713e-02 -1.121290e-01 3.980592e-01 8.368957e-02 -1.228587e-01 -2.290020e-01 -5.301000e-01 4.958635e-01 -2.390383e-02 1.569344e-01 3.349304e-02 9.322516e-02 4.525204e-01 2.072019e-01
-2.907324e-01 7.042360e-02 -1.784190e-02 1.192928e-01 -3.637567e-01 -1.026869e-01 -1.801405e-02 1.255443e-02 6.955159e-01 -2.519267e-01 2.873245e-01 5.270768e-02 -2.528506e-01 -2.535452e-01 -2.888788e-01 -1.275201e-02
3.507949e-02 -2.237819e-01 -1.846878e-01 2.861227e-02 8.019396e-02 -2.033640e-01 -3.588522e-01 -2.886400e-01 -1.928272e-01 2.144558e-01 3.890374e-01 2.772793e-01 -1.244238e-01 -4.408284e-01 -5.407891e-01 1.318413e-01
6.628896e-02 -3.488089e-01 -6.458017e-01 2.133354e-01 4.039102e-01 -3.732587e-01 1.819609e-01 -3.201739e-01 -1.387758e-01 4.846658e-01 -3.094546e-01 2.732336e-01 4.687201e-02 6.463640e-01 -2.690241e-02 -3.342539e-01
2.533395e-01 -2.381619e-02 5.132861e-02 -2.111958e-01 -5.297252e-02 -1.777691e-01 -2.135101e-01 -5.749446e-01 -9.756191e-02 3.751892e-01 2.976152e-01 4.021572e-02 5.189523e-02 2.285894e-01 6.633917e-01 -1.002091e-02
-1.503587e-01 3.229363e-02 -3.485784e-03 -3.401742e-01 -3.697440e-01 -3.960319e-01 -2.071711e-02 -6.857758e-01 -2.548470e-01 1.172394e-01 3.077755e-02 2.402763e-01 -1.470900e-02 -8.132855e-02 -2.153665e-01 5.214887e-01
2.265466e-01 1.563488e-01 9.240558e-02 -6.374846e-02 -5.492468e-02 -6.447272e-02 -4.866504e-02 1.092003e-02 -9.646226e-02 2.318957e-01 -8.051661e-02 -2.276392e-01 -1.229590e-01 -2.810214e-02 -6.609192e-02 -2.071228e-02
4.777228e-01 -1.395578e-01 -1.230566e-01 9.000583e-02 -6.819135e-02 9.828120e-02 1.618270e-02 -1.039576e-01 2.386995e-02 -1.481725e-01 -9.505354e-03 2.782683e-01 1.712659e-01 -7.952110e-02 -1.065573e-01 -1.359263e-01
-3.867251e-02 1.035322e-01 3.362829e-02 -1.482602e-01 3.119770e-02 6.943911e-02 4.423210e-01 -1.030781e-01 1.009915e-01 -1.773194e-01 -2.897590e-01 3.453328e-02 3.514772e-01 1.954034e-01 -2.186173e-01 4.055691e-02
-1.690176e-01 1.507312e-01 6.633088e-02 -1.485133e-01 5.254571e-01 -4.653649e-02 -1.785387e-01 1.768449e-02 1.542802e-01 -1.318583e-01 -2.510546e-01 1.175897e-01 -6.607124e-02 4.839505e-02 1.399915e-01 -1.935027e-01
-2.393640e-01 3.017351e-03 1.876177e-01 6.620966e-02 4.224110e-01 1.041791e-01 3.285108e-01 1.888046e-01 1.213241e-02 1.002626e-01 8.996087e-02 -2.320569e-01 6.380235e-02 1.329730e-01 2.705282e-01 5.286268e-02
2.518499e-02 -3.426445e-02 -1.551202e-01 1.938420e-01 -6.635915e-02 3.333121e-02 -2.475442e-01 1.030748e-01 -4.427716e-02 8.321169e-02 3.082244e-01 1.123387e-01 -2.373933e-01 -8.159302e-02 3.874213e-01 -3.033239e-03
2.731219e-01 -1.278722e-01 -4.133910e-02 -1.739759e-03 -6.485495e-02 5.059518e-01 -8.563993e-02 1.114091e-02 3.068307e-02 -1.411680e-01 -6.759808e-02 -2.835318e-01 1.754140e-01 -6.493463e-02 8.456948e-02 -2.407813e-01
-3.664126e-02 -1.234349e-01 -1.339235e-02 3.901725e-01 -9.402144e-02 -4.870322e-02 1.022208e-01 4.188446e-02 -6.017917e-02 -1.576048e-01 2.031752e-02 -4.735763e-02 2.110892e-01 -3.532192e-02 2.010453e-02 6.160648e-02
-3.359301e-01 1.330472e-01 2.741765e-02 2.830260e-01 2.555090e-01 2.264317e-01 2.222639e-01 1.013560e-01 7.089407e-02 4.180444e-01 -1.181505e-01 2.867163e-01 1.608913e-01 9.575254e-02 2.544624e-01 -8.234210e-02
-1.923751e-01 3.985032e-01 -4.446793e-02 -1.792021e-01 1.966231e-01 -1.000950e-01 6.944019e-02 -1.859382e-02 1.407291e-02 1.544807e-01 -3.793441e-02 -6.347901e-02 1.394215e-01 2.907761e-01 -1.866373e-01 3.315955e-01
-8.086795e-02 -2.315862e-02 2.603796e-02 -9.402143e-02 3.452341e-02 1.289392e-01 3.001556e-02 -3.019182e-02 3.441258e-01 -3.328174e-02 -1.608317e-01 3.843593e-01 1.911785e-02 7.834341e-02 -2.007313e-03 -3.492042e-02
2.274473e-02 9.462780e-02 4.639612e-02 -6.995147e-02 5.296549e-02 -9.812173e-02 -1.081951e-01 9.820063e-02 -2.070980e-01 4.089133e-02 4.623978e-01 -1.064789e-01 -1.134907e-02 -1.665599e-01 -9.896638e-02 1.156148e-01
-2.643757e-01 1.866371e-01 3.375955e-01 6.537421e-02 1.150167e-01 1.677418e-01 7.988020e-02 2.385987e-01 -6.542218e-02 3.744108e-01 1.750569e-01 1.863691e-01 1.209287e-01 2.360398e-02 5.837311e-02 2.042848e-01
1.022697e-01 1.561018e-02 6.042842e-02 -2.460814e-02 2.694004e-01 8.508417e-02 1.791518e-01 1.609856e-02 1.411842e-03 -5.076332e-02 3.044423e-01 5.874757e-01 2.796256e-01 -2.363315e-02 1.756292e-02 -1.124376e-01
-4.940023e-02 5.593549e-02 -1.344316e-01 7.610596e-02 -1.694312e-01 -2.628640e-01 7.991596e-02 -1.219036e-01 -2.684474e-01 1.747788e-01 1.973322e-01 1.374872e-01 -1.215358e-01 -6.921152e-02 -2.824240e-01 4.938688e-01
1.144705e-01 -2.592824e-01 -1.423675e-01 7.925999e-02 4.912312e-02 1.199431e-01 1.975926e-01 -1.350760e-01 1.016258e-01 -5.870418e-02 3.532863e-01 3.862252e-01 1.570515e-01 -1.141630e-01 2.378144e-01 -1.323999e-01
-1.354674e-02 1.804816e-01 1.526390e-01 -2.267549e-01 -1.734981e-01 3.717647e-02 1.027493e-02 7.226244e-04 -4.351095e-02 3.672523e-02 2.311126e-01 -1.565005e-01 1.878422e-03 8.379473e-02 1.140215e-01 3.940127e-02
2.499969e-01 -6.555886e-02 8.790516e-02 5.846706e-02 3.162156e-01 -1.205927e-01 -4.099048e-02 2.173655e-03 1.842849e-02 3.083597e-01 3.689966e-01 -5.228803e-03 -1.422995e-01 -6.520595e-02 5.915002e-02 -4.949544e-02
-7.203725e-02 -6.519114e-02 -9.677332e-02 1.501652e-01 -1.854439e-01 -1.543214e-02 -1.828960e-01 1.908854e-02 3.133711e-01 2.877531e-02 4.079315e-02 1.420824e-01 2.335437e-01 -7.928899e-02 3.081022e-01 -5.588671e-02
-6.347661e-02 8.359286e-02 -4.273379e-01 2.129214e-01 3.500090e-01 -7.821361e-02 -1.129370e-01 -1.826643e-01 1.683849e-02 1.345528e-01 -8.387935e-02 -1.506409e-02 -1.634388e-02 3.039646e-02 1.487000e-01 -1.286545e-01
2.004655e-01 -1.135991e-01 -1.715365e-02 2.087141e-01 -1.011190e-01 4.781256e-02 -4.740398e-02 5.478651e-02 -6.724394e-02 -3.631599e-01 1.187022e-01 4.202172e-01 -5.717234e-02 -3.063650e-01 -2.330165e-01 1.926018e-01
-1.315741e-01 9.025696e-02 -3.858766e-02 8.814393e-02 3.032154e-02 2.941347e-01 -1.356408e-01 -4.394595e-01 6.919692e-02 9.210987e-02 1.238462e-01 9.027421e-02 -1.423893e-01 -2.678611e-02 -1.467759e-02 -1.250506e-01
5.891342e-02 1.559855e-01 1.194438e-01 -1.068140e-01 2.915181e-03 -5.752527e-01 7.128723e-02 -4.901218e-02 -2.615333e-01 1.532736e-01 6.847260e-02 -8.079031e-02 -7.321996e-02 -1.772086e-01 -1.096940e-02 8.735547e-02
-1.710118e-01 2.455037e-01 -2.402568e-01 -1.474369e-01 2.022762e-01 -9.341009e-03 -2.903724e-02 -3.481414e-03 -5.966602e-03 4.616472e-02 -1.673441e-01 9.973040e-02 3.574551e-01 -7.812197e-02 3.769685e-01 -1.747755e-01
-3.382049e-02 -6.099390e-02 -2.798414e-01 2.276872e-02 -2.262313e-01 2.700869e-01 -2.751149e-03 1.624461e-01 1.943935e-01 -1.976321e-01 -2.691211e-01 4.056585e-02 -7.743607e-02 2.211168e-02 -1.702439e-01 -2.745181e-02
9.956296e-03 1.055429e-01 5.136877e-03 -4.118967e-02 2.544919e-01 1.171049e-01 1.863291e-01 7.797286e-03 -4.100588e-01 -4.100686e-02 -3.202805e-02 -4.566791e-02 -1.689778e-01 1.734564e-01 -1.380071e-01 1.368869e-01
1.202725e-01 4.679995e-03 3.689586e-02 -5.629540e-02 1.510543e-02 -6.519222e-02 4.851334e-04 -5.873255e-01 4.906388e-02 4.031350e-02 7.938443e-02 -1.287354e-01 -3.316664e-01 2.172542e-01 2.110952e-01 8.346105e-02
-2.334508e-02 -2.351078e-02 2.915094e-01 1.073736e-01 3.803116e-01 9.623925e-02 7.960689e-02 -1.401012e-01 4.024478e-02 -6.101346e-02 -5.240839e-03 -2.140107e-02 4.053820e-01 -9.769566e-03 1.278104e-01 9.108870e-02
-4.747821e-02 -1.363297e-01 -1.305529e-01 1.285986e-01 3.856058e-01 -2.220771e-02 -2.588327e-01 -5.855132e-02 -1.962567e-01 4.938605e-02 4.207987e-01 2.752346e-01 -1.443020e-01 -2.425202e-01 -1.870686e-01 -7.059196e-03
3.682552e-02 -1.710499e-01 3.576837e-02 8.808298e-02 2.962404e-02 4.802773e-02 -1.100052e-01 -5.345780e-02 -5.758324e-02 4.514710e-02 7.823408e-02 -9.523652e-02 -1.181890e-01 1.293510e-01 -5.062940e-01 1.763865e-02
-2.781674e-04 -4.216740e-02 9.831538e-02 -2.793471e-02 -1.521172e-02 -5.596309e-02 5.157527e-02 5.451303e-01 -8.511220e-02 -1.679468e-01 -1.155290e-01 -1.454211e-02 8.069590e-02 -7.466426e-02 -8.528784e-02 1.489595e-01
3.439959e-01 -2.301870e-01 -3.356924e-02 -1.254012e-01 2.607479e-02 -2.047850e-01 5.779690e-02 1.119452e-01 2.432920e-01 -8.943988e-02 -2.986591e-01 -7.095730e-02 2.245011e-01 3.406806e-02 -5.477225e-02 1.640878e-02
