4 4 8 32 16
-9.247287e-02 -5.956153e-02 8.642063e-03 -1.062694e-01 -1.894642e-02 5.823410e-03 3.530220e-01 -6.854638e-02
-8.108125e-02 1.814823e-01 -1.278723e-01 3.522351e-01 -8.890596e-02 -6.945408e-02 -1.711228e-01 -1.118615e-01
-5.294991e-02 6.079790e-02 6.749795e-02 2.001454e-01 -6.246181e-02 -7.620035e-03 -1.465586e-01 -1.420891e-01
6.920670e-02 4.787705e-01 -1.116993e-01 -4.913563e-02 9.834508e-02 1.315454e-01 2.032929e-01 -6.062380e-02
-5.101119e-02 2.979667e-01 -1.424396e-01 1.032913e-01 -1.080450e-01 3.882227e-01 1.641031e-01 -1.248916e-01
-9.938125e-02 -3.594372e-02 -1.177285e-01 2.974340e-01 -1.126008e-01 -8.416124e-02 -1.306088e-01 -5.994152e-02
-7.341353e-02 -7.809510e-03 -8.633896e-02 2.827449e-01 2.537293e-03 -4.849799e-03 -2.316943e-01 -1.736544e-01
-1.887172e-02 2.319575e-01 -1.376201e-01 -8.556004e-02 1.876084e-02 3.045318e-02 3.848792e-01 -5.043650e-02
-7.068280e-02 -3.579066e-02 -6.679707e-02 -1.013543e-01 2.222736e-01 1.909472e-02 5.168025e-01 -9.525651e-02
-1.279718e-01 -1.059504e-01 1.980445e-03 1.627839e-01 -8.700958e-02 -8.783045e-02 -1.311664e-01 -1.115755e-01
1.513156e-01 3.085314e-02 -2.584621e-02 -1.597566e-02 3.666206e-01 1.320804e-01 3.139861e-01 6.410860e-03
-9.233162e-02 -7.862118e-02 -1.174012e-01 3.477853e-02 -1.030786e-01 3.028763e-01 2.243589e-01 -1.050969e-01
-9.747184e-02 4.160385e-01 -8.271350e-02 2.803741e-01 -1.119407e-01 -5.551365e-02 -1.361928e-01 -9.466159e-02
1.723506e-01 1.666335e-01 -1.077058e-01 -4.966041e-02 1.867875e-01 1.556887e-01 1.914714e-01 -8.081643e-02
-1.074550e-01 -6.051729e-02 2.486804e-01 6.171475e-02 -7.884991e-02 -4.238020e-02 -1.205124e-01 -9.977852e-02
-1.292718e-01 -3.527077e-02 -8.738199e-02 -1.022454e-01 4.875367e-02 -2.729376e-02 -9.173229e-02 -4.642758e-02
-1.441205e-02 -9.236347e-02 -1.297734e-01 2.415024e-01 -1.160664e-01 -1.048254e-01 2.829440e-01 -8.917176e-02
3.544861e-01 2.989296e-02 -1.597527e-01 -1.682641e-01 -1.851570e-01 -1.038995e-01 -1.357989e-01 -1.822965e-01
1.391503e-01 -8.232634e-02 -1.040325e-01 -9.442945e-02 -3.086038e-02 1.938531e-01 -1.581491e-01 9.459125e-02
3.098760e-01 -1.408794e-01 -7.467484e-02 -1.250145e-02 3.863873e-03 -1.840597e-01 -1.203385e-01 2.950458e-01
-1.171675e-01 -4.893104e-02 -1.038315e-01 -1.215305e-01 -5.501036e-02 -7.952300e-02 5.368493e-01 -1.715308e-02
3.570574e-01 -7.199264e-02 -1.533402e-01 -1.434335e-01 -9.668879e-02 -1.390388e-01 -7.566353e-02 1.766728e-01
-8.352659e-02 -2.135310e-02 -1.728370e-01 -8.624868e-02 5.589236e-02 -9.636248e-02 -4.055404e-03 -1.618312e-01
8.245191e-03 -6.880113e-02 -2.787613e-01 -4.438035e-02 -2.598850e-01 -5.081936e-02 2.696328e-01 -3.280973e-02
-1.058477e-01 3.783205e-01 -2.950084e-02 2.202590e-01 -4.047487e-02 -1.708360e-01 -8.546751e-02 2.197300e-02
-5.267933e-02 -5.759443e-02 -1.060677e-01 -8.668518e-02 1.295239e-01 -9.210562e-02 -8.676970e-02 -3.632805e-02
2.500617e-02 -5.962583e-02 -3.789735e-01 6.001030e-02 -2.975358e-01 -8.422202e-02 1.152675e-01 -2.271006e-01
1.069578e-01 -1.095333e-02 -2.347653e-01 -1.354641e-01 -7.143796e-02 -9.438266e-02 -2.851590e-03 -6.261640e-02
3.915855e-02 -9.930866e-02 -1.201858e-01 1.155849e-01 -8.584975e-02 -9.245798e-02 5.876840e-01 2.442724e-02
-8.945381e-02 -5.122116e-02 5.005952e-03 -9.362545e-02 6.908188e-02 1.871929e-01 -9.223571e-02 -1.175334e-01
1.725152e-01 -6.936929e-02 -1.034860e-01 -1.111224e-01 -1.365001e-02 -9.332018e-02 -1.201846e-01 4.125071e-02
4.677122e-01 -6.909037e-02 -9.691557e-02 -9.701760e-02 -1.265819e-01 -1.328042e-01 -8.367532e-02 -8.747723e-03
-1.351820e-01 -1.357933e-01 -9.096743e-02 -5.443700e-02 2.610739e-01 -6.639030e-02 -1.257205e-01 -9.371059e-02
6.047273e-01 -1.317576e-01 2.029164e-01 -8.285642e-02 -4.443012e-02 -1.189772e-01 1.413970e-01 3.718633e-02
-2.295659e-01 -1.904524e-01 1.444568e-01 -6.730046e-02 -6.160554e-02 -5.931861e-02 -8.658173e-02 9.821998e-02
-1.199472e-01 -1.171718e-01 -1.202920e-01 2.376572e-01 2.806491e-01 2.989596e-01 -1.427621e-01 -9.331587e-02
3.540363e-01 -3.485720e-01 5.733144e-02 -1.148837e-01 9.135377e-02 2.773172e-02 1.098847e-01 8.811063e-02
-1.519954e-01 -9.167325e-03 3.309435e-01 1.201792e-01 -1.485903e-01 1.792001e-05 -2.271716e-01 -2.501255e-02
-1.430053e-01 -4.220775e-02 -1.152678e-01 2.742944e-01 3.145078e-01 -1.302123e-02 -2.131360e-01 -9.505972e-02
-2.775092e-01 -1.533925e-01 -1.053219e-01 1.104427e-01 2.528898e-01 -1.000542e-01 -2.092570e-01 -5.337068e-02
-1.013474e-01 -1.162089e-01 2.225592e-01 -7.879761e-02 -2.920555e-02 -1.044792e-01 -1.468359e-01 -1.376406e-02
-1.910297e-01 -2.339967e-01 -1.838991e-01 -5.767358e-03 1.833786e-01 2.644303e-01 -3.354128e-02 -2.050072e-02
-2.458162e-01 -1.072344e-01 -1.285757e-01 -9.702287e-03 2.847596e-01 3.386092e-02 -4.342694e-02 3.555404e-02
-2.766216e-01 -3.957211e-01 -2.700928e-02 -1.191703e-01 -6.382253e-03 -2.434104e-02 -1.236421e-01 2.012431e-02
-6.543896e-02 -4.451580e-02 -1.601579e-01 -6.209307e-02 2.448791e-01 2.465189e-01 5.397401e-02 2.685014e-02
3.215762e-01 -1.529803e-01 3.010806e-01 4.438421e-02 4.156306e-02 -7.630976e-02 2.354831e-02 -8.700776e-02
-1.361433e-01 -9.873670e-02 -1.546358e-01 -1.717415e-01 1.981181e-01 9.264300e-02 6.130634e-02 8.370626e-02
-1.492276e-01 -1.155198e-01 -1.376272e-01 6.051331e-02 3.215083e-01 1.396117e-01 -1.150917e-01 -8.723915e-02
-6.755587e-02 1.079058e-01 2.607976e-01 -1.008551e-02 3.288405e-01 3.460837e-02 -2.575871e-02 9.222806e-02
4.048090e-01 -8.047391e-02 -8.671411e-02 3.988199e-01 3.077163e-01 1.939366e-01 -7.632016e-02 -1.457651e-01
1.759427e-01 -1.823149e-01 6.366006e-02 2.571515e-01 -2.444073e-03 -7.382218e-03 6.859480e-03 -2.501426e-02
-6.215931e-02 -8.751806e-02 1.423734e-01 -6.453209e-02 -9.417182e-02 -1.018739e-01 -1.967185e-02 -8.154572e-02
-3.227102e-02 -9.236132e-02 2.478949e-01 5.330452e-02 5.520713e-01 -4.976553e-02 -8.309163e-02 -1.059585e-01
2.446453e-01 8.535853e-02 3.275091e-03 3.016380e-01 2.665511e-01 1.567010e-01 -7.209013e-02 3.341454e-02
5.773678e-01 -1.089137e-01 -1.175708e-01 5.869853e-02 -9.875982e-02 1.182306e-01 1.289866e-01 -1.357073e-01
1.769543e-02 -9.523536e-02 3.780341e-01 1.142597e-01 2.756158e-01 -4.263070e-02 4.021198e-02 -1.402461e-02
2.656156e-01 -8.497995e-02 -7.434797e-02 8.299928e-03 -8.324071e-02 8.737857e-03 -3.721655e-02 -6.466038e-02
2.216404e-01 -1.069336e-01 5.384031e-02 3.551331e-01 5.179964e-01 9.361153e-02 -7.693936e-02 -1.468402e-01
4.134169e-01 -1.663332e-01 -2.896281e-02 4.071128e-01 1.086933e-01 8.041146e-02 2.194582e-02 -1.854483e-01
-1.938562e-02 2.733808e-02 7.956656e-02 -6.981244e-02 -7.219286e-02 1.671100e-04 -9.258965e-02 3.974686e-01
4.091896e-01 -7.057670e-02 6.334333e-03 -1.827906e-02 -9.861613e-02 -6.583274e-03 2.505125e-01 -8.552429e-02
-4.449135e-02 -1.129599e-01 2.397633e-01 1.724225e-01 8.650623e-03 -6.175280e-03 -6.554933e-03 2.980348e-02
-7.646213e-02 -8.626625e-02 1.337907e-01 -7.404515e-02 3.192845e-01 -8.938551e-02 -7.086417e-02 -1.363320e-01
2.790051e-01 -1.180768e-01 3.056577e-02 4.090133e-01 2.651016e-01 -3.150700e-02 4.460324e-02 -1.042874e-01
-1.448216e-01 -3.178982e-02 -8.656242e-02 -1.161713e-01 3.515662e-02 -3.132446e-02 -9.696940e-02 -4.749201e-02
-5.978338e-02 8.200326e-02 6.952731e-02 2.603212e-01 -7.012705e-02 -1.157075e-02 -1.850873e-01 -1.750949e-01
-3.070107e-02 1.852494e-02 -7.064135e-02 -1.002278e-01 1.982898e-02 -1.484132e-02 3.727057e-01 -6.599601e-02
-5.170975e-02 3.161282e-01 -1.420122e-01 8.605469e-02 -1.567075e-01 3.915155e-01 2.007019e-01 -9.238136e-02
-9.227334e-02 3.022810e-01 -1.061888e-01 3.769161e-01 -5.436028e-02 -4.808057e-02 -1.811533e-01 -1.157429e-01
3.600356e-02 1.075565e-01 -1.406187e-01 -3.039423e-02 2.635462e-01 6.450407e-02 4.871097e-01 -1.130556e-01
-1.326846e-01 -1.049002e-01 -2.171105e-03 2.038717e-01 -8.092368e-02 -8.732262e-02 -1.561609e-01 -1.098109e-01
-1.073420e-01 -6.371784e-02 -1.704381e-01 4.499962e-02 -1.435155e-01 3.217935e-01 2.581222e-01 -6.445426e-02
-8.483719e-02 7.567535e-03 -1.317747e-01 3.602263e-01 -7.658902e-02 -7.854287e-02 -1.689060e-01 -6.824938e-02
-1.280342e-01 -1.539178e-01 5.027685e-02 -4.926027e-02 -1.435592e-01 2.565247e-01 3.141480e-01 -6.371544e-02
1.948597e-01 1.556563e-01 -1.047007e-01 -5.080223e-02 2.028842e-01 1.869774e-01 2.273864e-01 -1.132752e-01
-1.061596e-01 -9.554113e-02 2.578562e-01 8.622041e-02 -8.333023e-02 -3.999005e-02 -1.354265e-01 -7.555509e-02
-6.630623e-02 -1.119728e-01 1.997221e-02 -8.146342e-02 2.546788e-01 -1.611080e-02 5.302207e-01 -7.928821e-02
-6.904225e-02 1.307894e-02 -8.093305e-02 2.901262e-01 2.779261e-02 1.976859e-02 -2.669184e-01 -1.755139e-01
6.081936e-02 3.775923e-01 -1.491968e-01 -5.060570e-02 6.441576e-02 8.817617e-02 2.680062e-01 -7.390589e-02
1.592828e-01 6.126048e-04 -3.459997e-03 -5.404891e-03 3.631673e-01 1.295415e-01 3.388313e-01 4.500223e-03
-1.576086e-01 2.436431e-01 1.421681e-02 4.724883e-01 -2.344371e-02 -1.621350e-01 -1.074030e-01 -1.871452e-02
1.384500e-01 -6.589672e-02 -1.779378e-01 -1.007317e-01 -7.096628e-02 -1.266344e-01 -1.743302e-03 -3.602584e-02
2.880080e-02 -5.147536e-02 -3.840100e-01 5.974328e-02 -3.172908e-01 -9.221965e-02 1.251864e-01 -2.515747e-01
-9.406608e-02 -6.627186e-02 -1.376563e-01 -7.570481e-02 8.588608e-02 -1.028156e-01 4.482046e-03 -1.415750e-01
-5.178258e-03 -1.008794e-01 -1.847866e-01 2.277059e-01 -1.759541e-01 -9.516245e-02 2.596362e-01 -1.428768e-01
3.314760e-01 -1.377533e-01 -6.822611e-02 -3.075789e-02 -3.265145e-02 -1.869187e-01 -1.079590e-01 2.388047e-01
1.363743e-01 -1.271425e-01 -4.317302e-02 -6.449518e-02 -2.033160e-02 1.757544e-01 -1.330030e-01 1.018639e-01
-2.981375e-02 -6.866308e-02 -2.495808e-01 -8.155264e-02 -2.677703e-01 -8.433808e-02 3.271168e-01 -8.973667e-02
2.364916e-03 -1.326531e-01 -8.304083e-02 1.097129e-01 -1.199363e-01 -1.068229e-01 5.102366e-01 3.691866e-02
-1.370235e-01 -7.764465e-02 8.325585e-03 -8.122017e-02 8.399345e-02 1.873975e-01 -6.395259e-02 -1.230318e-01
3.224547e-01 -4.970304e-02 -1.553761e-01 -1.305370e-01 -1.547658e-01 -1.270352e-01 -4.914859e-02 1.017612e-01
3.833767e-01 5.299180e-03 -1.287116e-01 -1.659888e-01 -1.906729e-01 -9.834082e-02 -8.938961e-02 -1.848392e-01
4.638243e-01 -1.036253e-01 -5.681882e-02 -6.645676e-02 -1.436561e-01 -1.342874e-01 -8.105802e-02 1.953001e-02
-1.242681e-01 4.832830e-01 -1.947733e-02 6.601670e-02 -4.568078e-02 -1.399179e-01 -4.789188e-02 6.789474e-02
5.895691e-02 4.039138e-02 -1.340426e-01 -1.977189e-01 -6.092052e-02 8.128308e-04 -4.053763e-02 -1.735465e-01
-6.615529e-04 -9.863218e-02 -9.049153e-02 -4.391456e-02 1.081874e-01 -1.224261e-01 -1.112572e-01 4.360139e-02
3.391649e-01 -1.191255e-01 3.281317e-01 6.884263e-02 3.445852e-02 -1.044377e-01 3.903165e-02 -7.089598e-02
-1.965606e-01 -1.044798e-01 -1.207144e-01 1.206061e-01 3.272915e-01 1.038179e-01 -1.348264e-01 -5.240021e-02
-1.818349e-01 -1.263208e-01 2.583623e-01 -1.519606e-02 -7.685445e-02 -1.743626e-01 -1.206660e-01 1.651816e-02
-1.395039e-01 -1.129543e-01 -1.657885e-01 -6.836453e-03 2.541664e-01 2.770677e-01 1.652261e-03 -2.466809e-02
5.747339e-01 -8.397330e-02 2.255162e-01 -1.212920e-01 -8.715362e-02 -8.122515e-02 1.661415e-01 4.455494e-02
-2.877318e-01 -3.581271e-01 -2.499941e-02 -1.213164e-01 -3.726442e-04 -2.875847e-02 -1.304074e-01 1.849224e-02
3.640534e-01 -3.028399e-01 6.352661e-02 -1.170940e-01 7.094609e-02 2.671838e-02 1.258163e-01 8.531909e-02
-2.480420e-01 -1.012949e-01 -4.271722e-02 -8.125055e-04 2.312723e-01 -1.392791e-01 -1.810210e-01 -6.535351e-02
-1.930871e-01 -6.392264e-02 -1.230818e-01 5.157355e-04 3.193159e-01 4.527796e-02 -7.243576e-03 4.367973e-02
-1.618148e-01 -8.355447e-02 -1.017634e-01 -1.242459e-01 1.838740e-01 1.140511e-03 -1.767706e-02 2.903682e-02
-5.907439e-02 -2.677821e-02 -1.666854e-01 -1.413944e-01 2.351704e-01 1.958709e-01 1.132170e-01 5.915000e-02
-1.461762e-01 8.762592e-03 2.845013e-01 1.431058e-01 -1.283518e-01 -2.696384e-02 -2.815683e-01 -1.094402e-01
-1.271651e-01 -1.004333e-01 -9.966300e-02 2.354479e-01 2.740552e-01 2.847724e-01 -9.210263e-02 -6.500440e-02
-1.724550e-01 -7.213154e-02 -1.177509e-01 2.361322e-01 3.024574e-01 -3.390368e-02 -2.436718e-01 -1.085079e-01
-1.652496e-01 4.045118e-02 4.029314e-01 5.686674e-02 -1.880484e-01 -2.879874e-03 -1.213977e-01 7.148807e-02
-2.095787e-01 -1.079559e-01 1.487325e-01 -8.625983e-02 -7.270341e-02 -3.168570e-02 -4.120593e-02 1.113400e-01
-3.374702e-02 4.105300e-02 7.101314e-02 -6.996192e-02 -6.222803e-02 -8.308713e-03 -8.076166e-02 3.272861e-01
2.869395e-01 -1.167516e-01 -1.728654e-02 3.769113e-01 2.384769e-01 -7.777315e-02 1.010665e-01 -1.188199e-01
-8.389979e-02 1.230456e-01 2.260262e-01 -5.621991e-02 3.337661e-01 3.512003e-02 3.853872e-03 8.624562e-02
2.482354e-01 -5.967441e-02 -7.840223e-02 -1.499475e-02 -9.881440e-02 -8.951035e-03 4.929387e-02 -4.506178e-02
5.523753e-03 -7.795723e-02 3.769453e-01 3.713185e-02 1.757411e-01 -1.057365e-01 2.400056e-02 -5.464347e-02
1.593703e-01 -9.857305e-02 5.395770e-02 3.195719e-01 4.071499e-01 -7.063274e-03 1.452252e-02 -1.003338e-01
-5.609600e-03 -8.258856e-02 3.187157e-01 1.120439e-01 3.471190e-01 -1.992710e-02 9.651912e-02 7.513216e-03
5.268633e-01 -8.141734e-02 -1.333429e-01 3.286345e-02 -1.084321e-01 8.383836e-02 1.544323e-01 -1.164899e-01
4.007508e-01 -6.828973e-02 -1.139019e-01 3.665594e-01 2.032086e-01 1.640722e-01 -5.601016e-02 -1.133747e-01
-5.589286e-02 -1.199501e-01 2.192591e-01 1.717227e-01 -1.045387e-02 -1.356981e-02 1.462399e-02 1.107026e-02
-5.430618e-02 -3.198164e-02 1.438796e-01 4.574632e-03 4.382621e-01 -5.656591e-02 -1.327733e-02 -4.964576e-02
3.107475e-01 -1.165304e-01 -9.440991e-02 3.892111e-01 3.486261e-01 6.221629e-02 -1.375422e-02 -1.064174e-01
1.649270e-01 -1.615558e-01 4.810528e-02 2.435365e-01 6.895561e-03 -1.128389e-02 2.456103e-02 -2.317041e-03
-5.619657e-02 -8.239760e-02 1.366547e-01 -7.689489e-02 -9.943075e-02 -1.070902e-01 -7.247687e-04 -4.573256e-02
2.511290e-01 7.209989e-02 -5.766640e-02 2.730192e-01 3.118323e-01 1.519245e-01 -1.122600e-01 1.726649e-02
4.008161e-01 -1.584989e-01 -1.853108e-02 3.732748e-01 7.576391e-02 6.067665e-02 5.927486e-02 -1.923121e-01
