32
9.37162876e-01 6.39568344e-02 2.61335764e-02 -5.25243059e-02 4.29063886e-02 6.05599023e-02 3.94542776e-02 3.54398973e-02 -8.59834626e-02 -7.32895955e-02 7.07181022e-02 7.84712657e-02 -7.86134154e-02 8.40486959e-02 2.48797815e-02 -1.48230836e-01 -1.80844106e-02 5.06204478e-02 1.12642916e-02 -7.06906170e-02 -4.36435677e-02 6.11301325e-02 2.94985585e-02 2.40721703e-02 -4.33601141e-02 4.74522524e-02 -6.78525046e-02 -2.08834037e-02 -6.37956113e-02 -9.34973359e-02 5.05873226e-02 -8.04113224e-02
-1.65971294e-02 9.78839874e-01 -2.84111612e-02 -3.68376896e-02 -7.01826662e-02 -1.39182275e-02 -1.65283025e-04 9.86218266e-03 6.42550439e-02 3.70875113e-02 -6.18433394e-02 1.20942844e-02 2.19630618e-02 -5.46419770e-02 -6.12098053e-02 4.73149270e-02 -1.02347427e-03 -6.31488338e-02 1.19496777e-03 -3.64659308e-03 3.33465412e-02 -4.10464667e-02 -3.17553170e-02 1.95197463e-02 4.03774790e-02 -2.01404914e-02 4.17481773e-02 -2.28707232e-02 -1.33041916e-02 2.77369209e-02 -1.89533979e-02 3.86050418e-02
-4.86185774e-02 4.85031344e-02 9.64362383e-01 5.31213507e-02 1.68692954e-02 -1.86566375e-02 6.06170390e-03 -5.02939820e-02 1.22935455e-02 -4.24458310e-02 -4.56865281e-02 -4.49198559e-02 -1.13288566e-01 3.03996392e-02 2.44371556e-02 -9.75641534e-02 7.66362697e-02 2.61035841e-02 -8.22801795e-03 -1.39342900e-02 1.26029532e-02 4.51443205e-03 4.22624238e-02 -4.40771505e-02 -9.88351833e-03 -6.50169700e-02 -1.58338118e-02 7.34528005e-02 7.00343549e-02 -3.96540835e-02 -7.57627422e-03 -4.58894931e-02
6.58464804e-02 3.58982570e-02 -5.30864857e-02 9.63139951e-01 -4.94167320e-02 -6.39396682e-02 -2.20734328e-02 1.01181976e-01 -1.66417975e-02 3.69132310e-02 -5.66310175e-02 -2.15025824e-02 1.50516741e-02 -2.11695507e-02 5.91931194e-02 2.96912454e-02 4.50128950e-02 3.43058109e-02 -4.34179939e-02 -1.17102098e-02 -1.35983795e-01 1.47844907e-02 4.43787649e-02 2.87317876e-02 -2.33595259e-02 -3.81025039e-02 8.72046314e-03 4.39946763e-02 2.43256595e-02 1.13896197e-02 5.20544611e-02 4.60835248e-02
-1.13732843e-02 5.65560348e-02 -4.28708643e-02 6.27860874e-02 9.63580012e-01 -8.90087523e-03 4.90706647e-03 -5.58200441e-02 4.25059460e-02 -5.61446175e-02 -4.87986058e-02 -4.95269932e-02 -1.29220113e-02 -7.31003354e-04 -4.13744301e-02 3.09918988e-02 -2.82045901e-02 -5.11584990e-02 -3.20166685e-02 -1.90131180e-03 8.02841708e-02 2.15148460e-02 -2.47000717e-02 6.55483222e-03 1.02681853e-01 -3.00346501e-02 2.97787264e-02 1.10693224e-01 5.31532168e-02 3.94242704e-02 7.01620663e-03 -7.44057372e-02
-1.72946621e-02 -2.01223115e-03 6.89008972e-04 6.33853301e-02 -3.63234617e-02 9.74232495e-01 -4.99731908e-03 9.41292383e-03 4.93983477e-02 -3.33396792e-02 -6.28902540e-02 -8.50664973e-02 1.63118597e-02 2.47931224e-03 -2.65567843e-02 1.60919614e-02 -7.07779778e-04 -5.78820966e-02 -2.57379450e-02 3.75942816e-03 4.51810919e-02 1.46057457e-02 9.25197918e-03 2.78104283e-02 2.37805136e-02 -3.23370211e-02 7.43223503e-02 5.49586788e-02 9.03377458e-02 3.42681035e-02 -3.96538749e-02 -3.05453371e-02
-4.75929715e-02 2.38800514e-03 -1.65551230e-02 3.63355689e-02 -1.11014498e-02 -6.69541361e-04 9.93212342e-01 -1.67125799e-02 -8.06187559e-03 7.51860579e-03 3.08745094e-02 -1.51671609e-02 -2.34059785e-02 2.40427479e-02 -2.86001638e-02 -4.17615622e-02 -2.46256106e-02 -4.59811324e-03 7.82407820e-03 -2.81987004e-02 2.48322561e-02 6.50042261e-04 1.30891446e-02 8.38505663e-03 6.90927636e-03 2.19654222e-03 -9.65461787e-03 -1.49688525e-02 2.94952597e-02 9.33533069e-03 -2.39466727e-02 5.04797092e-03
-1.11710265e-01 1.18973739e-02 2.21252423e-02 -6.97219968e-02 7.59036094e-02 2.10437123e-02 8.16283096e-03 9.59107220e-01 -2.67077237e-02 -1.11166453e-02 2.82865036e-02 7.77063668e-02 -1.18107609e-01 5.60450219e-02 -1.94118284e-02 -1.16859160e-01 5.51995868e-03 2.35791062e-03 3.19340862e-02 -1.72184419e-03 5.34996344e-03 2.31771637e-02 -1.25113549e-02 -3.12979296e-02 -4.20600623e-02 -2.04225276e-02 -2.43827496e-02 -2.44271271e-02 -5.84516712e-02 -6.47103116e-02 2.45476160e-02 -5.22293784e-02
5.64474016e-02 -3.14367451e-02 -3.42714600e-02 -2.77864356e-02 -3.98348346e-02 -4.37461808e-02 1.64809059e-02 3.55886742e-02 9.45287347e-01 -6.11881204e-02 2.74666050e-03 -7.40639940e-02 4.43485267e-02 8.13196823e-02 7.46212676e-02 -4.09840979e-02 7.58606195e-02 1.18357308e-01 -8.26775953e-02 -1.33434217e-03 -8.74954686e-02 4.02558893e-02 9.28842127e-02 -1.19309910e-02 1.80651806e-02 -2.50539891e-02 -7.38814697e-02 6.24923781e-02 -3.42031941e-02 4.88743111e-02 6.07659779e-02 -8.93982798e-02
9.44327414e-02 -3.37950215e-02 7.50706792e-02 -3.47982161e-02 7.04206005e-02 3.58342156e-02 4.94946539e-03 4.15823795e-02 5.69427423e-02 9.64719236e-01 5.50245270e-02 -1.22420825e-02 7.76601583e-02 -5.65271117e-02 4.60738353e-02 5.31851873e-02 1.21617671e-02 -1.67542454e-02 -6.90807924e-02 2.32823323e-02 2.29898468e-02 1.77724651e-04 3.23230326e-02 -3.22960764e-02 -1.19735375e-02 9.72286984e-02 -6.25071814e-03 -3.44378762e-02 2.12515574e-02 6.13227077e-02 -1.89433564e-02 8.01888015e-03
-7.85001963e-02 5.78906126e-02 -1.94221851e-03 9.06350613e-02 1.02947652e-02 3.97220403e-02 -4.82987873e-02 -5.95114641e-02 4.00972664e-02 -1.65589098e-02 9.57019389e-01 5.79436049e-02 -8.58247206e-02 3.99246020e-03 -3.82965468e-02 -9.27801356e-02 3.18881124e-03 -6.44898042e-02 3.95081341e-02 -3.39512266e-02 8.98114964e-02 2.43874136e-02 -2.33423952e-02 -3.06590591e-02 4.08484899e-02 -8.49570408e-02 1.80636588e-02 5.08149862e-02 6.47955090e-02 -4.45551239e-02 -3.34659331e-02 -6.53345312e-04
1.09229209e-02 -4.95093912e-02 6.36732653e-02 4.81347255e-02 -1.39487593e-03 3.46464626e-02 2.11740304e-02 -2.49870420e-02 1.24272972e-01 -1.99932251e-02 -7.31123835e-02 9.36950922e-01 6.85998276e-02 -7.69751221e-02 -7.25326303e-04 1.25406906e-01 -4.79444638e-02 -8.41393769e-02 3.13810445e-02 4.71604280e-02 9.04066637e-02 -3.14523838e-02 -7.64928535e-02 -4.05512638e-02 9.63305607e-02 1.54894898e-02 9.88410562e-02 1.80551186e-02 1.05114967e-01 5.12471162e-02 -2.00232677e-02 -2.05398090e-02
-5.66385724e-02 4.00932804e-02 7.80607983e-02 -1.24755837e-02 6.20425902e-02 2.99744345e-02 1.47769051e-02 3.64598259e-02 -8.87823403e-02 -5.63519262e-02 7.99228847e-02 4.20029797e-02 9.16453063e-01 7.75557160e-02 5.64299449e-02 -2.01381132e-01 1.65885985e-02 6.19506985e-02 6.13297103e-03 -7.77925551e-02 -8.56666341e-02 7.31504411e-02 6.73912093e-02 3.06575783e-02 -9.81249288e-02 2.29951441e-02 -8.66716951e-02 -2.02556886e-02 -6.99645951e-02 -1.22574359e-01 5.48821539e-02 -6.63756728e-02
-6.24834746e-02 2.55981553e-02 -5.01213670e-02 3.45732495e-02 1.41815608e-03 -7.55849620e-03 -3.56534310e-02 -7.68290907e-02 -1.31445806e-02 1.00416169e-01 -6.30048662e-02 7.58717954e-02 -5.69745302e-02 9.44690168e-01 -6.09277301e-02 -7.76918381e-02 8.03358629e-02 -9.70288962e-02 8.99157524e-02 -4.48953919e-02 2.62496118e-02 -5.83646633e-02 -3.56262252e-02 3.91483959e-03 -1.00294640e-03 -6.64799884e-02 7.76237771e-02 -2.10202374e-02 1.78156812e-02 -4.17167880e-02 -6.39052913e-02 1.03467450e-01
-7.37640709e-02 6.96792677e-02 -6.85406923e-02 -4.19583991e-02 1.81284919e-02 2.95901578e-02 1.65511835e-02 -2.98675690e-02 -6.92183450e-02 3.69650964e-03 -1.26923406e-02 3.62002850e-02 -9.90087017e-02 2.89149564e-02 9.57084119e-01 -7.49455243e-02 1.61507670e-02 -1.14509482e-02 1.84100922e-02 -3.06143258e-02 9.64224562e-02 1.98045652e-03 5.02748229e-03 4.15805839e-02 3.41819897e-02 -7.56072626e-02 -5.19884303e-02 7.48120174e-02 2.01327167e-02 -1.03184067e-01 3.02098561e-02 -4.95981351e-02
1.78595856e-02 2.15914566e-02 7.92050287e-02 -4.49130870e-02 3.10330912e-02 3.62895429e-02 4.08722088e-02 6.23682849e-02 -3.89806814e-02 -5.45019060e-02 1.28549919e-01 -1.41937220e-02 3.66850160e-02 1.45131245e-01 5.30837066e-02 8.84075105e-01 4.12874296e-02 1.27365440e-01 -1.22661302e-02 -1.25631019e-01 -1.04842968e-01 4.20549698e-02 9.10577551e-02 2.38838475e-02 -1.36403918e-01 2.45444644e-02 -1.51164934e-01 -5.30426279e-02 -2.60299891e-02 -1.71628788e-01 1.19751543e-01 -1.01102129e-01
3.59749794e-02 -1.51349604e-02 -5.06897867e-02 -3.45746540e-02 6.24038512e-03 -7.85449287e-04 2.71745939e-02 1.18625807e-02 -6.27686232e-02 -2.39613019e-02 1.48360792e-03 2.75277998e-02 2.24398803e-02 -7.44250566e-02 -2.61113588e-02 1.52353505e-02 9.64614272e-01 -3.41269597e-02 -3.08229402e-02 3.84233147e-02 1.21498436e-01 4.48304601e-02 -7.31582120e-02 6.59705773e-02 8.74918252e-02 4.24708687e-02 -3.36905718e-02 3.99709903e-02 -2.04969570e-02 6.65324554e-02 3.11426595e-02 5.48330061e-02
-7.55506605e-02 5.74155003e-02 -5.15407994e-02 5.49155800e-03 3.97420414e-02 6.56302944e-02 -8.71743821e-03 -5.39199486e-02 -6.18725680e-02 6.77206591e-02 -3.27905454e-03 9.18208286e-02 -7.52358213e-02 1.75398625e-02 -5.16627431e-02 -9.49010253e-02 2.79374644e-02 9.46387172e-01 1.26921415e-01 -2.31979303e-02 8.36663544e-02 -1.86317302e-02 -1.06040932e-01 -2.92534251e-02 3.39881480e-02 -5.94933107e-02 4.82980832e-02 3.17738503e-02 -4.00245516e-03 -5.71739823e-02 -3.28722224e-02 -3.63298226e-03
8.13909173e-02 -2.61569768e-02 3.46963927e-02 3.45567837e-02 7.10574863e-03 -1.80461928e-02 1.65843836e-03 4.22704369e-02 9.68342274e-02 9.60887969e-03 -1.46454191e-02 -1.23387434e-01 9.32422429e-02 -6.75805807e-02 4.57271636e-02 9.87186283e-02 1.15451617e-02 -7.53206015e-02 9.41420734e-01 8.36655349e-02 4.27226238e-02 -1.03134029e-02 -1.72309168e-02 -2.01126840e-02 4.46306206e-02 6.18362017e-02 7.66029954e-02 -1.32537670e-02 1.02050386e-01 1.02811620e-01 -4.67196777e-02 3.71784158e-02
3.68332416e-02 3.06183398e-02 2.61242483e-02 9.04255640e-03 -3.33792274e-03 7.89619703e-03 2.93276869e-02 8.30114447e-03 -4.70650122e-02 -3.78370583e-02 6.38598725e-02 -2.29298584e-02 4.65148650e-02 1.12765767e-01 3.13491821e-02 6.10414334e-02 -5.10798730e-02 6.17563128e-02 -7.32573271e-02 9.63612020e-01 2.59900372e-02 7.62636960e-02 4.32126746e-02 2.57446133e-02 3.39020193e-02 4.83353548e-02 -7.70796835e-02 2.54940856e-02 -4.84365001e-02 9.29057226e-03 7.25686923e-02 -3.10564078e-02
9.59557816e-02 -4.21923548e-02 1.78844575e-02 8.70816782e-02 -1.09398179e-01 -9.01351348e-02 -2.01786216e-02 7.88214579e-02 4.23302241e-02 -4.84713316e-02 -4.19762768e-02 -1.25374362e-01 1.35137826e-01 4.24807481e-02 -3.26965228e-02 1.11237019e-01 -1.25237122e-01 1.24022029e-02 -1.06017172e-01 -7.11721852e-02 9.14186120e-01 7.14048222e-02 4.71446775e-02 6.29966110e-02 -1.75458938e-02 4.34041917e-02 4.42267694e-02 7.62685612e-02 4.18650098e-02 8.48640352e-02 3.17384601e-02 1.30205443e-02
-6.83588386e-02 2.74933241e-02 -1.55739076e-02 -1.46772657e-02 -2.81695873e-02 -1.07720112e-02 -6.19777851e-03 -4.64604013e-02 -1.52056897e-02 4.44768108e-02 -5.42293638e-02 4.15900163e-02 -7.58192837e-02 1.34855034e-02 -2.97749825e-02 -1.82600133e-02 -3.89427654e-02 -2.42390390e-02 4.87785973e-02 -5.57824112e-02 -4.69165407e-02 9.76928055e-01 -4.61631194e-02 3.56392260e-03 4.05111909e-02 -6.31055906e-02 2.74178721e-02 2.65144892e-02 -3.27870883e-02 -2.72589866e-02 9.75026190e-03 4.07006517e-02
-7.02440441e-02 3.34346853e-02 -7.26688504e-02 -3.18893977e-02 2.51547098e-02 1.15516949e-02 -2.13735979e-02 -4.06675600e-02 -7.30087161e-02 2.04712432e-02 -2.38445979e-02 1.22001469e-01 -1.04091533e-01 -2.29069404e-02 -7.18376487e-02 -9.01686996e-02 6.13276251e-02 3.00374795e-02 9.11611840e-02 -1.78836659e-02 3.49169858e-02 8.55066348e-03 9.55538929e-01 2.98588108e-02 8.99419561e-03 -5.61186522e-02 -3.93367372e-02 5.48984371e-02 -1.60408244e-02 -4.38110866e-02 1.56258475e-02 1.32570919e-02
-3.83276865e-02 -2.39733104e-02 5.19663058e-02 -1.75486617e-02 8.62051547e-03 -1.09225987e-02 -1.12791145e-02 6.87429262e-03 3.51386741e-02 4.52189073e-02 2.21201070e-02 4.75424603e-02 -4.65941541e-02 -1.79655124e-02 -4.60081547e-02 -3.14759687e-02 -5.79815060e-02 1.08005041e-02 4.53704968e-02 -1.25031909e-02 -3.96131575e-02 -2.37556081e-02 -4.74709384e-02 9.84540820e-01 9.62275453e-03 -2.02303175e-02 -2.42812894e-02 -2.54097153e-02 -2.50979122e-02 -2.33645085e-02 2.47738604e-02 4.65486804e-03
5.88829778e-02 -3.92196067e-02 4.90522571e-02 -1.64761711e-02 -8.53495225e-02 -2.63479520e-02 2.00048299e-03 9.03092101e-02 -5.63688315e-02 -1.12115070e-02 2.13279910e-02 -9.10510123e-02 1.08173244e-01 5.42919114e-02 1.47570698e-02 1.04187466e-01 -7.88444877e-02 3.41510028e-02 -6.90961331e-02 -7.31221214e-02 -8.30774978e-02 -2.50551701e-02 5.13511784e-02 2.80454732e-03 9.48997974e-01 3.95586826e-02 3.65238711e-02 4.05792035e-02 -4.61231098e-02 1.42446961e-02 8.73524416e-03 5.64018339e-02
-1.20203480e-01 5.14377803e-02 1.60595402e-02 5.88074364e-02 2.15224586e-02 3.99905220e-02 -1.82194412e-02 -3.64081562e-02 1.66822858e-02 -6.01987503e-02 3.66540141e-02 2.57584210e-02 -1.06941007e-01 6.33628145e-02 2.33474225e-02 -9.68936905e-02 -1.61646940e-02 2.81126965e-02 3.59778618e-03 -6.24176152e-02 -4.39519901e-03 4.40651849e-02 1.91484205e-02 6.45912997e-03 -3.54277226e-03 9.57809985e-01 -5.90378009e-02 1.67067107e-02 1.41410902e-02 -9.14858282e-02 6.15503117e-02 -5.75322732e-02
5.99111691e-02 -1.94161069e-02 4.19571027e-02 -4.65241410e-02 9.94266849e-03 -5.77493124e-02 2.51437090e-02 5.12855835e-02 9.88350064e-03 -4.91503328e-02 6.41106218e-02 -7.01146498e-02 6.14800900e-02 9.15905170e-04 1.10251702e-01 8.13368186e-02 4.84721847e-02 4.91129532e-02 -1.08555630e-01 3.55820283e-02 -9.85723138e-02 2.27083918e-02 1.04791708e-01 4.56716977e-02 -9.32362452e-02 8.48151818e-02 9.38520372e-01 -8.45427439e-02 -4.40171547e-02 5.88766672e-02 1.22112595e-02 -2.83114910e-02
3.14749628e-02 4.81615122e-03 -3.52894291e-02 -7.46717677e-02 -8.20989385e-02 -4.15268317e-02 2.30882578e-02 3.92103307e-02 -5.72222807e-02 4.20155413e-02 -8.25646054e-03 5.42638125e-04 3.55743133e-02 1.49400644e-02 -4.80852872e-02 5.72059155e-02 -3.58344316e-02 -1.93313751e-02 1.72817074e-02 -1.83580071e-02 -1.08025119e-01 -3.98647413e-02 -4.49222215e-02 1.98136643e-02 -8.86815712e-02 2.16693990e-02 6.65222034e-02 9.65004802e-01 -6.24135286e-02 1.48399295e-02 2.46632518e-03 5.80555610e-02
5.75361103e-02 2.06483062e-02 -6.22517541e-02 -8.02120864e-02 -4.92608696e-02 -9.05023515e-02 -1.92152578e-02 8.17277059e-02 -4.11704071e-02 -2.81447675e-02 -1.18393041e-02 -6.50826171e-02 5.92115447e-02 3.50747257e-02 -1.02039659e-03 -8.41068290e-03 1.60898082e-02 6.22317716e-02 -1.07038938e-01 1.59708485e-02 -1.08906455e-01 4.97140177e-02 4.02674079e-02 4.27751020e-02 -3.86005873e-03 7.08695501e-03 -1.69737898e-02 3.35383117e-02 9.56170201e-01 7.02620819e-02 3.03962771e-02 -3.72800268e-02
-3.31299496e-03 2.38729659e-02 4.99540046e-02 -2.80497484e-02 3.61963687e-03 1.85519587e-02 -3.77609814e-03 3.07130609e-02 -1.14551656e-01 -6.11679591e-02 9.00782347e-02 3.46479155e-02 1.15673104e-02 1.12902381e-01 9.61069092e-02 2.03610007e-02 -4.56191562e-02 9.24430713e-02 -3.17560211e-02 -8.29140693e-02 -9.66717154e-02 3.64733040e-02 4.93602306e-02 1.82184409e-02 -6.03363886e-02 4.49995287e-02 -1.22653164e-01 -2.64349207e-02 -1.07946165e-01 9.26700115e-01 1.34924769e-01 -6.41844943e-02
-5.72435036e-02 4.31429828e-03 -1.26253832e-02 -2.39426754e-02 -1.26384692e-02 3.87268737e-02 1.21161900e-02 -5.98641671e-02 -1.23921400e-02 6.20328337e-02 -1.68525539e-02 1.59081127e-02 -5.70486970e-02 -3.04978900e-03 -7.17426762e-02 -9.40833464e-02 -2.04951968e-02 -4.01204824e-02 8.08982402e-02 -2.98438556e-02 3.00726891e-02 -5.01001701e-02 -6.10127971e-02 -4.70875539e-02 3.07849348e-02 -8.18862244e-02 6.67522475e-02 -2.42311275e-03 1.61319431e-02 -9.47438106e-02 9.63438332e-01 1.99196190e-02
6.29208684e-02 -1.72867030e-02 6.92389607e-02 -5.24395630e-02 1.03366464e-01 4.84800637e-02 9.12862457e-03 5.91765679e-02 7.10663125e-02 -6.71798363e-02 4.35696878e-02 1.62410680e-02 4.33555730e-02 -4.01517935e-02 8.81247967e-02 4.60757725e-02 -4.72691357e-02 6.02760762e-02 -6.17847480e-02 7.17520295e-03 -3.24698687e-02 -9.16511868e-04 3.06605566e-02 -2.21263361e-03 -7.90878907e-02 6.44301176e-02 -3.96037661e-02 -5.10375239e-02 2.39590500e-02 2.11418923e-02 2.78221723e-02 9.58311141e-01
9.89430189e-01 -4.25062142e-03 4.97812452e-03 6.87158201e-03 -2.25325823e-02 4.33946736e-02 -1.33230621e-02 -2.43061017e-02 1.19886501e-02 -3.08101978e-02 -1.42154135e-02 1.10581201e-02 4.10405407e-03 -8.83757602e-03 -6.22124411e-02 1.38133280e-02 -2.00210121e-02 -1.17607266e-02 1.53552387e-02 3.99292968e-02 5.24776010e-03 -5.18356152e-02 -3.70205827e-02 -3.84880044e-02 1.87906604e-02 -8.41012411e-03 2.56358669e-03 -3.77179007e-03 1.55906072e-02 4.60854992e-02 -3.46602127e-02 1.60249304e-02
-1.27556063e-02 9.76037025e-01 -2.63916817e-03 6.76946789e-02 -5.92654981e-02 1.09436195e-02 -1.25944130e-02 -5.02958074e-02 5.28003015e-02 -3.82858962e-02 -5.34893721e-02 1.26420027e-02 -3.96488380e-04 -4.52996120e-02 -4.56116386e-02 5.91709390e-02 -3.20130464e-04 -7.21025988e-02 2.61496063e-02 -5.43996245e-02 -8.90500098e-03 -6.61440566e-02 -1.51437782e-02 -3.56154479e-02 -1.71558820e-02 -1.61583498e-02 5.73213659e-02 3.09359422e-03 4.26184461e-02 1.33577967e-02 -2.53043510e-02 -9.51581355e-03
9.22933861e-04 2.27203108e-02 9.72015798e-01 -1.49922092e-02 3.69772874e-02 -1.93623360e-02 -1.56696029e-02 2.61680651e-02 1.48897236e-02 3.08232829e-02 -7.34032784e-03 -1.03412792e-02 -4.98052239e-02 -1.93554945e-02 3.53896506e-02 -3.39944363e-02 -3.65666039e-02 -1.60978846e-02 -9.68049169e-02 5.56894429e-02 1.09959126e-01 5.58301732e-02 -8.32746830e-03 2.71487273e-02 7.25178421e-02 -5.68446107e-02 -4.36503105e-02 6.22648820e-02 -4.22248989e-03 2.56048166e-03 -8.97895545e-03 -2.67288778e-02
-1.32789407e-02 -8.47622305e-02 3.44142653e-02 9.85790133e-01 -6.69332892e-02 1.13414712e-02 9.16097313e-03 -2.16975175e-02 4.28877957e-02 -1.48509573e-02 -2.97152027e-02 9.33859125e-03 -3.04911025e-02 -1.13906469e-02 -2.36726254e-02 1.93808898e-02 8.44417326e-03 1.50554860e-02 3.12511176e-02 -1.33782476e-02 -2.78479457e-02 -5.92940822e-02 8.89124628e-03 1.63548309e-02 1.05352942e-02 2.39210073e-02 8.97037797e-03 -3.03206276e-02 1.81805063e-02 -2.95117758e-02 1.80909950e-02 1.34261977e-02
8.47682450e-03 3.34821455e-02 -5.60501702e-02 7.23794326e-02 9.74950373e-01 2.94491835e-02 -2.68476065e-02 -6.84777498e-02 4.26184461e-02 -2.90930597e-03 -5.76650128e-02 -4.01395150e-02 -2.76016444e-02 -4.43907939e-02 -2.89218519e-02 2.70796418e-02 -1.40415514e-02 -5.00353165e-02 -7.72357825e-03 5.25423558e-03 3.86163667e-02 3.06554325e-02 -4.80655991e-02 -1.53448852e-02 5.40474057e-02 -4.66751866e-02 6.52558822e-03 5.20685837e-02 4.53801490e-02 5.00416495e-02 -3.34150866e-02 -3.54891047e-02
-4.53441367e-02 -1.44218747e-02 2.34765597e-02 -1.52528193e-02 -2.49568243e-02 9.90066409e-01 2.82129664e-02 3.48874032e-02 9.13727842e-03 -4.27143238e-02 3.59665081e-02 -3.61929797e-02 1.93170737e-02 5.64490957e-03 -1.96799487e-02 1.07388070e-03 -2.02110521e-02 1.27498461e-02 -5.53619349e-03 -3.30547988e-02 -1.00976147e-03 -2.62518879e-02 -1.19442109e-03 -3.69686708e-02 4.37727990e-03 -4.05513644e-02 1.77006668e-03 9.81046632e-03 9.31421854e-03 1.26817971e-02 5.19465692e-02 -1.78247318e-02
1.54715236e-02 1.21223619e-02 1.14957038e-02 -1.41854002e-03 2.33435556e-02 -3.14431600e-02 9.94393945e-01 1.72208566e-02 1.01820230e-02 -1.83634292e-02 2.30173767e-03 3.57304746e-03 1.32058887e-02 -3.30504519e-03 4.07724641e-03 -2.08652318e-02 -2.91340449e-03 -4.74983099e-04 -1.41095137e-02 -4.31632586e-02 4.05484764e-03 3.03817093e-02 9.52824112e-03 -2.74901222e-02 -1.54990086e-03 -8.26126803e-03 1.09483358e-02 2.82174367e-02 2.42834743e-02 4.54724841e-02 -1.27166146e-02 -8.43624398e-03
3.04013006e-02 5.44213466e-02 -5.75903542e-02 4.52214964e-02 4.30054106e-02 -2.49495115e-02 -2.73935478e-02 9.77406263e-01 -1.72269773e-02 4.00490053e-02 -4.15001586e-02 -1.85580198e-02 -4.19522449e-02 -4.33456786e-02 3.50299329e-02 -8.71950481e-03 -1.80013024e-03 -9.39809904e-03 -7.10244998e-02 -1.19808381e-02 6.15751743e-02 7.43754059e-02 1.45460535e-02 -2.92137656e-02 -1.30915754e-02 -3.22845094e-02 -1.10081565e-02 4.88177389e-02 -4.82518319e-03 5.78537025e-02 -2.24486552e-02 -6.11417461e-03
-9.79359914e-03 -4.76338677e-02 -1.75175946e-02 -4.61900905e-02 -3.71568464e-02 -8.44949111e-03 -1.15661640e-02 1.87316556e-02 9.93273437e-01 9.73629858e-03 3.84429004e-03 2.26553325e-02 -1.80957170e-04 -9.89023782e-03 -8.22929293e-03 -3.17126811e-02 -1.01583526e-02 -2.23590853e-03 -5.47532085e-03 -2.32988987e-02 1.19532095e-02 3.93923596e-02 -2.61689001e-03 -1.08048052e-03 1.46834916e-02 4.18690182e-02 -3.88351269e-03 4.73423349e-03 -1.57185812e-02 5.31164976e-03 -8.82874429e-03 1.13628749e-02
3.21295150e-02 3.85258868e-02 -2.68729385e-02 1.58574916e-02 -4.53174394e-03 4.37670872e-02 2.24557631e-02 -4.05923389e-02 -4.15649236e-04 9.88547742e-01 -1.24157434e-02 -8.16845074e-02 6.06933096e-03 2.48207785e-02 2.99140383e-02 1.58263929e-02 7.33354548e-03 2.55973171e-03 -2.59623188e-03 1.20118354e-02 -3.93449627e-02 -2.14774888e-02 6.77473983e-03 5.46865240e-02 -3.31406598e-03 -1.10720387e-02 -3.69588169e-03 -5.75304450e-03 1.07633146e-02 1.63667295e-02 2.54200697e-02 -1.01314150e-02
2.45001260e-02 6.15965202e-02 -2.42920015e-02 4.74984497e-02 4.18913998e-02 -2.81342641e-02 -9.58269928e-03 7.77280005e-03 -6.61301950e-04 1.20042711e-02 9.81856525e-01 -2.42023487e-02 -5.56568652e-02 -4.46211025e-02 4.93448302e-02 -3.30779627e-02 2.34108325e-02 -3.44589329e-03 -6.44629672e-02 1.25337637e-03 7.15484470e-02 4.82418053e-02 3.15787457e-02 6.30677328e-04 1.11470586e-02 -1.95629336e-02 1.43667625e-03 4.83406037e-02 1.74788460e-02 -8.95643327e-03 -1.51421148e-02 6.96402648e-03
-1.24752335e-02 -1.83583132e-03 -7.27092847e-04 -3.52010224e-03 4.13230807e-02 3.64998057e-02 -8.37863481e-04 1.22690741e-02 -2.26798318e-02 8.63500237e-02 2.08396390e-02 9.87231791e-01 -3.63799598e-04 1.33896880e-02 -3.90594192e-02 3.52183022e-02 -1.94301717e-02 4.18096296e-02 -3.24748345e-02 1.86300065e-04 4.81164865e-02 2.09615123e-03 -1.08316727e-03 -3.60076092e-02 3.00071947e-02 -1.66837238e-02 -2.08650921e-02 -2.09419499e-03 -1.07063660e-02 -1.60952210e-02 -2.74627749e-03 4.31648083e-02
-3.79253109e-03 3.64639447e-03 3.37308012e-02 3.83325145e-02 2.40739956e-02 -2.16214769e-02 -1.92981325e-02 3.15055847e-02 2.25144191e-04 2.80396710e-03 4.02351357e-02 -7.50117796e-03 9.89582360e-01 3.83025152e-03 -1.25663131e-02 -2.12591011e-02 1.61248092e-02 -3.19161988e-03 -3.92644182e-02 5.36373165e-03 8.32235962e-02 4.76567447e-03 1.08304955e-02 -3.11653614e-02 1.62900258e-02 8.44818354e-03 6.44744420e-03 3.95358652e-02 3.45324688e-02 -1.12045160e-03 -1.17546599e-02 1.48643432e-02
1.54514611e-02 4.90333661e-02 -6.57627964e-03 2.30421834e-02 3.47323082e-02 -8.75410624e-03 -5.76807943e-04 2.74028722e-02 1.72617193e-02 -2.54433863e-02 2.08090711e-02 -1.67997275e-02 -1.86909623e-02 9.84293640e-01 4.86158170e-02 8.12735688e-03 2.77922899e-02 -5.25042368e-03 -4.41745408e-02 2.84661865e-03 9.79698673e-02 -4.56511974e-03 2.01439001e-02 -9.97500960e-03 3.38340178e-02 -5.55319786e-02 1.14233969e-02 1.97120309e-02 2.37301998e-02 -3.99524122e-02 1.46481991e-02 -3.83391082e-02
5.01535423e-02 3.31462957e-02 -2.07390003e-02 2.52499506e-02 1.42657598e-02 3.17154899e-02 -9.47188959e-03 -3.70171070e-02 7.83318374e-03 -3.43707465e-02 -4.38755341e-02 5.50986491e-02 2.03845277e-02 -3.00732013e-02 9.73728836e-01 -3.68500277e-02 -1.63891707e-02 -2.10182816e-02 4.83597890e-02 2.14848761e-02 -8.20526034e-02 9.34356451e-03 -4.81353998e-02 1.61950290e-02 -2.58962288e-02 8.93999934e-02 -6.55857497e-04 5.18983975e-02 5.84882125e-02 8.23006928e-02 -3.31930295e-02 -7.52977794e-03
-1.24825248e-02 -5.63772470e-02 2.72306111e-02 -2.49133520e-02 -2.19706036e-02 -3.45579092e-03 2.36122999e-02 1.70574486e-02 2.57099755e-02 -1.09934611e-02 3.28915492e-02 -3.38322148e-02 1.36899529e-02 -1.36336843e-02 4.53572683e-02 9.85975862e-01 7.30797602e-03 -4.80135940e-02 -3.33090164e-02 4.47343513e-02 3.95196490e-02 4.42176452e-03 -2.09379531e-02 -2.99136993e-02 2.77293436e-02 6.46146610e-02 6.97552646e-03 -1.35938209e-02 1.95547454e-02 -4.89846021e-02 -3.60737275e-03 -4.11988050e-03
1.60185378e-02 1.95290238e-04 3.29123884e-02 -1.02046169e-02 1.02631608e-02 2.24568453e-02 1.26516505e-03 3.19995277e-04 9.58827324e-03 -8.75433069e-03 -2.37039775e-02 2.26833969e-02 -1.51621858e-02 -2.45584249e-02 4.10714932e-03 -5.06708119e-03 9.94201481e-01 -1.50876641e-02 8.69549625e-03 1.52240079e-02 -5.57083264e-03 -3.71127273e-03 2.80431309e-03 2.92403158e-02 2.19943356e-02 1.40695497e-02 -1.85397249e-02 2.36891713e-02 3.93067021e-03 6.15880489e-02 1.95171889e-02 1.30068846e-02
9.43601783e-03 7.01082796e-02 6.35754317e-03 -5.49602415e-03 3.73049937e-02 -1.37166036e-02 -3.40030552e-03 -1.69292174e-03 1.11189168e-02 -9.07064509e-03 -7.59748649e-03 -4.32492755e-02 -2.94839055e-03 -6.74515963e-03 1.75944958e-02 4.88118604e-02 1.24883391e-02 9.90659297e-01 -8.13885871e-03 2.51208115e-02 2.27006581e-02 -1.57270804e-02 -1.96258128e-02 -1.36226723e-02 7.26356730e-03 -8.98524839e-03 1.03186322e-02 5.08865491e-02 3.69628891e-02 2.46815607e-02 6.93784794e-03 -2.16713944e-03
-1.30707556e-02 -8.80734343e-03 9.86835137e-02 -3.12470328e-02 3.75016332e-02 -6.26577763e-03 1.43499775e-02 8.80804881e-02 5.82606671e-03 1.16272969e-02 7.57448152e-02 1.98909454e-02 3.14337760e-02 4.26049829e-02 -2.70919818e-02 2.85057910e-02 -1.03608370e-02 1.07409786e-02 9.78170753e-01 7.88716041e-03 2.00637914e-02 -3.87910791e-02 4.15653624e-02 -1.52208675e-02 1.06997527e-02 1.14924251e-03 -4.32964638e-02 -3.68802324e-02 -4.97202352e-02 9.89227835e-03 4.09886055e-02 2.01158002e-02
-5.02798557e-02 4.59086634e-02 -5.82100078e-02 1.77573692e-02 -1.93851050e-02 2.90807430e-02 4.07971106e-02 6.92468463e-03 2.21053027e-02 -1.26486626e-02 -2.37292703e-03 5.13125560e-04 -6.77067693e-03 -1.01359119e-03 -3.30697857e-02 -4.27236632e-02 -1.71282738e-02 -2.74974629e-02 -5.37269632e-04 9.88525391e-01 1.74404941e-02 -1.75481737e-02 -3.64059843e-02 -2.39300188e-02 5.58744138e-03 1.27361370e-02 -2.20166938e-03 8.95023346e-03 1.26159219e-02 5.99811412e-02 -1.35789169e-02 1.20266471e-02
-1.22370094e-03 -1.56955759e-03 -1.13865510e-01 2.68271696e-02 -6.58853576e-02 1.84774064e-02 -1.38593907e-03 -8.52642059e-02 -1.94150843e-02 3.08782961e-02 -8.65175202e-02 -3.74468714e-02 -6.98874518e-02 -8.99871066e-02 6.43884167e-02 -3.73075753e-02 6.01274194e-03 -1.78759936e-02 2.64525507e-02 -2.48714983e-02 9.65576887e-01 8.44547078e-02 -1.61610786e-02 1.42552555e-02 -4.56213672e-03 3.35170291e-02 4.92730970e-03 1.64703419e-03 1.43861270e-03 -3.11503117e-03 -5.31590767e-02 -7.38076109e-04
4.61805873e-02 5.75052015e-02 -2.76726764e-02 5.53731620e-02 -3.24556418e-02 3.59047838e-02 -2.24262588e-02 -6.80716038e-02 -3.02327070e-02 5.54722687e-03 -3.56145687e-02 4.22915723e-03 1.30614769e-02 2.27403212e-02 -2.89533865e-02 1.45705361e-02 3.96219548e-03 1.94106586e-02 5.11192642e-02 1.79054961e-02 -9.78706405e-02 9.78716016e-01 -1.39655592e-03 2.69147810e-02 -5.90176210e-02 2.68189033e-05 -1.54981967e-02 -5.61552122e-02 -7.76078878e-03 6.45156624e-03 1.19947027e-02 2.53372826e-02
3.45484093e-02 1.56316552e-02 -9.04226024e-03 -2.36020330e-03 3.09410598e-02 7.97193311e-03 -1.33354524e-02 -3.11335493e-02 5.29046124e-03 -1.24319978e-02 -4.42156009e-02 3.12192901e-03 -1.32316323e-02 -2.55695488e-02 3.15148383e-02 2.34113131e-02 -1.22612556e-02 7.21532525e-03 -2.98690964e-02 3.60016152e-02 7.55596673e-03 4.46465285e-03 9.87947583e-01 2.18298845e-02 1.91577766e-02 1.44271068e-02 -2.32239310e-02 9.36457962e-02 2.77928952e-02 4.36451621e-02 -4.41653002e-03 -1.49467513e-02
3.07641905e-02 3.66268009e-02 -2.93813776e-02 -1.23832934e-02 1.19339293e-02 3.14233825e-02 2.70713493e-02 3.45709994e-02 3.93742323e-03 -5.70631772e-02 6.20396482e-03 3.62613313e-02 3.41812745e-02 6.93433313e-03 -2.53816731e-02 3.33120972e-02 -3.35098021e-02 8.64569005e-03 8.31952598e-03 1.74632780e-02 1.95569301e-04 -2.78224219e-02 -2.81359442e-02 9.88306701e-01 3.91012840e-02 -4.89881968e-05 -4.25588712e-02 1.48994792e-02 -1.05566531e-03 2.14962345e-02 2.83976328e-02 -3.63796540e-02
-2.02526487e-02 1.60866585e-02 -7.19890743e-02 -6.67568436e-03 -6.42789155e-02 -2.75531691e-03 -1.95132138e-03 2.38385284e-03 -2.38669459e-02 3.14398250e-03 -1.43334381e-02 -2.63289735e-02 -1.35300774e-02 -2.38303170e-02 1.05765508e-02 -2.87523475e-02 -2.20100377e-02 -6.30899007e-03 6.67003449e-03 -1.84037630e-02 -2.36928612e-02 5.52569777e-02 -2.24619657e-02 -3.75767052e-02 9.86059725e-01 5.52209914e-02 -2.84434557e-02 1.92918703e-02 3.23606133e-02 4.19413373e-02 -1.87414568e-02 2.54343804e-02
1.35785956e-02 3.15128192e-02 6.13498501e-02 -1.87778864e-02 6.82604238e-02 3.63464169e-02 9.84642468e-03 4.25491557e-02 -3.85550559e-02 1.42157562e-02 2.37404443e-02 8.00975878e-03 -1.15180286e-02 5.43890893e-02 -7.85391927e-02 -5.99804483e-02 -9.19961650e-03 1.43239293e-02 -1.98799167e-02 -7.73121649e-03 -7.26005854e-03 -1.98466331e-03 -6.59948855e-04 1.34446673e-04 -3.93792614e-02 9.78849471e-01 4.36412618e-02 -3.38328183e-02 -3.51619609e-02 -6.74097836e-02 4.53434549e-02 -1.61276981e-02
4.54965420e-03 -5.14900647e-02 3.78361382e-02 -1.52248545e-02 -1.15145673e-03 -5.23121934e-03 -8.62944499e-03 1.93374846e-02 2.64685648e-03 6.09553652e-03 2.06295913e-03 2.52073072e-02 -3.66697181e-03 -1.66057795e-02 1.09906960e-02 -8.96955002e-03 1.58402249e-02 -4.48743301e-03 3.68763059e-02 1.40534751e-02 1.58582896e-03 2.26222649e-02 2.55095400e-02 4.13562320e-02 4.03898358e-02 -4.82460856e-02 9.87704158e-01 -1.11989928e-02 -4.84382734e-03 -2.78031044e-02 5.84996380e-02 -7.37992823e-02
-1.03071695e-02 -2.74101179e-02 -4.29165848e-02 2.02529039e-02 -6.97122440e-02 -1.88368582e-03 -2.57740803e-02 -4.54297960e-02 -1.16168391e-02 9.39379167e-03 -3.55381630e-02 6.96117664e-03 -3.21299247e-02 3.07616172e-03 -7.54394382e-02 1.67350620e-02 -2.20291391e-02 -4.52663936e-02 6.09365962e-02 -2.00148709e-02 -2.86800656e-02 3.89983170e-02 -8.95791128e-02 -8.27695616e-03 -3.94574292e-02 4.48893085e-02 2.46199556e-02 9.75098252e-01 5.05924560e-02 1.88130066e-02 -5.87441958e-02 4.80347797e-02
-1.75401047e-02 -4.72946092e-02 1.79409552e-02 -3.19680497e-02 -3.42367440e-02 -1.01946937e-02 -1.93914846e-02 2.07281969e-02 7.90170766e-03 -1.82835478e-03 -3.94040812e-03 1.40985614e-02 -2.99203023e-02 -1.15818596e-02 -5.62136956e-02 -2.37107649e-02 -2.32365285e-03 -2.47954633e-02 4.56834510e-02 -1.12678194e-02 -2.10584467e-03 5.17912023e-03 -1.34489303e-02 6.82061352e-03 -3.36887315e-02 2.72496063e-02 1.17372125e-04 -6.61512017e-02 9.89070296e-01 -3.22458185e-02 1.18768876e-02 1.45145310e-02
-5.43373078e-02 -3.19271013e-02 1.98283922e-02 1.70286056e-02 -4.58738357e-02 -1.62669811e-02 -4.26187553e-02 -4.35190871e-02 -1.03801005e-02 -8.27250816e-03 2.64290255e-02 1.19649693e-02 -8.74793695e-05 5.54347672e-02 -8.07612538e-02 4.74852137e-02 -5.40441573e-02 -1.66903622e-02 -1.30659454e-02 -6.27592355e-02 9.90093313e-03 -1.31781725e-02 -2.96974964e-02 -1.41221741e-02 -4.56654988e-02 6.23488612e-02 4.06616852e-02 -4.70185094e-02 1.71967354e-02 9.77217019e-01 -1.23409694e-02 4.99753766e-02
3.48542184e-02 2.86739059e-02 -1.57389529e-02 -4.70254663e-03 2.08093897e-02 -5.30380383e-02 4.78914799e-03 1.81163382e-03 1.00845732e-02 -2.21620034e-02 -2.24299426e-03 1.64570182e-03 2.33896193e-03 -2.92331353e-02 3.33975963e-02 2.16896413e-03 -2.25633066e-02 -1.81551185e-02 -3.96343544e-02 1.05410470e-02 5.42501137e-02 1.86255632e-03 -1.00545892e-02 -3.56498919e-02 1.56979337e-02 -3.36035192e-02 -5.52834980e-02 6.93772733e-02 6.64604129e-04 2.62387078e-02 9.87452745e-01 -1.70982070e-03
-8.53697676e-03 1.48794604e-02 2.73176637e-02 -1.37364939e-02 4.60000858e-02 1.76228397e-02 1.19818710e-02 1.12028010e-02 -6.10994548e-03 3.36930528e-03 -9.17802285e-03 -4.49147709e-02 -1.44980969e-02 3.15526947e-02 2.12970357e-02 1.12885633e-03 -8.81643780e-03 8.02011986e-04 -2.51884591e-02 -5.47199929e-03 8.38012807e-03 -2.34069135e-02 2.05529463e-02 4.25640605e-02 -1.28932428e-02 -6.03540742e-04 7.22053200e-02 -3.69984917e-02 -1.48008401e-02 -5.20270355e-02 1.06978128e-02 9.89383578e-01
