4 6 8 32 64
-3.093277e-01 3.282705e-02 1.024355e-01 2.565368e-01 3.848416e-03 8.407272e-02 -3.611793e-02 7.889058e-02
-1.214364e-01 2.221314e-01 -2.775000e-01 8.665559e-02 5.437212e-02 1.119450e-01 3.264928e-01 -1.566169e-01
-1.477021e-01 3.351000e-01 -1.872590e-01 3.703531e-01 -1.542260e-01 -4.548467e-02 -1.252958e-01 -2.612171e-01
-1.601353e-01 1.464687e-01 -2.009167e-02 -1.803109e-01 6.681975e-02 3.653500e-01 1.940838e-01 -1.527182e-01
-1.239816e-01 3.001217e-01 -8.638418e-02 2.689608e-01 2.197989e-02 7.813311e-02 -2.450900e-01 -1.072554e-01
-1.676105e-01 -1.171194e-01 -2.193660e-01 -1.629114e-02 -1.000988e-02 2.685950e-01 5.433002e-02 -1.160018e-01
-9.601887e-02 -5.783599e-02 -1.533148e-01 1.708044e-01 -1.080754e-01 -2.134799e-02 -2.399737e-01 -1.553915e-01
-1.150455e-01 -8.105651e-02 -8.792499e-02 -3.467753e-02 -2.143937e-01 8.891365e-02 -4.394586e-02 -1.398464e-01
-3.936092e-02 3.199139e-01 -3.425560e-01 3.863950e-01 -7.568187e-02 -4.518789e-02 -1.597892e-01 -2.068079e-02
-4.432512e-02 -2.184628e-01 -2.167228e-02 -6.039366e-02 3.616231e-01 9.115694e-02 2.821055e-01 3.821190e-02
-1.558807e-01 1.196432e-01 -1.137094e-01 6.635712e-02 -7.460411e-02 4.322384e-01 1.180859e-01 -1.158475e-01
-1.958791e-01 -2.422268e-01 8.572241e-02 -4.039597e-02 -1.186943e-01 7.740492e-03 -1.644135e-01 -9.905998e-02
-1.205183e-01 4.320246e-01 -2.421539e-01 7.797336e-02 8.960468e-02 2.206492e-02 3.868226e-01 -9.126668e-02
6.354796e-02 6.957769e-02 -2.050799e-01 4.074702e-01 5.430232e-02 9.135055e-02 -2.715759e-01 -5.928553e-02
-2.239218e-01 2.171907e-01 -7.818678e-02 -1.604431e-01 4.505943e-02 1.108016e-02 -1.305431e-01 2.141951e-02
-1.521381e-01 2.740183e-01 -1.523963e-01 1.041996e-01 6.284836e-02 1.039533e-01 3.264557e-01 -1.808327e-01
1.925630e-02 1.636770e-01 -2.130561e-01 3.749152e-01 1.008999e-01 1.978254e-02 -2.137943e-01 -3.666579e-02
-1.393390e-01 -6.149567e-02 -2.672151e-01 -1.140548e-01 -1.741362e-01 6.227152e-02 1.746510e-02 -7.444642e-02
-9.050381e-02 -1.663966e-01 -1.081165e-01 3.173323e-03 -1.019047e-01 2.089057e-01 1.994613e-01 -2.349447e-01
-1.520959e-01 -1.047160e-01 3.830858e-01 -5.742268e-02 -1.389039e-02 3.856702e-02 -1.020997e-01 -6.246500e-02
-1.169792e-01 -8.483928e-02 2.548291e-02 -5.137141e-02 2.163806e-01 -4.888247e-02 5.124505e-01 -1.719006e-01
-1.299345e-01 4.068282e-01 -2.184168e-01 3.392802e-01 -2.495432e-01 -8.042936e-02 -3.708838e-02 -1.895718e-01
-1.964497e-01 -5.036741e-02 -3.325517e-01 1.491588e-01 -2.067813e-01 2.147108e-01 2.120099e-01 -9.088782e-02
1.076411e-01 1.886354e-01 -1.049342e-01 2.309752e-02 1.474207e-01 2.774586e-01 -1.354700e-02 1.784320e-02
-1.490219e-01 -6.494676e-02 1.647732e-01 2.609187e-01 -4.365173e-02 5.305853e-02 -1.937148e-01 -1.629395e-01
9.382569e-02 2.125408e-01 -2.411159e-01 4.081277e-02 1.586668e-01 1.606529e-01 3.956815e-01 -1.516503e-01
-1.286230e-01 -1.199357e-01 2.042121e-01 1.143200e-01 3.276650e-02 3.186444e-02 -1.639936e-01 -1.853783e-01
-1.283679e-01 -1.074045e-01 -1.907844e-01 5.706517e-02 -1.480029e-01 4.478615e-02 -1.718699e-01 -3.420222e-02
-9.871298e-02 -2.051381e-01 4.810483e-02 6.783824e-02 -9.856007e-02 2.039807e-01 -6.074519e-02 3.044443e-02
-4.709578e-02 9.308521e-02 -3.447143e-01 3.895322e-01 -6.885640e-02 -1.741317e-02 -1.715343e-01 1.079150e-01
-1.738688e-01 -4.225879e-02 -3.703231e-02 2.716524e-02 1.685600e-02 7.478461e-02 2.938832e-01 -2.353082e-01
3.641124e-02 1.862426e-01 -2.511340e-01 4.958946e-01 4.268869e-02 3.969411e-02 -2.436430e-01 -7.679665e-02
-2.109344e-01 -1.581026e-01 3.670880e-02 5.152027e-02 4.832804e-02 -6.322621e-02 -1.961569e-01 -6.846710e-02
-1.742131e-01 2.682271e-01 3.571181e-02 2.707878e-01 -4.273878e-02 -1.319231e-02 -1.321597e-01 -9.485593e-02
1.466639e-01 3.993114e-01 -2.074092e-01 3.511945e-02 2.351277e-01 1.577237e-01 3.130761e-01 1.547907e-02
-5.840821e-02 3.109344e-01 -2.318236e-01 5.049191e-02 7.325942e-02 9.130177e-02 4.022715e-01 -2.305139e-01
-1.988447e-01 2.933515e-01 -1.774137e-01 3.681331e-01 -3.486880e-02 -5.524995e-02 -1.441723e-01 2.957994e-02
-7.783435e-02 6.021459e-03 -2.759059e-01 3.071873e-01 -1.014542e-01 -1.268040e-01 -2.189453e-01 7.753646e-02
2.135738e-02 2.146209e-01 -3.059047e-01 4.049856e-01 1.698974e-02 -1.912420e-02 -1.750313e-01 1.023128e-02
-2.000014e-02 4.155716e-01 -2.069760e-01 -1.761300e-01 1.428634e-01 1.988886e-01 8.008639e-02 -3.291158e-02
-2.135356e-01 -2.243574e-01 1.327059e-01 -4.082074e-02 7.834393e-02 -6.709747e-02 -2.448410e-01 -5.370472e-02
1.396405e-01 5.777969e-01 -1.261136e-01 -9.239604e-02 3.216996e-01 2.116994e-01 1.685673e-01 -3.699108e-03
-8.867732e-03 5.321220e-01 -1.574284e-01 7.490788e-02 -2.384167e-02 7.503424e-02 3.593358e-01 -1.416497e-01
-2.796276e-01 1.931889e-02 -2.862836e-01 8.067018e-02 -1.878749e-01 3.774908e-01 2.760920e-01 9.935002e-03
2.977296e-02 1.508380e-01 -1.879858e-01 1.219554e-01 6.155479e-03 6.269409e-02 -2.308704e-01 -1.189539e-01
-5.734336e-02 2.023210e-01 -3.189500e-01 4.420623e-01 -8.683299e-02 -3.408794e-02 -1.690364e-01 1.199673e-01
-2.259190e-01 -7.364469e-02 2.807589e-01 1.437094e-01 -1.042046e-01 1.239130e-01 -3.834315e-02 -1.571945e-01
-1.645022e-01 9.197795e-02 -1.892703e-01 1.277305e-01 -6.586924e-02 4.621946e-01 2.138047e-01 -1.464497e-01
-7.707596e-03 7.724749e-02 -2.796171e-01 4.781399e-01 -2.956481e-02 2.479149e-02 -2.225162e-01 5.411750e-02
-2.202635e-01 -1.317761e-01 1.197088e-01 -1.177603e-01 1.456317e-01 3.945837e-01 1.403914e-01 -2.333539e-03
-1.459728e-01 1.978589e-01 -1.223125e-01 2.535836e-01 -1.126801e-01 -7.752310e-02 -2.005160e-01 -2.639803e-01
-2.489895e-01 1.072289e-01 4.882300e-02 1.475290e-01 -3.401386e-02 -1.089469e-02 -2.947296e-02 -1.204436e-01
-1.227941e-02 4.856368e-02 -4.803284e-02 3.128241e-01 2.274466e-02 9.637066e-02 -2.502632e-01 -1.419695e-01
2.499664e-03 5.585065e-02 -1.245905e-02 -5.545314e-02 2.513011e-01 9.775133e-02 3.516986e-01 7.233708e-02
-1.674764e-01 -9.476504e-02 7.210515e-02 -1.256294e-02 8.502807e-02 3.569185e-01 1.729535e-01 -1.492270e-01
-1.337502e-01 -5.052053e-02 3.778759e-02 1.848828e-01 -9.203478e-03 -2.769109e-02 -1.781108e-01 -1.963626e-01
3.577421e-02 1.175902e-01 -1.776688e-01 -8.970098e-02 3.386604e-01 1.089540e-01 -4.471160e-02 -1.052894e-01
-7.028823e-02 1.163886e-01 -1.822109e-02 3.328007e-01 -5.780875e-02 8.120129e-02 -1.131359e-01 -1.508165e-01
-1.170718e-01 -1.368903e-01 4.980109e-03 -6.453849e-02 -9.707670e-02 3.053788e-02 -1.554643e-01 -1.699866e-01
-3.791409e-02 1.257694e-01 -1.355727e-01 1.532487e-02 1.246207e-01 3.397932e-02 4.559346e-01 -2.099921e-01
-1.427453e-01 -5.521621e-03 -7.811955e-02 1.587495e-01 -6.179760e-02 6.479812e-02 -2.457898e-01 -1.234868e-02
-1.976699e-01 -1.400634e-01 -1.583109e-01 -5.211944e-02 2.471417e-01 -6.471093e-02 -6.934812e-02 2.390686e-03
3.910933e-02 -6.189659e-02 -2.389821e-01 1.018438e-01 1.264711e-01 -5.159534e-02 -1.453114e-01 -9.958078e-02
-3.578016e-01 -2.166113e-02 -1.565437e-01 7.568360e-04 -9.086811e-03 5.164321e-01 1.895564e-01 5.222743e-02
-1.533418e-02 3.094628e-02 -2.311545e-01 2.225863e-01 -1.711949e-01 -2.998320e-01 1.902002e-01 -1.560645e-01
4.921523e-01 -3.327150e-02 -2.068988e-01 -1.613842e-01 -1.797192e-01 -2.293811e-01 -5.938271e-02 2.095497e-03
-1.343143e-01 -5.521289e-02 -1.784040e-01 1.070166e-01 2.161771e-01 -3.389660e-01 -1.760265e-02 -1.714936e-02
-7.815064e-03 -1.142074e-01 -3.359967e-01 -1.478614e-02 -8.182482e-02 -7.922851e-02 -1.141273e-01 -1.547528e-01
-9.568313e-02 2.652966e-02 -2.289440e-01 -1.340262e-01 -2.866582e-01 3.192624e-02 2.830871e-01 -2.640521e-01
-1.729110e-01 -3.237571e-02 -2.970919e-01 -1.792777e-02 -7.853564e-02 -2.793178e-01 7.179275e-01 -6.081662e-02
2.479592e-01 -7.906883e-02 -4.256008e-01 -6.000116e-02 2.847012e-03 -3.815492e-01 -8.776332e-02 1.746228e-01
5.993938e-02 -7.269329e-02 -3.565588e-01 -3.610498e-02 -7.125184e-03 -1.548957e-01 -1.010199e-01 -2.066859e-01
1.990665e-01 -9.914962e-02 -1.988878e-01 -9.474375e-02 -2.223183e-01 -2.277960e-02 7.033997e-01 6.800142e-02
3.658568e-01 -7.430586e-03 -1.856003e-01 -2.137660e-01 -1.758942e-01 -1.580355e-01 -1.018319e-01 1.281535e-01
2.379001e-01 9.125252e-02 -2.648153e-01 -9.571999e-02 3.517425e-02 6.320727e-02 -2.260117e-01 1.723102e-01
5.668066e-02 2.216291e-02 -2.183331e-01 5.818928e-02 -4.962895e-02 -2.113588e-01 -1.645705e-01 -1.796017e-01
1.350118e-01 -2.069184e-02 -5.800308e-01 6.978959e-02 -3.794704e-01 -2.365228e-01 7.381195e-02 -2.348089e-01
2.830782e-02 5.123796e-01 -2.433814e-01 -8.204654e-02 -1.453835e-01 -1.960169e-01 -1.323327e-01 2.317162e-01
-7.072894e-02 -1.766083e-02 -1.729299e-01 -1.510467e-02 1.248003e-02 3.829915e-03 -7.867657e-02 -1.535794e-01
4.842755e-01 -5.220094e-02 -2.646113e-01 -5.310681e-02 -2.024759e-01 -3.610998e-01 -1.303964e-01 4.169851e-01
2.388571e-02 -1.352422e-01 -3.018869e-01 1.714486e-01 -1.297719e-01 -2.151626e-01 -6.767892e-02 4.758157e-03
6.508581e-01 -1.427014e-03 -6.909057e-02 -1.124458e-01 -9.815903e-02 -1.555496e-01 -6.404977e-02 9.228433e-02
9.476556e-02 -1.189107e-01 -1.952611e-01 -1.118236e-01 -4.514639e-02 2.734755e-01 -2.864849e-01 -9.153128e-02
1.711753e-03 8.587377e-02 -2.063880e-01 -1.885816e-02 1.298947e-01 -1.130088e-01 -1.719813e-01 -6.119966e-02
1.655202e-01 1.574442e-03 -1.848135e-01 -4.399122e-02 1.165933e-02 -2.006983e-01 -8.420413e-03 1.274536e-01
1.040477e-01 -6.330281e-03 -2.755534e-01 -1.184495e-01 -1.256305e-01 -5.856562e-02 1.067957e-02 -2.632793e-01
1.567126e-01 1.042380e-01 1.747644e-01 4.416005e-03 6.922702e-02 -1.114565e-02 -1.293049e-01 8.948286e-02
6.807790e-01 -1.064816e-01 -2.694497e-02 1.916450e-02 -6.368662e-02 -2.519772e-01 -5.446832e-02 3.033308e-01
3.237628e-01 -2.668229e-02 -2.020576e-01 -5.544370e-02 -1.110919e-01 -2.889484e-01 -2.523667e-01 3.257332e-01
2.116893e-02 9.486248e-02 -1.637830e-01 -1.882037e-01 -7.516290e-02 7.411948e-02 1.675380e-02 -3.231797e-01
-1.132316e-01 4.972994e-01 -1.226045e-01 1.583383e-01 -1.004915e-01 -3.604315e-01 -1.098625e-01 1.495226e-01
-1.570945e-01 5.508255e-02 -3.607572e-01 3.564546e-02 -1.078558e-01 -2.449577e-01 5.569023e-01 -1.087700e-01
-3.828076e-03 5.523716e-01 -3.099924e-01 -3.006069e-01 -1.652756e-01 -4.995215e-02 1.949965e-01 -3.766048e-02
3.425374e-01 -1.908177e-03 -2.999322e-01 -1.259018e-01 -1.668440e-01 -2.955428e-01 -1.559941e-01 -1.809921e-01
1.877069e-01 -7.101317e-02 -3.131214e-01 -9.151574e-02 -8.444506e-02 -1.962384e-01 -3.433218e-02 -6.737933e-02
1.742559e-01 1.108755e-01 -2.218779e-01 -8.870168e-02 -3.243212e-01 -1.345741e-01 7.740609e-02 -4.877300e-02
2.787790e-02 8.654297e-03 -2.676568e-01 -5.306747e-02 3.487931e-02 -2.148255e-01 -8.801837e-03 -9.281277e-03
1.423944e-01 -6.406406e-02 -3.458396e-01 -2.480766e-02 -9.300561e-02 -2.181616e-01 -3.952320e-02 -1.077226e-01
-2.962869e-02 1.332650e-01 -2.537879e-01 -1.734316e-01 -3.233089e-01 -7.687199e-02 2.481089e-01 -3.134573e-02
-6.897917e-02 -1.358239e-01 -1.093315e-01 -5.163888e-02 5.424568e-02 2.193529e-01 -1.225094e-01 -1.769653e-01
-1.005654e-01 -4.003753e-02 -1.714320e-01 7.136785e-03 1.424917e-01 -2.849797e-01 1.143818e-02 5.178516e-02
-7.547560e-02 -5.506678e-03 -2.299038e-01 -3.341087e-02 1.523115e-01 -2.926843e-01 -6.562537e-02 -3.077607e-02
4.236105e-01 1.647343e-01 -2.885844e-01 -1.866695e-01 -2.662359e-01 -2.109369e-01 -2.304186e-01 -4.182068e-01
-8.326623e-02 -1.147825e-01 -2.928165e-01 -3.679051e-02 1.932574e-01 -3.447377e-01 7.697630e-04 -1.105191e-01
-4.743781e-02 1.163325e-01 -4.456145e-01 -4.313205e-02 -3.916665e-01 -1.417654e-01 8.818159e-02 -2.743368e-01
4.171545e-01 -7.228751e-02 -1.841188e-02 3.435932e-01 1.760356e-02 -3.119793e-01 -2.097909e-01 3.764259e-01
-1.297788e-01 -6.694597e-02 -3.088462e-02 -5.640846e-02 1.609695e-01 4.852513e-02 -8.974209e-02 -2.035006e-01
3.271032e-02 6.995869e-01 -2.723244e-01 1.219745e-01 -1.263055e-01 -1.867522e-01 1.041439e-02 -8.181163e-03
4.705302e-01 -2.354794e-02 -1.316775e-01 -2.025556e-01 -1.809855e-01 -1.684930e-01 3.702022e-02 1.986223e-01
7.770652e-02 -9.343658e-02 -1.787473e-01 -8.951183e-02 1.012420e-01 -2.158775e-01 1.012923e-01 7.042316e-02
-5.250954e-02 -3.920504e-02 -3.674448e-01 4.918070e-02 1.610362e-01 -5.746502e-02 -1.838208e-01 -1.116281e-01
1.808355e-02 -7.820384e-02 -4.173791e-01 -6.630758e-02 -3.906276e-01 -1.783745e-01 4.583292e-01 5.604728e-02
8.032672e-02 -1.284989e-01 -3.083934e-01 -7.086051e-02 -1.601204e-02 -1.638203e-01 -4.371367e-02 -1.672376e-01
2.295541e-01 -6.853366e-02 -3.762761e-01 -7.434089e-02 -1.902593e-01 -1.812613e-01 -8.487409e-02 -1.107782e-01
-8.344222e-02 -2.188077e-03 -3.104068e-01 -7.482572e-02 3.969181e-02 -1.975438e-01 -3.392643e-02 -5.702849e-02
3.896031e-01 -7.389522e-02 -2.007912e-01 -1.540205e-01 -1.621508e-01 -2.787187e-01 -4.124754e-03 2.772745e-01
5.065550e-02 -1.041119e-01 -1.337115e-01 -9.409003e-02 4.277436e-02 -2.517238e-01 -3.472691e-02 6.574309e-02
4.629554e-01 2.218108e-02 -1.885198e-01 -2.256283e-01 -2.279517e-01 -1.089797e-01 -1.624123e-01 -1.067969e-01
2.243299e-01 -1.260544e-01 -2.617637e-01 -1.446580e-01 -1.158044e-01 -1.722885e-01 -1.425078e-01 -1.729038e-01
-2.539213e-02 6.674641e-02 7.090319e-02 2.198344e-01 -4.655204e-02 -3.366266e-01 -4.288126e-02 5.341294e-02
1.614214e-01 2.945716e-02 -1.993601e-01 -1.248803e-01 -1.572193e-01 -1.984049e-03 -2.781079e-02 -1.756310e-01
-3.589220e-02 -1.886319e-02 -2.445695e-01 2.444589e-01 -2.138661e-01 -2.295678e-01 2.055812e-01 -2.260278e-01
-4.421815e-02 2.406877e-01 -2.209200e-01 4.508553e-01 -4.434557e-02 -3.814244e-01 -1.854668e-01 8.638390e-02
-5.989197e-02 3.991763e-02 -3.112228e-01 3.201809e-02 1.769674e-01 -2.613613e-01 -8.971673e-02 -8.967514e-02
6.560646e-02 1.183431e-01 -4.607038e-01 3.375223e-01 -1.064296e-01 -2.766079e-01 -8.892836e-02 -1.171882e-01
-2.298580e-01 2.457811e-02 -3.290214e-01 2.014914e-02 -3.433820e-02 -1.456967e-01 4.497601e-01 -2.352210e-01
2.844124e-01 -8.353502e-02 -1.820070e-01 -9.090844e-02 -1.267337e-01 -2.896481e-01 -4.023241e-02 -1.585898e-01
-8.337452e-02 -1.146225e-01 -4.729648e-01 -4.454585e-02 -4.072537e-01 -2.954043e-02 5.118635e-01 -1.610253e-01
-7.817954e-02 -2.043677e-02 -1.269461e-01 -4.116152e-01 1.889124e-02 1.994591e-01 9.569470e-02 -1.054937e-01
-2.003297e-01 -1.134925e-01 1.334364e-01 -1.541551e-01 6.444746e-02 -1.291592e-01 -6.574941e-02 2.619146e-03
6.228189e-01 -3.392890e-01 -6.246748e-02 5.590078e-02 2.507498e-01 4.946243e-02 2.756271e-01 -1.094576e-01
-1.714486e-01 -3.046901e-02 -7.487754e-03 2.241016e-01 3.227534e-01 2.101026e-01 -1.672620e-01 -8.043757e-02
-3.692890e-02 -1.949804e-01 -1.535760e-01 -1.458578e-01 1.999632e-01 8.367565e-02 -2.528040e-01 -3.163792e-01
4.760360e-02 1.285180e-02 3.647462e-01 -3.479083e-01 -1.847385e-01 -2.385738e-01 -6.108336e-02 -1.101951e-01
-2.755778e-01 2.411978e-02 2.386084e-01 1.349761e-01 -1.016039e-02 1.631244e-01 -1.369424e-02 3.591589e-01
-2.789092e-01 -5.271700e-01 1.929928e-01 -9.056371e-02 -1.162974e-01 -7.754217e-02 -1.658258e-01 2.006059e-02
-1.395396e-01 -8.971626e-02 -2.140956e-01 1.986769e-01 4.102424e-01 -7.641391e-02 -1.129192e-01 -2.427517e-02
-9.669896e-02 -9.390274e-02 -2.306387e-01 -4.959893e-02 4.965466e-01 2.788274e-01 6.367721e-02 1.829008e-01
-2.330475e-01 -3.968871e-02 3.511716e-01 -1.953567e-01 -9.545410e-02 -3.623683e-03 -1.491007e-01 9.295481e-02
-1.560805e-01 -1.453549e-01 -1.779825e-01 2.534137e-01 2.634012e-01 -1.879363e-01 -1.325588e-01 5.660282e-02
-1.234085e-01 -1.080863e-01 -3.918258e-02 1.710607e-01 1.789420e-01 3.430355e-01 -2.393983e-01 -6.349213e-02
-1.601522e-01 -9.969164e-02 -1.299957e-01 -7.327061e-02 2.377174e-01 2.841170e-01 -1.979734e-01 -1.944155e-01
-3.087534e-01 -1.750263e-01 1.844780e-01 -2.696461e-01 -1.551385e-01 -2.588787e-02 6.224455e-02 1.319300e-01
-3.264121e-01 -3.958788e-01 1.005442e-01 -1.412561e-01 -7.595272e-02 -1.017649e-01 -4.335613e-02 3.809731e-02
3.114536e-01 -3.344368e-01 1.543820e-01 -1.848936e-01 8.034689e-02 6.823087e-02 1.368968e-01 1.691690e-01
-1.734839e-01 -1.673112e-01 -1.274600e-01 1.484589e-01 3.797517e-01 1.154994e-01 -1.421387e-01 -1.846307e-01
-1.229801e-01 -8.497687e-02 -1.992255e-01 -7.293968e-02 5.249025e-01 2.476926e-01 9.770186e-02 2.343795e-01
-2.379645e-01 -1.711435e-01 3.869823e-01 1.843964e-01 -1.672250e-01 -1.138935e-01 -3.011476e-01 -8.514320e-03
4.095044e-01 -3.028643e-01 2.973038e-01 1.378935e-01 1.540244e-01 1.275111e-01 -1.225419e-01 1.049730e-01
-1.474385e-01 -3.709367e-01 3.740241e-01 -9.292413e-02 -1.309362e-01 -1.712645e-01 -2.116165e-01 1.122563e-01
-1.866854e-01 -1.596297e-01 -1.333383e-01 -1.163006e-01 1.737466e-01 3.103500e-01 -1.989974e-01 -1.100679e-01
-1.351217e-01 -1.412244e-01 -1.276807e-01 -3.752707e-01 1.017464e-01 9.004191e-02 1.079051e-01 2.724761e-01
1.880870e-01 9.192988e-02 2.783286e-01 5.512621e-02 7.694091e-02 -1.873550e-01 2.498886e-03 -6.928702e-02
-1.853193e-01 -9.526785e-02 -1.789888e-01 1.998930e-01 4.176071e-01 5.782651e-02 -1.755004e-01 -1.182622e-01
-1.381715e-01 -2.150445e-02 3.283990e-01 -3.786308e-01 -2.161186e-01 -1.446086e-01 -1.871556e-01 -1.028843e-01
-2.683308e-01 -1.566713e-01 -2.784217e-01 -2.707625e-01 -1.109908e-03 3.040744e-01 -4.161418e-03 5.257825e-02
-1.847771e-01 -1.805717e-01 -7.654452e-02 3.247510e-02 2.985527e-01 2.058776e-01 -2.109641e-01 -1.818916e-01
-2.703230e-01 -9.833989e-02 -2.555583e-01 -2.880437e-01 9.498636e-02 1.922906e-01 1.476916e-02 1.761757e-01
-3.208362e-01 -3.186587e-01 -2.080681e-01 1.354000e-01 1.953322e-01 1.192964e-02 -2.020235e-01 -5.381868e-02
-2.740710e-01 -2.445434e-02 4.816616e-02 -9.516589e-02 -1.313834e-02 -1.652195e-01 -3.249070e-01 -1.033414e-01
-2.255505e-01 -1.486900e-01 1.839354e-01 -1.688348e-02 -7.944886e-02 -1.379344e-02 -8.727307e-02 1.813002e-01
-2.352771e-01 -2.371373e-01 -3.198319e-01 -1.448285e-01 1.365686e-01 2.179882e-01 -1.364192e-01 1.297040e-01
-3.023843e-01 -1.968359e-01 1.140609e-02 -3.384338e-02 2.962103e-01 1.480353e-01 1.036340e-02 -1.000191e-01
-1.335478e-01 -2.238407e-02 -2.807825e-01 -3.155510e-01 1.641487e-01 2.490221e-01 1.718897e-03 3.943640e-02
2.645327e-01 -4.562504e-01 4.536651e-03 -1.742023e-01 1.300152e-01 1.552055e-02 1.038173e-01 1.948069e-01
-2.113832e-01 -2.082798e-01 -8.548155e-02 -3.022440e-01 1.370980e-01 5.699225e-02 4.413672e-02 1.886802e-01
-2.811047e-01 -1.634421e-01 8.810253e-02 -6.852584e-02 4.498575e-02 3.370543e-02 -2.985033e-02 2.485440e-01
-3.042138e-01 -1.997989e-01 2.307715e-01 -3.032114e-01 -2.545137e-01 -1.157445e-01 -6.381284e-02 6.549055e-02
-1.020387e-01 -1.880718e-01 -1.507163e-01 1.427510e-02 2.800495e-01 2.000738e-01 -2.604634e-01 -1.781875e-01
-1.131343e-01 -1.796616e-01 -1.588579e-01 5.356830e-01 1.672968e-01 4.403679e-02 -2.341647e-01 -6.165130e-02
-4.089626e-01 -4.052333e-01 -9.163496e-03 -4.774750e-02 2.178219e-02 -2.333973e-01 -1.467193e-01 3.954069e-02
-2.446418e-01 5.371769e-01 3.108916e-01 6.184348e-02 -1.531442e-02 -1.881785e-01 -2.302544e-01 -1.111305e-01
-8.485261e-02 -5.525954e-02 -1.675580e-01 9.931396e-04 2.050926e-01 3.769909e-01 2.023333e-02 -9.836474e-02
-3.739696e-02 -7.224663e-02 -2.443399e-01 -1.558299e-01 3.091830e-01 2.491748e-01 -1.432372e-01 -1.702766e-01
-4.219893e-01 -3.424179e-01 -3.055438e-02 7.151303e-02 2.337796e-01 -4.977595e-02 -2.342999e-01 1.774652e-02
-4.399325e-01 -1.966597e-01 -2.955384e-02 1.548114e-01 1.490864e-01 -3.113908e-01 -2.606815e-01 5.925890e-03
-1.994077e-01 2.081388e-01 -1.087945e-01 1.401037e-01 2.336129e-01 -1.300375e-01 -3.766469e-02 1.131724e-01
-2.772142e-01 -3.804417e-03 2.383014e-01 1.459482e-01 -4.718601e-02 7.032331e-02 -1.883262e-01 2.002334e-01
-2.586766e-01 -8.690944e-02 -1.829813e-01 -3.591051e-01 8.444471e-02 1.181482e-01 1.099549e-01 3.952635e-02
-1.862562e-01 1.510704e-01 3.108731e-01 -1.998267e-01 -2.805993e-01 -2.156549e-01 -2.142578e-01 -2.616695e-01
-2.826589e-03 -3.996402e-02 4.112231e-01 -2.703511e-01 -1.465209e-01 -1.287598e-01 -1.088431e-01 -1.556129e-02
-2.091648e-01 -1.650047e-01 -4.595186e-02 -9.112761e-02 2.912746e-01 -6.607293e-02 4.167350e-02 9.959828e-02
-3.622285e-01 -2.328796e-01 2.241502e-01 1.016538e-03 2.706766e-02 -2.381344e-01 -8.786695e-02 1.428207e-01
3.636146e-01 -2.539549e-01 1.269273e-03 4.080118e-02 -4.315794e-02 1.311064e-01 4.624235e-01 2.489522e-01
-3.443802e-01 -2.586501e-01 -3.739387e-02 -1.114041e-01 2.234392e-01 -8.246142e-02 -1.546519e-02 1.086179e-01
-3.288198e-01 -2.089698e-01 -1.250470e-01 -1.024273e-01 2.995316e-01 -5.857921e-02 -2.906970e-02 2.221710e-01
-2.242452e-01 -4.278802e-02 -1.163130e-01 1.367807e-01 4.256811e-01 -1.617904e-02 -5.282180e-02 -3.595870e-02
-2.203765e-01 -3.468747e-01 -3.152550e-01 -1.164253e-01 8.652707e-02 3.306855e-01 -3.256686e-02 2.319049e-02
-1.886730e-01 -1.612319e-01 -1.154334e-01 -1.006312e-01 2.587497e-01 8.952920e-02 -2.172322e-01 -1.089528e-01
-2.017471e-01 -1.594452e-01 3.209835e-01 2.939536e-01 -8.980357e-02 -2.594873e-02 -4.227841e-01 -2.208311e-01
-1.818894e-01 -1.474844e-01 -7.625952e-02 -1.111094e-02 2.722563e-01 -1.953503e-01 -1.109718e-01 -1.001029e-01
-2.730703e-01 -1.619585e-01 -1.767185e-01 -2.015708e-01 1.871981e-01 1.374109e-01 -1.227147e-01 2.561366e-02
-1.084462e-01 -5.028275e-02 2.287493e-01 -2.126265e-01 -1.922489e-01 -1.553802e-01 -1.534851e-01 1.658126e-01
3.496802e-01 -1.135709e-01 5.784621e-02 4.287485e-01 2.020919e-01 5.106307e-02 -9.762369e-02 -9.877515e-02
1.124609e-01 4.728195e-02 2.454320e-01 2.718845e-01 6.043344e-01 1.421555e-01 -8.739927e-02 1.183355e-02
5.754942e-01 1.164663e-02 -6.285343e-02 2.952798e-02 -5.297666e-02 1.100350e-01 8.974529e-02 -1.284451e-01
-1.521970e-02 -2.259552e-01 2.844231e-01 2.452075e-01 5.459744e-02 5.555847e-02 -8.301444e-02 -6.979958e-02
5.369065e-01 -2.336981e-01 4.839366e-02 3.867767e-01 3.780490e-01 5.238716e-02 -2.098511e-01 -1.532466e-01
2.796090e-01 -1.766580e-01 1.709354e-01 3.669788e-01 5.865620e-01 3.021400e-01 -1.661143e-01 -3.526510e-01
-1.215466e-01 1.275317e-01 1.918058e-01 -2.489864e-01 5.288060e-02 -1.514245e-01 -2.890205e-01 5.050448e-01
5.401102e-01 -3.217204e-01 -8.647153e-02 3.966388e-01 4.532846e-03 2.047004e-02 -2.083638e-02 -6.453618e-02
2.925118e-01 -8.102798e-02 8.414233e-02 -1.907397e-02 5.645471e-02 2.245764e-01 -3.683896e-02 -1.033567e-01
5.856945e-02 -9.458090e-02 3.285790e-01 1.198568e-01 6.988314e-01 -3.883950e-02 -1.763906e-01 -1.466330e-01
2.716805e-02 -2.067199e-01 3.902043e-01 1.687848e-01 2.869740e-01 -3.398480e-02 5.947692e-02 -1.103510e-01
7.133189e-01 -1.625337e-01 3.382409e-02 9.253374e-02 -2.012819e-01 8.383144e-02 1.455159e-01 -1.836787e-01
4.431533e-01 -3.009473e-01 2.914257e-02 4.280765e-01 1.145501e-02 7.554129e-02 -1.103332e-02 -2.678654e-01
1.258655e-01 -8.670001e-02 -2.443534e-02 1.561700e-01 1.198178e-01 -3.427793e-02 -8.932853e-02 3.677126e-02
-1.670344e-01 -2.006515e-01 2.113618e-01 -8.512960e-02 3.552928e-01 -3.964466e-01 -2.503472e-02 -8.370969e-02
2.985931e-01 1.137705e-01 1.338462e-01 4.032134e-01 3.848896e-01 2.872640e-01 -2.063949e-01 -1.990159e-01
1.296228e-01 -2.396425e-01 2.099589e-01 3.362074e-01 2.467910e-02 8.557425e-02 -8.727268e-02 -2.997044e-02
2.667648e-01 1.478144e-01 4.001448e-02 3.987290e-01 2.611812e-01 3.154488e-01 -2.600518e-01 -1.841321e-02
-1.628246e-01 1.475930e-01 2.686468e-01 6.202826e-02 4.192706e-01 9.534398e-02 -2.757309e-01 1.672427e-01
6.327426e-01 -2.827179e-01 -1.288640e-01 1.257776e-01 -1.763057e-01 -4.229929e-02 4.206683e-03 -9.016480e-02
2.125399e-02 -1.375058e-01 4.237380e-01 8.860881e-02 1.963122e-01 -1.041130e-01 -1.148165e-01 -7.734872e-02
1.406103e-01 -1.746718e-01 9.936282e-02 2.717909e-01 2.255744e-01 2.604158e-02 -4.289820e-02 -1.247827e-01
5.802652e-01 -2.118600e-01 -7.431262e-02 1.381304e-01 -1.253974e-01 -4.768195e-02 5.448242e-02 -1.194157e-01
-6.133455e-02 -1.315447e-01 1.167280e-01 -4.941621e-02 1.569444e-02 -2.004991e-01 -1.331856e-01 4.414376e-01
5.516395e-01 -1.487616e-01 -4.078896e-02 3.661471e-01 1.607989e-01 2.583931e-03 -3.081241e-02 -1.393114e-01
-1.171496e-01 8.203370e-02 2.677865e-01 -2.720822e-01 3.705102e-01 -1.287833e-01 -7.600015e-02 2.748772e-01
-2.165662e-01 6.236621e-02 2.028593e-01 -1.138522e-01 -1.008491e-01 -2.229425e-02 -1.554204e-01 1.527863e-01
6.423196e-01 -2.048801e-01 -3.061852e-02 6.961921e-02 5.981346e-02 1.867204e-01 1.095446e-01 -1.913042e-01
7.871515e-02 -1.440517e-01 2.332468e-01 2.340784e-01 6.785387e-01 -5.580244e-02 -2.918068e-02 -1.714160e-01
1.746424e-01 -1.796263e-01 2.370583e-01 2.558610e-01 2.608902e-02 6.525271e-03 4.496989e-02 -9.835964e-02
5.264707e-01 -2.979126e-01 -7.762066e-02 4.156280e-01 9.165760e-02 4.039193e-03 -4.718197e-02 -6.703294e-02
1.415888e-01 -3.267225e-01 -8.811175e-03 -1.403893e-01 -1.712829e-01 -2.327019e-01 2.713785e-01 7.202601e-02
3.875672e-01 -1.035169e-01 -4.297036e-02 -2.462531e-02 -1.361698e-01 -9.048800e-02 2.455877e-01 -1.541663e-01
5.246686e-01 5.196314e-04 -7.359475e-03 3.605008e-01 1.972631e-01 -1.326928e-02 -1.553015e-01 -1.050209e-01
2.344546e-01 -9.418106e-02 2.020978e-01 3.629401e-01 1.092744e-01 1.026509e-01 -9.787951e-02 -4.925990e-02
1.519385e-01 -1.449682e-01 -1.017954e-01 -4.890200e-02 -1.724043e-01 2.497541e-02 -4.275820e-02 -9.287895e-02
-1.182223e-01 -1.082915e-01 1.234106e-01 -7.187492e-02 -1.185348e-01 -2.538754e-01 -1.397637e-01 3.652753e-01
4.767891e-01 -1.534043e-01 -2.693528e-02 3.517031e-01 2.210855e-01 8.740539e-02 -1.166812e-01 -1.489727e-01
9.335020e-03 -1.966393e-01 3.966118e-01 1.144266e-01 9.049387e-02 -1.065388e-01 -1.072397e-01 -1.938529e-01
2.444015e-01 1.143843e-01 -2.760974e-01 -1.306708e-01 4.853382e-02 8.207845e-02 -7.961858e-02 1.099472e-01
3.357644e-01 -2.256957e-01 3.495840e-02 4.564009e-01 1.814204e-01 2.934043e-02 -2.078203e-03 -2.525215e-01
2.297883e-02 -1.153538e-01 3.929628e-01 1.137822e-01 6.700299e-01 -1.040796e-01 -2.589918e-02 -1.096757e-01
6.488723e-02 -1.512302e-01 6.933364e-02 -7.649135e-03 -1.920432e-01 1.740796e-01 -5.913008e-02 -2.394604e-01
2.068014e-01 -1.634533e-01 2.112018e-01 4.202714e-01 2.335771e-01 -4.004650e-02 7.527589e-02 -2.683529e-01
1.175432e-02 -2.024843e-01 2.087882e-01 1.029902e-01 3.223985e-01 -6.370179e-02 3.105191e-02 -5.071571e-02
1.180093e-01 -2.620456e-01 2.720237e-01 1.523112e-01 -3.123571e-02 7.513031e-02 -4.854317e-02 -8.759794e-02
3.438165e-01 -6.809257e-02 4.367264e-02 3.125058e-01 2.333512e-01 2.856167e-01 -1.981227e-02 -2.365041e-01
2.576497e-01 -1.585512e-01 1.811792e-01 2.971691e-01 6.332752e-01 -1.943963e-02 -8.958519e-02 -1.938798e-01
1.548881e-01 -9.237291e-02 -7.150266e-02 2.172103e-01 5.897114e-02 3.631811e-02 -1.019463e-01 3.610647e-01
3.034373e-01 7.023214e-02 5.592861e-02 4.321913e-01 2.804864e-01 2.825792e-01 -1.070406e-01 -1.440435e-01
6.385828e-01 -1.996919e-01 -1.021788e-01 1.291262e-02 -1.743733e-01 7.394945e-04 1.209434e-01 -1.102808e-01
-1.408991e-02 -1.498382e-01 3.913491e-01 1.013479e-01 3.296866e-01 -1.726478e-01 1.581881e-02 -1.436159e-01
4.587312e-01 -1.165070e-01 -3.573531e-02 2.525025e-01 2.732592e-01 2.346778e-01 -8.049421e-02 -2.078686e-01
4.940510e-01 -1.340740e-01 -9.339004e-02 1.525272e-01 -1.021451e-01 -5.338750e-02 -2.125293e-02 -1.014706e-01
2.260427e-02 -2.578171e-01 2.500117e-01 -1.300523e-01 -3.174341e-01 -5.976907e-02 2.224923e-01 -1.286378e-01
2.498546e-02 -1.417805e-01 3.348946e-01 2.280338e-01 3.152721e-01 -2.922364e-02 1.079413e-01 -1.986332e-01
3.140015e-01 -2.784516e-01 8.667028e-02 4.106210e-01 1.839504e-01 1.263115e-01 2.363417e-03 -1.322675e-01
2.381211e-01 7.303478e-02 3.627540e-01 3.934290e-01 4.495309e-01 2.329164e-01 -1.610339e-01 -1.052188e-01
4.373152e-01 -2.059014e-01 9.797300e-02 3.763604e-01 4.206048e-01 1.381815e-01 -1.213886e-01 -2.575226e-01
-8.832794e-02 -2.222816e-01 2.247923e-01 1.447061e-01 1.061283e-02 7.695177e-03 -6.017571e-02 -8.380597e-02
-1.047912e-01 1.886162e-02 4.845693e-02 -1.378619e-01 5.169283e-01 -8.917641e-02 -8.792315e-02 2.590120e-01
4.432166e-01 -1.196885e-01 9.820271e-03 2.957601e-01 1.064232e-01 -1.269865e-02 -1.010418e-02 -1.582072e-01
-8.154508e-03 -1.875962e-01 2.727229e-01 4.084665e-02 6.740400e-01 -1.315095e-01 -1.089321e-01 6.596719e-02
-1.752180e-01 1.035665e-01 -8.305112e-02 4.304598e-01 -2.963231e-02 3.041069e-03 -1.447100e-01 -2.381281e-01
-3.552362e-02 -2.229600e-01 2.303924e-01 -1.626092e-01 1.918485e-01 1.985462e-01 2.315326e-01 8.353598e-02
-1.102490e-01 -4.268575e-03 -1.022956e-01 3.004501e-01 -8.546029e-02 -5.502110e-02 -1.460722e-01 -9.998824e-02
-8.221719e-02 -1.006067e-01 1.577796e-01 1.785741e-01 -1.365134e-01 -6.711239e-02 -7.833365e-02 -1.199728e-01
-1.741228e-01 -1.383709e-01 -5.936661e-02 -2.813472e-02 -1.483709e-01 2.912018e-01 2.278365e-01 -5.094594e-02
3.224114e-02 3.554389e-01 -2.190306e-01 -8.896936e-02 -1.775823e-02 1.019760e-01 3.697387e-01 -6.583329e-02
-1.159960e-02 -4.352174e-02 -7.722434e-02 -4.977097e-03 3.141355e-01 -2.237390e-02 4.586013e-01 -6.282520e-02
-8.358074e-02 1.616119e-01 9.823328e-03 2.105122e-01 -6.692338e-02 -9.000713e-02 -1.663576e-01 -1.022406e-01
-1.294061e-01 -8.892452e-02 1.017560e-02 4.837003e-02 1.295912e-02 -4.333554e-02 -1.750879e-01 -1.312808e-01
6.073711e-02 -6.187809e-02 -4.521948e-03 1.732463e-01 1.193908e-01 1.858878e-02 -2.468068e-01 -5.166984e-03
-1.299157e-01 -9.646133e-02 -2.918470e-02 -6.322582e-02 -1.825686e-01 1.943233e-01 3.263872e-01 -5.435710e-02
-2.332595e-02 -2.394826e-02 -3.480052e-03 -4.642703e-02 6.072195e-02 -3.652135e-02 4.739017e-01 -5.052654e-02
-9.355748e-02 1.464625e-02 5.930132e-02 2.482212e-01 -9.330262e-02 -6.470867e-02 -1.278092e-01 -1.042751e-01
-1.154671e-01 7.323093e-02 -1.086056e-01 4.063731e-01 -8.401240e-02 -9.076744e-02 -1.018260e-01 -1.056205e-01
3.802479e-03 1.876962e-01 -1.016983e-01 -6.864994e-03 -8.986465e-02 3.897886e-01 3.178364e-01 4.913149e-02
-1.152307e-01 2.767415e-01 -1.988859e-01 5.102797e-01 -4.209841e-02 -5.572227e-02 -1.382983e-01 -1.521086e-01
-1.033095e-01 2.532711e-01 -7.591507e-02 1.216395e-01 -1.473596e-01 3.855649e-01 1.607064e-01 -5.043416e-04
-1.329920e-01 -1.256270e-02 -1.082871e-01 1.396734e-01 -1.648369e-01 3.872633e-01 2.140634e-01 -1.086731e-01
-1.267695e-01 -1.682054e-01 3.050307e-01 -2.050609e-03 -2.899641e-02 1.844982e-02 -1.815958e-01 7.620856e-02
-2.753431e-02 -1.247365e-01 -2.173948e-02 6.230235e-04 2.465362e-01 -2.258903e-02 5.244778e-01 -7.448900e-02
-1.483669e-01 -8.239357e-02 -1.059460e-01 -7.410923e-02 -9.362451e-02 -1.320274e-01 -1.121407e-01 -6.608371e-02
-9.501675e-02 -1.200698e-01 -8.483160e-02 1.293738e-01 -8.291289e-02 -4.786307e-02 -1.490713e-01 -7.425444e-02
1.597432e-02 2.715789e-02 6.250173e-02 -7.694572e-02 -1.166903e-01 -2.271662e-02 -2.031809e-01 -1.089123e-01
1.246288e-01 1.028092e-01 -9.288166e-02 -5.307017e-02 1.585509e-01 3.096596e-01 3.249268e-01 5.283665e-02
-1.589421e-01 -6.595153e-02 2.010529e-01 3.451525e-02 -7.769070e-02 3.272446e-01 5.824609e-02 -6.041274e-02
-1.277024e-01 2.000097e-02 1.424966e-01 -1.989502e-01 1.725899e-01 1.689854e-01 3.032683e-01 2.544462e-01
1.161669e-01 3.381818e-01 -1.903073e-01 3.233319e-02 1.908631e-01 3.837538e-03 3.586541e-01 -1.373331e-01
-1.286168e-01 -1.666869e-01 2.349346e-01 -9.505213e-02 -9.804954e-02 2.037319e-01 3.143539e-01 -1.323028e-01
-1.943565e-01 4.044085e-02 -1.554088e-01 -1.843461e-02 -2.295035e-01 2.856453e-01 2.567598e-01 5.957235e-02
1.387051e-02 1.315266e-01 -1.397422e-01 9.417571e-02 -1.781316e-02 -1.604752e-02 -2.423432e-01 -4.833698e-02
-1.610408e-01 -4.619806e-02 1.742500e-01 7.549651e-02 -5.848071e-02 -9.709507e-02 -1.325609e-01 -3.043993e-02
1.392158e-01 2.856143e-01 -1.172929e-01 -1.583995e-01 3.486344e-01 1.337246e-01 1.283665e-01 -7.621253e-02
-1.334532e-01 -1.000195e-01 1.572676e-01 -2.925822e-02 -1.363512e-01 2.651283e-01 2.000438e-01 -7.788005e-02
-1.376085e-01 -1.229860e-01 -4.341541e-02 -4.598032e-03 -2.030677e-01 1.790662e-01 2.639431e-01 -6.088729e-02
1.854638e-01 1.398753e-01 -1.718485e-01 -4.587104e-02 1.439306e-01 3.310114e-01 2.730120e-01 -8.427845e-02
-5.954866e-02 -7.148238e-02 -4.008233e-02 -1.079186e-01 1.188495e-01 8.498549e-02 -6.764290e-02 -6.572898e-02
-8.383693e-02 -4.348888e-03 2.088055e-03 1.787222e-01 -1.553612e-02 1.174092e-03 -2.341181e-01 -1.474363e-01
-7.570880e-02 9.205419e-02 -9.654336e-02 3.857573e-01 -3.961185e-02 -2.452560e-02 -2.217558e-01 -1.256461e-01
-5.368920e-03 1.389831e-01 -1.716050e-01 -2.646447e-02 3.112550e-02 -2.108590e-02 3.903265e-01 -8.195455e-02
-1.104314e-01 1.479549e-01 1.077713e-01 2.728660e-01 -1.041534e-02 -2.388934e-02 -1.661290e-01 -1.097537e-01
-1.464055e-01 -8.157948e-02 1.120256e-01 8.246920e-02 1.664728e-02 -8.818732e-05 -1.809266e-01 -6.871326e-02
1.341631e-01 2.895132e-01 -7.681436e-02 -1.127383e-01 6.114196e-02 2.863295e-01 2.819011e-01 -9.040643e-02
-1.568606e-01 2.117667e-01 -7.981953e-02 4.081356e-01 -2.258435e-02 1.827656e-02 -2.704475e-01 -2.117532e-01
-1.063166e-01 4.213805e-02 1.428350e-01 1.987981e-01 -4.477968e-02 -3.230385e-02 -1.375188e-01 -7.657872e-02
-7.856161e-02 -1.136783e-01 8.922753e-02 -2.132373e-02 2.283849e-01 -5.709359e-02 5.501427e-01 -3.074044e-02
-1.500133e-01 4.863633e-01 -2.136205e-02 3.347459e-01 -3.176592e-02 -3.771568e-03 -1.478448e-01 -4.911618e-02
-4.452852e-02 -2.057636e-01 -6.255430e-02 -1.432078e-02 -7.378332e-02 4.446348e-01 1.544444e-01 -1.033701e-01
-1.032668e-01 4.454026e-02 -1.160615e-01 2.904632e-01 -1.087841e-01 -9.996293e-02 -1.344908e-01 1.194666e-01
-4.653955e-02 -2.617221e-02 -1.362976e-01 2.142428e-01 2.859455e-02 4.909166e-02 -2.535107e-01 -1.572141e-01
3.328462e-02 1.009747e-01 -1.219643e-01 8.719930e-02 3.381183e-01 -2.251702e-02 4.585737e-01 -1.051531e-01
-7.396182e-02 -1.153737e-01 4.095489e-02 2.249998e-01 -9.179011e-02 -6.791188e-02 -1.130259e-01 -1.185248e-01
1.527996e-01 -1.453540e-03 2.682579e-03 -1.081451e-01 3.842265e-01 1.923621e-01 2.323136e-01 2.982708e-02
-5.172613e-02 1.903372e-02 3.954095e-02 3.043038e-01 -3.999889e-02 8.820612e-02 -2.185268e-01 -1.994188e-01
-2.211162e-02 2.992386e-01 -1.804385e-01 2.841009e-01 -8.917469e-02 -3.101982e-02 -1.958278e-01 -1.057715e-01
-1.969547e-01 -9.927412e-02 3.290063e-02 7.670759e-02 1.583425e-03 -1.079765e-01 -1.357609e-01 -1.066095e-01
-1.433981e-01 -4.315674e-02 -1.034311e-01 9.884405e-02 -5.044607e-03 -6.228792e-02 -1.951815e-01 -4.772427e-02
8.628999e-02 5.956800e-02 -1.886390e-01 1.513887e-02 5.366663e-02 2.296870e-02 4.290394e-01 -1.325879e-01
-3.607025e-02 -6.578168e-02 2.546800e-02 -6.963915e-02 -1.249618e-01 3.205584e-01 2.651002e-01 -6.664030e-02
9.087299e-02 4.745767e-01 5.551691e-02 4.560538e-02 3.987921e-02 2.617473e-01 1.508391e-01 -1.488902e-01
-1.464132e-01 1.209596e-01 -1.343843e-01 -1.407231e-01 4.295559e-02 -1.356373e-01 -7.412034e-02 5.370887e-02
-1.609800e-01 -1.369971e-01 1.466536e-01 -7.397953e-03 -5.255609e-02 -4.313209e-02 -1.412411e-01 -4.783280e-02
-1.103059e-01 1.990317e-01 -3.161788e-02 3.558710e-01 -6.835676e-03 -6.125345e-02 -1.584111e-01 -1.698829e-01
-7.260960e-02 -1.043612e-01 2.827629e-01 9.997348e-02 -1.050401e-01 -5.477222e-02 -9.858233e-02 -7.248991e-02
-1.517782e-01 3.456193e-01 -4.863803e-02 5.794174e-02 -3.839947e-02 -7.453737e-02 -1.334377e-01 2.331362e-02
-1.029874e-01 -8.315678e-02 -2.978786e-01 8.343793e-03 -2.672790e-01 -5.542552e-02 3.429078e-01 -3.678512e-02
2.209177e-01 -1.066171e-01 6.791014e-02 -6.951257e-02 -2.042517e-01 -1.452886e-02 -6.549804e-02 -5.471402e-02
-7.101963e-02 -1.659752e-01 -2.008491e-01 2.585911e-02 1.031352e-01 -2.549022e-01 4.422858e-02 -8.690457e-02
2.073437e-01 -1.244333e-01 -8.487686e-02 -7.338873e-02 3.793154e-02 -1.812005e-01 -7.342590e-02 2.081012e-01
-1.490330e-01 -1.210124e-01 -1.117649e-01 -5.560245e-02 1.089680e-01 -7.479631e-02 4.892099e-02 -1.643946e-01
-2.886547e-02 -1.119127e-01 -1.970247e-01 2.074496e-01 -1.960205e-01 -1.157952e-01 2.832793e-01 -1.741556e-01
-8.910341e-03 -9.509864e-02 -1.480191e-01 -5.038407e-02 -1.711368e-01 -1.388077e-01 5.379192e-01 -1.430477e-02
5.139134e-02 -6.968014e-02 2.749419e-01 -8.624451e-02 2.174361e-02 1.777307e-01 -1.674647e-01 1.553154e-02
4.090691e-01 -6.934787e-02 -1.658345e-02 -3.808820e-02 -1.359458e-01 -8.818375e-02 -6.161594e-02 3.832521e-02
-5.004877e-02 5.395210e-01 -7.220421e-03 4.164731e-02 -8.418062e-02 -9.445225e-02 -3.498277e-02 9.309861e-02
4.206451e-02 -1.731673e-01 -2.089059e-02 -1.042328e-01 -1.070407e-01 3.334197e-01 -2.538052e-03 9.467231e-02
3.792052e-02 -1.451471e-01 -7.697305e-02 1.768070e-01 -1.140397e-01 -1.059352e-01 5.513120e-01 2.801112e-02
-1.318039e-01 2.072902e-01 1.930989e-02 5.056051e-01 -3.340165e-02 -1.382896e-01 -1.233044e-01 -9.334760e-02
4.329882e-01 -4.913655e-02 -7.340698e-02 -1.048005e-01 -1.520253e-01 -8.347893e-02 -5.160746e-03 2.074813e-01
2.111596e-01 -7.633249e-02 -2.389434e-01 4.243374e-03 -1.170398e-01 -5.050163e-02 -6.717785e-03 -1.398915e-01
2.337519e-01 -1.520416e-01 -2.195387e-02 -3.703858e-02 1.275195e-01 -1.427420e-01 -1.788313e-01 2.679169e-01
8.380339e-02 -1.268257e-01 -1.368372e-03 3.167191e-02 1.177803e-01 1.487550e-01 -2.025405e-01 2.474187e-01
4.359897e-01 -6.758536e-03 5.100086e-02 1.608757e-01 -2.852137e-01 -2.717270e-01 6.191483e-02 5.649447e-03
1.783992e-01 -5.027190e-02 -1.568350e-01 -2.375481e-01 -9.189700e-02 -9.684918e-02 -5.258586e-02 -1.361201e-02
-1.321998e-01 -1.440992e-01 -1.158338e-01 -5.199837e-02 2.149295e-01 -1.091174e-01 -1.540948e-01 -3.147266e-02
-8.197092e-02 -6.203549e-02 -1.520885e-01 -1.531718e-01 1.014441e-01 -1.421277e-01 -1.068736e-01 -1.587147e-01
-1.339906e-01 -1.404213e-01 -1.841051e-01 -2.313821e-01 -1.136007e-02 -6.070049e-02 4.347744e-01 -1.822588e-01
3.408639e-01 9.291949e-02 -1.075696e-01 -1.530590e-01 -2.157235e-01 -6.568724e-02 -1.585872e-01 -2.610418e-01
3.418046e-01 -1.491876e-01 -8.599907e-02 -1.105249e-02 -5.008823e-02 -2.278889e-01 -9.307610e-02 3.008887e-01
7.708229e-02 -1.770676e-01 -7.518705e-03 2.183289e-01 -3.007977e-02 -1.069337e-01 5.007620e-01 1.344497e-01
7.788653e-02 -7.464961e-02 -1.887640e-01 6.337736e-02 -3.371092e-01 -1.476016e-01 2.692159e-01 -1.690571e-01
-1.147131e-01 -1.144173e-02 -1.876937e-01 2.926676e-01 -1.415687e-01 1.090391e-02 2.862084e-01 1.813765e-02
-1.869091e-01 -9.125990e-02 7.552776e-02 -8.097082e-02 1.392627e-01 1.174715e-01 -1.078393e-02 -1.755243e-01
-1.098099e-02 -8.390883e-02 -2.681865e-01 -2.125831e-01 -2.505907e-01 2.894072e-02 1.356660e-01 -1.382357e-01
4.773826e-01 -1.415155e-02 -4.013916e-02 -1.056787e-02 -1.184898e-01 -5.772649e-02 -8.927406e-02 3.899219e-02
1.874882e-01 -1.074188e-01 -7.228548e-02 -9.952881e-02 5.513794e-03 -6.297331e-02 -9.546261e-02 1.042136e-01
9.053333e-02 -5.881169e-02 -2.488728e-01 -1.287346e-01 3.580029e-02 -2.342331e-01 -2.188802e-02 -4.464870e-02
-1.427076e-02 -1.673614e-01 -2.046405e-01 -1.371953e-01 -2.240527e-02 1.027693e-01 -7.337679e-02 -7.010286e-02
-7.660096e-02 4.548185e-01 9.239299e-02 4.643798e-01 -2.765926e-03 -1.209006e-02 -1.319738e-01 2.111815e-01
3.848974e-01 -6.963670e-02 2.581382e-03 8.008310e-03 -9.552032e-02 -1.033267e-01 -1.422237e-01 8.003933e-02
-1.767414e-01 6.981940e-02 -1.650392e-01 1.858943e-01 -2.071027e-01 -1.547590e-02 3.377999e-01 1.627048e-01
-2.044928e-01 6.589598e-02 -5.265303e-02 -5.843366e-02 2.305961e-02 5.322966e-03 1.312399e-02 -7.978449e-03
-1.436837e-01 3.379955e-01 9.092230e-04 3.522562e-01 -3.405235e-02 -1.665991e-01 3.342196e-02 1.867966e-01
7.576505e-02 -1.328134e-01 -7.809945e-02 -8.186103e-02 7.330820e-02 -9.821235e-02 -4.546619e-02 5.556974e-03
8.975545e-02 -1.423531e-01 6.565636e-02 -5.886198e-02 1.096290e-01 -1.063078e-01 -1.658762e-01 2.375592e-01
-1.559999e-01 1.599689e-01 -6.871753e-02 -4.309786e-02 4.738609e-02 1.895269e-02 5.646153e-02 -2.456288e-01
3.458037e-01 8.525720e-03 -1.496371e-01 -1.972227e-02 -1.754409e-01 -1.249722e-01 -1.182512e-01 -1.792745e-01
-5.894957e-02 -9.693786e-02 -1.401748e-01 -1.087098e-01 8.911426e-02 -1.462161e-01 3.145934e-03 -9.333137e-02
3.237380e-01 -1.062600e-01 -1.101161e-01 -5.296503e-02 -8.193621e-02 -9.078948e-02 -5.293798e-02 1.624239e-01
-3.178984e-01 3.949137e-01 1.168668e-01 1.529311e-01 5.473502e-02 -5.879720e-02 -8.615343e-02 1.215776e-01
3.441639e-01 -5.011546e-02 -1.264662e-01 -1.368712e-01 -1.225428e-01 -7.376034e-02 1.535906e-02 1.199791e-01
-2.974331e-02 1.990170e-01 -4.638338e-02 -1.815712e-01 8.062912e-03 1.412695e-01 -4.034608e-02 -2.755121e-01
-2.665040e-02 -9.800559e-02 -1.426418e-01 -1.145682e-01 -1.228362e-01 -8.503884e-02 5.271229e-01 -8.714619e-02
2.301444e-01 -1.243503e-01 -7.213799e-02 -1.474273e-01 -9.349655e-02 8.461568e-02 -1.583632e-01 1.558226e-01
3.353731e-01 -7.889383e-02 -1.368985e-01 1.598738e-02 -5.917079e-02 1.055455e-01 -1.834517e-01 -4.590638e-02
3.049621e-01 -1.088455e-01 -1.663760e-01 -1.274679e-01 -8.927601e-02 -2.027982e-01 -5.821627e-03 1.391386e-01
-1.472225e-01 -1.620008e-01 -1.435774e-01 -1.501197e-01 1.789949e-01 2.221333e-01 -5.839979e-02 -1.088829e-01
2.968476e-01 -1.041794e-01 -1.291284e-01 -7.394203e-03 -1.445080e-01 -1.107817e-01 -7.750974e-02 -1.264289e-01
9.267291e-02 -3.433321e-02 -1.250329e-01 -9.249177e-03 -9.716401e-02 6.804116e-02 7.318042e-02 -1.386498e-01
-1.244524e-01 -9.008019e-02 -2.804501e-02 -3.870505e-02 3.483939e-03 3.144260e-01 -8.256612e-03 -9.994084e-02
4.556108e-01 1.330503e-03 -5.928965e-02 -3.863393e-02 -8.588133e-02 -6.662662e-02 -1.384472e-01 3.005368e-02
-3.944645e-02 -4.550665e-02 6.550536e-02 2.037498e-02 -1.451177e-01 2.106938e-01 -1.135786e-01 -8.533852e-02
-3.300435e-02 -1.289362e-01 -9.116790e-02 1.771330e-02 -1.711653e-01 -1.658888e-01 4.978270e-01 6.448875e-02
3.366046e-01 -1.554487e-01 -1.427196e-01 -3.785671e-02 -1.793293e-01 -2.022282e-01 5.542371e-02 2.663282e-01
-1.502836e-01 -7.167165e-02 -9.411023e-02 -1.120881e-01 3.244957e-02 1.177552e-01 1.969617e-02 -2.051950e-01
3.698228e-01 -2.791617e-03 -8.871572e-02 -2.187098e-01 -1.969364e-01 -1.063945e-01 -4.398590e-02 -1.233341e-01
1.257018e-01 -1.111254e-01 -3.101729e-01 1.652683e-01 -1.746958e-01 -5.813991e-02 1.223634e-01 -7.891966e-02
-7.106651e-02 9.393645e-02 -1.863516e-01 -1.023966e-01 -1.731039e-02 3.964657e-02 4.233957e-02 -1.632053e-01
1.966615e-01 1.118228e-01 -2.816326e-02 -2.216013e-01 -3.796079e-02 8.141152e-02 -1.057984e-01 -8.930190e-02
-2.918766e-01 -2.084991e-01 1.605178e-01 -5.419591e-02 1.142249e-02 -1.598660e-01 -1.390482e-01 4.195603e-02
-3.156588e-02 -7.392345e-02 -9.697226e-02 2.102561e-02 2.107067e-01 3.629938e-01 3.797719e-02 -5.458415e-02
4.027608e-01 -3.810419e-02 2.184337e-01 -6.084478e-02 -7.598334e-02 -1.207418e-01 2.667265e-01 -5.203741e-02
-2.473278e-01 -2.366358e-01 -2.077484e-03 -1.500630e-02 1.543866e-01 1.724877e-01 -2.775233e-01 1.652115e-01
1.298422e-01 -4.290833e-01 9.014605e-02 -1.310455e-01 5.248799e-02 -5.224216e-02 6.999572e-02 9.860051e-02
-2.231946e-02 -2.512328e-02 -1.879003e-01 -3.071429e-01 1.649930e-01 2.147717e-01 1.362867e-01 9.575064e-02
-2.079088e-01 -4.637333e-01 3.993744e-03 -1.029418e-01 3.238739e-02 -1.417655e-01 -1.450455e-01 -2.105309e-02
-9.243672e-02 1.975462e-01 -9.004301e-02 3.307266e-01 1.010778e-01 1.614150e-02 -8.277357e-02 1.244948e-01
-2.690313e-01 -8.351997e-02 2.588580e-01 -9.211817e-02 1.045260e-02 -8.069880e-02 -2.794082e-02 1.847410e-01
-1.659261e-01 -1.542148e-01 3.025851e-01 -1.314612e-02 -8.269369e-02 -2.509792e-01 -7.747307e-02 -8.096629e-02
-7.994668e-02 5.120209e-02 3.008878e-01 7.720644e-02 -2.351900e-01 6.226081e-02 -1.655388e-01 -1.643161e-01
-2.007440e-01 -1.110984e-01 -7.969859e-02 2.471218e-01 3.989684e-01 8.365825e-02 -1.399146e-01 -1.962527e-01
-2.215880e-01 -6.718943e-02 -1.788030e-01 -7.291423e-02 1.801853e-01 1.659107e-01 -6.875512e-02 -8.617997e-02
3.421611e-01 -2.048158e-01 2.703668e-01 -1.069071e-01 -8.213041e-02 -3.504747e-01 -1.570056e-01 1.879666e-02
-6.407697e-02 1.901475e-02 2.359229e-01 2.192845e-01 -1.364805e-01 8.581865e-02 -2.688638e-01 -3.276663e-01
-2.375538e-01 3.500948e-02 3.335714e-02 -7.155822e-02 2.649145e-01 -5.556124e-02 -1.643509e-01 -8.382124e-02
-2.271554e-01 -1.340603e-02 -1.845334e-01 1.005298e-01 3.475839e-01 -4.407907e-02 -2.366684e-01 9.501557e-03
-1.444525e-01 -5.069042e-02 -2.037740e-01 1.993393e-01 3.221844e-01 2.599104e-01 -3.424428e-02 3.664820e-02
-1.218768e-01 -1.713124e-01 2.521928e-01 4.881784e-02 -9.117541e-02 -2.986153e-01 -1.827649e-01 -5.339220e-02
-1.801556e-01 -5.337952e-01 2.246407e-01 -2.309212e-02 2.887633e-03 -3.689151e-02 -2.493462e-01 8.739533e-02
-1.008159e-01 -5.489848e-02 -1.484536e-01 -2.692529e-01 5.987582e-02 1.745763e-01 1.572990e-01 -2.152008e-02
-2.564581e-01 -1.696366e-02 -1.258525e-01 -3.471496e-02 1.993848e-01 -4.936045e-03 -2.382545e-01 -3.193460e-02
-1.532593e-01 1.016668e-01 4.002535e-01 1.200582e-01 -2.188805e-01 -8.447907e-02 -3.023298e-01 -1.822967e-01
-2.545372e-01 -1.451304e-01 -7.995765e-02 -2.197435e-01 1.657384e-01 3.026434e-02 4.794434e-02 1.339675e-01
-2.308293e-01 6.652348e-02 -6.865373e-02 -5.293159e-02 2.015532e-01 -1.686718e-01 -3.069004e-01 -1.149985e-01
-2.119599e-01 -1.374057e-01 -1.240718e-01 4.284729e-02 4.266485e-01 2.097051e-01 -1.070804e-01 -2.721195e-03
-2.502105e-01 -1.471637e-01 2.556117e-01 -1.050484e-01 2.527500e-02 -1.024966e-01 -2.072064e-01 1.657225e-01
-1.918248e-01 -3.138256e-02 1.457526e-01 -7.476374e-02 3.398329e-02 -1.024754e-01 2.443674e-04 -2.305597e-01
-1.448063e-01 -1.522325e-01 -5.865967e-02 4.091885e-01 3.332790e-01 2.095070e-01 -2.518130e-01 -2.458618e-01
1.422526e-01 -5.419441e-02 -8.844811e-02 -1.780858e-01 1.856470e-01 2.756097e-01 1.864571e-01 -1.056837e-02
-8.366726e-02 -1.246631e-01 -1.848634e-01 -1.124953e-01 3.609908e-01 1.609844e-01 1.358222e-01 4.056217e-02
-2.902867e-01 -2.563735e-01 -1.136703e-01 -1.893450e-02 1.257337e-01 -5.847510e-02 -2.691610e-01 -4.697954e-02
-2.474553e-01 -1.886202e-01 -8.166692e-02 2.104681e-01 3.946365e-01 8.320700e-02 -2.304740e-01 -2.841295e-02
-1.074077e-01 -1.916435e-01 -2.278727e-01 -5.499781e-02 1.721784e-01 3.178495e-01 6.562603e-02 -6.487645e-04
-2.564047e-01 -1.606180e-01 2.611587e-01 -1.035884e-01 -8.025850e-02 -2.241296e-01 -1.089290e-01 1.024346e-01
-1.116701e-01 8.547235e-03 2.896733e-02 4.025138e-01 2.364720e-01 6.146992e-02 -4.035993e-01 -1.999197e-01
-1.583637e-01 -9.624427e-03 -1.244415e-01 -2.504992e-01 8.750095e-02 7.976536e-02 1.396604e-01 1.181273e-01
3.336002e-01 -2.002122e-01 1.202881e-01 -9.198007e-02 9.372403e-02 4.189928e-02 1.698923e-01 4.257413e-02
-2.087588e-01 -1.368468e-01 -1.058559e-01 1.517411e-01 3.751865e-01 1.820136e-03 -1.700299e-01 -5.518625e-02
1.851997e-01 -1.255786e-01 3.195141e-01 1.148017e-01 1.684750e-02 -1.493720e-01 1.884651e-01 -2.232277e-01
-2.254078e-01 -5.173081e-02 -1.537859e-01 1.412443e-01 2.315500e-01 4.116904e-02 -2.166522e-01 -1.070058e-01
1.623304e-01 -2.918024e-01 1.675942e-01 1.194264e-01 7.178968e-02 -2.291000e-01 -7.640725e-02 -1.070033e-01
-2.108820e-01 2.106555e-01 2.377607e-01 -5.214228e-02 -5.754314e-02 -1.460947e-01 -1.388806e-02 7.847837e-04
-2.566012e-01 -3.650997e-01 -1.572741e-01 2.242620e-01 2.790931e-01 -6.425063e-02 -2.697884e-01 -1.773757e-01
1.187420e-02 -7.277396e-02 -3.465454e-02 -1.060697e-01 2.135993e-01 3.602127e-01 3.351089e-02 -1.219925e-01
-8.002523e-02 -5.332773e-02 -1.543781e-01 3.555994e-01 2.185333e-01 3.681932e-01 -8.095969e-03 1.100733e-03
5.706529e-01 -6.712321e-02 1.963804e-01 -1.532104e-01 -1.820900e-01 -8.778791e-02 1.825827e-01 3.113964e-02
-1.637478e-01 2.184073e-01 3.768246e-01 8.474120e-02 -2.153809e-02 -1.046978e-01 -4.140447e-01 -2.779781e-01
-3.662223e-01 -1.237961e-01 -2.501806e-01 -2.353174e-02 2.091700e-02 -2.710804e-01 -3.038952e-02 -3.853949e-02
-2.578399e-01 -2.228078e-01 -1.366105e-01 7.436530e-02 8.596098e-02 8.319865e-02 -1.559165e-01 4.435480e-02
1.788967e-01 -4.307044e-01 9.202763e-02 -9.905291e-02 2.125590e-02 -6.597081e-02 6.081645e-02 6.445640e-02
-2.593786e-01 9.695993e-02 -9.861687e-02 -9.515642e-02 1.352672e-01 -2.981618e-02 -5.188448e-02 7.162080e-02
-5.294080e-02 -9.502328e-02 -1.826652e-01 -1.979536e-02 3.930213e-01 2.472906e-01 6.088116e-02 -4.810716e-02
-2.633360e-01 -2.519251e-01 -2.732997e-01 6.998791e-02 2.147630e-01 3.460153e-01 -2.842187e-03 -1.337043e-02
-1.884182e-01 -1.238139e-01 -1.257659e-01 1.334042e-01 3.519151e-01 4.356891e-02 -5.578161e-02 -3.500707e-02
-2.182501e-01 -8.555637e-02 2.842147e-01 -1.455991e-02 4.332139e-02 -1.988477e-01 -7.580106e-02 -1.272805e-02
-7.827552e-02 -1.358349e-01 -1.253032e-01 2.719211e-02 3.787395e-01 1.991899e-01 -8.909241e-02 -4.259030e-03
-3.863587e-01 -1.869411e-01 -2.160923e-01 1.227284e-01 1.365837e-01 -1.402947e-01 -3.188514e-01 -1.809593e-01
-2.008639e-01 -8.909040e-03 -5.033283e-02 4.658200e-02 3.525527e-01 2.310857e-02 -5.236490e-02 3.954098e-02
3.635838e-02 -2.146135e-01 3.085367e-01 7.180548e-02 -6.152386e-02 -2.922259e-01 -2.954980e-01 -1.171780e-01
-3.148288e-01 -1.660352e-01 1.901001e-01 -1.531907e-01 -1.196334e-01 -2.892028e-01 1.257532e-01 1.965956e-01
-2.032509e-01 -3.592305e-02 -1.742892e-01 1.042740e-01 1.882523e-01 2.481497e-01 -1.077922e-01 6.514583e-02
4.985673e-01 -1.359055e-01 9.262998e-02 -1.194150e-01 1.129424e-01 6.580068e-02 1.174642e-01 -2.544218e-02
-7.386585e-02 -2.346552e-02 -1.067020e-01 -2.817365e-01 9.187081e-02 1.407617e-01 1.578144e-01 1.764549e-01
1.760413e-01 8.495761e-02 1.130833e-02 2.924460e-01 4.164232e-01 -5.166105e-02 1.575350e-01 -8.075619e-02
4.625668e-01 -1.662065e-01 5.044286e-02 4.443145e-01 6.977116e-02 1.461296e-01 1.881050e-02 -1.405909e-01
-1.474786e-01 -2.778835e-02 3.725945e-01 -9.651699e-02 -1.061357e-01 -1.117062e-01 -8.445050e-02 1.538225e-01
5.792774e-01 -1.072953e-01 -8.009169e-02 -7.592808e-02 -2.853986e-02 -3.502740e-02 2.365029e-01 -7.392365e-02
2.050482e-01 1.212986e-01 1.189498e-01 3.205473e-01 1.537692e-01 3.021313e-02 2.096048e-01 -8.579969e-02
4.158964e-01 -2.338548e-01 -2.475824e-02 1.433668e-01 -1.780573e-01 5.883271e-02 4.440079e-02 -1.997325e-01
2.371770e-01 -1.290522e-01 -2.105938e-01 2.085836e-01 2.952237e-01 2.397431e-02 -4.904819e-02 -5.264169e-02
-2.661189e-02 -1.549151e-02 -1.923222e-01 2.885307e-01 1.462353e-02 -1.454327e-01 6.346511e-02 1.637338e-01
-4.050867e-02 4.812336e-02 4.053380e-03 1.197173e-01 5.164648e-01 8.658889e-02 1.982175e-01 -5.013898e-03
-1.124236e-01 -1.350234e-01 3.653540e-01 -4.616924e-02 1.609892e-01 -7.645515e-02 1.796282e-02 -1.134038e-01
2.132960e-01 -2.064468e-01 -1.557795e-01 3.451796e-01 2.663879e-01 -1.502599e-03 -9.913555e-03 -2.513179e-01
1.005860e-01 -9.765372e-02 2.959213e-01 1.799823e-01 2.751368e-01 1.786116e-02 2.179986e-02 -2.458161e-01
8.556221e-02 1.508412e-01 1.249177e-01 -1.831269e-01 -1.034961e-01 2.091536e-01 -2.285507e-01 1.412553e-01
-1.017599e-01 -2.373570e-01 7.095708e-02 2.248441e-01 -1.745078e-01 6.151741e-02 -1.236645e-01 -8.834590e-02
1.961587e-01 -1.376428e-01 -5.585744e-03 3.822553e-01 5.378298e-01 -1.523242e-02 6.542579e-02 -1.908349e-01
-2.939604e-02 -2.542371e-01 9.747668e-02 1.764485e-02 -1.757729e-01 -1.984392e-02 -8.594713e-02 -7.618201e-02
-3.113519e-03 -2.418086e-02 2.900835e-01 2.397685e-01 2.859827e-01 -3.857917e-02 8.605148e-02 -5.598228e-02
1.926457e-01 -2.352381e-01 1.817809e-02 4.171920e-01 2.297525e-01 1.207853e-02 1.665160e-01 -1.324628e-01
4.460017e-01 -1.260479e-01 -8.303127e-02 2.189937e-01 -3.462979e-02 -5.868799e-02 1.448741e-01 -1.704956e-01
-1.137492e-01 4.279865e-02 4.028425e-01 -2.058848e-02 4.719726e-01 -8.759537e-02 6.654648e-02 8.546226e-02
-6.967274e-02 2.082441e-01 1.952489e-02 -2.743949e-01 -2.175401e-01 6.127842e-02 -3.302074e-01 1.990490e-01
4.824204e-01 -7.815206e-02 -9.627806e-02 3.963734e-01 1.094000e-01 1.179843e-01 -3.826817e-03 -1.766333e-01
4.905658e-01 -2.615875e-01 2.785489e-02 2.340097e-01 2.497506e-02 1.147315e-01 5.300882e-02 -1.024922e-01
2.610639e-01 -7.408205e-02 -1.421192e-01 3.666121e-01 5.633758e-01 6.224963e-02 1.357884e-02 -1.644050e-01
9.887496e-02 -2.668796e-01 -1.723254e-02 4.486315e-01 3.380207e-01 -5.430028e-02 1.216017e-01 -2.611139e-01
2.887439e-02 -1.708366e-01 -1.095726e-01 1.655669e-02 -2.413625e-01 -8.144514e-02 6.826614e-02 -8.782553e-02
4.604805e-01 7.859995e-03 -1.147027e-01 -6.193432e-02 -1.223585e-01 -2.996393e-02 1.120724e-01 -1.914748e-03
2.202733e-01 -1.693751e-01 -7.916223e-02 3.373053e-01 4.911882e-01 -4.417748e-02 1.281341e-01 -8.202176e-02
3.944943e-01 -6.758821e-02 -2.109512e-01 4.077627e-01 2.620593e-01 1.873295e-01 -6.627267e-02 -1.793367e-01
-1.693088e-01 3.473366e-02 1.513267e-01 -1.380664e-01 2.771305e-01 -1.586522e-01 -1.537880e-01 -6.402533e-02
5.839388e-02 -5.831140e-02 3.461769e-01 1.198167e-01 2.620388e-02 1.844066e-02 7.209727e-02 2.894423e-02
1.482640e-02 -1.054892e-01 2.251605e-01 3.261631e-01 4.532861e-01 -4.169153e-03 1.493244e-01 -1.574502e-01
1.666772e-02 3.046040e-02 2.007279e-01 2.668511e-01 4.333790e-01 3.612513e-03 2.285084e-01 -1.086240e-01
2.794169e-01 1.535494e-02 -1.213236e-01 2.699906e-01 2.554703e-01 1.057207e-01 3.809240e-02 -6.852905e-02
3.522996e-01 -1.310352e-01 -1.336288e-01 4.067824e-01 3.451504e-01 -2.135604e-03 8.852623e-02 -1.322272e-01
5.629603e-01 2.105429e-03 -1.071476e-01 5.537948e-02 -6.153717e-02 1.675779e-02 1.065550e-01 -2.490211e-03
3.579086e-01 -4.129009e-03 -1.548805e-03 3.421659e-01 6.438513e-02 -2.216074e-02 3.909701e-02 -4.069113e-02
-7.686059e-02 -1.631102e-01 1.645534e-01 -5.073330e-02 -1.683957e-01 -1.692930e-01 3.930040e-02 -5.397792e-03
-1.432934e-01 -3.184873e-02 1.794132e-01 -1.344193e-01 -7.111813e-02 -6.682328e-02 2.401159e-01 1.284354e-01
2.124054e-01 -6.758387e-02 1.145148e-01 3.569594e-01 4.136714e-01 -1.113671e-01 4.907164e-02 -6.256852e-02
-2.857027e-02 -5.190083e-02 2.821658e-01 1.766366e-01 -2.937625e-02 -1.270850e-01 -3.106389e-02 -6.163671e-02
3.414468e-01 -1.197640e-01 4.517163e-03 2.870026e-01 2.414934e-01 -1.819157e-01 -3.562412e-02 -4.513843e-02
-5.264672e-02 -3.520618e-02 7.003624e-02 -1.720050e-02 -4.177678e-02 3.648573e-02 -2.492151e-01 3.009586e-01
6.564166e-02 -2.817821e-01 -6.979907e-02 3.384749e-01 -9.981923e-02 1.782571e-02 -3.224091e-02 -8.147096e-02
4.135455e-01 -1.771400e-01 1.219918e-02 4.437677e-01 1.885372e-01 -8.146274e-02 4.823745e-02 -2.140016e-01
1.142924e-01 7.020098e-02 -1.858264e-01 -2.740637e-01 -2.000156e-01 9.048206e-02 -2.428653e-01 5.131101e-01
-5.009599e-02 9.265593e-02 1.221869e-01 -1.867917e-01 -1.960041e-01 -6.310647e-02 1.807037e-02 1.116307e-01
3.965376e-01 -1.001977e-02 -4.530967e-02 -1.193051e-01 2.496662e-02 6.586917e-02 1.013797e-01 -4.669748e-02
-7.458665e-04 -1.453944e-01 5.781108e-02 -1.414483e-01 -1.968932e-01 -1.214136e-02 -2.550831e-01 9.201891e-02
3.336130e-01 5.961744e-03 -2.077294e-01 4.086616e-01 4.042944e-01 9.741744e-02 1.177053e-02 -9.853320e-02
3.384325e-01 1.824428e-01 9.444444e-02 -1.044413e-01 6.744283e-02 -1.400091e-01 3.204871e-01 -1.103088e-01
-7.849652e-02 1.833465e-01 3.032074e-01 -8.721989e-02 -5.333830e-02 -6.051228e-02 7.502984e-02 5.045429e-01
4.011116e-01 -1.721104e-01 -1.602723e-01 3.384895e-01 1.269842e-02 -1.457622e-02 3.688418e-02 -1.136903e-01
-6.946208e-02 -3.264653e-02 1.916638e-01 1.205709e-01 5.458535e-01 -1.301422e-01 1.178545e-01 -1.435362e-01
5.362906e-01 -1.219509e-01 -8.311433e-02 3.640887e-01 1.011933e-01 1.307290e-01 -8.926440e-03 -8.929674e-02
2.562591e-01 -1.024369e-01 -9.208931e-02 4.788552e-01 4.341703e-01 2.594072e-02 8.014355e-02 -1.676900e-01
5.103368e-01 -9.460963e-02 -1.771035e-01 4.010972e-02 -1.489401e-01 4.013545e-02 1.018568e-02 -2.604135e-02
2.044898e-01 -5.567407e-02 -1.274984e-01 2.524805e-01 3.121962e-01 -9.892221e-02 -5.460219e-02 1.255884e-02
-2.624580e-01 3.683422e-01 1.894892e-02 -1.357972e-01 2.499850e-01 2.263451e-02 -1.564420e-01 1.559392e-01
6.888780e-02 -9.186423e-02 2.049444e-01 2.870106e-01 4.611712e-01 -1.004464e-01 7.434676e-02 -2.438385e-01
3.127844e-01 -2.005176e-01 -3.372176e-02 3.496587e-01 1.673431e-01 3.993027e-02 1.011019e-01 -1.773316e-01
-5.131022e-02 1.371422e-01 1.731901e-01 -2.490516e-02 7.666377e-02 1.324768e-01 9.443673e-02 -3.885504e-02
-8.620473e-02 -2.336073e-02 1.022595e-01 1.250447e-01 6.241567e-01 -6.036099e-02 1.519384e-01 -6.727708e-02
1.958282e-01 -9.905796e-02 1.155631e-01 4.192958e-01 2.885432e-01 -2.670030e-02 6.451106e-02 -2.726120e-01
