32
9.52398956e-01 6.63064495e-02 2.57624574e-02 -4.26096320e-02 7.69131724e-03 5.29058725e-02 5.26417121e-02 1.35733765e-02 -5.45873344e-02 -6.88104481e-02 4.48373929e-02 9.24686715e-03 -9.39732641e-02 8.65539312e-02 4.18043658e-02 -1.25286624e-01 5.16435457e-03 3.97112817e-02 3.00583858e-02 -5.12615927e-02 -3.85852382e-02 4.71487455e-02 1.87419038e-02 4.09062132e-02 -4.39510457e-02 -9.54662915e-03 -5.46206236e-02 -3.23176682e-02 -6.92262426e-02 -8.97191241e-02 5.26096597e-02 -6.43249974e-02
-2.36296225e-02 9.77372408e-01 -2.72804853e-02 -1.48426024e-02 -5.82523383e-02 -1.48629583e-02 -1.42641887e-02 1.30925432e-03 3.24443467e-02 3.26733850e-02 -2.73495223e-02 -3.26504908e-03 2.17994060e-02 -3.72474156e-02 -6.60103932e-02 1.01646826e-01 -3.79471146e-02 3.50764487e-03 -7.30313547e-03 -2.18754560e-02 5.78075722e-02 -4.57501709e-02 -3.56687605e-02 3.94671137e-04 8.02559778e-02 -1.70992911e-02 3.99098694e-02 -7.92058092e-03 2.75964849e-02 2.44080592e-02 2.48584840e-02 3.02425474e-02
-5.06645963e-02 3.89960445e-02 9.66095328e-01 4.90995906e-02 -2.27433052e-02 -4.26846743e-02 1.24120992e-02 -3.01103815e-02 3.79660353e-02 -5.14195636e-02 -2.47327015e-02 -3.09775770e-02 -5.55222854e-02 2.41431911e-02 -2.62307655e-03 -9.58695486e-02 5.83580956e-02 -5.01869731e-02 1.09018190e-02 -2.77390555e-02 1.46637838e-02 2.82807183e-02 2.61664521e-02 3.22428085e-02 7.52394088e-03 -1.06094621e-01 -2.91825063e-03 3.58467363e-02 8.62982720e-02 -5.75178750e-02 -7.50828441e-03 -7.26049021e-02
6.42522201e-02 3.28706368e-03 -4.89832461e-02 9.71612811e-01 -4.76877764e-02 -5.88877052e-02 1.26827611e-02 6.17201291e-02 -1.54739749e-02 -4.64766435e-02 -1.23164505e-02 5.95612871e-03 4.42496352e-02 -1.02818999e-02 3.40646191e-04 7.32328817e-02 2.59650368e-02 2.02193763e-02 6.17451442e-04 -6.72435090e-02 -9.25427601e-02 2.34886501e-02 -1.26016338e-03 -1.39820343e-02 2.52567567e-02 -3.18008512e-02 3.58200185e-02 7.49887526e-02 5.86394258e-02 5.17391525e-02 -3.09693918e-04 1.07345209e-02
-5.88020217e-03 4.77869958e-02 -2.80937902e-03 4.51474078e-02 9.73547041e-01 1.49467436e-03 2.30812803e-02 -3.56655717e-02 6.87746191e-03 -4.43477668e-02 -5.87833375e-02 -6.54381439e-02 -3.19871977e-02 2.09399350e-02 7.50239845e-03 3.01441457e-02 -2.46645417e-02 -2.35302672e-02 -4.38861027e-02 3.03153356e-04 7.68902451e-02 4.15219143e-02 8.60361615e-04 1.60373878e-02 9.32563171e-02 -2.09506787e-02 -1.48346825e-02 8.09437782e-02 1.34975128e-02 1.54135637e-02 1.99678615e-02 -7.84105808e-02
-2.72472687e-02 -8.51488300e-03 6.73384685e-03 3.68333943e-02 -3.81893441e-02 9.64923739e-01 -1.47211123e-02 2.38521234e-03 8.18102285e-02 -4.75506485e-02 -7.47998953e-02 -1.07138142e-01 -1.13975769e-02 2.06175651e-02 -4.81657386e-02 3.80612351e-02 7.58762064e-04 -5.04175536e-02 -2.84964293e-02 -4.74043004e-02 1.24893347e-02 6.00187760e-03 1.55906025e-02 3.98047715e-02 4.77106310e-02 -4.74555492e-02 7.18805864e-02 7.20713213e-02 1.00882471e-01 2.39502899e-02 1.99051294e-02 -3.18634212e-02
-5.93874827e-02 6.17767265e-03 -3.19698490e-02 1.01017253e-03 -2.37980206e-02 7.55292876e-03 9.86469567e-01 -3.54754031e-02 2.04670355e-02 3.81215885e-02 -1.12776719e-02 -1.41166924e-02 -5.69935925e-02 8.62840842e-03 -1.52090704e-03 -3.51076685e-02 -1.01561388e-02 -1.18230758e-02 5.96609637e-02 -1.35092214e-02 2.92355027e-02 -3.86868753e-02 -2.12461408e-02 -1.72394924e-02 1.23970462e-02 -4.19860184e-02 2.41053998e-02 -1.79319978e-02 2.98539512e-02 -5.17497919e-02 7.54783768e-03 1.10136783e-02
-7.31499344e-02 2.84688007e-02 6.84477203e-03 -2.17441190e-02 3.85832265e-02 2.01884285e-02 1.81492455e-02 9.68732357e-01 -2.13991050e-02 1.11594992e-02 1.15945274e-02 1.36581361e-02 -1.09941147e-01 7.53330290e-02 9.81946383e-03 -1.12598784e-01 1.08928708e-02 -1.44119263e-02 2.82573439e-02 3.50945741e-02 1.71124395e-02 1.55810025e-02 -9.44912713e-03 2.13399343e-02 -4.44861837e-02 -2.24497989e-02 -2.90934518e-02 -3.76536995e-02 -7.44819567e-02 -7.36155659e-02 -3.06913769e-03 -4.52845283e-02
5.40737100e-02 -2.37341207e-02 -5.20770364e-02 -3.82678732e-02 -2.94401497e-02 -1.07743241e-01 1.03597799e-02 5.26217446e-02 9.41818595e-01 -8.79200622e-02 1.68942381e-02 -5.54056093e-02 6.07696809e-02 4.46920730e-02 5.81859685e-02 6.96886927e-02 2.46395003e-02 2.83602383e-02 -9.18358266e-02 -5.51412851e-02 -8.09526965e-02 6.95677623e-02 1.02486618e-01 3.88417915e-02 2.22493652e-02 -2.79472806e-02 -6.81068674e-02 7.13896379e-02 6.19501844e-02 6.75609410e-02 -1.10391551e-03 -9.61210281e-02
1.14325300e-01 -4.03994285e-02 7.41386116e-02 4.00410593e-02 3.34489308e-02 2.67143119e-02 -1.10630319e-02 3.17808837e-02 6.79677501e-02 9.59200323e-01 -1.61548355e-03 -8.48076418e-02 7.44992048e-02 -5.45570366e-02 9.34630260e-03 6.62890524e-02 -7.76182278e-04 -5.88761866e-02 -8.94215405e-02 3.88582870e-02 3.15263234e-02 7.10234977e-03 2.37293281e-02 1.83807977e-03 1.15827154e-02 8.85086060e-02 -5.96163911e-04 -1.58251114e-02 5.36338314e-02 6.74202591e-02 9.98036750e-03 4.51590074e-03
-6.41406849e-02 3.14585157e-02 -2.01684963e-02 5.65163754e-02 3.61483805e-02 6.62441924e-02 -2.19398495e-02 -5.75368665e-02 3.89340147e-02 3.03447116e-02 9.53549743e-01 3.09735304e-03 -1.07425056e-01 2.57419283e-03 -1.35429772e-02 -9.88626257e-02 5.50985197e-03 -7.95565993e-02 2.46623773e-02 4.72411960e-02 1.27830699e-01 6.99174264e-03 -2.98733711e-02 -2.06689537e-02 1.39949638e-02 -1.22246094e-01 -7.68118119e-03 9.19336395e-04 -9.94495582e-03 -7.38707930e-02 -6.24082866e-04 -3.06089111e-02
4.67475355e-02 -2.23070346e-02 6.53375983e-02 5.00416802e-03 5.47319390e-02 9.47106332e-02 2.38318276e-02 2.31421031e-02 8.22415426e-02 1.54816974e-02 -5.04421711e-04 9.47778046e-01 7.33112991e-02 -6.75775707e-02 3.94340307e-02 8.00429657e-02 -7.40636215e-02 -7.79927745e-02 -6.39138520e-02 7.47635141e-02 9.56719071e-02 -1.30412867e-02 -4.83126007e-02 -4.51299585e-02 6.39505759e-02 6.83726892e-02 6.22074269e-02 -3.68564576e-02 5.91591336e-02 5.02041839e-02 -5.83836203e-03 4.21906151e-02
-1.35665126e-02 4.42653038e-02 2.81303581e-02 -3.68677126e-03 4.20007929e-02 5.17811812e-02 5.68028279e-02 3.34307961e-02 -6.00148812e-02 -3.85935381e-02 7.99253657e-02 -1.75683238e-02 9.23531294e-01 9.72239748e-02 5.61122634e-02 -2.07390860e-01 3.24581808e-04 6.58681942e-03 2.93115154e-03 3.77273597e-02 -5.62228896e-02 7.19917864e-02 6.11575507e-02 6.99717849e-02 -8.37654844e-02 -5.25810011e-03 -7.36221820e-02 -5.86196259e-02 -1.02517702e-01 -1.14851542e-01 5.79186119e-02 -8.08719248e-02
-6.13891743e-02 1.74204223e-02 -3.60322148e-02 2.03095283e-02 -2.21340451e-04 -1.45773049e-02 -4.48006019e-02 -8.20436627e-02 2.20469441e-02 9.75013375e-02 -4.26265039e-02 8.05037543e-02 -4.99968752e-02 9.45921183e-01 -5.90696894e-02 -4.90924530e-02 6.41381443e-02 2.67485548e-02 7.67020509e-02 -3.80939208e-02 2.47102380e-02 -8.95851701e-02 -5.64654171e-02 -1.10047862e-01 3.42494696e-02 -5.83011098e-02 6.27558157e-02 -2.05712281e-02 4.11817208e-02 -4.48345728e-02 -8.04546103e-02 9.27287415e-02
-7.44834542e-02 6.76962882e-02 -4.09042165e-02 2.00553983e-02 -2.44468618e-02 3.74399461e-02 -3.03933434e-02 -4.77302931e-02 -2.74052434e-02 4.10447642e-02 -4.68324758e-02 2.18573632e-03 -8.34969282e-02 2.28191204e-02 9.64404345e-01 -7.15545118e-02 2.91747842e-02 -1.60306767e-02 7.66467303e-02 -3.59504260e-02 6.76105991e-02 -7.59160658e-03 -6.09805400e-04 4.62757163e-02 3.30624753e-03 -8.54738429e-02 -9.65505745e-03 5.29871732e-02 1.39823591e-03 -9.47181135e-02 2.29460187e-02 -2.25147661e-02
2.03240812e-02 -2.91463174e-02 1.06482767e-01 -4.67953309e-02 -6.16600225e-03 2.41946448e-02 6.68330491e-02 5.74248508e-02 -1.18188843e-01 -5.47944196e-02 1.32776543e-01 -2.29132026e-02 5.24395183e-02 1.46476790e-01 9.10193399e-02 8.81038010e-01 2.66449042e-02 6.10118210e-02 -3.92395668e-02 2.97610536e-02 -8.87549669e-02 7.86398351e-02 1.10238962e-01 6.46278933e-02 -1.26090571e-01 4.44045998e-02 -1.52614519e-01 -8.78098458e-02 -1.64759845e-01 -6.09006137e-02 5.96138239e-02 -1.11572698e-01
2.17960067e-02 1.60206426e-02 -4.77762632e-02 -3.28793712e-02 2.03115847e-02 5.78180945e-04 1.04909297e-02 8.01523030e-03 -1.46686323e-02 -5.20446105e-03 -6.47665281e-03 5.00433557e-02 3.81278917e-02 -7.62189701e-02 -2.65951473e-02 2.39947904e-02 9.81224537e-01 2.80932039e-02 1.50174368e-02 3.78230698e-02 8.31335858e-02 -1.31528862e-02 -6.58671334e-02 1.57886576e-02 4.28466462e-02 -5.28997835e-03 1.96280442e-02 1.41771482e-02 4.92944270e-02 3.93015444e-02 2.06679869e-02 1.45632997e-02
-5.07089198e-02 5.96237369e-03 6.27390966e-02 3.37469578e-02 4.05680798e-02 8.64999145e-02 -1.58453977e-03 -1.68236401e-02 4.73501906e-02 6.25000224e-02 3.59748267e-02 5.22980914e-02 -3.20074819e-02 -5.44109195e-02 3.05654155e-03 -6.76830336e-02 -2.86709815e-02 9.62644696e-01 2.47590337e-02 5.53831309e-02 9.89431441e-02 -1.95480958e-02 -3.51518206e-02 -5.58009893e-02 -5.45073040e-02 4.34174798e-02 -3.40296142e-02 -6.15526177e-02 -6.15134761e-02 -6.07630648e-02 -1.83423795e-02 2.87692640e-02
5.13245128e-02 -2.63849236e-02 3.09300572e-02 -1.45821981e-02 4.96111326e-02 1.08724246e-02 -4.31552194e-02 3.09944842e-02 9.67862532e-02 1.87552832e-02 1.07541578e-02 -2.48565339e-02 8.92452300e-02 -7.72458911e-02 -1.81864928e-02 1.21378139e-01 -4.30717394e-02 -2.69435570e-02 9.43817437e-01 4.82294150e-02 4.04680781e-02 -1.86375771e-02 -3.54037993e-02 -5.26593067e-02 2.77006291e-02 9.80053619e-02 6.93908483e-02 -3.41628827e-02 1.12987921e-01 1.17590412e-01 -5.04584573e-02 5.86989224e-02
4.04029340e-02 2.33645402e-02 -2.43836595e-03 6.33142814e-02 -4.55958880e-02 9.67318565e-03 1.16490591e-02 -3.85394432e-02 3.51636373e-02 -4.86022867e-02 -6.86381459e-02 -7.46034756e-02 -4.76397201e-02 6.32450953e-02 1.78415272e-02 -2.28771064e-02 -2.87336838e-02 -3.69319618e-02 -3.03636566e-02 9.72724080e-01 2.98532397e-02 6.52699843e-02 -5.82834333e-03 2.34283805e-02 5.27557246e-02 -9.65923909e-03 -2.25772616e-03 8.01696554e-02 4.47188457e-03 -2.46368581e-03 3.99820544e-02 -5.52751943e-02
8.48041400e-02 -8.63413066e-02 -1.00560151e-02 2.60837916e-02 -1.12394452e-01 -7.75292814e-02 -5.35410596e-04 5.06332256e-02 -1.08158141e-02 -8.07126388e-02 -6.18790798e-02 -1.12713285e-01 1.16605073e-01 3.95576321e-02 -2.51910817e-02 1.10422537e-01 -8.35721716e-02 -1.51653625e-02 -7.74742141e-02 -7.15048760e-02 9.20351326e-01 6.13047481e-02 2.60264911e-02 4.50668149e-02 6.17150068e-02 6.13004062e-03 5.94925061e-02 1.17906578e-01 6.09176941e-02 1.09344050e-01 4.99891490e-02 -3.02353986e-02
-7.09585249e-02 4.00377996e-02 -4.65462767e-02 -1.82388909e-02 -3.72486897e-02 1.36133365e-03 1.00811888e-02 -4.38375324e-02 -3.47462185e-02 5.34859374e-02 -4.01864313e-02 5.61135188e-02 -7.94221908e-02 3.39142159e-02 -3.84056978e-02 -5.15593551e-02 1.57015584e-02 1.21025592e-02 6.62419572e-02 -6.36248663e-02 -2.12540012e-02 9.69873130e-01 -5.54929636e-02 -3.12462989e-02 3.74346785e-02 -7.20162913e-02 7.20026111e-03 6.90333173e-03 -3.59319448e-02 -5.87292314e-02 -4.19495814e-03 3.98885608e-02
-5.59822582e-02 4.37452942e-02 -6.06318563e-02 2.12344099e-02 1.65501388e-03 -5.67898736e-04 -7.17455940e-03 -3.63787115e-02 -6.04512766e-02 4.24933098e-02 -2.57410891e-02 1.05506353e-01 -9.74419340e-02 7.21334247e-03 -6.45014942e-02 -1.00018404e-01 5.91868758e-02 1.58924740e-02 1.01738453e-01 7.02964189e-03 3.99354510e-02 6.56959193e-04 9.56783175e-01 3.91831025e-02 -6.22540759e-03 -7.95964226e-02 -2.84243491e-04 2.20907405e-02 -2.33056955e-02 -8.47582743e-02 2.78221872e-02 -1.99512150e-02
-5.49035668e-02 -9.37606301e-03 -3.73915546e-02 2.65975352e-02 -5.34053287e-03 -2.94034667e-02 -6.93675643e-03 -4.65223901e-02 5.75087918e-03 4.57712039e-02 -4.62305686e-03 7.59801492e-02 -7.38355815e-02 6.24134913e-02 -7.55208954e-02 -3.95744257e-02 -1.79821607e-02 4.11746018e-02 8.11965987e-02 -1.84350442e-02 -9.15640686e-03 -1.48853026e-02 -8.73424634e-02 9.71314788e-01 2.31019054e-02 -2.03013923e-02 2.77709439e-02 -2.89499965e-02 -3.38652879e-02 -3.20365950e-02 3.48235369e-02 2.94591747e-02
4.95125987e-02 -7.51997977e-02 3.29972841e-02 -6.60234094e-02 -6.92258552e-02 -3.71192507e-02 1.67584959e-02 7.86418021e-02 -7.99238384e-02 -2.69966722e-02 6.90170303e-02 -5.47427349e-02 8.91916007e-02 9.67281498e-03 4.75713983e-02 6.72997758e-02 -2.91393623e-02 9.63151678e-02 -3.97061929e-02 -3.38741727e-02 -1.28463462e-01 -9.61760711e-03 5.89129180e-02 6.68994011e-03 9.48303759e-01 4.87094074e-02 3.79844792e-02 4.97684255e-02 -4.18651924e-02 3.31953056e-02 -2.86750663e-02 4.33762074e-02
-6.54378459e-02 5.47371097e-02 5.42526767e-02 7.13766217e-02 -2.57023517e-03 4.65141758e-02 2.93475781e-02 -3.60929146e-02 3.43443081e-02 -6.81650117e-02 6.52573332e-02 -3.67961526e-02 -9.19531807e-02 8.06774721e-02 4.37122919e-02 -1.25150800e-01 4.04872335e-02 -7.06733689e-02 -2.67471727e-02 -2.46009938e-02 3.95113379e-02 5.99016249e-02 4.97692563e-02 1.69191342e-02 -5.07774577e-03 9.43526030e-01 -8.32401291e-02 -2.26959866e-02 -5.79082556e-02 -1.05039448e-01 5.21855615e-02 -7.54002035e-02
5.41838557e-02 -1.93235837e-02 3.59412320e-02 -5.30754477e-02 3.66630927e-02 -5.76654822e-02 1.22342743e-02 5.20874970e-02 7.59489788e-03 -4.69360873e-02 7.99284875e-02 -7.66449422e-02 5.66063561e-02 5.10498369e-03 7.63169453e-02 7.31817856e-02 -3.88173643e-03 5.71976304e-02 -1.05198421e-01 2.01864932e-02 -9.67971459e-02 5.05843759e-02 7.04977885e-02 1.82686020e-02 -1.05494492e-01 9.92461741e-02 9.44370031e-01 -7.98648074e-02 2.84603219e-02 6.04322217e-02 1.26381731e-02 1.75831746e-02
1.94709450e-02 1.50766503e-02 9.46960039e-03 -9.46857110e-02 -3.25264074e-02 -3.17978859e-02 3.29542235e-02 4.30605374e-02 -7.56593794e-02 3.51627469e-02 6.08720072e-02 6.40429258e-02 4.91960384e-02 2.74401642e-02 -2.44202968e-02 3.77552472e-02 -9.26907919e-03 7.23304078e-02 3.69094238e-02 -3.88139784e-02 -1.18844688e-01 -1.20672677e-02 -1.41951600e-02 1.92619301e-02 -1.12662315e-01 6.46289513e-02 3.80463265e-02 9.55164075e-01 -6.99802935e-02 3.34548056e-02 -1.79059093e-03 7.52529800e-02
3.83633189e-02 -3.00695584e-03 -5.25018834e-02 -8.78591239e-02 -3.70109361e-03 -6.70228004e-02 1.18017979e-02 8.25522169e-02 -1.51253119e-01 -5.72566465e-02 8.72076228e-02 -2.26980224e-02 5.76034412e-02 4.17137519e-02 4.32355180e-02 4.67044041e-02 -3.96114141e-02 1.07466608e-01 -9.46372300e-02 7.64108775e-03 -1.10000104e-01 6.90115094e-02 5.97306155e-02 6.66280985e-02 -4.26416732e-02 7.17993230e-02 -1.15858980e-01 1.17740072e-02 9.27865326e-01 5.59416227e-02 9.54716932e-03 -3.88153642e-02
-6.48360420e-03 3.22721787e-02 5.72933145e-02 -2.78558061e-02 -4.42526257e-03 2.53377520e-02 6.73335418e-02 1.98764298e-02 -9.51811224e-02 -4.15092371e-02 8.62506256e-02 2.55228952e-03 -1.47337113e-02 1.08769551e-01 9.46589932e-02 -1.12770468e-01 2.49203149e-04 5.26307710e-02 -3.75444293e-02 -4.08020627e-04 -7.87497610e-02 6.18879683e-02 7.73426369e-02 3.92730273e-02 -6.37121648e-02 2.93666199e-02 -1.05959885e-01 -6.63457736e-02 -1.37952998e-01 9.29831147e-01 7.38560855e-02 -7.71705732e-02
-5.27100451e-02 -3.54526639e-02 -4.14818292e-03 -1.76850206e-03 -1.23401284e-02 -2.67530717e-02 -2.93042567e-02 -5.25165908e-03 2.42201462e-02 2.10726932e-02 -1.62188243e-02 2.33740062e-02 -4.43872362e-02 3.58970240e-02 -4.18711267e-02 -2.29905266e-02 -1.72497518e-02 1.55819403e-02 6.23179674e-02 -3.61427590e-02 -3.68536264e-02 -3.00930534e-02 -5.15599065e-02 -6.93309084e-02 4.20728475e-02 -4.90359329e-02 2.25251038e-02 4.42706281e-03 2.49689445e-02 -5.16679250e-02 9.81173456e-01 2.55859587e-02
6.15753047e-02 -8.93102959e-03 8.80435407e-02 1.13296020e-03 7.56630078e-02 3.58382054e-02 1.96096376e-02 5.48786484e-02 6.32060617e-02 -6.90345988e-02 5.36560975e-02 -8.55150372e-02 5.26416376e-02 -2.08856221e-02 6.84609413e-02 4.14065421e-02 -2.57720775e-03 -3.73372436e-02 -9.24255624e-02 5.40237613e-02 1.70018952e-02 2.43566856e-02 8.07639956e-02 2.62988564e-02 -6.24221526e-02 5.29871322e-02 -9.20285285e-02 -6.54757470e-02 -1.26847392e-03 3.89167778e-02 1.69248115e-02 9.52463567e-01
9.88506258e-01 5.51100168e-03 2.13799030e-02 -5.93659319e-02 -1.94278531e-04 2.92462185e-02 -2.95464918e-02 1.41848261e-02 -3.12343636e-03 4.23195958e-03 4.10409681e-02 2.93816614e-04 2.08132081e-02 1.56360641e-02 -3.57146338e-02 2.11395919e-02 -2.35226806e-02 2.75001042e-02 -1.74727850e-02 -2.18040198e-02 -2.87018679e-02 -4.33590785e-02 -1.76692661e-03 -3.06341648e-02 -1.66621748e-02 5.65501936e-02 -1.35269919e-02 8.20845924e-03 -5.09220129e-03 5.38082086e-02 1.98035985e-02 5.17909555e-03
-1.81082357e-02 9.86745119e-01 -2.98125809e-03 -3.22992075e-03 7.96765555e-03 3.72919440e-02 7.63258067e-05 4.92214691e-03 3.36914733e-02 2.17794022e-03 -6.70244778e-03 -3.88073246e-03 -1.03310812e-02 -2.30048914e-02 -4.97631542e-02 -1.03940992e-02 -1.70457941e-02 -4.71883751e-02 1.09499348e-02 -5.02333418e-02 -2.37842090e-02 -5.57763427e-02 -1.18164148e-03 -1.35056460e-02 -2.08632257e-02 6.65116459e-02 1.40015846e-02 1.21008547e-03 4.87178750e-02 5.50729670e-02 1.50095392e-02 1.94669198e-02
-2.20615920e-02 2.14766152e-03 9.87425685e-01 -1.95741653e-02 8.07174874e-05 -3.39582302e-02 -3.05577852e-02 -2.40786299e-02 7.65940826e-03 -3.61380237e-03 -2.43600439e-02 -1.31127872e-02 -1.66338403e-02 1.10289715e-02 3.83284665e-03 4.09147404e-02 3.48401368e-02 6.78562559e-03 -3.30823548e-02 1.90371014e-02 5.51280305e-02 -3.80007774e-02 -1.94112565e-02 -1.14777628e-02 2.19679885e-02 -3.87723371e-03 -2.24077776e-02 5.01435474e-02 6.92720637e-02 2.83527523e-02 -4.07084674e-02 -6.55955728e-03
4.99477871e-02 -1.02593703e-02 3.77114490e-02 9.72106695e-01 -1.47776818e-02 1.25271073e-02 2.48318864e-03 3.90808880e-02 9.64568835e-03 -1.20472657e-02 5.60845658e-02 2.71908008e-02 -2.50297319e-03 2.52710208e-02 1.84965562e-02 2.77564488e-03 -2.04892140e-02 -4.88880426e-02 3.81713100e-02 -7.76897222e-02 -8.26568380e-02 -8.38131383e-02 4.22897041e-02 7.59342611e-02 -6.15091100e-02 3.32420468e-02 5.48769012e-02 -5.56702055e-02 -7.49639608e-03 -2.29629707e-02 2.55434942e-02 -3.34867509e-03
-4.75705834e-03 -1.83775760e-02 -1.13109378e-02 3.68197672e-02 9.79130149e-01 4.26714383e-02 1.61027368e-02 -4.73193973e-02 3.85960490e-02 -7.88212847e-03 -1.94420051e-02 -1.92673504e-02 -8.08571279e-03 3.42557835e-03 -4.76406105e-02 3.23413797e-02 -3.41909043e-02 -3.28518264e-02 -3.48822810e-02 4.38781008e-02 4.74584624e-02 -2.32828694e-04 -5.49375191e-02 -3.37100364e-02 4.60258983e-02 3.00712939e-02 -1.83680691e-02 6.42039552e-02 2.11902354e-02 7.22654238e-02 6.46123365e-02 -1.79406349e-02
-4.24473807e-02 -3.87251489e-02 2.57348362e-02 -8.21783673e-03 -5.11358492e-02 9.84460533e-01 -6.23903517e-03 3.86131257e-02 8.46452720e-04 -3.51935364e-02 5.15023358e-02 -3.97969224e-02 4.07435559e-02 3.11807413e-02 -2.57140771e-02 4.18199524e-02 -3.76167223e-02 4.95043173e-02 -2.62727812e-02 -2.42176037e-02 1.70873906e-02 -2.70081814e-02 -1.53381666e-02 -3.18980142e-02 1.56924464e-02 -4.10702033e-03 -3.35374922e-02 2.10143607e-02 1.21177323e-02 3.78513075e-02 -1.75977182e-02 -3.17503586e-02
2.15768386e-02 -4.44271509e-03 2.77643967e-02 -1.09997308e-02 -1.65731385e-02 -6.66059554e-03 9.93215263e-01 1.49291540e-02 1.42869130e-02 -3.08740437e-02 1.55132040e-02 -2.29370520e-02 1.74379013e-02 2.14015171e-02 -2.56152358e-03 2.70672049e-03 -1.47926789e-02 2.16959082e-02 -2.49942876e-02 -6.51372522e-02 -7.07975822e-03 -2.58948971e-02 1.26367146e-02 1.19884061e-02 5.42963529e-03 4.45948541e-03 -2.70501319e-02 2.11413354e-02 1.69588588e-02 2.26777699e-02 -5.30202407e-04 -1.71055049e-02
-6.14958629e-03 5.77741722e-03 5.24738291e-03 -9.32136551e-03 3.94543037e-02 -3.78563292e-02 -1.36207500e-02 9.83088315e-01 1.67002678e-02 2.66590185e-04 -3.84970754e-02 -2.10441332e-02 -2.79470272e-02 -2.43627839e-02 4.55769300e-02 2.59617856e-03 3.95788029e-02 1.60054006e-02 -5.94158880e-02 5.12515008e-02 5.77124730e-02 3.68262567e-02 9.43423342e-03 -1.27053037e-02 1.03891036e-03 -4.11644317e-02 -3.97680774e-02 7.76667148e-02 1.94335841e-02 3.09760943e-02 -3.06004733e-02 -3.79736884e-03
-3.26278945e-03 -4.59379256e-02 -8.37206002e-03 -2.67990660e-02 -3.88036408e-02 -3.51318857e-03 -1.91413630e-02 -6.87264558e-03 9.91166711e-01 2.20190603e-02 1.96584908e-04 2.42270455e-02 -9.91620473e-04 -2.05377489e-03 7.25023495e-03 8.70740693e-03 -2.01005377e-02 -4.23094295e-02 1.00550000e-02 -6.46686405e-02 -2.24772096e-02 -4.11438905e-02 -1.89203629e-03 2.16452274e-02 -2.07987078e-03 2.07317844e-02 2.47791540e-02 8.07840470e-03 2.01906059e-02 2.92346627e-02 4.32046968e-03 3.35726945e-04
-3.55295395e-03 1.19220023e-03 1.02556776e-02 1.21241165e-02 9.46575310e-03 3.62054259e-02 3.44150774e-02 5.51499845e-03 -1.66700576e-02 9.95916665e-01 7.66266836e-03 6.01895805e-03 1.95668265e-02 2.32641790e-02 -1.05568748e-02 1.78593607e-03 1.46731467e-03 1.05584795e-02 1.22050559e-02 3.52545381e-02 -2.63451915e-02 1.86333526e-02 -9.77316126e-03 -3.07402387e-03 2.61147128e-04 -7.21932715e-03 -3.91874975e-03 -3.13845761e-02 -4.95110359e-03 -1.06324488e-02 -3.15016182e-03 2.27101357e-03
-3.36725600e-02 1.71909407e-02 8.10959656e-03 -3.64184864e-02 2.29168199e-02 -5.35875857e-02 -1.58125516e-02 1.20126531e-02 5.02798101e-03 -1.58084289e-03 9.85633016e-01 5.06732520e-03 -6.34224992e-03 -3.01781949e-02 4.02295664e-02 7.22789438e-03 3.32507379e-02 2.97552528e-04 -4.41737846e-02 1.39750531e-02 5.02586924e-02 4.04453054e-02 1.61309354e-02 8.73921614e-04 -6.59341831e-03 -5.35582118e-02 -2.45865211e-02 6.11855090e-02 3.65234315e-02 3.34758312e-03 -5.05092368e-02 -2.02018451e-02
2.71660439e-03 9.99809522e-03 9.78463423e-03 -1.31145036e-02 1.45884324e-02 4.08559144e-02 2.42290366e-02 1.03775710e-02 -1.58098619e-02 -9.17431712e-03 -1.23665268e-02 9.93332446e-01 -3.92354821e-04 2.13537551e-02 -1.22349681e-02 -1.98756326e-02 4.32397388e-02 1.44136313e-04 -2.64163613e-02 3.24909054e-02 3.62910293e-02 3.47751044e-02 1.86517648e-02 -5.12631703e-03 2.06094496e-02 -2.53812782e-02 -2.64687501e-02 2.08155140e-02 -1.05402677e-03 9.77862347e-03 -3.23216198e-03 -4.12347214e-03
-1.18759051e-02 1.89097691e-02 5.67426858e-03 1.61248688e-02 1.01915309e-02 -4.20127735e-02 -1.94123555e-02 9.30895191e-03 5.99526148e-03 -1.43056419e-02 -1.21978847e-02 -5.53311361e-03 9.91182268e-01 -1.22008370e-02 2.67828982e-02 -1.87828057e-02 3.45122032e-02 -7.27219041e-03 -3.27701606e-02 -3.54892947e-03 4.76709530e-02 6.76304102e-04 1.58862807e-02 1.15709787e-04 4.85937949e-03 -6.71991333e-02 -3.06847617e-02 3.97107489e-02 1.16130868e-02 7.06917141e-04 -2.54393630e-02 -9.96456295e-03
-9.39877797e-03 3.36737111e-02 -3.13530229e-02 2.10278644e-03 -6.35062205e-03 -4.06935252e-02 -2.36143693e-02 6.86213665e-04 1.08146407e-02 -1.77184213e-02 7.72643182e-03 -2.85086110e-02 -6.00510370e-03 9.84024704e-01 1.49717806e-02 3.56089952e-03 2.62907539e-02 3.31513062e-02 -3.43686864e-02 2.28437949e-02 6.86676875e-02 -7.35667651e-04 5.24231046e-03 -3.76672409e-02 3.60967368e-02 -5.11396751e-02 -3.69487144e-02 5.33304997e-02 3.34330983e-02 3.40353348e-03 -8.04490373e-02 -1.64553653e-02
3.04179508e-02 4.33489457e-02 1.28755125e-03 -1.83964539e-02 3.82367969e-02 3.69882099e-02 7.60268234e-03 -4.10930626e-02 -5.71133010e-03 7.82837719e-03 -3.02675292e-02 1.33199655e-02 -1.63478386e-02 -3.22025153e-03 9.90092218e-01 -7.42601277e-03 -3.17421965e-02 -4.30541066e-03 3.91441770e-03 2.29713339e-02 -2.10013837e-02 1.33763915e-02 -4.44494188e-02 -1.61897242e-02 -1.00830365e-02 5.61454073e-02 2.05270108e-02 -1.01832775e-02 -7.54154148e-03 1.51213296e-02 4.30406332e-02 1.14945071e-02
-1.10582151e-02 1.63405780e-02 -5.09337932e-02 1.43074980e-02 -3.49822529e-02 -4.27112021e-02 -4.22588224e-03 -1.68728400e-02 -1.06572956e-02 5.37864724e-03 -2.36494672e-02 1.59231815e-02 3.30268149e-03 -2.11924314e-02 1.73806772e-02 9.86671388e-01 2.55989097e-02 -3.14251147e-02 -2.92534530e-02 -5.42925037e-02 4.15027477e-02 2.93375738e-02 8.47821310e-03 -2.28741392e-02 2.59310957e-02 -7.03254938e-02 -2.35376228e-02 4.71815094e-02 1.04487194e-02 1.72106531e-02 -2.37498805e-02 -1.51910754e-02
2.49813087e-02 6.56493148e-03 -2.87915841e-02 7.32229184e-03 3.52541842e-02 5.09385094e-02 1.72700156e-02 -3.25818360e-02 1.61869675e-02 -1.74119847e-03 -2.29568444e-02 -3.91789451e-02 -2.68447064e-02 -1.56862084e-02 2.26648301e-02 -1.77476760e-02 9.90104973e-01 -2.51556300e-02 3.36104035e-02 -1.34241264e-02 -3.53365466e-02 -2.46666968e-02 1.13106165e-02 2.71672085e-02 -1.88614745e-02 3.30988429e-02 4.76998985e-02 -1.16426013e-02 5.15122060e-03 7.20427791e-03 -1.41608971e-03 1.46426354e-02
-1.71131324e-02 5.11147454e-02 -1.56785436e-02 7.10796192e-02 2.45246645e-02 -4.34181839e-02 -1.41242845e-02 -3.19934748e-02 5.29961847e-02 -8.94310232e-03 -1.17729437e-02 -1.09466468e-03 -2.06883159e-03 -4.76785116e-02 3.81912780e-03 2.29820795e-02 2.70242877e-02 9.86529350e-01 3.11038736e-03 5.43412864e-02 1.57080330e-02 3.77197750e-02 -1.20932721e-02 -3.76494490e-02 -1.53015216e-03 -1.44719118e-02 -6.07749680e-03 2.54148096e-02 1.91469863e-02 5.64381760e-03 -2.46572252e-02 1.30858039e-02
3.80865298e-03 -1.38346357e-02 3.34301256e-02 -4.29569706e-02 3.28326002e-02 1.42449262e-02 1.88838877e-02 6.07617274e-02 -1.05355261e-02 -1.48874847e-02 4.53142039e-02 2.23455634e-02 3.50437388e-02 3.68552729e-02 -2.49490398e-03 3.59986946e-02 -2.68112291e-02 5.68922516e-03 9.86720562e-01 5.47578186e-03 1.95204969e-02 -1.87770035e-02 2.43210141e-02 -8.89591966e-03 1.56450644e-02 3.15032806e-03 -3.96237783e-02 -4.74371947e-03 -1.22633958e-02 6.27159029e-02 1.54773565e-02 5.24825603e-02
2.78496090e-02 3.95904891e-02 -2.53714453e-02 8.82979557e-02 -6.89275935e-02 2.27583330e-02 6.37034178e-02 -5.21108098e-02 6.39885962e-02 -3.37651111e-02 -9.34396591e-03 -3.24320570e-02 3.40438960e-03 -2.87644714e-02 -2.55338158e-02 4.43691723e-02 7.94498529e-03 -7.05617964e-02 5.26887714e-04 9.75983977e-01 3.27053368e-02 1.38684828e-02 -4.27169986e-02 -1.38517786e-02 2.45443620e-02 2.94866692e-02 -1.77544840e-02 1.77511312e-02 2.15278622e-02 4.80834357e-02 -2.85723377e-02 2.79520620e-02
4.82073948e-02 2.54978035e-02 -4.80367467e-02 8.32437575e-02 -4.16029505e-02 4.28254623e-03 1.13912057e-02 -5.93773238e-02 2.22475491e-02 3.05700805e-02 -4.87003736e-02 -3.31840292e-02 -5.10563105e-02 -6.88077584e-02 2.03323197e-02 -5.27440868e-02 2.16456652e-02 -2.51517333e-02 5.75278839e-03 -5.20092063e-02 9.75583375e-01 4.74979989e-02 1.29675111e-02 5.78412488e-02 -4.98122443e-03 6.99648727e-03 1.97824067e-03 1.46840112e-02 -2.08661426e-02 -5.34912236e-02 -3.78828384e-02 2.34201178e-02
4.26857956e-02 4.54839356e-02 5.06299175e-02 6.67088181e-02 4.76819871e-04 3.46242636e-02 2.35062540e-02 -2.19753683e-02 4.22090404e-02 -2.31593866e-02 -2.27563865e-02 -3.11935972e-02 7.76623702e-03 1.57872885e-02 -2.18936149e-02 -1.88154634e-02 1.23564778e-02 -3.89900133e-02 2.38610841e-02 -2.94455048e-02 -5.98083474e-02 9.84388471e-01 2.11061770e-03 -5.53004397e-03 -2.24748179e-02 4.27289046e-02 7.35356892e-03 -5.68390302e-02 -2.20527500e-02 6.29947707e-03 4.16531460e-03 -2.88110296e-03
3.70700168e-03 7.20485346e-03 1.56639442e-02 -3.74387912e-02 5.16376533e-02 1.96785964e-02 -1.08894920e-02 -2.04873253e-02 6.86896266e-03 9.64275934e-03 -2.41623875e-02 -2.19597984e-02 -1.84640139e-02 -7.72521459e-03 3.88411693e-02 -4.46006795e-03 -1.43777365e-02 1.12830186e-02 -1.77436639e-02 5.49112260e-02 -9.89702810e-03 2.21823226e-03 9.88385379e-01 2.00504586e-02 -1.11430977e-02 -8.31302162e-03 -1.18801382e-03 3.27398703e-02 1.13801798e-02 -2.40404196e-02 1.71308983e-02 -9.06507298e-02
1.28400913e-02 1.15793487e-02 1.41621139e-02 -8.19685459e-02 3.15503143e-02 2.60484181e-02 -1.43132061e-02 1.76861696e-02 -2.14388520e-02 -1.15341507e-03 5.83734782e-03 5.38074644e-03 1.15922680e-02 4.82763425e-02 3.77569417e-03 3.86274196e-02 -2.69040540e-02 4.84591201e-02 -3.88499396e-03 2.86946949e-02 -3.47005241e-02 6.41297549e-03 -2.78962795e-02 9.85637605e-01 -3.10551859e-02 5.27465902e-02 -5.18813683e-03 -1.93408318e-02 -1.66555829e-02 4.58314084e-02 4.17183898e-02 -2.03346685e-02
2.47520693e-02 2.47658398e-02 -1.58885140e-02 5.79552054e-02 -3.84115763e-02 -1.00932969e-02 -6.76340703e-03 -5.44672308e-04 3.00486246e-03 1.94983743e-03 6.96088700e-03 -1.87714528e-02 -9.09798406e-03 -3.77553366e-02 1.48582887e-02 -3.23481262e-02 1.62836779e-02 -1.91731250e-03 -6.38828753e-03 -3.22012044e-02 -1.80576146e-02 1.60499047e-02 1.55522889e-02 4.32904996e-02 9.92002904e-01 -6.64534187e-03 -1.87147427e-02 6.03698054e-03 -3.12961303e-02 -2.06890833e-02 -1.77113842e-02 9.05740634e-03
-6.94670677e-02 -6.81510642e-02 -5.00304298e-03 -2.85929851e-02 -3.29902545e-02 -2.15752143e-02 -1.07018808e-02 4.33942750e-02 -2.78855581e-02 7.86076579e-03 4.90685254e-02 2.59483475e-02 6.66575432e-02 4.37214263e-02 -4.21997793e-02 6.54585287e-02 -1.66776329e-02 2.12261789e-02 -1.96726769e-02 -2.30217911e-02 2.00121664e-02 -2.51426380e-02 1.97255258e-02 -5.61098270e-02 1.75389200e-02 9.79963064e-01 -1.96486642e-03 3.78602147e-02 1.22667141e-02 1.86522715e-02 -2.45566815e-02 2.01265141e-02
4.22785198e-03 -1.57322697e-02 2.09280066e-02 -5.61436079e-02 1.47384237e-02 2.23559476e-02 2.41967924e-02 4.48574461e-02 -2.57355534e-02 -1.34875404e-03 2.65771449e-02 2.27237828e-02 3.60096954e-02 3.90011743e-02 -2.09782664e-02 3.04331854e-02 -4.15128246e-02 1.56888030e-02 2.12622695e-02 2.49745678e-02 2.43732706e-02 -5.69623480e-05 2.33567413e-03 -7.93792307e-03 3.23364958e-02 -1.22995917e-02 9.87731278e-01 -3.57130878e-02 5.12088276e-02 4.69888598e-02 1.14908973e-02 -1.89584412e-03
6.59997342e-03 -4.40730219e-04 -3.96341011e-02 5.36804795e-02 -6.06218986e-02 -2.82972702e-03 -1.24867139e-02 -7.04751387e-02 -1.30219264e-02 3.25538516e-02 -5.33071868e-02 -1.38520962e-02 -3.62942070e-02 -4.38066870e-02 5.15656127e-03 -5.38343042e-02 3.49051552e-04 -2.93929130e-02 2.99737733e-02 -2.67612189e-02 -4.84550372e-02 4.75170612e-02 -3.07648052e-02 3.29778641e-02 -1.98459327e-02 -1.79146677e-02 5.50497435e-02 9.80826855e-01 -2.36039609e-02 -2.79095843e-02 5.23328828e-03 5.07036550e-03
1.32438503e-02 -4.72561531e-02 -6.99014887e-02 1.55119505e-02 -2.43145842e-02 -7.92043377e-03 -1.53828580e-02 -2.20598914e-02 -2.52579283e-02 8.50441214e-03 -3.77842076e-02 1.93995540e-03 -1.40581811e-02 -3.58247869e-02 1.00864107e-02 -2.21215487e-02 -6.50037639e-03 -1.90362185e-02 2.08224468e-02 -2.67329272e-02 4.81894519e-03 2.76544783e-02 -1.04576498e-02 2.49584466e-02 2.42288671e-02 -7.80286361e-03 -4.52290773e-02 9.73577518e-03 9.90259230e-01 7.80778378e-03 -5.72834630e-03 -1.74667370e-02
-4.61950265e-02 -5.03116064e-02 -3.56904641e-02 3.75897065e-02 -6.96643218e-02 -4.45521660e-02 -2.44200025e-02 -3.94815318e-02 -3.37097831e-02 1.75897907e-02 -1.32638570e-02 -9.69412271e-03 -1.22472253e-02 -1.84763987e-02 -3.26934009e-04 -3.79535593e-02 1.10756874e-03 -7.93235097e-03 -5.36504984e-02 -5.30595481e-02 3.77307907e-02 3.62576405e-03 3.36934216e-02 -2.62682121e-02 1.09156491e-02 -2.99601667e-02 -3.46774012e-02 1.68647021e-02 -2.12629475e-02 9.81562614e-01 -6.62954152e-02 1.30881080e-02
-2.95635182e-02 -1.24545442e-02 2.94562597e-02 -1.20845074e-02 -7.76867494e-02 -5.85564878e-03 -5.59715368e-03 2.64798105e-02 -3.33747780e-03 2.47513689e-03 4.61101755e-02 -3.46153183e-03 2.25264914e-02 6.85735494e-02 -3.46050300e-02 1.97874643e-02 1.83222294e-02 2.69830748e-02 -2.63632927e-02 2.41474826e-02 5.96604496e-02 4.13426803e-03 -1.17551815e-02 -4.74480800e-02 2.53330506e-02 2.38726381e-03 -2.41317060e-02 1.16066309e-02 1.12022106e-02 6.01547472e-02 9.83717322e-01 -3.29366438e-02
-7.87370838e-03 -2.03463044e-02 9.94951278e-03 -5.57877356e-03 2.02747677e-02 2.94075646e-02 1.20097445e-02 4.37577488e-03 -1.59947493e-03 -3.13258637e-03 1.90443397e-02 6.80628582e-04 9.15921573e-03 2.05459297e-02 -6.97443681e-03 1.59450751e-02 -1.44521138e-02 -5.89484582e-03 -5.88310137e-02 -1.99482646e-02 -1.89197920e-02 4.08396171e-03 8.82080793e-02 1.97494663e-02 -7.98046868e-03 -2.60840859e-02 -1.91395369e-03 2.20169406e-03 2.15158667e-02 -1.35684386e-02 3.42031606e-02 9.90733624e-01
