4 6 8 32 64
-2.836061e-02 9.268773e-03 -3.407426e-02 3.742243e-01 -3.820381e-02 -6.828033e-03 -1.907606e-01 -1.851518e-02
-1.767201e-02 -2.462553e-02 -1.406798e-01 -7.983187e-02 -1.482249e-02 3.360773e-02 3.666507e-01 -1.166355e-01
-8.259963e-02 6.527273e-02 1.051520e-01 2.231305e-01 -9.789323e-02 -5.916874e-02 -1.082081e-01 -8.692376e-02
1.320838e-01 1.135949e-01 -8.083134e-02 -6.202071e-02 1.327426e-01 1.488320e-01 2.256528e-01 -9.945575e-02
-8.886199e-02 3.273928e-01 -8.555010e-02 3.714978e-01 -3.105826e-02 3.020233e-02 -2.570756e-01 -2.007732e-01
-7.228945e-02 -1.225706e-01 -1.466227e-01 5.510039e-02 -1.481648e-01 3.459409e-01 3.027443e-01 -1.360970e-01
-1.056655e-01 -9.054169e-02 -1.833365e-02 2.737759e-01 -1.162121e-01 -7.822649e-02 -1.126393e-01 -1.117469e-01
-1.336403e-01 -8.209095e-02 -5.709454e-02 -8.788460e-02 -3.387994e-02 -2.822479e-02 -6.367122e-02 -8.056371e-02
-1.179785e-01 1.326968e-01 -1.524932e-01 3.228577e-01 -1.269075e-01 -7.341971e-02 -1.121080e-01 -1.099259e-01
1.572368e-01 -3.094987e-02 1.908224e-02 3.307744e-02 3.767936e-01 1.486726e-01 3.243993e-01 -1.875267e-02
-3.364081e-02 3.705766e-01 -1.378043e-01 9.934755e-02 -1.052759e-01 3.794968e-01 1.382765e-01 -1.352654e-01
-1.936521e-01 -1.169846e-01 1.697628e-01 4.571087e-02 -5.728418e-02 -6.176220e-02 -1.363458e-01 -1.019911e-01
-5.035412e-02 2.613998e-01 -1.462839e-01 -7.872710e-02 -2.390277e-02 -7.097260e-03 3.628737e-01 -2.711837e-02
-8.707886e-02 -2.329465e-03 -1.268222e-01 2.550653e-01 2.910844e-02 4.907983e-02 -2.644989e-01 -2.102605e-01
-1.029793e-01 4.566557e-01 -8.399533e-02 2.584424e-02 -4.738754e-02 -6.474497e-02 -1.143328e-01 -5.339808e-03
-9.074050e-02 8.556844e-02 -8.354560e-02 -9.976821e-02 -1.867429e-02 -4.412964e-02 3.795648e-01 -2.408279e-02
-1.210422e-01 -7.522536e-02 -9.915843e-02 2.890885e-01 8.042982e-03 -8.237740e-02 -2.056589e-01 -2.031837e-01
-1.212668e-01 6.110159e-02 -1.465813e-01 -1.240815e-01 3.800559e-03 -6.536230e-02 -1.047090e-01 2.338094e-02
-1.272050e-01 -1.263040e-01 -6.116778e-02 -9.557175e-03 -1.248392e-01 2.322382e-01 2.606730e-01 -1.206846e-01
-1.061721e-01 -9.134825e-02 3.568200e-01 -1.948663e-02 -6.562468e-02 -6.874190e-02 -1.296343e-01 -8.784842e-02
-1.021160e-01 -8.278857e-02 3.804399e-02 -1.030451e-01 2.432100e-01 -2.788799e-02 5.289776e-01 -1.086296e-01
-9.118716e-02 2.729604e-01 -1.766424e-04 2.220134e-01 -1.010167e-01 -6.695981e-02 -9.198666e-02 -8.593390e-02
-1.132642e-01 -5.914874e-02 -2.093664e-01 2.323452e-02 -9.534990e-02 2.670049e-01 2.263630e-01 -1.129825e-01
2.426629e-01 2.100187e-01 -1.668468e-01 -3.183745e-02 2.520297e-01 2.137912e-01 1.189862e-01 -1.382534e-01
-1.463323e-01 1.678035e-01 1.166363e-01 2.026525e-01 -8.196928e-02 6.135762e-02 -1.636618e-01 -1.691385e-01
1.214943e-01 3.088835e-02 -1.337730e-01 -8.035904e-02 3.513226e-01 7.178367e-02 2.953568e-01 -3.423981e-02
-7.042687e-02 -1.729601e-02 1.801493e-01 2.156340e-01 -3.886529e-02 3.128735e-02 -1.710910e-01 -1.844914e-01
-1.121553e-01 -1.081727e-01 -1.133804e-01 1.749097e-01 -1.216556e-01 -6.769645e-02 -1.026049e-01 -9.396081e-02
8.719303e-02 -1.534601e-01 1.194333e-01 1.330442e-01 -4.192377e-02 5.025944e-02 -7.931085e-02 -7.306205e-02
-9.056399e-02 2.439621e-02 -1.839090e-01 3.433767e-01 -7.996707e-02 -5.427602e-02 -1.834159e-01 -8.488767e-03
-1.234849e-01 -8.100636e-02 4.530346e-02 -1.077842e-01 -2.036799e-03 -4.583876e-02 3.780474e-01 -6.290632e-02
-8.562613e-02 4.767833e-02 -1.417120e-01 3.629609e-01 -1.850598e-02 -7.449791e-02 -2.086395e-01 -2.500709e-01
-2.070591e-01 -1.487027e-01 -1.543464e-02 1.492218e-01 -1.961296e-02 -1.242874e-01 -1.451921e-01 -1.135459e-01
-9.985085e-02 5.662302e-01 -9.032890e-02 3.028451e-01 -9.817149e-02 -3.598642e-02 -1.432471e-01 -1.047106e-01
1.262196e-01 2.236765e-01 -1.012987e-01 -2.982024e-03 3.607800e-01 1.268021e-01 2.313556e-01 -3.953063e-04
-1.710355e-02 2.045197e-01 -1.456270e-01 -8.069966e-02 1.709297e-01 8.483768e-02 4.727290e-01 -9.778751e-02
-1.219834e-01 3.212685e-01 -1.547489e-01 3.534662e-01 -1.287072e-01 -8.330906e-02 -1.303524e-01 -1.026766e-01
-1.336271e-01 -4.569579e-02 -1.363454e-01 2.730031e-01 -1.212428e-01 -1.241967e-01 -1.573260e-01 5.198243e-02
-1.096498e-01 -3.004705e-02 -1.263786e-01 2.988031e-01 -1.187130e-01 -7.819975e-02 -1.144352e-01 -1.047551e-01
1.323065e-01 2.466609e-01 -1.369740e-01 -5.137074e-02 1.528377e-01 1.395003e-01 1.765138e-01 -7.582118e-02
-1.616101e-01 -6.353889e-02 2.285975e-02 1.380281e-01 -3.927239e-03 -1.713553e-02 -1.933665e-01 -1.763403e-01
1.863456e-01 4.983492e-01 -5.657101e-02 -2.142982e-02 1.900953e-01 2.061525e-01 1.685423e-01 -6.352822e-02
1.057706e-02 4.788496e-01 -1.389294e-01 -6.819852e-02 2.066430e-03 9.018486e-02 3.179696e-01 -7.923731e-02
-1.375871e-01 -2.573191e-02 -1.965920e-01 9.096919e-02 -1.544486e-01 2.704190e-01 2.020428e-01 -1.591587e-02
-6.232991e-02 2.019988e-01 -3.172991e-02 3.309336e-01 -3.696854e-02 -3.600021e-02 -1.608915e-01 -2.339663e-01
-9.473073e-02 1.968361e-01 -1.536720e-01 3.880979e-01 -8.941290e-02 -5.311909e-02 -1.966960e-01 -3.696335e-02
-1.308882e-01 1.892312e-02 2.984098e-01 9.224948e-02 -9.892975e-02 6.790639e-02 -1.524992e-01 -1.478025e-01
-8.086878e-02 1.210903e-01 -1.636369e-01 7.721981e-02 -1.049544e-01 3.847849e-01 2.204047e-01 -1.160364e-01
-5.451765e-02 8.559747e-02 -1.448279e-01 3.628244e-01 -1.701604e-02 2.597630e-02 -2.313319e-01 -1.202887e-01
-8.542791e-02 -1.377281e-01 5.322703e-03 5.541652e-03 -4.052772e-02 3.608567e-01 2.080019e-01 -1.111727e-01
-1.033221e-01 -9.939949e-02 5.760783e-02 1.538834e-01 -1.290746e-01 -7.845551e-02 -9.442451e-02 -1.094527e-01
-1.129137e-01 9.641258e-02 1.135989e-01 4.740321e-02 -1.060302e-01 -8.941769e-02 -1.230442e-01 -1.239005e-02
-7.820014e-02 3.212299e-02 3.741822e-02 2.475641e-01 1.934333e-02 6.860649e-02 -2.641437e-01 -1.539852e-01
1.242922e-01 5.183824e-02 -2.887336e-02 -1.886858e-02 3.378752e-01 1.045795e-01 3.349108e-01 7.696569e-02
-1.357869e-01 -1.193835e-01 1.526167e-01 -6.729322e-02 -7.715818e-02 2.270857e-01 2.738631e-01 -1.117654e-01
-9.136573e-02 -7.870187e-02 2.208008e-01 1.236866e-01 -1.005114e-01 -5.913686e-02 -1.023581e-01 -1.113732e-01
2.262406e-01 7.089803e-02 -1.455887e-01 -3.110063e-02 3.024461e-01 1.609049e-01 1.997145e-01 -7.002492e-02
-4.190855e-02 3.845165e-02 5.428853e-02 2.985751e-01 -2.513091e-02 -1.276940e-02 -1.618020e-01 -2.019550e-01
6.106666e-03 3.792658e-02 -8.257409e-03 1.375436e-01 -1.322345e-01 2.903560e-02 -1.064104e-01 -1.932430e-01
-6.410389e-02 -2.362008e-02 -1.094260e-01 -8.009328e-02 2.052119e-01 2.879761e-02 5.214396e-01 -1.063300e-01
-9.002389e-02 5.234754e-03 -1.275935e-01 2.376514e-01 -3.631631e-02 -9.174198e-03 -2.202206e-01 -7.505494e-02
-1.212266e-01 -4.794911e-02 -8.731653e-02 -1.067294e-01 1.817773e-01 -2.622517e-02 -1.204912e-01 -6.849273e-02
2.211390e-02 -1.227006e-01 -1.206622e-01 2.838361e-01 6.018765e-02 -1.294286e-02 -2.303288e-01 -7.222087e-02
-3.338334e-02 -5.001666e-02 -1.456490e-01 6.746530e-02 -1.608699e-02 3.938519e-01 1.233052e-01 -1.024262e-01
-1.013569e-02 -9.987730e-02 -1.371314e-01 2.562482e-01 -1.182304e-01 -1.150492e-01 3.008329e-01 -9.911327e-02
4.609695e-01 -1.814423e-02 -1.871351e-01 -1.414131e-01 -2.099693e-01 -1.869203e-01 -6.663159e-02 -7.252979e-02
-4.596218e-03 -1.170604e-01 -3.976898e-02 -1.688400e-02 1.832674e-01 -1.205178e-01 -1.553390e-01 1.372259e-01
1.823620e-02 -8.779971e-02 -1.124385e-01 -1.017286e-01 1.806278e-03 8.699334e-02 -1.136365e-01 6.109144e-02
-3.786332e-02 4.071951e-03 -2.697791e-01 -1.819796e-01 -2.319948e-01 3.336523e-03 1.810090e-01 -2.165285e-01
-4.688563e-02 -6.444252e-02 -1.068604e-01 -3.745668e-02 -1.023550e-01 -9.021700e-02 6.152762e-01 8.889048e-02
2.494360e-01 -1.015806e-01 -1.800534e-01 -8.349898e-02 7.172314e-03 -2.137293e-01 -5.321758e-02 1.862163e-01
-7.472149e-02 -3.296432e-02 -2.145881e-01 -8.537406e-02 3.036391e-02 -1.352704e-01 5.217871e-03 -1.625159e-01
5.486677e-02 -8.390295e-02 -1.037147e-01 1.591882e-01 -1.103955e-01 -5.889326e-02 5.588828e-01 1.915554e-03
3.483393e-01 -5.512080e-02 -1.196990e-01 -1.281785e-01 -6.153389e-02 -8.323074e-02 -1.097618e-01 6.591356e-02
8.051561e-02 -7.926996e-02 -6.518833e-02 -1.268838e-01 -4.378774e-02 3.512262e-01 -1.323832e-01 3.586895e-02
-1.430286e-01 1.630372e-01 8.602322e-03 4.629465e-01 -3.060632e-02 -2.009977e-01 -1.876048e-01 -1.317782e-01
3.537843e-02 -1.031331e-01 -3.878902e-01 9.127181e-02 -3.040653e-01 -9.715007e-02 1.592934e-01 -2.092209e-01
-8.828357e-02 4.816753e-01 -8.210547e-02 2.221371e-02 -1.186118e-01 -1.772234e-01 7.082579e-03 1.431209e-01
-1.189587e-01 -4.787018e-02 -1.095846e-01 -6.986078e-02 3.602993e-02 6.392636e-02 -1.405620e-02 -1.936987e-01
3.905962e-01 -1.440882e-01 -1.113377e-01 -6.734424e-03 -4.485647e-02 -2.326436e-01 -1.204328e-01 3.536811e-01
3.142068e-02 -9.126327e-02 -3.088533e-01 1.009310e-01 -2.479121e-01 -8.698802e-02 2.609346e-01 1.006682e-02
5.181095e-01 -7.012400e-02 -9.426762e-02 -1.126569e-01 -9.185213e-02 -8.343806e-02 -8.444158e-02 -1.731140e-02
2.286257e-01 -2.629984e-02 -1.712383e-01 2.670145e-02 -9.124584e-02 7.264821e-02 -2.558798e-01 -1.088913e-01
-8.912015e-02 6.765239e-02 -1.121239e-01 -1.032381e-01 7.562823e-02 -7.415707e-02 -6.419439e-03 -2.220682e-01
2.440454e-01 -9.326304e-02 -1.166816e-01 -1.309624e-01 -9.041479e-02 1.616571e-01 -1.226126e-01 1.447404e-01
3.037257e-02 1.855827e-02 -2.113978e-01 -1.536255e-01 -5.059767e-02 -4.284504e-02 -1.763749e-02 -1.687355e-01
7.625956e-02 -3.892996e-02 1.597031e-01 -1.004450e-01 -8.438726e-02 8.103172e-02 -9.658430e-02 -5.256495e-02
4.157250e-01 -1.074316e-01 -4.486002e-02 -1.664167e-03 -2.122146e-01 -2.278478e-01 -6.995708e-02 3.107022e-02
2.494742e-01 -1.316070e-01 -3.419300e-02 1.249691e-04 7.328142e-02 -1.560614e-01 -1.211444e-01 3.012734e-01
8.794089e-02 9.581966e-02 -1.095665e-01 -2.268436e-01 -1.099939e-02 4.642929e-02 -1.368106e-01 -1.865163e-01
-1.624826e-01 3.004710e-01 5.164840e-02 1.260965e-01 2.487650e-02 -1.468422e-01 -1.513172e-01 9.954242e-02
-1.281058e-01 -4.584596e-02 -1.041709e-01 -1.244783e-01 -8.631126e-02 -7.662680e-02 5.550234e-01 -3.375297e-02
-9.430661e-02 5.301974e-01 -9.475801e-02 -9.988220e-02 -4.641194e-02 -5.965050e-02 -7.768943e-02 -2.726449e-02
3.580255e-01 2.635232e-02 -2.196139e-01 -7.367429e-02 -2.106535e-01 -1.960997e-01 -1.373713e-01 -2.367855e-01
1.898334e-01 -5.278656e-02 -2.511353e-01 -1.110069e-01 -9.089052e-02 -1.555041e-01 1.237080e-02 2.623150e-02
3.401697e-02 -3.861367e-02 -1.651810e-01 -7.618472e-03 -3.266448e-01 -4.104901e-02 2.409050e-01 -1.009465e-01
1.022113e-01 -7.449207e-02 -1.180829e-01 -1.240554e-01 3.576627e-02 -9.238135e-02 -9.838036e-02 5.890332e-03
1.934232e-01 -6.350146e-02 -1.028839e-01 -1.296228e-01 -4.016281e-02 -8.876576e-02 -8.900697e-02 4.594704e-02
-3.760052e-02 -3.893374e-02 -2.989224e-01 -1.246765e-01 -2.931738e-01 -4.474028e-02 2.503796e-01 -7.955389e-02
-1.301815e-01 -9.664165e-02 8.523035e-02 -7.042420e-02 5.127040e-02 3.248052e-01 -1.202783e-01 -1.321513e-01
-8.608107e-02 -8.295696e-02 -1.369330e-01 -4.670364e-02 4.982892e-02 -5.635592e-02 -2.994750e-02 -2.830673e-02
-7.214516e-03 -7.104490e-02 -1.097646e-01 -1.143582e-01 9.400284e-02 -8.963764e-02 -9.903505e-02 -3.767098e-02
3.263372e-01 1.072816e-01 -1.173697e-01 -1.649195e-01 -1.874414e-01 -4.132842e-02 -2.249259e-01 -3.140236e-01
-6.113550e-02 -5.717339e-02 -1.688428e-01 -3.819159e-02 9.223419e-02 -2.033684e-01 -1.357597e-03 -6.022184e-02
2.222622e-02 -2.917074e-02 -3.603011e-01 2.582581e-02 -3.034646e-01 -7.706299e-02 8.008052e-02 -2.428454e-01
3.426450e-01 -1.400753e-01 2.649271e-02 8.407291e-02 -6.549766e-02 -2.249902e-01 -8.727225e-02 1.683886e-01
-1.325391e-01 -2.719747e-02 3.897100e-02 -7.639872e-02 9.873987e-02 9.840665e-02 -6.517291e-02 -1.708229e-01
-1.093751e-01 5.776160e-01 -4.452920e-02 2.577567e-01 -7.872739e-02 -1.027414e-01 -2.389005e-02 9.542286e-03
4.628536e-01 -7.296118e-02 -1.065353e-01 -1.260509e-01 -9.264320e-02 -1.010239e-01 -7.164785e-02 1.714368e-01
7.580925e-02 -9.659929e-02 -1.896894e-01 -5.310811e-02 5.913566e-02 -2.169822e-01 -1.522957e-02 8.901136e-02
-9.538621e-02 -1.000193e-01 -1.202398e-01 -1.051101e-01 1.148570e-01 1.674546e-01 -1.183900e-01 -5.537378e-02
7.277162e-03 -1.072275e-01 -2.298591e-01 -2.983577e-03 -2.092347e-01 -1.213040e-01 2.606187e-01 1.394930e-01
5.652256e-02 -4.076745e-02 -2.507873e-01 -7.885661e-02 -3.652867e-02 -1.427909e-01 8.361662e-03 -7.654031e-02
3.086097e-01 -1.930281e-02 -2.076478e-01 -1.784721e-01 -1.760674e-01 -1.416371e-01 1.114862e-02 1.138128e-01
-1.746859e-01 -7.196458e-02 -1.708577e-01 -2.977115e-02 1.290411e-01 -9.735732e-02 -7.687773e-03 -1.636578e-01
3.925258e-01 -1.005253e-01 -1.807028e-01 -1.008807e-01 -1.308500e-01 -2.068132e-01 -6.822091e-02 2.430419e-01
2.977712e-01 -7.713263e-02 -1.203800e-01 -1.436809e-01 -8.542620e-02 -9.958179e-02 -7.759718e-02 2.158998e-01
3.818596e-01 2.251464e-02 -1.318175e-01 -2.255335e-01 -2.224393e-01 -9.757663e-02 -7.716970e-02 -1.607437e-01
2.754544e-01 -8.460727e-02 -1.126288e-01 5.372789e-03 -9.627995e-02 -9.282203e-02 -1.117205e-01 -7.730816e-02
1.348863e-01 -1.052470e-01 -5.312667e-02 2.799234e-02 4.162863e-02 6.361281e-02 -2.061061e-01 2.388920e-01
2.031002e-01 4.484114e-02 -2.060217e-01 -2.073990e-01 -1.502319e-01 -2.835752e-02 -2.727576e-02 -5.718932e-02
-5.705673e-02 -1.092128e-01 -9.896948e-02 1.774994e-01 -1.232423e-01 -7.638647e-02 2.994725e-01 -1.015229e-01
-1.535972e-01 3.590728e-01 -1.511772e-02 3.983624e-01 -4.225626e-03 -1.974056e-01 -2.453330e-02 1.363863e-01
-9.831723e-02 -4.723396e-02 -1.048778e-01 -9.645326e-02 1.743467e-01 -8.407833e-02 -1.010865e-01 -9.503218e-02
-1.020311e-01 1.888155e-01 -5.352474e-02 4.389516e-01 -1.023528e-01 -1.011849e-01 -3.455343e-02 -9.090524e-02
-1.082302e-01 -8.503406e-02 -1.264095e-01 -1.364440e-01 6.108740e-02 -6.433737e-02 3.586628e-01 -9.365723e-02
3.750955e-01 -6.925006e-02 -3.530034e-03 -1.301909e-01 -1.089277e-01 -5.635349e-02 -1.024995e-01 -5.327184e-02
-5.684130e-02 -1.367674e-01 -3.441003e-01 -4.435226e-02 -2.657285e-01 -5.850861e-02 3.617429e-01 -1.330336e-02
2.962639e-02 -3.182162e-02 -1.310229e-01 -1.423538e-01 2.495397e-01 2.201829e-01 1.283152e-01 5.091744e-02
-1.475495e-01 -1.211293e-01 1.640709e-01 -1.024945e-01 1.610113e-02 -1.111320e-01 -1.445406e-01 -1.583551e-02
6.248193e-01 -1.202826e-01 1.996596e-01 -8.408780e-02 -7.070057e-02 -1.074305e-01 1.308240e-01 5.126899e-02
-1.315966e-01 -1.183054e-01 -1.146846e-01 2.252849e-01 3.143344e-01 2.393628e-01 -1.276499e-01 -1.082015e-01
-1.397539e-01 -1.343706e-01 -9.220017e-02 -9.503617e-02 2.785458e-01 -7.774306e-02 -1.098297e-01 -8.561236e-02
3.946798e-01 -2.255750e-01 1.857700e-02 -1.282994e-01 7.750339e-02 -1.381392e-02 6.640917e-02 1.821419e-02
-1.571401e-01 3.076380e-02 3.908053e-01 4.482041e-02 -2.109947e-01 7.281912e-02 -8.396780e-02 1.231511e-01
-2.438338e-01 -4.655129e-01 9.846409e-02 -7.664605e-02 -2.253111e-02 1.464407e-02 -1.790772e-01 1.913920e-02
-2.419482e-01 -6.892221e-02 -1.311331e-01 1.071674e-01 3.195590e-01 -6.703410e-02 -1.512341e-01 -2.306185e-02
-1.968753e-01 -6.521940e-02 -1.103563e-01 5.374908e-02 3.080460e-01 1.940396e-01 -5.903127e-02 6.699848e-03
-1.360444e-01 -8.602450e-03 3.477377e-01 -8.550969e-02 -2.537989e-02 -8.328854e-02 -1.732583e-01 5.327303e-02
-1.995108e-01 -9.326869e-02 -1.023974e-01 2.094239e-01 3.032646e-01 -1.104970e-01 -2.560002e-01 -1.312908e-01
-1.305809e-01 -1.257773e-01 -1.139406e-01 3.234121e-01 2.703231e-01 3.879058e-01 -1.380189e-01 -1.047289e-01
-1.270531e-01 -1.274550e-01 -1.408731e-01 5.733707e-02 3.075281e-01 1.586009e-01 -1.131255e-01 -8.543197e-02
-1.253578e-01 -1.636003e-01 1.169965e-01 -1.377212e-01 -1.396162e-01 8.968903e-02 -1.796725e-02 1.118085e-01
-2.900611e-01 -3.416815e-01 -5.678186e-02 -1.795190e-01 -2.513117e-02 -1.632347e-02 -9.644643e-02 1.846786e-02
3.874491e-01 -2.183406e-01 1.351889e-01 -4.302726e-02 1.075070e-01 -1.235041e-02 7.844583e-02 1.287171e-01
-1.560029e-01 -1.076637e-01 -1.409802e-01 1.744761e-01 3.767758e-01 4.581537e-02 -1.359538e-01 -1.085550e-01
-1.852540e-01 -1.123429e-01 -1.284830e-01 -8.104457e-02 3.131191e-01 1.537649e-01 6.158967e-02 4.578117e-02
-1.085766e-01 -1.527143e-01 3.127768e-01 1.000513e-01 -1.735412e-01 -7.599430e-02 -2.976551e-01 -9.991241e-02
3.988063e-01 -2.532656e-01 3.095797e-01 9.717158e-02 8.981393e-02 7.548478e-03 -1.272933e-01 2.267529e-02
-1.561902e-01 -3.452054e-01 3.444974e-01 -4.163067e-02 -2.913060e-02 -4.556933e-02 -2.061668e-01 1.373290e-01
-1.185300e-01 -1.199541e-01 -1.223180e-01 1.294494e-01 2.519270e-01 3.104240e-01 -1.353052e-01 -8.328405e-02
-1.833080e-01 -3.155233e-02 -6.864630e-02 -1.035309e-01 9.006654e-02 -1.045962e-02 -5.588346e-03 1.526444e-01
3.192339e-01 -8.962077e-02 3.340019e-01 4.673184e-02 5.885825e-02 -1.066287e-01 1.279814e-01 -2.138242e-01
-1.372418e-01 -1.441618e-01 -1.304966e-01 2.123768e-02 3.580310e-01 -4.762818e-02 -1.093446e-01 -1.009035e-01
-8.862726e-02 -1.166178e-01 2.519255e-01 -8.598083e-02 -6.945036e-02 -9.318123e-02 -1.395139e-01 -2.259276e-02
-9.704407e-02 -2.510670e-01 -2.150144e-01 -4.106440e-02 1.371166e-01 2.999720e-01 3.333057e-02 -9.790082e-03
-2.762298e-01 -1.272889e-01 -8.170257e-02 1.280027e-01 3.478034e-01 1.363830e-01 -1.894298e-01 -4.582543e-02
-1.335800e-01 -9.309007e-02 -1.085582e-01 -6.298244e-02 2.390229e-01 3.050024e-01 4.313534e-02 3.454334e-02
-2.779332e-01 -3.434074e-01 -1.514655e-01 1.750276e-01 2.347771e-01 2.768414e-03 -1.844641e-01 -7.341513e-02
-1.387691e-01 -1.231025e-01 -1.070362e-01 -9.829356e-02 1.236780e-01 -2.632429e-02 -1.099697e-01 -5.830703e-02
-1.830035e-01 -4.973177e-02 1.257819e-01 9.066696e-02 -5.732177e-02 1.118901e-01 -2.944354e-01 -9.556948e-02
-2.553953e-01 -3.358202e-01 -1.576411e-01 -9.543202e-02 1.273790e-01 7.563205e-02 -9.236475e-02 7.093589e-03
-2.893719e-01 -1.436603e-01 -8.420573e-02 5.637004e-03 2.807740e-01 2.727961e-01 -5.848527e-02 2.288017e-02
-8.292449e-02 -4.632693e-02 -1.569578e-01 -1.317981e-01 2.249107e-01 1.155458e-01 1.001097e-01 9.749579e-02
3.287497e-01 -4.048534e-01 4.349486e-02 -1.141859e-01 7.691330e-02 5.156990e-02 1.234870e-01 1.052345e-01
-1.916634e-01 -1.440199e-01 -1.397853e-01 -2.250616e-01 1.640210e-01 6.220357e-02 3.355854e-02 9.499319e-02
-2.778119e-01 -1.425741e-01 1.491081e-01 -5.032543e-02 -4.686751e-02 -3.865026e-02 -1.128049e-01 1.157773e-01
-2.442454e-01 -1.666366e-01 1.317842e-01 -1.140233e-01 -6.729953e-02 5.895761e-03 -5.870282e-02 1.410475e-01
-1.412378e-01 -9.845985e-02 -1.168430e-01 2.326872e-01 3.066550e-01 1.282992e-01 -2.712905e-01 -1.710426e-01
-7.880243e-02 3.059410e-02 -7.736332e-02 4.342896e-01 2.518831e-01 6.166588e-02 -1.977653e-01 -6.538133e-02
-3.084809e-01 -4.049065e-01 -9.524807e-02 -9.002300e-02 4.191534e-02 -1.743085e-01 -1.065850e-01 1.399955e-02
-1.839113e-01 4.048280e-01 2.856262e-01 -7.372641e-04 -9.770972e-02 -7.157453e-02 -1.317556e-01 -2.166974e-02
-7.090301e-02 -2.321733e-02 -1.569063e-01 5.060240e-03 2.974936e-01 2.333304e-01 2.178953e-02 -2.396544e-02
-1.283055e-01 -1.382344e-01 -1.320558e-01 -6.136145e-02 2.808026e-01 7.378037e-02 -1.132159e-01 -9.088273e-02
-3.097164e-01 -1.446111e-01 -1.099084e-01 2.334753e-02 3.597359e-01 6.798265e-02 -7.056501e-02 6.155842e-03
-3.038476e-01 -1.377113e-01 -5.826759e-02 1.124370e-01 2.349985e-01 -1.810571e-01 -2.365292e-01 -5.697716e-02
-1.642599e-01 2.042498e-01 -1.055651e-01 1.834437e-01 2.099314e-01 -9.815849e-02 -1.283309e-01 -5.999967e-03
-1.836848e-01 -2.900233e-02 3.673905e-01 1.320219e-01 -1.818672e-01 -8.257546e-03 -2.309174e-01 1.601860e-02
-5.878078e-02 -6.552161e-02 -1.746494e-01 -1.781557e-01 1.542855e-01 1.955836e-01 4.778506e-02 5.623621e-02
-1.541283e-01 1.809774e-01 2.111360e-01 -2.661217e-03 -8.224708e-02 -1.026348e-01 -1.752718e-01 -1.395389e-01
9.391644e-02 -1.205456e-01 2.950647e-01 -7.220280e-02 -9.295607e-02 -1.014842e-01 -1.490537e-01 -8.820530e-03
-1.752530e-01 -4.993673e-02 -1.427924e-01 -2.559532e-02 2.556909e-01 1.175222e-02 -3.417879e-02 6.048333e-02
-2.106219e-01 -2.522628e-01 1.911294e-01 1.999406e-03 -3.220816e-02 -2.509425e-01 -1.233833e-01 3.804317e-02
3.319801e-01 -1.982081e-02 1.664223e-01 -1.004673e-01 -6.516168e-02 -1.096247e-01 3.232802e-01 -4.481232e-02
-2.659653e-01 -1.515197e-01 -1.193900e-01 -1.179544e-01 2.880360e-01 3.288240e-03 2.407383e-02 6.153048e-02
-2.960577e-01 -7.559088e-02 -7.987540e-02 5.349474e-03 1.875939e-01 -1.243417e-01 -1.040389e-01 4.444320e-02
-1.275226e-01 -2.983817e-02 -1.474975e-01 8.472450e-02 3.506916e-01 8.183260e-02 -5.108180e-02 -1.824516e-02
-1.993624e-01 -3.074188e-01 -2.011961e-01 1.081658e-01 2.231653e-01 2.689495e-01 -3.493658e-02 -5.737283e-02
-2.372511e-01 -1.797369e-01 -2.450722e-02 2.751408e-02 2.002300e-01 3.498944e-02 -2.746071e-01 5.784066e-02
-2.804491e-02 6.015413e-02 1.999359e-01 3.190601e-01 8.908186e-03 6.646250e-02 -3.063393e-01 -1.855659e-01
-1.415328e-01 -1.141266e-01 -1.829447e-03 -1.079791e-01 1.970303e-01 -1.116007e-01 -1.269868e-01 -6.267441e-02
-1.119567e-01 -1.329115e-01 -1.357271e-01 -3.588349e-02 1.797622e-01 2.151729e-01 -1.324432e-01 -7.540987e-02
-7.489251e-02 -9.454949e-02 1.050428e-01 -7.141038e-02 -1.063582e-01 -1.288383e-01 2.575083e-03 4.432822e-03
2.491504e-01 -9.358142e-02 -1.906592e-02 4.379178e-01 2.908121e-01 1.238019e-01 3.519379e-02 -4.331313e-02
-3.664588e-02 4.030061e-02 2.883101e-01 5.999622e-02 2.534909e-01 -4.612963e-03 -7.111056e-02 -1.245870e-02
4.960316e-01 1.562653e-02 -6.528375e-02 3.714245e-02 -1.160585e-01 1.050701e-01 1.350873e-01 -4.388490e-02
-8.527213e-02 -1.117349e-01 2.849900e-01 2.090878e-01 -5.696715e-04 -9.613029e-03 2.286909e-02 4.556608e-02
4.126515e-01 -9.454376e-02 -5.376855e-02 4.270673e-01 3.977174e-01 1.819913e-02 -7.912568e-02 -1.459098e-01
1.693767e-01 -9.596384e-02 6.738350e-02 3.151711e-01 5.223305e-01 1.421228e-01 -9.156486e-02 -1.714515e-01
2.096902e-02 1.326655e-01 -1.306232e-02 -6.515363e-02 -2.918107e-02 -1.428156e-03 -9.022090e-02 4.238357e-01
4.754397e-01 -1.485577e-01 -4.705019e-03 4.433250e-01 8.932940e-02 1.114868e-01 -1.476530e-02 -1.652035e-01
3.052412e-01 -1.039907e-01 -1.088736e-01 -4.313309e-03 -1.012194e-01 7.648503e-02 -7.524926e-02 -5.036421e-02
-5.204023e-02 -9.387852e-02 1.450142e-01 2.568159e-02 5.710440e-01 -6.245430e-02 -8.040665e-02 -1.004212e-01
9.776818e-05 -1.616617e-01 3.372620e-01 1.684700e-01 3.383384e-01 -2.342473e-02 9.694669e-02 1.459323e-02
5.307428e-01 -1.293397e-01 -6.223580e-02 8.392920e-03 -1.571215e-01 1.197758e-01 2.638214e-01 -1.337963e-01
3.866561e-01 -2.314475e-01 2.056207e-02 4.086422e-01 5.972146e-02 6.626555e-02 3.286900e-02 -2.344359e-01
1.358555e-01 -2.358114e-04 -3.664913e-03 1.984137e-01 3.377759e-02 1.310055e-04 -5.857156e-02 7.789885e-02
-8.335812e-02 -8.660575e-02 1.178089e-01 -8.191635e-02 3.147488e-01 -9.850819e-02 -5.230798e-02 -1.519977e-01
1.620689e-01 8.837578e-02 4.913095e-02 2.762975e-01 3.578634e-01 2.293270e-03 8.321342e-03 4.012439e-02
1.661259e-01 -2.815459e-01 8.160923e-02 2.739106e-01 -3.709677e-02 9.093004e-04 2.760257e-02 -1.446485e-02
1.774503e-01 1.555095e-01 -1.740631e-02 2.172763e-01 2.646051e-01 1.749951e-01 -1.209971e-01 8.752314e-02
-1.070291e-01 1.409982e-01 2.516072e-01 -4.064531e-02 2.721084e-01 5.421796e-02 -1.092316e-01 7.280012e-02
5.704281e-01 -1.838965e-01 -1.316321e-01 1.206041e-01 -5.634576e-02 7.178718e-02 2.582202e-02 -1.348974e-01
3.777613e-02 -1.056929e-01 3.984739e-01 2.958135e-02 1.418731e-01 -1.256093e-01 3.050100e-02 -1.189502e-02
1.358622e-01 -1.198633e-01 -7.529700e-02 3.320480e-01 2.578180e-01 -6.261639e-03 -6.230462e-02 -1.359786e-01
4.378726e-01 -1.094864e-01 -4.426618e-02 1.220373e-01 1.363926e-02 -1.033754e-01 1.161330e-01 -6.690276e-02
-6.314737e-02 -5.281739e-02 4.088353e-02 -7.846674e-02 -7.531911e-02 -8.510858e-02 -5.084505e-02 4.158514e-01
4.549933e-01 -8.131804e-02 -6.552411e-02 3.897243e-01 2.027368e-01 2.701302e-02 -2.177397e-02 -1.557477e-01
-1.094948e-01 1.805030e-01 1.524538e-01 -1.276464e-01 3.534136e-01 -1.773045e-03 2.311421e-03 1.616555e-01
-8.523012e-02 7.527092e-02 1.827505e-01 -9.579224e-02 -9.322305e-02 1.529522e-02 -1.372182e-01 3.378755e-01
5.733753e-01 -1.135407e-01 -1.044067e-01 4.976887e-02 -1.109372e-01 2.235522e-01 1.551670e-01 -1.649477e-01
9.501076e-02 -9.957240e-02 2.216294e-01 2.622753e-01 5.395085e-01 -5.066509e-03 -9.504404e-02 -1.378213e-01
1.837795e-01 -1.361216e-01 1.851705e-02 2.442504e-01 1.254599e-02 -1.832086e-02 4.861156e-03 -2.697410e-02
4.212126e-01 -1.844198e-01 -8.460464e-02 3.342286e-01 1.288552e-01 8.666440e-02 1.611892e-02 -1.930460e-01
2.693762e-01 -8.558135e-02 6.587447e-02 -8.302413e-02 -1.491282e-01 -9.781688e-03 3.197727e-01 -1.055398e-01
4.601785e-01 -8.292027e-02 -4.941585e-02 -1.148381e-03 -1.250948e-01 -8.009059e-02 2.557158e-01 -1.216984e-01
3.463898e-01 -1.415757e-02 -3.355690e-02 3.915024e-01 2.712221e-01 -6.281912e-02 -1.921949e-02 -6.657881e-02
2.746517e-01 -3.314600e-02 1.872338e-01 2.713745e-01 1.073794e-01 1.459014e-01 -6.722306e-02 -8.526789e-02
1.673021e-01 -9.923655e-02 -6.746896e-02 -2.076645e-02 -8.282192e-02 -4.727373e-02 -6.957290e-02 -1.119161e-01
-9.162699e-02 -1.738048e-02 1.498529e-01 1.570479e-01 4.247463e-02 -2.733049e-02 1.886850e-03 8.740618e-02
3.970592e-01 -9.793807e-02 -9.887949e-02 4.143049e-01 3.897263e-01 2.054462e-01 -9.496650e-02 -1.507724e-01
-6.590977e-02 -9.936233e-02 7.209910e-02 -5.647350e-02 -1.026980e-01 -1.106564e-01 -4.234044e-02 -1.125241e-01
3.028120e-01 1.402832e-01 -3.130172e-02 -6.564355e-02 -5.638595e-02 9.923481e-02 8.059914e-02 6.712436e-02
3.366941e-01 -1.932556e-01 -2.184591e-02 4.303059e-01 1.712599e-01 1.878128e-04 6.377409e-02 -1.705300e-01
-4.540612e-02 -9.240828e-02 3.255640e-01 7.519307e-02 4.856326e-01 -8.373486e-02 -6.494675e-02 -1.344531e-01
-8.427936e-02 -9.039088e-02 2.098165e-01 -7.371359e-02 -7.641524e-02 -1.010477e-01 -1.017566e-02 -1.235660e-01
1.884762e-01 -1.321115e-01 6.165079e-02 3.654769e-01 3.015397e-01 -8.119699e-02 1.173929e-01 -9.499565e-02
-3.655273e-02 -5.061029e-02 3.760358e-01 6.843226e-02 2.966076e-01 -2.829432e-02 7.519695e-02 2.576189e-02
2.156005e-02 -1.884759e-01 2.174158e-01 1.852569e-01 4.748196e-03 1.789797e-02 -9.007569e-03 1.284618e-04
4.303334e-01 -3.166101e-02 -6.957720e-02 3.792006e-01 1.615416e-01 1.271432e-01 -8.746198e-02 -8.012845e-02
2.509106e-01 -9.417062e-02 7.730710e-02 3.704668e-01 4.945616e-01 -6.029799e-02 -8.291528e-02 -1.407947e-01
1.850542e-01 -4.371034e-02 -9.310945e-02 5.990175e-02 -1.103735e-01 5.866254e-02 -4.712337e-02 3.563305e-01
2.933829e-01 6.463815e-02 -6.279663e-02 3.505307e-01 2.469938e-01 1.759765e-01 -8.258616e-02 1.714889e-02
6.064949e-01 -1.068760e-01 -1.406493e-01 3.403466e-02 -1.097995e-01 6.372294e-02 1.371937e-01 -1.567892e-01
3.341528e-02 -1.028542e-01 3.659252e-01 1.520527e-01 2.359544e-01 -6.505449e-02 -2.197784e-02 -1.034215e-01
4.472564e-01 -8.970189e-02 -1.005286e-01 3.796512e-01 2.437699e-01 2.460348e-01 -8.458831e-02 -1.493373e-01
3.222190e-01 -1.498313e-01 -1.080726e-01 6.291517e-02 -1.035195e-01 -5.457562e-02 2.185670e-02 -1.137441e-01
-3.831162e-02 -8.678623e-02 1.386336e-01 -9.518205e-02 -1.399826e-01 -1.041895e-01 2.270900e-01 -1.020465e-01
1.009384e-01 -1.283638e-01 2.301729e-01 3.130343e-01 2.597059e-01 3.310037e-02 2.425773e-02 -7.176799e-02
2.483220e-01 -2.529215e-01 3.382908e-02 4.228282e-01 1.819256e-01 1.194950e-01 6.467358e-02 -7.412808e-02
-1.579968e-02 -2.971995e-02 2.350770e-01 1.122099e-01 3.927470e-01 1.449323e-03 6.484282e-02 6.723633e-02
2.944058e-01 -9.773734e-02 -3.595015e-02 3.823487e-01 4.616254e-01 1.557673e-01 -9.632497e-02 -1.620352e-01
-7.147435e-02 -1.405138e-01 1.564835e-01 1.529584e-01 -4.859706e-02 -7.618179e-02 1.082563e-02 -3.119110e-02
-7.321325e-02 9.223723e-02 2.414231e-01 -2.986795e-02 3.685748e-01 -2.656130e-02 6.313878e-02 1.311403e-01
3.803377e-01 -1.176750e-01 5.362088e-03 4.140217e-01 1.883065e-01 -1.482440e-01 5.046338e-02 -1.367269e-01
-7.349941e-02 -8.904905e-02 2.301625e-01 -2.781381e-02 5.216802e-01 -6.730755e-02 -9.019801e-02 -8.942890e-02
-9.045453e-02 1.006740e-01 -1.178964e-01 3.910891e-01 -1.343252e-02 -7.622220e-02 -2.709758e-01 -2.655059e-01
1.775349e-01 -5.149645e-02 3.328052e-02 3.744817e-02 3.695273e-01 1.373597e-01 3.433135e-01 -4.955405e-03
-8.961158e-02 -2.041521e-03 -1.368393e-01 4.153658e-01 -7.165780e-02 -9.072968e-02 -1.670523e-01 -1.309774e-01
-9.692331e-02 -1.169348e-01 2.854263e-01 1.584503e-01 -7.099269e-02 -7.479181e-02 -1.421754e-01 -9.916215e-02
-1.133924e-01 -7.520736e-02 -1.955294e-01 2.019100e-02 -9.241775e-02 2.607471e-01 2.467393e-01 -1.143421e-01
1.291595e-02 3.553662e-01 -1.914376e-01 -6.564666e-02 -5.582945e-03 2.011411e-02 3.155977e-01 -5.111072e-02
1.548710e-02 -5.320573e-03 -1.153660e-01 -3.873052e-02 3.002546e-01 5.289766e-02 5.293311e-01 -1.055768e-01
-1.249195e-01 2.004796e-01 9.187704e-02 1.436645e-01 -1.067592e-01 -3.824975e-02 -1.528996e-01 -4.901337e-02
-1.632288e-01 -6.738085e-02 -7.780762e-02 2.346220e-01 9.617731e-03 -7.216542e-02 -2.167567e-01 -1.926775e-01
3.435409e-02 -1.075563e-01 -1.135098e-01 3.066574e-01 6.364230e-02 -4.308688e-04 -2.451252e-01 -4.976388e-02
-1.365977e-01 -1.555655e-01 -2.284393e-02 -4.290359e-02 -1.840668e-01 2.257025e-01 3.208287e-01 -5.985068e-02
-6.304644e-02 -6.781186e-02 1.683736e-02 -1.235067e-01 1.069778e-02 -3.909373e-02 3.933832e-01 -5.012417e-02
-1.104011e-01 -9.952801e-02 -3.160962e-02 3.428008e-01 -8.582097e-02 -8.080703e-02 -1.562762e-01 -1.287000e-01
-6.786458e-02 1.598595e-01 -1.971236e-01 4.196477e-01 -7.879395e-02 -1.015261e-01 -1.685444e-01 -1.455336e-01
1.648560e-01 1.022063e-01 -6.010257e-02 -4.348038e-02 1.237695e-01 1.613432e-01 2.523105e-01 -1.261276e-01
-7.481658e-02 3.309719e-01 -1.881124e-01 4.485351e-01 -6.480893e-02 -8.455063e-02 -1.609122e-01 -1.420327e-01
-3.947528e-02 3.620594e-01 -1.297107e-01 9.442673e-02 -1.482303e-01 3.862880e-01 1.764619e-01 -1.092770e-01
-9.031867e-02 7.226676e-02 -1.907730e-01 8.914614e-02 -1.527060e-01 3.781080e-01 2.526422e-01 -6.920156e-02
8.896066e-02 -1.318942e-01 1.415987e-01 1.217729e-01 -6.647644e-02 6.278376e-02 -7.587662e-02 -8.539160e-02
-6.538682e-02 -1.140384e-01 -1.537476e-02 -7.309062e-02 2.550039e-01 -2.451334e-02 5.356111e-01 -6.660091e-02
-1.410690e-01 -8.967102e-02 -5.014678e-02 -1.280245e-01 -2.482470e-02 -3.771024e-02 -6.711429e-02 -5.359613e-02
-1.417638e-01 -1.050559e-01 -5.060374e-02 1.679306e-01 -1.502391e-01 -1.194003e-01 -1.400622e-01 -7.267821e-02
9.767261e-03 2.911423e-02 1.562405e-02 1.400110e-01 -1.453562e-01 2.548240e-02 -1.218249e-01 -1.993162e-01
1.611029e-01 8.912484e-02 -1.442930e-01 -3.379401e-02 2.238168e-01 1.168894e-01 2.472093e-01 -4.389270e-02
-7.387875e-02 1.698270e-02 1.442768e-01 2.562834e-01 -4.480747e-02 2.850182e-02 -1.896563e-01 -2.011734e-01
1.063871e-01 1.107642e-02 9.317927e-03 -1.028192e-02 3.139459e-01 7.612036e-02 3.351419e-01 8.115447e-02
1.020822e-01 3.333607e-01 -1.869431e-01 -5.849430e-03 1.195294e-01 1.247845e-01 3.566840e-01 -1.439705e-01
-1.412686e-01 -1.490749e-01 2.010449e-01 -9.819721e-02 -1.276194e-01 2.203139e-01 3.325406e-01 -3.859070e-02
-1.437362e-01 -3.497845e-02 -1.473077e-01 6.837071e-02 -1.671793e-01 2.517232e-01 2.350568e-01 1.994015e-02
-9.644520e-02 5.552417e-02 -1.312457e-01 2.807691e-01 -6.937830e-02 -3.813856e-02 -2.448427e-01 -8.693217e-02
-1.145955e-01 -1.145256e-03 2.104551e-01 5.459012e-02 -1.247030e-01 -7.931473e-02 -1.433633e-01 -1.222532e-02
1.197312e-01 2.303637e-01 -8.042707e-02 -3.813988e-04 3.771548e-01 1.581215e-01 2.374462e-01 -2.192452e-02
-1.144677e-01 6.728226e-03 2.830614e-01 1.214513e-01 -1.121764e-01 5.363997e-02 -1.653066e-01 -1.436808e-01
-8.306023e-02 -1.378033e-01 -1.491391e-01 4.819671e-02 -2.034547e-01 3.311404e-01 3.514158e-01 -9.307217e-02
2.829281e-01 1.267638e-01 -1.302231e-01 -1.692457e-02 2.826356e-01 2.201028e-01 1.555360e-01 -1.205253e-01
-1.399575e-01 -5.620432e-02 -8.475301e-02 -9.815338e-02 1.547168e-01 -3.047042e-02 -1.254625e-01 -8.305664e-02
-9.084011e-02 -4.559287e-02 -1.034840e-01 3.408318e-01 2.821944e-03 -4.725180e-02 -2.479518e-01 -2.350615e-01
-4.864491e-02 7.381204e-02 -1.436336e-01 3.979838e-01 -1.995112e-02 1.569564e-02 -2.642621e-01 -8.711727e-02
-2.546673e-02 1.200074e-01 -1.232214e-01 -9.537257e-02 1.454014e-02 -1.031360e-02 3.617659e-01 -5.771277e-02
-6.378038e-02 1.346194e-01 3.530827e-02 3.281981e-01 -3.445129e-02 -3.047687e-02 -1.704717e-01 -1.791759e-01
-1.634843e-01 -4.071317e-02 4.272532e-02 1.207563e-01 -3.608331e-02 -9.393232e-03 -1.978457e-01 -1.795949e-01
1.721072e-01 2.413826e-01 -1.226043e-01 -2.927561e-02 1.477660e-01 1.769641e-01 1.798821e-01 -1.211145e-01
-9.662940e-02 2.616455e-01 -7.218154e-02 3.944459e-01 -2.505659e-02 2.826676e-02 -3.048222e-01 -1.816667e-01
-6.081061e-02 5.393435e-03 1.512984e-01 2.979954e-01 -5.828205e-02 -4.979793e-02 -1.500451e-01 -1.025046e-01
-9.320240e-02 -1.383165e-01 1.139622e-01 -8.457315e-02 2.414837e-01 -4.692718e-02 5.401912e-01 -6.233095e-02
-9.817866e-02 5.502777e-01 -9.225222e-02 3.703936e-01 -8.376876e-02 -5.390460e-02 -1.786916e-01 -1.057338e-01
-1.812560e-02 -4.439542e-02 -1.496771e-01 6.905504e-02 -3.723870e-02 3.775957e-01 1.509704e-01 -1.056816e-01
-1.080001e-01 -1.237925e-03 -1.444577e-01 3.528677e-01 -1.301465e-01 -1.021125e-01 -1.862949e-01 6.243761e-02
-7.384431e-02 1.953014e-02 -1.059682e-01 2.486354e-01 4.235365e-02 5.951408e-02 -3.093564e-01 -1.777224e-01
3.289254e-02 1.937589e-01 -1.365625e-01 -2.183714e-02 2.769445e-01 9.106133e-02 4.913439e-01 -1.103347e-01
-1.186695e-01 -1.273588e-01 9.820343e-02 2.349009e-01 -1.135824e-01 -9.986109e-02 -1.638660e-01 -1.285139e-01
2.108329e-01 1.123343e-02 -1.329426e-01 -4.550591e-02 3.916454e-01 1.359008e-01 2.856576e-01 -7.443963e-02
-8.284024e-02 4.682283e-02 5.921920e-02 2.605349e-01 2.336089e-02 6.534675e-02 -3.233668e-01 -1.769824e-01
-1.267040e-01 2.014047e-01 -1.409370e-01 3.992052e-01 -8.785173e-02 -4.881645e-02 -2.198852e-01 -9.224294e-03
-2.300621e-01 -1.616835e-01 9.265835e-03 1.559638e-01 -4.742197e-02 -1.073023e-01 -1.545586e-01 -1.123770e-01
-1.062340e-01 -5.879941e-02 -1.397488e-01 2.698263e-01 -9.013615e-02 -1.057143e-01 -1.466676e-01 -9.466334e-02
3.297045e-02 -7.115143e-03 -1.606579e-01 -6.562476e-02 1.146287e-02 5.442757e-02 4.001890e-01 -1.103367e-01
-1.010586e-01 -1.535935e-01 1.433438e-02 -5.575599e-03 -8.741749e-02 3.527685e-01 2.553353e-01 -8.384307e-02
1.647480e-01 5.348099e-01 -6.595901e-02 -2.377194e-04 1.262908e-01 2.162503e-01 1.759571e-01 -8.801668e-02
-1.341409e-01 7.793579e-02 -1.538039e-01 -1.265285e-01 -8.777330e-05 -5.244619e-02 -9.593430e-02 4.711797e-03
-2.176914e-01 -1.482893e-01 1.559221e-01 6.102659e-02 -9.922405e-02 -7.578272e-02 -1.539266e-01 -1.137783e-01
-8.632935e-02 2.741923e-01 -7.691633e-03 3.209597e-01 -3.819199e-02 -5.701941e-02 -1.516086e-01 -1.359759e-01
-1.008382e-01 -1.361053e-01 4.082215e-01 1.372383e-02 -7.942109e-02 -7.425327e-02 -1.246749e-01 -5.212426e-02
-1.002503e-01 4.587313e-01 -7.216217e-02 3.813513e-02 -6.668956e-02 -7.825432e-02 -1.208145e-01 2.110261e-02
-4.296945e-02 -5.117643e-02 -3.103794e-01 -1.035158e-01 -2.937997e-01 -6.829143e-02 2.800831e-01 -6.867942e-02
2.514550e-01 -7.878313e-02 4.787382e-02 -1.269808e-01 -1.672589e-01 -4.207915e-02 -7.700609e-02 -6.054855e-02
-3.121326e-02 -9.349173e-02 -1.438227e-01 -4.749205e-03 8.170477e-02 -2.137573e-01 -1.212831e-02 -1.301756e-04
2.351928e-01 -1.164948e-01 -1.190195e-01 -4.838826e-02 6.631773e-03 -1.973333e-01 -6.265905e-02 2.034661e-01
-1.772576e-01 -7.645105e-02 -1.346703e-01 -3.637655e-02 1.079514e-01 -9.864835e-02 2.413649e-02 -1.724218e-01
-3.000977e-02 -8.555327e-02 -1.731413e-01 2.553029e-01 -1.646072e-01 -8.491474e-02 2.513727e-01 -1.709122e-01
-8.104318e-02 -8.180565e-02 -1.713136e-01 -1.208611e-01 -1.858562e-01 -9.438566e-02 5.436912e-01 -4.673233e-02
1.351209e-02 -5.234989e-02 2.218865e-01 -1.059823e-01 -7.289014e-02 9.796990e-02 -8.710965e-02 -7.447219e-02
4.557709e-01 -1.054536e-01 -8.843803e-02 -1.425660e-01 -1.979267e-01 -1.103124e-01 -5.403513e-02 -7.248471e-02
-9.187401e-02 5.546214e-01 -7.046650e-02 -1.595588e-02 -1.149317e-01 -1.533067e-01 -9.892811e-03 4.400595e-02
8.358568e-02 -1.373699e-01 -1.840974e-02 -1.031714e-01 -1.558222e-02 3.640128e-01 -1.212530e-01 7.233920e-02
5.424656e-02 -1.549229e-01 -9.701460e-02 1.366841e-01 -1.376704e-01 -1.152715e-01 5.572321e-01 -2.084977e-03
-1.519619e-01 1.715326e-01 3.896774e-03 5.078930e-01 -4.637763e-02 -1.739066e-01 -1.336763e-01 -9.895182e-02
4.044896e-01 -8.627978e-02 -1.517795e-01 -1.426712e-01 -1.970472e-01 -1.443730e-01 -3.100059e-02 1.028115e-01
2.582274e-02 -5.007444e-02 -3.916595e-01 4.862260e-02 -3.172410e-01 -1.049022e-01 9.612657e-02 -2.691645e-01
2.454671e-01 -1.670226e-01 2.864615e-02 -1.437697e-02 1.103074e-01 -1.046295e-01 -1.332826e-01 2.917345e-01
6.033338e-02 -1.578224e-01 -1.959610e-02 -1.289180e-02 1.075592e-01 1.046277e-01 -1.843852e-01 1.868236e-01
4.272663e-01 -1.209105e-01 -1.378093e-02 3.387317e-02 -1.835424e-01 -2.644275e-01 -8.134536e-02 4.485263e-02
1.431288e-01 -3.718540e-02 -1.834277e-01 -1.514239e-01 -1.226625e-01 -9.111368e-02 -2.915687e-04 -6.135697e-02
-1.164064e-01 -1.258424e-01 -4.124118e-02 -4.477380e-02 2.629724e-01 -7.945279e-02 -1.209614e-01 -9.328934e-03
-1.182232e-01 -6.664011e-02 -1.363945e-01 -9.202173e-02 1.625737e-01 -9.657505e-02 -6.764241e-02 -1.294829e-01
-1.373966e-01 -6.838116e-02 -1.166020e-01 -1.332730e-01 5.752026e-02 -7.771353e-02 3.351137e-01 -1.285148e-01
3.462429e-01 8.517493e-02 -9.344100e-02 -1.879921e-01 -1.707512e-01 -2.641762e-02 -2.126420e-01 -3.353147e-01
3.539156e-01 -1.668407e-01 -2.921773e-02 3.824085e-02 -3.118696e-03 -2.263708e-01 -1.134547e-01 3.352773e-01
2.885063e-02 -1.454905e-01 -5.025216e-03 2.341477e-01 -3.110055e-02 -7.582028e-02 4.595712e-01 1.077090e-01
3.971540e-02 -2.276525e-02 -1.660536e-01 8.978138e-04 -3.147483e-01 -4.844215e-02 2.401845e-01 -1.324939e-01
3.660553e-02 -9.248075e-02 -3.120031e-01 1.164106e-01 -2.667623e-01 -1.009995e-01 2.917014e-01 -1.763543e-03
-1.622046e-01 -4.772082e-02 5.242453e-02 -8.101340e-02 1.063736e-01 8.966234e-02 -2.700412e-02 -1.872142e-01
-4.038169e-02 1.374447e-02 -2.496794e-01 -2.137522e-01 -2.400765e-01 1.992423e-02 1.813419e-01 -2.241806e-01
5.434266e-01 -1.254413e-01 -5.896017e-02 -1.090940e-01 -1.241506e-01 -1.058533e-01 -7.340371e-02 2.932860e-02
2.228584e-01 -9.635220e-02 -1.241588e-01 -1.201996e-01 -6.291147e-02 -1.256066e-01 -6.383400e-02 5.519779e-02
9.035745e-02 -5.677873e-02 -2.402208e-01 -5.392363e-02 -5.009170e-02 -1.769341e-01 1.785985e-02 -2.268198e-02
7.595721e-04 -9.430912e-02 -1.189978e-01 -9.923890e-02 -1.719359e-02 1.305642e-01 -8.003000e-02 2.683891e-02
-1.481556e-01 4.846643e-01 1.694276e-02 4.082726e-01 1.955364e-02 -1.226031e-01 -1.092361e-01 6.324581e-02
4.558124e-01 -1.316001e-01 2.413657e-02 -4.253332e-02 -1.386508e-02 -8.412435e-02 -1.395167e-01 1.333874e-01
4.957988e-03 -1.012747e-01 -2.091952e-01 4.835865e-02 -2.161729e-01 -1.070702e-01 2.572460e-01 1.342296e-01
-9.155296e-02 -7.588797e-02 -8.337349e-02 -4.917428e-02 3.895279e-02 -3.455503e-02 -4.490947e-02 -5.586873e-02
-1.485831e-01 3.100444e-01 -1.755252e-02 3.546295e-01 -6.897253e-02 -1.978433e-01 2.901106e-02 1.973101e-01
5.880532e-02 -9.003531e-02 -1.181919e-01 -1.034738e-01 5.173581e-02 -1.006634e-01 -4.952491e-02 -3.390262e-02
7.489408e-02 -1.224757e-01 -5.410578e-02 -4.703707e-02 1.021983e-01 -1.174427e-01 -1.265174e-01 1.000217e-01
-9.992290e-02 4.090993e-02 -1.281127e-01 -1.167079e-01 4.800170e-02 -8.462216e-02 9.588456e-03 -2.350750e-01
3.889478e-01 1.498572e-02 -1.891827e-01 -7.683794e-02 -2.011330e-01 -1.814510e-01 -1.302065e-01 -2.458311e-01
-6.586996e-02 -5.620688e-02 -1.942747e-01 -7.905094e-02 2.559988e-02 -1.557644e-01 1.546670e-02 -1.412589e-01
4.167676e-01 -1.452276e-01 -4.903094e-02 -1.170839e-01 -1.024564e-01 -1.368569e-01 -7.585526e-02 2.318859e-01
-1.615637e-01 3.362286e-01 6.734382e-02 1.029448e-01 6.062116e-02 -1.325206e-01 -1.336790e-01 7.809798e-02
2.863693e-01 -1.440684e-02 -1.969284e-01 -1.811747e-01 -2.009596e-01 -1.156398e-01 -9.788003e-03 -5.975409e-03
5.086631e-02 9.873340e-02 -7.820733e-02 -2.437690e-01 -5.773441e-03 5.747296e-02 -1.200100e-01 -2.252088e-01
-1.118693e-01 -2.421182e-02 -2.234474e-01 -1.853360e-01 -1.444697e-01 -6.608955e-02 4.411548e-01 -1.752649e-01
2.366795e-01 -1.492721e-01 -5.424961e-02 -9.038785e-02 -4.604708e-02 1.245962e-01 -1.232448e-01 2.077281e-01
2.459711e-01 -4.878351e-02 -1.610202e-01 3.280829e-02 -6.992292e-02 8.671371e-02 -2.285261e-01 -1.130037e-01
2.819059e-01 -5.833399e-02 -1.986627e-01 -1.125683e-01 -1.369199e-01 -1.828116e-01 -4.731174e-03 1.313720e-01
-1.251929e-01 -1.333634e-01 -1.148202e-01 -1.071983e-01 1.417223e-01 1.459968e-01 -4.481344e-02 -9.216402e-02
3.151781e-01 -1.036308e-01 -1.173624e-01 -9.165356e-04 -1.394927e-01 -1.054956e-01 -8.319539e-02 -1.111303e-01
1.054182e-02 -1.659913e-02 -3.223477e-01 -2.518502e-02 -2.824591e-01 -2.084111e-02 7.638888e-02 -2.987471e-01
-1.546641e-01 -8.996245e-02 -1.632212e-02 -9.122608e-02 6.057466e-02 3.077042e-01 -5.945866e-02 -1.240939e-01
4.914258e-01 -3.083700e-02 -1.823953e-01 -1.396875e-01 -2.162701e-01 -2.046903e-01 -4.738705e-02 -7.704544e-02
-1.494401e-01 -1.110090e-01 1.701471e-01 -4.447360e-02 5.893663e-02 3.637099e-01 -1.220151e-01 -1.633397e-01
-4.003364e-02 -1.420010e-01 -7.148899e-02 -3.947818e-02 -1.084609e-01 -1.133688e-01 5.376732e-01 1.017497e-01
4.138432e-01 -1.475922e-01 -1.517617e-01 -5.619916e-02 -1.115879e-01 -2.361268e-01 -7.492680e-02 2.876545e-01
-1.240054e-01 -6.121160e-02 -9.170073e-02 -8.574441e-02 1.532621e-02 4.917366e-02 7.809025e-03 -2.192053e-01
4.119638e-01 1.718202e-02 -1.006482e-01 -2.387440e-01 -2.057520e-01 -9.993883e-02 -7.114556e-02 -1.819177e-01
4.036318e-02 -8.403896e-02 -4.199385e-01 1.077712e-01 -3.574667e-01 -1.305644e-01 1.871516e-01 -2.059090e-01
2.826690e-02 -1.314842e-02 -1.800994e-01 -1.324821e-01 -4.841485e-02 -6.417733e-02 -7.621118e-03 -1.507415e-01
2.149337e-01 6.109092e-02 -1.624690e-01 -2.511478e-01 -1.335579e-01 1.126451e-02 -4.754088e-02 -9.889238e-02
-2.826826e-01 -1.378974e-01 1.577204e-01 -5.932334e-02 -4.874925e-02 -3.584375e-02 -9.842957e-02 1.211757e-01
-9.059825e-02 -7.351621e-02 -1.331354e-01 7.026581e-02 2.398472e-01 3.063721e-01 -1.069120e-02 -2.334036e-02
3.444268e-01 -2.425265e-02 2.230074e-01 -1.008020e-01 -8.311938e-02 -1.291116e-01 2.181239e-01 -8.195754e-02
-2.202505e-01 -1.486265e-01 -2.150301e-02 3.957724e-02 1.819467e-01 2.021351e-02 -2.992918e-01 5.977342e-02
3.437894e-01 -3.252556e-01 2.423400e-02 -1.445169e-01 3.703311e-02 6.489082e-02 1.378220e-01 1.222878e-01
-6.649939e-02 -1.983752e-02 -1.798454e-01 -1.882655e-01 1.580577e-01 1.503827e-01 9.942056e-02 9.379844e-02
-2.955739e-01 -2.996863e-01 -5.664001e-02 -1.694718e-01 -3.170618e-02 -3.945490e-02 -9.689090e-02 1.349716e-02
-1.656044e-01 1.430458e-01 -9.388135e-02 2.266956e-01 2.033841e-01 -1.005624e-01 -1.201532e-01 -1.904958e-02
-1.729255e-01 4.183382e-02 3.971536e-01 7.528990e-02 -2.181798e-01 5.066502e-02 -1.007887e-01 1.073181e-01
-2.020771e-01 -1.316864e-01 2.694447e-01 8.008079e-03 -8.009864e-02 -1.791968e-01 -1.909349e-01 -5.213264e-02
-1.611078e-01 -1.072815e-01 1.306300e-01 -1.093397e-01 -2.371417e-01 1.367379e-01 2.414779e-02 5.271610e-02
-1.585995e-01 -8.842906e-02 -1.138137e-01 2.128064e-01 3.524619e-01 1.023293e-01 -1.322155e-01 -7.899965e-02
-9.873557e-02 -9.734780e-02 -1.325492e-01 -6.363545e-02 1.394931e-01 1.945357e-01 -9.585659e-02 -3.645198e-02
6.060743e-01 -1.077590e-01 2.827395e-01 -1.299067e-01 -1.083901e-01 -9.100150e-02 1.662266e-01 4.063680e-02
-1.149234e-01 3.452891e-02 1.670552e-01 2.086692e-01 -2.974526e-02 8.419022e-02 -3.032580e-01 -1.419179e-01
-2.085541e-01 -1.159575e-01 -4.916709e-03 -1.007585e-01 1.645098e-01 -1.283358e-01 -9.714615e-02 -3.742236e-02
-1.598809e-01 -9.504034e-02 -1.155401e-01 3.541924e-02 3.166446e-01 1.902516e-02 -1.231966e-01 -4.767086e-02
-1.161913e-01 -8.877650e-02 -1.160759e-01 2.068496e-01 3.273882e-01 2.664761e-01 -8.069818e-02 -5.645368e-02
-1.478678e-01 -1.096177e-01 2.567798e-01 -9.068295e-02 -1.011160e-01 -1.287319e-01 -7.994384e-02 3.589227e-02
-2.398560e-01 -4.128779e-01 1.051437e-01 -6.912881e-02 -3.923306e-02 -5.726195e-03 -1.877847e-01 1.531541e-02
-1.155651e-01 -7.446389e-02 -1.163338e-01 -7.714945e-02 2.423863e-01 9.665251e-02 -1.943031e-02 8.136435e-03
-1.865524e-01 -1.211329e-01 -8.885456e-02 4.466416e-02 3.111261e-01 -1.125050e-01 -1.835593e-01 -1.213530e-01
-1.689677e-01 -3.699259e-02 3.624122e-01 1.548703e-01 -1.761415e-01 -4.299385e-02 -2.752007e-01 -3.433254e-02
-2.327915e-01 -1.259612e-01 -1.401745e-01 -2.122546e-01 1.655815e-01 4.572072e-02 4.672917e-02 9.189774e-02
-2.293144e-01 -1.221333e-01 8.000826e-03 -2.137201e-02 1.951139e-01 -1.742206e-01 -1.974246e-01 -1.275075e-01
-2.462695e-01 -9.016941e-02 -1.218213e-01 -4.893827e-03 2.851132e-01 2.489857e-01 -1.139425e-02 3.209919e-02
-1.850578e-01 -1.507528e-01 1.161463e-01 -1.573880e-01 -9.071328e-02 2.485917e-02 -3.212587e-02 1.459250e-01
-1.216583e-01 -9.847201e-02 -7.640456e-02 -1.502573e-01 1.231977e-01 -6.841325e-03 3.324685e-03 9.378099e-03
-1.162535e-01 -1.001702e-01 -8.476471e-02 3.521757e-01 2.711313e-01 2.708155e-01 -1.747012e-01 -1.358646e-01
4.129876e-02 -5.458759e-03 -1.360202e-01 -1.362592e-01 2.478754e-01 2.038095e-01 1.312399e-01 4.315763e-02
-1.546905e-01 -5.465654e-02 -1.378284e-01 -9.753744e-02 3.051917e-01 8.498850e-02 9.368603e-02 8.080583e-02
-2.932969e-01 -3.158730e-01 -1.458520e-01 -9.003743e-02 1.179627e-01 2.899361e-02 -1.256166e-01 -1.210937e-02
-2.981691e-01 -1.125734e-01 -1.034589e-01 9.226187e-02 3.687979e-01 1.027882e-01 -1.234527e-01 -1.950029e-02
-6.406178e-02 -1.740694e-01 -2.484063e-01 -5.158919e-02 1.206744e-01 3.245511e-01 7.037431e-02 -2.151414e-02
-2.218783e-01 -1.237166e-01 1.807429e-01 -8.218907e-02 -4.822975e-03 -1.576794e-01 -1.045776e-01 -1.865624e-02
-1.048428e-01 2.205191e-02 -4.851805e-02 4.412806e-01 2.312695e-01 2.558448e-02 -2.112567e-01 -1.081672e-01
-2.994069e-01 -8.236293e-02 -5.471516e-02 8.374953e-02 2.343863e-01 -1.779010e-01 -1.710325e-01 1.306908e-02
4.022256e-01 -1.912705e-01 1.647244e-01 -3.539418e-02 7.866332e-02 -2.045613e-02 1.168068e-01 1.287054e-01
-2.350245e-01 -4.780751e-02 -1.183551e-01 1.771434e-01 3.664278e-01 -7.345399e-02 -1.615438e-01 -5.732611e-02
3.190942e-01 -6.559150e-02 3.433265e-01 6.336645e-02 6.787490e-02 -1.043016e-01 1.165693e-01 -2.079113e-01
-1.823035e-01 -1.112734e-01 -1.052767e-01 2.314396e-01 3.024738e-01 3.072867e-02 -2.776182e-01 -1.649782e-01
4.299742e-01 -2.160280e-01 3.228188e-01 9.605201e-02 9.123527e-02 -7.632222e-03 -1.153498e-01 1.824916e-02
-1.990667e-01 3.715883e-01 3.043422e-01 4.318005e-03 -1.129914e-01 -6.967382e-02 -1.326959e-01 -1.314262e-02
-2.746464e-01 -2.889020e-01 -1.652078e-01 1.828319e-01 2.479713e-01 -2.458860e-02 -2.123614e-01 -1.061334e-01
-1.125758e-01 -5.463123e-02 -1.360935e-01 -7.214864e-02 2.030866e-01 3.106613e-01 6.387299e-02 3.808116e-02
-8.320036e-02 -8.810639e-02 -1.197594e-01 2.556683e-01 2.646738e-01 4.130946e-01 -2.970596e-02 -6.256991e-02
5.850587e-01 -9.225283e-02 2.180915e-01 -1.376754e-01 -1.130482e-01 -6.731954e-02 1.756911e-01 6.442105e-02
-1.400218e-01 1.748302e-01 2.382306e-01 3.010350e-02 -8.524466e-02 -9.026653e-02 -2.046964e-01 -1.521244e-01
-3.237169e-01 -3.570811e-01 -1.031815e-01 -5.559338e-02 5.370717e-02 -2.236300e-01 -1.176918e-01 -8.524131e-04
-1.832224e-01 -2.526891e-01 -2.250575e-01 -4.398617e-02 1.705889e-01 1.892625e-01 5.854067e-03 -2.507791e-02
3.584915e-01 -3.956892e-01 5.333379e-02 -1.201811e-01 1.041067e-01 2.445100e-02 1.303840e-01 6.558993e-02
-1.625497e-01 -1.016092e-01 -7.753330e-02 -7.943282e-02 2.627483e-01 -6.179545e-02 -6.416007e-02 -3.060900e-02
-7.616793e-02 -1.714982e-02 -1.524341e-01 -1.607999e-02 2.886474e-01 2.026420e-01 8.296688e-02 2.224415e-02
-2.172475e-01 -2.548044e-01 -1.986998e-01 1.585470e-01 2.326475e-01 2.559361e-01 -6.402238e-02 -9.427352e-02
-1.972957e-01 -1.740668e-02 -1.351541e-01 4.488969e-02 2.869903e-01 -3.782567e-02 -4.856497e-02 4.781442e-02
-1.924543e-01 -3.289280e-02 3.820471e-01 -7.347917e-02 -8.672988e-02 -1.190157e-01 -1.057697e-01 8.125211e-02
-1.230448e-01 -7.360572e-02 -1.216828e-01 7.173969e-02 3.411522e-01 1.631674e-01 -3.402231e-02 -2.384882e-02
-2.354015e-01 -9.811515e-02 -6.601670e-02 1.879259e-01 2.669694e-01 -1.629856e-01 -2.830390e-01 -1.309989e-01
-2.822036e-01 -1.143720e-01 -1.244104e-01 -3.695355e-02 3.564192e-01 2.765344e-02 1.078314e-02 4.605194e-02
8.413609e-03 -1.883252e-01 2.988746e-01 3.399423e-02 -1.233293e-01 -1.914474e-01 -2.235625e-01 -8.113398e-02
-2.014549e-01 -2.127594e-01 2.167714e-01 4.445208e-02 -1.627966e-02 -2.697322e-01 -1.389392e-01 3.368522e-02
-1.709861e-01 -7.787465e-02 -8.590024e-02 1.037806e-01 2.514931e-01 2.381999e-01 -1.992066e-01 -4.626558e-02
4.218304e-01 -2.026994e-01 3.774106e-02 -1.269855e-01 4.792335e-02 -3.806269e-03 1.096692e-01 8.716006e-03
-2.092166e-01 -3.463938e-04 -7.058484e-02 -5.626153e-02 1.193160e-01 -4.269429e-02 -1.766090e-02 1.396288e-01
8.141662e-02 8.739865e-02 9.763712e-02 1.945698e-01 4.154086e-01 1.318822e-02 -1.437568e-04 4.068119e-02
4.393359e-01 -1.333463e-01 -2.703889e-02 4.241063e-01 1.226674e-01 1.182513e-01 2.319118e-02 -1.553126e-01
-5.772453e-02 -5.960745e-02 2.367276e-01 -8.205333e-02 -7.605381e-02 -9.621056e-02 1.934645e-02 -4.147204e-02
5.816284e-01 -1.558914e-01 -1.359190e-01 1.979935e-02 -1.499700e-01 7.843020e-02 2.126893e-01 -1.653896e-01
-7.360487e-02 -1.819016e-02 1.425350e-01 1.592752e-01 6.369829e-02 8.458929e-04 2.988000e-02 9.406885e-02
2.612212e-01 -1.624038e-01 -1.215332e-01 2.901878e-02 -1.312405e-01 -2.191942e-02 -1.172392e-02 -1.064835e-01
3.326787e-01 -6.712380e-02 -1.299881e-01 3.903484e-01 3.999312e-01 1.533579e-01 -4.658560e-02 -1.105486e-01
9.610645e-02 1.138657e-03 -4.528108e-02 4.427382e-02 -4.915946e-02 -1.318008e-01 5.727575e-02 2.827038e-01
-1.116954e-01 1.155219e-01 1.407791e-01 -5.858114e-02 4.421598e-01 3.491044e-02 -5.124628e-02 6.012677e-02
1.883305e-02 -1.180917e-01 4.080131e-01 4.905728e-03 1.375820e-01 -1.408466e-01 5.415778e-02 -2.876583e-02
1.210851e-01 -1.307749e-01 -8.339966e-02 2.991709e-01 2.315804e-01 -3.917126e-02 -2.573825e-02 -1.222274e-01
1.744356e-03 -4.182190e-02 3.280972e-01 8.602530e-02 2.510506e-01 -5.766786e-02 -1.587704e-02 -8.893234e-02
3.543883e-01 1.114933e-01 -6.439740e-02 -8.173216e-02 -5.558942e-02 1.301184e-01 9.608745e-02 3.272039e-02
1.045444e-03 -1.747721e-01 2.027635e-01 1.830299e-01 -2.655004e-02 4.298211e-03 -2.740542e-03 -8.816878e-03
1.307367e-01 -1.360302e-01 6.400742e-02 3.133616e-01 4.524862e-01 4.644954e-02 2.305579e-02 -1.189574e-01
-6.463788e-02 -3.948509e-02 1.078306e-01 -7.887534e-02 -7.652137e-02 -8.871288e-02 2.702826e-02 -2.593043e-02
-3.557033e-02 -5.981177e-02 3.722878e-01 6.057143e-02 3.397560e-01 -2.343137e-02 8.646715e-02 1.807215e-02
2.496037e-01 -2.406573e-01 2.875185e-03 3.859680e-01 1.577689e-01 1.327013e-01 1.011330e-01 -8.094506e-02
4.370520e-01 -9.048551e-02 -7.724692e-02 4.809633e-02 -8.090764e-02 -1.206948e-01 2.026941e-01 -1.016448e-01
-6.757303e-02 1.050896e-02 1.358040e-01 1.131297e-03 5.094693e-01 -4.016966e-02 3.330609e-02 -2.953176e-02
-1.206134e-01 1.021344e-01 1.952490e-01 -1.044794e-01 -7.589409e-02 7.519041e-02 -1.374805e-01 2.950883e-01
4.232202e-01 -1.765891e-02 -1.080955e-01 3.550183e-01 2.169528e-01 3.509105e-02 -3.583444e-02 -1.331315e-01
4.244846e-01 -1.993726e-01 6.856649e-03 3.839462e-01 2.777309e-02 7.889494e-02 5.023636e-02 -2.365460e-01
1.822170e-01 -2.470503e-02 -4.762674e-02 2.576597e-01 4.804865e-01 1.484274e-01 -3.342591e-02 -5.429808e-02
1.949003e-01 -1.406348e-01 3.554483e-02 3.596955e-01 2.719135e-01 -9.564081e-02 1.619924e-01 -1.166353e-01
1.318189e-01 -1.492355e-01 -6.295416e-02 2.525227e-02 -9.821332e-02 -1.264193e-01 1.535156e-02 -1.143757e-01
4.355699e-01 -1.827312e-02 -1.149582e-01 -5.803847e-02 -1.108745e-01 6.914527e-02 2.589132e-01 -5.064888e-02
2.487808e-01 -1.538731e-01 -5.475824e-02 4.034146e-01 4.298492e-01 4.656394e-02 1.428790e-02 -1.291429e-01
4.002433e-01 -9.918937e-02 -1.489938e-01 3.848543e-01 2.253967e-01 2.122257e-01 -7.835581e-02 -1.239543e-01
-7.104876e-02 -8.485209e-02 1.508872e-01 -7.944079e-02 2.803327e-01 -1.134959e-01 -3.683617e-02 -1.006206e-01
-1.026685e-01 -8.782596e-02 2.848079e-01 1.861823e-01 1.614960e-03 -3.142189e-02 3.571520e-02 3.295643e-02
-6.634874e-03 -1.508434e-01 3.080697e-01 1.504911e-01 3.301416e-01 -2.758928e-02 1.079033e-01 7.410926e-03
-7.124633e-02 9.719405e-02 2.445749e-01 -4.870205e-03 3.764506e-01 -1.182808e-02 8.825240e-02 1.217647e-01
3.743617e-01 1.005757e-02 -3.043835e-02 3.357457e-01 1.665043e-01 1.658339e-01 -7.845712e-02 -4.440226e-02
3.614922e-01 -1.426839e-01 -1.382819e-01 4.205867e-01 3.100094e-01 8.958259e-02 -6.230725e-03 -1.397567e-01
5.868112e-01 -4.128921e-02 -1.534265e-01 1.048983e-02 -7.378399e-02 5.246330e-02 1.256540e-01 -1.350672e-01
2.759856e-01 7.533644e-02 -5.517335e-02 3.057945e-01 3.118231e-01 3.033180e-02 -3.467814e-02 1.211467e-02
-2.989624e-02 -1.632733e-01 1.134758e-01 -4.314083e-02 -1.229392e-01 -1.651354e-01 -2.131913e-02 -9.525118e-02
-5.947329e-02 -4.773398e-02 1.377963e-01 -1.206549e-01 -1.275996e-01 -8.665947e-02 2.185073e-01 -6.376526e-02
1.844111e-01 -6.186898e-02 6.739033e-02 3.450056e-01 4.149956e-01 -1.306483e-01 5.237631e-02 -8.101156e-02
-6.325008e-02 -1.505565e-01 1.749345e-01 1.490048e-01 -8.310544e-02 -9.426779e-02 2.816946e-02 -5.250989e-02
3.376539e-01 -9.003320e-02 -8.238468e-02 4.013191e-01 3.527533e-01 -9.117150e-02 -1.502715e-02 -1.010763e-01
1.402071e-01 1.032658e-02 1.602582e-02 1.645650e-01 4.912716e-02 5.633283e-03 -4.349894e-02 8.382805e-02
1.448624e-01 -2.696346e-01 5.140860e-02 2.723142e-01 -5.639803e-02 -3.699677e-03 4.834180e-02 -2.654398e-02
3.873794e-01 -9.752835e-02 -1.050925e-02 3.890569e-01 1.684387e-01 -1.253335e-01 7.387426e-02 -1.342879e-01
7.128660e-02 7.512072e-02 -8.120915e-02 -5.952011e-02 -6.053299e-02 1.020468e-01 -8.466417e-02 3.737096e-01
-1.086615e-01 5.630890e-02 1.612058e-01 -1.323386e-01 -4.176387e-02 -3.288477e-02 -4.268514e-02 3.745347e-02
5.333156e-01 -6.345491e-02 -1.396818e-01 1.700180e-03 -1.073535e-01 1.775478e-01 1.396110e-01 -9.337927e-02
2.168089e-01 -4.966647e-02 -1.211355e-01 -5.750825e-02 -8.632612e-02 4.083902e-02 -6.365018e-02 -8.210884e-03
2.637524e-01 3.328880e-02 -1.066039e-01 2.785889e-01 3.166939e-01 2.573544e-01 -1.214117e-01 -1.006386e-02
2.628803e-01 2.168512e-03 4.355270e-02 -9.502871e-02 -1.122862e-01 -1.349072e-02 3.037267e-01 -7.443679e-02
-6.292186e-02 1.174383e-02 1.114190e-01 -1.092963e-01 -1.025532e-01 -6.990239e-02 -9.154281e-02 3.794317e-01
2.197297e-01 -1.289955e-01 4.347131e-02 2.392811e-01 -8.569703e-03 -1.451769e-02 1.011536e-02 4.509224e-03
-6.132205e-02 1.316258e-03 2.563096e-01 3.025348e-02 4.564030e-01 -5.798956e-02 1.683355e-02 -3.907570e-02
4.776756e-01 -1.046189e-01 -7.540405e-02 3.367710e-01 1.292868e-01 6.603279e-02 1.261805e-02 -1.828322e-01
2.698150e-01 -8.455553e-02 -3.258280e-02 3.937010e-01 2.816886e-01 1.071931e-01 7.852312e-02 -4.923196e-02
5.283540e-01 -1.745748e-01 -1.318020e-01 8.811387e-02 -9.582468e-02 8.117169e-02 7.337324e-02 -1.471431e-01
1.792279e-01 1.397851e-01 -1.895731e-02 1.788901e-01 2.871520e-01 1.897536e-01 -1.180755e-01 8.434987e-02
-1.338835e-01 1.952014e-01 1.947464e-01 -9.353993e-02 2.766210e-01 4.296453e-02 -4.270285e-02 1.168677e-01
1.788455e-02 -9.476903e-02 2.868578e-01 1.786733e-01 4.378821e-01 -9.784771e-02 2.406875e-02 -9.163377e-02
3.477789e-01 -1.865474e-01 -4.126171e-02 3.926556e-01 1.477637e-01 1.027792e-02 9.589855e-02 -1.936926e-01
-6.449734e-02 9.684452e-02 2.741781e-01 6.915300e-03 2.662392e-01 4.935910e-02 -5.209449e-02 2.098900e-02
-2.975213e-02 -9.365677e-02 1.244242e-01 7.327698e-02 5.123004e-01 -9.821793e-02 4.012588e-02 -9.240793e-02
1.065860e-01 -1.311812e-01 2.246762e-01 2.717777e-01 2.306276e-01 2.311939e-02 4.310632e-02 -1.071268e-01
