1 5 16 16 32
-3.019450e-01 -1.006127e-01 -2.101300e-01 4.250896e-01 5.673684e-01 1.772276e-01 5.331854e-01 2.473809e-03 6.501573e-02 2.581047e-01 -8.120970e-02 3.080860e-02 3.972498e-01 1.140534e-01 4.098966e-01 -2.017933e-01
-1.845024e-01 3.679763e-01 3.057861e-01 1.786459e-01 6.223210e-02 -2.371956e-01 -3.084147e-02 3.021386e-01 -2.927214e-01 -1.631710e-01 6.751403e-02 4.387513e-01 3.569113e-01 -2.055804e-01 -3.728394e-01 -3.683297e-02
-6.665273e-02 -1.748024e-01 3.835964e-01 2.706828e-01 -3.065485e-01 3.601231e-01 2.084093e-02 2.200689e-01 2.754533e-01 8.896101e-02 -2.236121e-01 -7.297944e-02 4.921549e-01 -6.037005e-01 -2.476533e-01 -6.445310e-02
2.747125e-01 -3.651471e-01 -2.096960e-01 -2.053578e-01 -3.985473e-02 3.434939e-01 -8.308517e-02 -1.943348e-01 2.648231e-01 2.242398e-01 1.779001e-02 -2.455536e-01 -1.900676e-01 5.567992e-02 5.850248e-01 5.176952e-02
6.665760e-01 1.491142e-01 2.923497e-01 -1.910245e-01 -6.768809e-01 -1.983881e-01 -5.958175e-01 2.251005e-01 -8.316054e-02 -2.354650e-01 8.193489e-01 -1.972844e-01 -6.762559e-02 1.198966e-02 -2.880022e-01 4.232140e-01
-2.346017e-01 3.954829e-01 -1.551726e-01 -3.204775e-01 1.644414e-01 3.671763e-01 5.903043e-01 -6.417599e-01 3.135031e-01 -4.406245e-01 -4.779705e-01 -4.301248e-02 4.866177e-01 3.369948e-01 -1.993198e-01 -1.188938e-01
-8.095856e-02 1.139322e-01 -2.034680e-01 -6.439564e-02 4.559422e-01 7.974521e-02 -5.491919e-01 -2.249817e-01 9.689211e-02 -4.324194e-01 1.572800e-01 5.583662e-01 -7.829729e-02 2.560667e-01 5.838874e-01 -1.156973e-03
-5.479778e-02 3.294542e-01 -6.606413e-02 -2.304580e-01 1.111224e-01 -1.598093e-01 -9.451546e-02 3.863155e-01 1.878491e-01 5.216520e-02 -2.420192e-01 -2.885548e-01 -3.886875e-01 6.169078e-01 7.495993e-01 -6.202391e-01
2.037988e-01 1.520801e-01 -2.861294e-01 1.948206e-01 -1.960631e-01 8.158857e-02 3.608121e-01 8.769085e-02 -3.803530e-02 2.488516e-01 5.079399e-01 -1.149614e-01 3.561235e-01 -4.462126e-03 -2.418595e-01 3.604775e-01
-8.315570e-02 -3.048277e-01 1.787548e-01 -2.503702e-01 3.537816e-01 -2.537046e-01 -4.450294e-01 3.394766e-02 8.782365e-02 -4.685050e-01 -9.719365e-02 5.138757e-01 9.616021e-03 4.982692e-02 7.720153e-01 -8.878720e-02
2.937728e-01 -2.531401e-01 1.052596e-01 2.906630e-01 -2.822551e-01 -2.745696e-01 -4.222065e-01 4.438021e-01 -2.846130e-01 4.783970e-01 6.268256e-01 -1.794033e-01 -4.021555e-01 -1.738718e-01 3.139670e-02 2.267219e-01
-4.798009e-02 -3.243343e-01 2.936503e-01 5.624042e-02 -4.967933e-01 -2.506086e-01 5.385755e-01 4.229975e-01 -4.987768e-02 3.643712e-01 -1.282922e-01 -3.198007e-01 2.024975e-01 -2.411131e-01 -3.079138e-01 2.782197e-01
-2.557255e-01 7.256647e-01 -1.408364e-01 -1.130694e-01 2.511441e-01 -3.286160e-01 -2.972546e-01 -1.273544e-01 -2.179754e-01 2.439389e-02 4.943358e-02 3.090664e-01 -2.844096e-01 4.742109e-02 -3.276734e-01 -1.347893e-01
-2.760841e-01 -2.070526e-01 -2.580067e-01 5.403331e-02 3.932427e-01 4.184084e-02 -3.391267e-01 -6.207355e-02 2.013488e-01 -3.640277e-01 1.196356e-01 6.289231e-01 5.390740e-02 1.314253e-01 5.859779e-01 1.720503e-01
1.847035e-01 2.249551e-01 -2.567016e-01 -7.898458e-02 9.235892e-02 -2.113752e-01 -2.392398e-01 -3.072949e-01 -2.444383e-01 -2.441536e-02 4.980371e-01 -2.493722e-02 -2.995343e-01 3.153889e-01 1.421194e-01 2.515407e-01
1.609828e-02 -3.336451e-01 1.512144e-01 -3.534956e-01 9.739798e-02 4.515544e-01 1.203876e-01 -1.453510e-01 3.460235e-01 -8.640612e-02 -1.745646e-01 -2.910060e-01 -9.209162e-02 2.868847e-01 7.330222e-01 -3.049113e-02
-1.883478e-01 -4.363199e-02 -1.979773e-01 3.563574e-02 6.695056e-01 1.484979e-01 5.129732e-02 -7.083371e-02 -4.956988e-02 -8.703341e-02 -1.156644e-01 -3.711542e-02 -1.500539e-01 1.330324e-01 6.542129e-01 -4.516753e-01
-6.133130e-02 4.491231e-01 4.023029e-02 2.113909e-01 7.273513e-02 -3.105661e-01 -1.557447e-01 3.337820e-01 -2.791681e-01 1.082309e-01 8.422027e-02 3.754471e-01 7.686661e-02 -2.407658e-01 -4.413846e-01 -8.587095e-02
-4.011643e-01 -1.733542e-01 3.851972e-01 2.264218e-01 1.524236e-01 -1.137153e-01 4.255769e-02 1.346337e-01 3.557845e-01 -1.351213e-01 -4.673060e-01 5.092553e-01 2.860880e-01 -3.071929e-01 -1.681561e-01 -5.013542e-02
1.414609e-02 -5.324264e-01 -1.384796e-01 7.431090e-03 2.823883e-01 1.434592e-01 -2.542216e-01 -3.287107e-01 2.199021e-01 -5.998589e-03 1.213908e-01 2.298652e-01 2.511585e-02 2.083434e-01 9.016318e-01 1.089679e-01
-2.054976e-01 2.003248e-01 4.533031e-01 3.649715e-02 -6.684896e-02 1.141764e-02 -1.071984e-01 2.887590e-01 -1.444280e-01 3.305311e-01 3.609242e-01 1.101183e-01 2.154794e-01 1.115083e-01 -1.368903e-01 5.413502e-01
-7.216731e-02 6.005655e-02 -4.192517e-02 -4.124367e-01 7.027329e-01 -2.743534e-02 -2.708174e-01 6.807578e-02 5.861013e-01 -4.578221e-01 -5.819166e-01 3.929880e-02 -3.131627e-01 3.595236e-01 5.682265e-01 -5.762619e-01
4.609784e-01 1.946881e-01 -1.552349e-01 4.643207e-01 -3.025278e-01 1.856072e-01 -1.277158e-01 1.554566e-01 3.339754e-02 4.203276e-01 5.301334e-01 -2.292809e-01 -6.528839e-02 -2.043853e-01 -1.997549e-01 1.318215e-01
-1.448253e-01 4.478665e-01 2.160963e-01 -2.041545e-01 3.136277e-01 3.157729e-01 -1.853679e-01 -2.966345e-01 1.749131e-02 1.137623e-01 -3.050514e-01 -6.025777e-02 -6.004097e-01 -4.159897e-01 -1.117420e-01 -3.124020e-01
7.778992e-01 2.381902e-01 -2.718871e-01 -2.007203e-01 -3.905469e-01 2.340147e-01 -5.245121e-01 -1.679554e-01 -1.322571e-01 -4.458462e-01 2.902739e-01 -1.527851e-01 -1.949756e-01 2.641422e-02 6.224042e-02 -6.807102e-02
-1.015852e-01 6.895727e-01 2.724276e-01 -8.136814e-02 1.969323e-01 9.181757e-02 5.474111e-02 1.742011e-01 -6.570165e-02 -8.232490e-03 -1.444982e-01 2.617416e-01 -2.376643e-01 -2.763833e-01 -3.938075e-01 -1.152282e-01
-4.601324e-01 4.014880e-02 -2.472522e-01 -2.145703e-01 3.491470e-01 1.220542e-01 3.015442e-01 -1.468848e-01 3.473043e-01 -3.599500e-01 -3.809352e-01 4.853227e-01 3.426428e-01 1.320812e-01 1.320423e-01 4.270062e-02
5.528280e-01 2.889691e-02 -3.014101e-01 -2.556620e-01 -2.538368e-02 7.333820e-01 -3.283727e-02 -1.041205e-01 -6.388319e-02 -2.242469e-01 4.435917e-02 -1.889580e-01 1.430093e-01 -1.134069e-01 -6.929276e-02 -4.688081e-01
-3.507370e-01 -3.355734e-01 2.541554e-01 4.968494e-01 5.888907e-02 -4.347965e-01 1.358863e-02 7.165718e-02 6.630043e-03 1.571828e-01 1.123955e-01 3.949833e-01 3.974540e-02 -2.371256e-01 -4.334798e-01 5.388274e-01
-2.299352e-01 5.364141e-02 2.735322e-01 9.875840e-02 -1.575065e-01 1.355705e-01 2.739460e-02 4.736521e-01 -2.181795e-01 3.823456e-01 1.457964e-02 3.751047e-01 4.502383e-01 1.056114e-01 -2.000459e-01 5.389022e-01
-4.782056e-02 4.548305e-01 5.577831e-02 -7.417735e-02 3.551749e-01 -6.265820e-02 4.465982e-02 1.515859e-01 -1.277874e-01 -5.683872e-02 1.583538e-01 5.655902e-01 -1.701868e-02 -1.320540e-01 -2.864118e-01 -2.675723e-01
7.042974e-01 -9.016231e-02 1.945662e-01 -3.219490e-01 -4.968111e-01 -2.613309e-01 -6.022800e-01 -3.590689e-02 -8.709176e-02 -5.363173e-01 3.050927e-01 -3.852100e-01 -3.149564e-01 -1.057832e-01 -3.401084e-01 2.226267e-01
7.339063e-02 -3.997870e-02 -5.037430e-02 -6.098425e-02 5.562172e-02 3.402961e-02 -2.842164e-01 -7.889721e-01 -7.405024e-02 3.931702e-01 2.906975e-01 8.330971e-02 3.471091e-01 1.022697e-01 -3.791450e-01 -4.017124e-02
9.684488e-02 1.991543e-01 3.634965e-01 -1.230718e-01 -4.394847e-01 1.896335e-02 -4.656274e-01 -1.268276e-01 -2.850447e-01 -3.505287e-01 4.719865e-01 -1.702302e-01 3.882422e-02 -4.748114e-02 4.174254e-01 1.281681e-01
-2.710531e-01 -4.583493e-01 -1.456828e-01 3.159387e-01 4.325443e-01 -2.691697e-01 -3.555750e-01 4.575112e-01 -1.595034e-01 -8.386243e-02 -2.803392e-01 2.365064e-01 -4.682282e-01 4.319346e-02 1.567247e-02 1.439550e-02
7.216056e-02 8.516115e-03 7.345088e-02 -1.211573e-01 1.784682e-02 5.377713e-01 -4.911519e-01 -2.337220e-02 -1.302638e-01 -1.362071e-01 -4.735873e-02 -2.557197e-01 -3.119454e-01 1.946503e-01 9.833935e-02 -4.156021e-03
-2.054844e-01 -1.777235e-01 -1.707515e-01 2.832238e-01 1.977635e-01 -2.487706e-01 -7.259934e-02 -3.075979e-01 -3.048681e-01 2.855706e-01 1.297158e-01 3.815255e-01 3.155495e-01 -2.399946e-01 -2.119015e-01 -4.697802e-02
-1.004995e-01 4.668276e-01 8.321390e-02 4.580531e-02 -3.369639e-01 -3.036055e-01 -4.517535e-01 -1.454679e-01 4.974184e-01 -1.399739e-01 2.219918e-01 4.722436e-02 1.799868e-01 -8.148563e-02 8.669720e-02 1.558865e-01
-1.478007e-01 -8.685900e-02 1.499867e-01 -2.859215e-01 -1.702544e-01 -2.907111e-01 -2.825264e-01 -5.955460e-01 -3.473271e-01 7.976317e-02 6.348252e-02 1.884004e-01 3.331645e-01 1.283209e-02 7.393054e-03 2.888326e-01
-1.699019e-01 2.412811e-01 -2.114105e-01 6.154032e-02 2.930136e-01 -5.369374e-01 -1.411129e-01 -2.702793e-01 3.338428e-01 -5.727625e-02 1.240287e-01 -1.506131e-02 -1.096461e-01 -1.015242e-01 1.069578e-01 4.726756e-02
-1.913772e-01 -1.071784e-01 -4.022974e-01 4.297466e-02 1.593498e-01 1.333663e-02 -1.768844e-02 1.774351e-01 -2.348404e-01 -1.577379e-01 -1.746605e-02 2.179490e-01 2.114713e-01 2.971194e-02 5.675023e-01 -2.276362e-02
4.562379e-02 1.715935e-01 -2.278342e-01 -4.241553e-01 -6.615843e-02 7.875824e-02 -2.477636e-01 -1.357616e-01 -1.787272e-01 2.894762e-01 3.052989e-01 -2.145338e-01 4.590974e-01 7.273098e-03 3.841276e-01 -2.494654e-02
3.700578e-01 -2.937893e-01 -2.225648e-01 -2.609386e-01 6.859905e-02 -2.685332e-01 -1.993853e-01 9.241642e-02 1.460388e-01 -1.434683e-01 -2.040506e-01 -1.838097e-01 3.077417e-01 6.148835e-02 3.710319e-01 -1.158693e-01
-6.355532e-03 -4.409570e-01 1.439723e-01 -1.350901e-01 1.235507e-01 1.547007e-01 -1.684646e-01 -3.810872e-01 -5.150886e-01 1.339523e-01 -1.326104e-01 2.978194e-02 2.077612e-01 -7.794601e-02 -5.797948e-02 -8.607963e-02
5.400427e-02 1.972370e-01 5.827717e-01 -1.605040e-01 -1.451851e-01 1.805056e-01 -2.729228e-01 2.640489e-01 8.642913e-02 -2.864158e-01 1.883176e-01 -1.476530e-01 1.201780e-01 -4.115624e-01 -1.015158e-02 4.963136e-01
-7.997420e-02 8.934911e-02 1.824386e-01 4.508181e-01 -6.405015e-02 -3.342287e-01 -2.519207e-01 1.626722e-02 6.453648e-01 -2.114508e-01 1.621758e-01 2.415859e-01 -1.216784e-01 -2.433044e-01 1.090027e-01 4.436890e-01
2.675205e-01 -2.561115e-02 -1.132652e-01 3.642839e-01 1.396005e-01 2.209935e-01 -2.224512e-01 4.310288e-01 2.868925e-01 -2.610916e-01 9.372435e-03 1.068071e-02 -4.157706e-02 -2.025737e-01 -3.142053e-01 -1.791375e-01
-4.621524e-02 -9.009354e-02 1.383566e-01 2.061540e-01 1.491343e-01 -1.097340e-01 -1.916233e-01 -2.565348e-01 2.709053e-01 1.924661e-01 -3.219145e-01 1.366177e-01 -1.623436e-01 -3.333521e-02 -4.945794e-01 -5.459835e-02
-5.849174e-03 -5.176030e-02 -7.601520e-02 1.634713e-01 2.464249e-01 6.471121e-02 -2.920865e-01 -3.758011e-01 -4.109061e-01 3.703044e-01 4.687534e-01 1.704448e-01 4.161482e-02 -2.716480e-01 -4.996129e-01 2.703458e-03
1.197317e-01 1.997307e-01 -8.422665e-02 -8.825423e-02 -1.397455e-01 -2.029596e-01 -6.096172e-01 -5.118734e-01 1.044187e-03 -1.373695e-02 2.974133e-02 1.240770e-02 4.217871e-01 2.657511e-01 2.004759e-01 -2.174075e-01
1.492861e-02 -4.158027e-02 -9.146634e-02 1.197700e-01 1.404640e-01 9.774086e-02 -3.344116e-01 6.832501e-01 1.864017e-01 -1.310440e-01 -2.151341e-01 -3.270128e-01 2.101853e-01 2.013110e-01 1.915456e-01 -2.693823e-01
7.173144e-02 2.414818e-01 4.103083e-01 -5.020909e-02 -1.801094e-01 2.089767e-01 -1.810545e-01 -4.941002e-01 1.420307e-01 1.539782e-01 3.721178e-01 -1.901069e-01 1.206738e-01 3.383151e-02 -3.805036e-01 -6.658882e-04
-1.987104e-02 2.172399e-02 -1.358974e-01 9.028412e-02 2.992147e-01 1.988526e-01 2.741972e-01 1.259403e-01 -2.937565e-01 9.395269e-02 1.640832e-01 2.034190e-01 -1.498159e-01 8.064488e-02 -1.425355e-02 3.385326e-01
1.788453e-01 5.223399e-01 2.186179e-01 -5.149565e-01 -3.145163e-01 2.425515e-01 1.680663e-01 -4.296562e-01 2.706202e-02 -1.414884e-01 1.135462e-01 -1.944359e-01 6.960845e-01 -2.030611e-01 -1.784752e-02 -2.142736e-01
-8.692895e-02 -1.611526e-01 -6.841675e-01 8.495423e-02 2.364292e-01 -2.964692e-01 2.722924e-01 -3.535722e-01 -2.592709e-01 5.431753e-01 -1.245946e-01 8.308812e-02 -1.335394e-01 3.401544e-01 -1.279922e-01 -4.631745e-01
-7.998508e-02 -9.272450e-02 -3.916279e-01 -4.024731e-01 1.903548e-01 2.328500e-01 2.249008e-01 -3.004454e-01 -8.662252e-01 3.403158e-01 -1.849469e-01 4.901449e-02 4.771425e-01 1.414097e-01 -1.419202e-01 -9.696497e-02
2.157246e-01 -2.310961e-02 -4.885545e-02 1.250602e-02 -1.795869e-02 -1.050371e-01 1.264503e-02 -3.164095e-02 1.014248e-01 4.260062e-01 8.438337e-02 1.408797e-01 4.518191e-01 -5.839984e-02 -6.108190e-01 9.152666e-02
-1.107315e-01 5.836537e-02 -3.515539e-02 -1.145354e-02 6.456316e-02 8.335637e-02 -6.110395e-02 -6.325365e-01 -3.334210e-03 6.473747e-01 2.810878e-01 1.366203e-01 4.984575e-01 2.282231e-02 -7.453862e-01 6.724146e-02
5.602114e-02 3.919145e-02 5.417252e-01 -6.318468e-02 -2.594298e-01 4.765342e-01 -2.127379e-01 3.615266e-01 -2.501018e-02 -4.693864e-01 3.010848e-01 -1.281278e-01 1.532352e-01 -2.573725e-01 2.645236e-01 2.838613e-01
-3.164022e-01 8.458275e-02 3.241058e-01 -8.908652e-02 1.061426e-02 3.450970e-01 -6.643110e-01 -3.335775e-01 -3.674909e-01 -3.547309e-01 4.972243e-02 -3.419255e-02 -1.179405e-01 1.679655e-01 6.304206e-01 8.057585e-02
4.801324e-02 6.028435e-02 8.413663e-02 5.880136e-02 -1.222466e-01 -1.764496e-02 -3.147003e-01 3.868153e-01 8.504105e-02 -6.735998e-01 -3.257526e-01 -8.487622e-02 -8.597102e-02 -5.871176e-03 7.025552e-01 -4.830424e-02
-1.997498e-01 2.143282e-02 1.673517e-01 2.825027e-01 1.596730e-01 5.350250e-02 -4.929383e-01 -4.541407e-01 1.022048e-01 2.502441e-01 5.881318e-02 1.540095e-01 -2.862471e-01 -6.743812e-02 -9.396221e-02 -3.563950e-02
2.354357e-01 -1.538217e-01 -8.424598e-02 -2.703943e-01 -2.533125e-01 5.669605e-01 -2.914384e-02 -1.666221e-01 -2.369418e-01 -1.077710e-02 1.347774e-02 -6.258853e-02 3.141165e-01 -1.262906e-01 -1.497118e-01 -2.019698e-01
2.855819e-02 1.817491e-01 9.059988e-02 -4.025934e-01 -4.401497e-02 6.047165e-03 2.470162e-01 -6.898778e-02 5.166448e-02 2.902894e-02 3.999333e-02 -6.634631e-02 7.723929e-01 -1.530716e-01 1.961822e-01 -6.043183e-04
-5.524070e-02 1.796704e-01 1.016322e-01 -1.312803e-01 -5.029441e-02 -8.232851e-02 -1.087621e-01 1.373037e-01 -4.515189e-02 4.097518e-01 -1.672076e-01 -1.972364e-01 -1.641652e-01 -1.205170e-02 -4.013709e-02 4.877957e-02
-3.280528e-02 1.581002e-01 -3.401453e-02 -2.080808e-01 2.787893e-01 3.072624e-02 1.109071e-01 1.108417e-02 1.687007e-01 2.588023e-01 2.585414e-01 4.213484e-01 -1.116368e-01 2.722427e-02 7.927154e-02 -1.327831e-01
4.815813e-01 -1.962906e-01 -1.436616e-01 1.050033e-01 -6.283629e-02 9.582405e-02 1.580900e-02 -1.217238e-01 3.357710e-02 -1.925507e-01 1.135709e-02 3.049347e-01 2.133743e-01 -8.110679e-02 -1.212893e-01 -1.493189e-01
-2.490812e-01 -1.977378e-02 1.403923e-01 9.335467e-02 4.511408e-01 1.080164e-01 4.023980e-01 1.743760e-01 6.889048e-02 8.621328e-02 3.755230e-02 -2.334707e-01 5.093199e-02 1.542466e-01 2.994292e-01 3.374130e-03
-3.558360e-01 1.956411e-01 3.294178e-01 1.500742e-01 1.438855e-01 2.072500e-01 1.257335e-01 1.395077e-01 5.450404e-02 5.201452e-01 1.506491e-01 2.873831e-01 1.288970e-01 4.645268e-02 1.170798e-01 1.501087e-01
7.542878e-02 -1.254993e-01 2.948242e-01 -1.029798e-01 -1.281645e-01 -1.340706e-01 3.311713e-01 -6.317940e-02 -7.803832e-02 -1.563293e-01 -2.505315e-01 -2.240418e-01 1.951632e-01 8.658252e-02 -2.324712e-01 -2.132648e-02
-6.123707e-02 3.653114e-02 -2.720497e-01 1.172272e-01 1.934604e-02 1.407560e-01 -2.449071e-01 8.893093e-02 2.633355e-02 -2.114768e-02 2.333493e-01 3.327088e-01 -1.937436e-01 -5.672577e-02 4.548624e-01 -1.582353e-02
-1.080831e-02 1.240929e-01 -1.059219e-01 7.791230e-02 2.086284e-01 -1.095567e-01 -2.647274e-02 8.419391e-02 -2.144895e-01 6.687778e-02 4.819653e-01 -8.378646e-02 9.813009e-02 -1.705880e-01 -3.628566e-02 8.670741e-02
3.214487e-01 -2.898576e-02 -1.135281e-01 -1.276823e-01 -4.426517e-03 5.364276e-01 -1.181596e-01 2.742951e-02 -1.039653e-01 -7.895759e-02 -4.105467e-02 -3.353225e-01 1.107061e-01 -1.292791e-02 -1.048419e-02 -2.209462e-01
-1.559410e-01 1.141281e-02 -4.501205e-02 -1.695398e-01 5.539170e-02 7.111008e-02 4.366517e-01 -4.923733e-02 2.328688e-01 -1.039076e-01 -3.389591e-01 1.189092e-01 4.374737e-01 1.346469e-01 -2.475880e-01 9.250532e-02
-2.257290e-01 1.255862e-01 4.262167e-01 3.014620e-02 1.813352e-01 1.706124e-01 5.056437e-02 3.585258e-01 -2.088978e-01 2.075077e-01 2.081314e-01 -6.313248e-02 1.558469e-01 6.035326e-02 1.226947e-01 2.826886e-01
1.212914e-01 -9.659506e-03 6.486156e-02 -3.503434e-02 2.682396e-01 9.453311e-02 1.965609e-01 2.740899e-02 -1.936132e-02 -1.735145e-02 3.177094e-01 6.421275e-01 2.893829e-01 -6.757913e-02 6.961040e-02 -1.234710e-01
1.234026e-01 -3.024622e-01 -1.431568e-01 1.419474e-01 -4.826266e-02 1.336202e-01 1.943924e-01 -8.196778e-02 3.634012e-02 -2.407787e-02 3.525761e-01 3.538705e-01 1.432882e-01 -1.913536e-01 3.155566e-01 -1.086328e-01
-1.040618e-01 2.243280e-01 -1.199018e-01 -8.968263e-02 7.226489e-03 -3.256063e-01 2.201914e-02 -5.317505e-02 -3.014623e-01 2.283966e-01 2.140878e-01 1.046856e-01 -2.669457e-01 5.558185e-02 -2.490343e-01 4.383951e-01
-1.983911e-02 -7.747547e-02 7.458885e-02 -1.508046e-01 -6.489891e-02 2.161305e-01 6.735098e-02 -9.182750e-02 4.179843e-01 -6.114326e-02 -2.099854e-01 2.828778e-01 -2.589884e-02 1.781229e-01 6.162941e-03 -7.923220e-02
-1.224163e-01 1.852568e-01 1.292177e-01 -2.008146e-01 6.124858e-01 1.435465e-02 -2.728834e-01 8.690774e-02 8.374365e-02 -1.306064e-01 -2.531398e-01 4.410991e-02 -6.688157e-02 1.201647e-02 6.052398e-02 -2.567174e-01
2.037893e-01 -2.467173e-01 4.895810e-02 1.362248e-01 -1.155041e-01 4.792363e-01 -6.082515e-02 4.400907e-03 1.689149e-01 -2.068002e-01 -1.037559e-01 -2.083983e-01 2.754466e-01 -1.456470e-01 1.675560e-01 -2.752376e-01
-2.799006e-01 -2.260629e-02 1.128113e-02 1.959857e-02 3.545777e-01 -1.300157e-01 -7.189380e-02 -5.733446e-02 2.577459e-01 -1.471221e-01 -2.554671e-01 4.071585e-01 3.437384e-02 -1.112543e-02 5.938527e-02 1.905228e-02
5.289823e-01 1.638181e-01 -4.554577e-02 4.686032e-02 -7.245047e-02 -6.784432e-03 -5.637430e-03 -6.931364e-02 -1.136598e-01 1.099048e-01 4.325045e-02 -2.086193e-01 -8.108908e-02 -4.606672e-02 -3.771343e-02 -4.343660e-02
-3.480750e-02 -9.373039e-02 1.318715e-01 1.758225e-01 8.091533e-02 -3.521487e-03 1.537910e-01 2.703120e-02 -1.201846e-01 -2.647191e-01 2.296711e-01 3.634011e-01 5.124345e-01 4.275867e-03 -1.367158e-02 -1.395491e-02
9.299771e-02 -1.188978e-01 -5.570063e-02 2.567518e-01 -1.294136e-01 -1.699398e-02 -2.748905e-01 1.759261e-01 -1.240654e-01 1.832269e-01 3.761213e-01 -5.411759e-03 -2.642697e-01 -1.465140e-01 2.956377e-01 -6.170167e-03
1.207616e-01 -1.745019e-02 2.624255e-01 -2.984919e-01 -6.523609e-02 -8.242291e-02 -1.766017e-01 1.185636e-02 -1.817866e-01 -9.944087e-02 4.119132e-01 -1.714172e-01 -1.172933e-01 -1.953273e-01 -1.837710e-01 9.096184e-02
2.814277e-02 2.950993e-01 3.583736e-02 -1.519338e-01 1.022370e-01 1.385252e-01 4.432267e-01 -1.945675e-01 1.699458e-02 -2.449972e-01 -2.479814e-01 5.190713e-02 2.900233e-01 2.798757e-01 -1.791131e-01 2.232275e-03
5.357529e-02 2.080159e-01 2.391703e-01 -9.000288e-02 5.173470e-02 1.290603e-01 -2.069964e-02 1.741643e-01 -1.863547e-02 7.687455e-02 -1.023174e-01 4.835697e-01 2.810916e-02 -1.232254e-01 -1.909553e-01 -1.165424e-01
7.739628e-03 -4.704642e-02 -1.279996e-01 1.796887e-01 -2.938035e-01 -2.024971e-01 9.565749e-02 -1.443704e-01 -2.524462e-01 1.328300e-01 2.170205e-01 1.156478e-01 -4.275872e-02 -1.352034e-01 -2.793468e-01 5.097010e-01
-2.214409e-02 -1.052858e-01 -2.400091e-02 5.314810e-01 -5.096945e-02 -3.161950e-02 2.625852e-02 1.334394e-02 -1.272964e-01 -1.702628e-01 -3.799023e-02 -1.266886e-01 3.261385e-02 -9.405535e-02 6.226250e-02 7.249596e-02
1.572120e-01 -1.214225e-01 -1.095366e-01 7.169407e-03 2.664067e-01 1.333221e-01 1.897151e-01 -1.894656e-01 2.426176e-01 -1.682212e-01 3.510976e-01 4.774247e-01 2.294960e-01 6.308614e-02 1.404016e-02 -1.655265e-01
-2.583186e-01 3.222827e-01 7.145808e-02 -2.613672e-01 1.939854e-01 -1.914823e-01 6.708339e-02 -5.465485e-02 -5.735591e-02 1.384030e-01 -4.518094e-02 -1.340593e-01 1.140563e-01 3.598027e-01 -2.024245e-01 3.982475e-01
-1.739614e-01 -1.211350e-02 -1.511148e-01 1.726603e-01 -1.283114e-01 1.093158e-01 2.628650e-01 1.499334e-01 8.572352e-02 2.405987e-01 2.149424e-02 2.147599e-01 3.802277e-01 7.769507e-02 -9.359930e-02 1.987821e-01
-5.930069e-02 5.319359e-01 -2.250889e-01 -1.028800e-02 1.779101e-01 7.457357e-02 5.339053e-02 4.109105e-02 1.628928e-01 1.634453e-01 -2.343602e-02 1.583196e-02 1.911423e-01 1.606333e-01 -1.471884e-01 2.174900e-01
-3.492985e-01 1.322051e-01 2.552927e-02 2.972429e-01 3.063486e-01 2.370836e-01 2.326657e-01 9.728011e-02 7.725374e-02 4.042502e-01 -1.472643e-01 2.734991e-01 1.334078e-01 1.122908e-01 3.079383e-01 -1.247793e-01
-1.087441e-01 1.104991e-01 -6.800761e-02 -7.853001e-02 1.567467e-01 -1.176011e-01 -7.836796e-03 -1.226970e-01 2.132340e-01 -9.230996e-02 -5.411281e-02 -5.112068e-02 -1.365823e-01 2.313300e-01 4.322740e-01 -7.923115e-02
1.514560e-01 -1.100200e-02 1.033796e-01 -1.250189e-01 2.651515e-01 -8.402478e-03 -1.326557e-01 5.815990e-03 -1.786148e-01 3.019585e-01 4.936573e-01 4.128672e-03 -1.423708e-01 -2.626983e-01 -2.145915e-01 -3.476920e-02
-9.264056e-02 -1.028371e-01 -1.974349e-01 1.633617e-01 3.458260e-01 -1.313745e-01 -2.580984e-01 -5.304710e-02 -2.314620e-01 6.231236e-02 4.092270e-01 3.683480e-01 -5.502264e-02 -3.116464e-01 -1.551350e-01 -5.842194e-02
-4.019921e-02 -6.264445e-02 -3.929756e-01 -4.528113e-03 -2.546779e-01 2.445196e-01 5.426005e-03 1.995493e-01 1.641289e-01 -2.552415e-01 -3.322573e-01 2.580335e-02 -7.382300e-02 2.256466e-02 -2.088868e-01 -2.824381e-02
-1.294233e-02 5.063692e-02 4.112236e-02 -1.515489e-01 -8.097720e-02 -1.772283e-02 1.330267e-01 9.762017e-02 1.521506e-01 7.657640e-02 -1.758581e-01 -2.901485e-01 -5.943317e-02 2.130730e-01 2.618617e-01 7.328899e-03
1.693095e-01 2.672817e-01 5.661124e-02 -4.565183e-01 7.290460e-03 -1.848434e-01 4.106652e-02 -2.365699e-01 -2.220166e-01 9.473799e-02 -4.441806e-02 -2.290262e-01 -3.416844e-02 1.928899e-02 -2.241345e-02 2.970779e-02
-2.049049e-01 2.926460e-01 -2.780391e-01 -1.775054e-01 2.443432e-01 8.318348e-03 -1.398673e-02 -9.895265e-04 3.913355e-02 4.339406e-02 -1.615147e-01 1.342497e-01 3.884822e-01 -1.232111e-01 3.979972e-01 -1.509508e-01
4.800883e-02 1.396450e-01 1.700349e-01 -6.885777e-02 -6.829455e-03 -6.296241e-01 6.541003e-02 -1.378927e-02 -2.621701e-01 1.597427e-01 1.007316e-01 -6.443724e-02 -6.723931e-02 -2.258093e-01 -8.752240e-03 1.109629e-01
-1.425095e-01 1.945429e-01 -1.457624e-02 2.264282e-01 -4.473945e-02 2.322960e-01 -4.172440e-02 -3.505826e-01 -5.820597e-02 1.015823e-01 2.207735e-01 1.357678e-01 -4.473026e-01 -1.227675e-01 -2.562942e-02 -7.035782e-02
-1.152878e-01 -1.091212e-01 -1.382132e-01 4.696375e-01 3.689367e-02 3.107592e-02 -3.361880e-02 1.427194e-01 9.658594e-02 -1.738634e-02 7.155892e-02 2.815330e-01 6.534142e-02 -3.528282e-02 1.371281e-01 7.744609e-02
-1.081747e-01 -1.818605e-03 2.340095e-02 -2.145193e-01 8.337919e-02 -1.907779e-02 6.082471e-02 4.139324e-01 -3.231944e-02 -6.704305e-02 -4.655179e-02 -2.930961e-02 4.142828e-01 -6.246565e-02 -5.333225e-02 8.435923e-02
2.273397e-01 -1.151794e-01 -1.626694e-02 1.982165e-01 -1.085407e-01 4.817990e-02 -4.729043e-02 4.774645e-02 -7.384792e-02 -3.881099e-01 1.256687e-01 4.262177e-01 -6.207299e-02 -3.160916e-01 -2.557809e-01 2.078679e-01
4.942193e-02 1.177482e-01 2.314912e-02 -2.346876e-02 3.581861e-01 1.769951e-01 2.831059e-01 4.224391e-02 -3.150770e-01 -2.569750e-02 -3.727251e-02 -3.303492e-02 -2.820151e-01 1.753333e-01 -1.948692e-01 2.402209e-01
-2.176149e-01 8.219904e-02 1.202128e-01 -8.287475e-02 1.040436e-01 1.457903e-01 -1.438567e-01 -6.160508e-01 6.086642e-02 -4.592507e-02 -2.169357e-02 -9.564377e-02 -2.746110e-01 2.533033e-01 7.026548e-02 1.303482e-01
-3.922873e-02 -1.978418e-02 -2.600414e-01 1.933576e-01 1.443693e-01 9.029811e-02 -2.150213e-02 -4.529773e-01 1.418317e-01 1.521500e-01 -1.037747e-01 1.527688e-01 1.117938e-01 4.665565e-02 1.312438e-01 -3.172510e-01
2.682431e-01 -2.290239e-02 -5.120736e-03 -2.128642e-02 -3.556120e-02 -1.407416e-01 4.398891e-02 -5.961580e-01 3.957465e-02 8.484970e-02 1.418477e-01 -1.169554e-01 -3.614943e-01 1.835816e-01 2.566495e-01 4.896981e-02
-1.616854e-02 1.161894e-01 -3.878623e-01 1.801716e-01 3.750019e-01 -3.265112e-01 7.854026e-02 -1.532257e-01 -1.572321e-01 2.002626e-01 -2.039694e-02 -7.351954e-02 -3.072416e-02 5.546461e-02 1.056154e-01 -8.685265e-02
-7.080537e-02 -4.352245e-02 -1.035331e-01 6.021409e-02 -2.733675e-01 -6.557302e-02 -2.381571e-01 -1.685080e-02 3.345817e-01 4.330462e-02 1.757241e-02 1.209369e-01 3.065270e-01 -8.447723e-02 3.225935e-01 -1.030913e-01
1.010393e-01 -3.160133e-01 -3.283837e-02 2.502793e-01 1.271041e-01 -4.652192e-03 -1.617670e-01 -2.224067e-02 -8.014748e-02 1.469809e-01 1.120574e-01 -1.794107e-01 -1.801940e-01 2.165889e-01 -3.918820e-01 1.574199e-02
2.723139e-03 -7.813567e-02 4.221454e-01 1.238322e-01 3.560979e-01 -1.557688e-02 3.266427e-02 -2.302637e-01 3.141353e-02 2.560874e-02 1.718186e-01 -1.194927e-01 1.911324e-01 -1.930833e-01 1.867871e-01 1.892218e-01
2.295015e-01 -9.096266e-02 1.360356e-02 6.972259e-02 2.408001e-02 -8.000185e-02 7.391394e-02 -2.428552e-02 4.497921e-01 -4.179522e-02 -3.149453e-01 3.212487e-02 -3.976884e-02 -1.549754e-01 -1.762500e-01 -3.056981e-02
3.552561e-01 -7.892545e-02 7.944396e-02 1.439011e-01 3.595332e-01 -1.929563e-01 1.717688e-02 2.854630e-03 1.444763e-01 3.022839e-01 2.823031e-01 -1.870841e-05 -1.553399e-01 2.114845e-02 2.190307e-01 -6.984413e-02
4.811331e-02 1.970740e-01 1.308258e-01 -1.192492e-01 -1.831447e-01 8.736384e-02 -1.005315e-01 -2.081372e-01 2.329997e-02 3.316118e-02 4.396381e-01 -3.339536e-03 8.659197e-02 9.287514e-03 2.216319e-01 -4.962662e-02
-4.388967e-02 -1.416163e-01 -6.244788e-02 1.677851e-02 -3.752524e-02 5.693231e-01 -1.709776e-01 2.556939e-02 2.108581e-01 -6.802297e-02 -1.577526e-03 3.584600e-02 -6.333704e-02 -3.285015e-02 4.126676e-02 -9.211392e-02
1.326885e-02 -2.115280e-01 -6.003206e-02 8.836709e-02 4.727654e-01 1.496061e-01 -2.784625e-01 -7.740132e-02 -1.244750e-01 -7.453887e-03 4.218097e-01 1.462650e-01 -2.892928e-01 -1.213651e-01 -2.399724e-01 5.331679e-02
-2.949869e-02 3.313602e-02 2.150856e-01 9.160614e-02 3.815871e-01 1.639677e-01 1.135445e-01 -7.404777e-02 3.802551e-02 -1.325931e-01 -1.446548e-01 6.699386e-02 5.758548e-01 1.609115e-01 7.876164e-02 7.448300e-03
-5.884310e-02 1.384902e-01 -4.810304e-01 1.173681e-01 3.840729e-01 4.679884e-02 -3.324816e-01 -1.476236e-01 1.261183e-01 6.507246e-02 -6.773271e-02 -4.380367e-02 -4.245358e-02 -5.160768e-02 2.005371e-01 -7.425158e-02
3.563418e-01 -3.291071e-01 -5.179292e-02 -2.060892e-01 4.815405e-02 -2.501355e-01 -4.650652e-04 1.691732e-01 1.651757e-01 -1.334454e-01 -2.946444e-01 -8.975068e-02 3.675203e-01 1.148638e-01 -4.261467e-02 6.634022e-02
5.871101e-02 -3.442467e-02 1.533330e-01 -1.780444e-01 -2.660031e-01 8.047212e-03 3.225057e-02 -2.201255e-02 1.086855e-02 -9.464627e-02 8.469488e-02 -7.032031e-02 -1.879632e-01 6.431517e-02 -4.370773e-01 9.984539e-03
-4.071067e-02 2.316178e-03 2.100999e-01 -2.481526e-02 -3.054183e-02 -3.197888e-03 3.765355e-02 5.209728e-01 -1.201592e-01 -2.698603e-01 -1.049132e-01 -5.324899e-02 -7.269948e-02 -1.460793e-01 -1.438622e-01 2.533673e-01
-2.666784e-01 1.418461e-01 4.567306e-02 1.952750e-02 6.405690e-02 2.496589e-01 -2.048868e-01 -3.275049e-01 -4.993991e-03 1.082811e-01 -2.522246e-02 1.315232e-01 1.475198e-01 4.493045e-02 -5.350245e-01 1.295163e-02
-1.575364e-01 9.142815e-02 -3.673732e-03 -4.615169e-02 2.200856e-02 -1.165667e-02 -4.105202e-02 1.724003e-02 -5.684291e-01 -7.491080e-03 1.354836e-01 -5.697442e-02 9.918098e-02 1.576580e-01 6.731785e-02 -7.616190e-02
2.924366e-01 -9.038464e-02 -6.136651e-02 4.241800e-02 -1.093894e-01 -1.682427e-01 9.188191e-02 5.914171e-01 -9.949554e-03 -5.134524e-02 -7.466573e-02 3.458634e-02 8.019100e-02 -6.421109e-02 8.025958e-02 7.233443e-03
