1 5 16 16 32
-2.621466e-01 -1.572367e-01 -3.006299e-01 4.724886e-01 6.215503e-01 1.693243e-01 5.396811e-01 -1.128394e-01 8.670549e-02 2.953610e-01 -1.248412e-01 2.003100e-01 2.715272e-01 -6.003796e-02 3.815511e-01 -2.460816e-01
-3.932751e-02 3.712370e-01 1.798681e-01 4.013041e-01 2.894990e-01 -3.033336e-01 5.869590e-02 2.925216e-01 -4.450889e-01 -1.352295e-01 3.297534e-01 4.100535e-01 2.889817e-01 -3.343139e-01 -6.014176e-01 2.057281e-02
-1.633471e-01 -3.106989e-01 2.291604e-01 9.194002e-02 -6.066388e-02 4.919811e-01 8.427668e-02 8.741380e-02 2.247426e-01 1.439447e-01 -1.307568e-01 -1.771883e-01 6.958224e-01 -4.948374e-01 -1.794736e-01 -2.549563e-01
3.615321e-01 -2.624153e-01 -3.983684e-01 -1.841015e-01 -1.511843e-01 4.595938e-01 8.570636e-02 -2.908125e-01 2.717633e-01 1.980323e-01 -6.148664e-02 -3.295153e-01 -1.507815e-01 5.887413e-02 6.688671e-01 -1.287605e-01
5.302203e-01 -1.622258e-01 2.815579e-01 -3.752066e-01 -2.384123e-01 -2.071659e-01 -3.839002e-01 4.427896e-02 1.285516e-01 -2.541242e-01 4.896181e-01 -1.276320e-01 -9.213161e-02 -1.530687e-01 -4.437501e-01 1.792561e-01
-1.015011e-01 3.698094e-01 -1.324150e-01 -3.958381e-01 2.725959e-01 2.326923e-01 5.093074e-01 -5.491564e-01 3.729303e-01 -4.383036e-01 -4.689584e-01 2.774364e-02 3.289705e-01 3.910283e-01 -1.075181e-01 -1.393387e-01
-1.544925e-02 3.001575e-01 -3.217612e-01 5.807933e-02 4.953512e-01 2.036342e-01 -4.629424e-01 -3.064257e-01 -8.403584e-03 -3.994544e-01 1.556897e-01 4.574874e-01 -2.004790e-01 5.705787e-02 4.936425e-01 -2.225705e-01
-3.367610e-02 3.086888e-01 1.589827e-02 -2.891151e-01 -5.345086e-02 -3.596972e-01 -1.876467e-02 2.873105e-01 2.374687e-01 9.114803e-02 -1.708403e-01 -1.663788e-01 -3.581850e-01 6.424657e-01 7.399681e-01 -6.465302e-01
1.347889e-01 3.062660e-01 -2.495562e-01 1.112017e-01 -4.891308e-02 4.570486e-03 3.842289e-01 7.269014e-02 -1.807788e-02 2.338585e-01 4.165907e-01 -1.561338e-01 1.138482e-01 1.926895e-01 -5.658589e-02 3.591920e-01
-1.081187e-01 -1.794382e-01 7.014615e-02 -2.273565e-01 2.498370e-01 -2.018311e-01 -4.286330e-01 4.892927e-02 -3.982624e-02 -4.048371e-01 -1.306746e-01 4.463487e-01 1.408585e-02 2.018808e-01 7.000087e-01 -2.755464e-01
2.441181e-01 -3.357710e-01 1.168628e-01 4.163264e-01 -1.618587e-01 -4.359312e-01 -4.211476e-01 4.826688e-01 -3.909302e-01 4.551283e-01 5.820079e-01 -2.148621e-01 -2.922550e-01 -1.249744e-01 3.570045e-02 1.045835e-01
-1.848179e-01 -4.835300e-01 3.696970e-01 1.472864e-02 -2.528744e-01 -2.855011e-01 3.085483e-01 5.321069e-01 -4.709340e-02 4.988141e-01 -9.533443e-02 -2.220650e-01 2.243980e-01 -1.067319e-01 -3.718748e-01 2.824839e-01
-2.070432e-01 6.174652e-01 -1.413523e-02 -6.212150e-02 2.052540e-01 -3.521996e-01 -2.128790e-01 1.818486e-01 -2.181178e-01 7.447916e-02 -6.694807e-02 2.427409e-01 -2.902595e-01 -4.486881e-02 -4.613369e-01 -1.159859e-01
-3.556333e-01 -9.441078e-02 -3.255109e-01 5.066127e-02 3.439581e-01 1.549121e-03 -2.208793e-01 7.592838e-02 1.612121e-01 -4.663111e-01 1.149242e-01 7.352717e-01 -2.184664e-01 1.531789e-01 5.618815e-01 1.750370e-01
4.027477e-01 8.091839e-02 -2.681016e-01 -1.957668e-01 5.593422e-02 -6.716546e-01 -2.197294e-01 -1.285570e-03 -1.944322e-01 -2.230048e-01 6.136504e-01 1.530337e-02 -3.805917e-01 4.128714e-01 7.764403e-02 1.931473e-01
4.806251e-03 -1.690235e-01 9.226910e-02 -4.057277e-01 -2.627589e-01 4.365695e-01 1.422643e-01 -1.528761e-01 4.645229e-01 -6.496911e-02 -2.647625e-01 -2.187667e-01 -6.397646e-02 3.601847e-01 8.227949e-01 -2.496558e-01
-1.360855e-01 -1.051308e-01 -2.773318e-01 6.146836e-02 6.797534e-01 8.274296e-02 1.790270e-01 -1.363108e-01 3.457949e-02 -1.359135e-01 -1.341874e-01 -1.206555e-01 -1.709540e-01 4.804033e-02 6.497892e-01 -5.003402e-01
-1.241923e-02 4.390136e-01 1.906987e-02 1.349551e-01 1.196375e-01 -3.057030e-01 -1.929720e-01 3.343432e-01 -2.047178e-01 7.748417e-02 5.839201e-02 4.028350e-01 -8.367677e-04 -2.223088e-01 -4.568234e-01 -8.133069e-02
-3.036924e-01 -1.765426e-01 3.293393e-01 2.290219e-01 1.519814e-01 -1.450888e-01 -2.164899e-02 1.097169e-01 3.027092e-01 -1.049809e-01 -3.263050e-01 5.473260e-01 2.109318e-01 -2.312361e-01 -1.885250e-01 1.860569e-02
-4.309304e-02 -4.914210e-01 -1.903631e-01 -5.049938e-02 2.485867e-01 -4.359051e-02 -9.345023e-02 -1.403919e-01 -4.015831e-02 9.533273e-02 1.745804e-01 1.132114e-02 -1.864259e-02 2.653407e-01 1.013943e+00 1.392163e-01
-4.308286e-02 1.521547e-01 6.560569e-01 4.731420e-02 -1.164479e-01 -6.870708e-02 -2.811470e-01 3.428492e-01 -1.624426e-01 3.050978e-01 5.152066e-01 1.223144e-01 1.758869e-01 -1.629249e-02 -2.828747e-01 5.713010e-01
-2.774929e-01 2.537247e-01 7.489090e-03 -1.644958e-01 6.869534e-01 -9.272008e-02 -1.845351e-01 -1.060641e-01 3.219253e-01 -2.367994e-01 -4.029777e-01 3.582853e-01 -2.517637e-01 1.022061e-01 1.898096e-01 -1.494878e-01
3.742408e-01 1.298264e-01 -1.935738e-01 5.082685e-01 -1.217650e-01 1.501613e-01 -8.386910e-02 2.116405e-01 5.752502e-03 4.198985e-01 5.754017e-01 -1.784985e-01 -5.729287e-02 -2.232704e-01 -2.680634e-01 1.584870e-01
-3.205555e-02 3.816006e-01 2.202166e-01 -1.252693e-01 3.842647e-01 5.023336e-01 -1.443123e-01 -5.696450e-01 4.305628e-02 2.293826e-01 -3.135766e-01 -1.605564e-01 -2.509227e-01 -6.382979e-01 -1.664001e-01 -3.040934e-01
7.033772e-01 2.022003e-01 -6.216091e-01 -7.257075e-02 -3.783500e-02 4.661930e-01 -6.536473e-02 -5.682162e-01 1.668084e-02 -5.007210e-01 2.014521e-02 -2.090826e-01 1.737116e-01 -1.343310e-01 2.068256e-01 -5.494060e-01
-3.965645e-02 6.706792e-01 2.276434e-01 -6.914458e-02 4.038371e-01 1.292441e-01 -4.829507e-02 2.138749e-01 -8.772819e-02 -6.628560e-02 -8.010696e-02 3.490157e-01 -2.738001e-01 -2.528970e-01 -4.068919e-01 -2.307063e-01
-2.871746e-01 4.370855e-02 -3.483295e-01 -1.746672e-01 3.783149e-01 1.279107e-01 4.650539e-01 -3.037717e-01 4.784889e-01 -4.242289e-01 -4.203464e-01 4.274112e-01 2.754651e-01 7.166324e-02 1.411920e-01 2.312709e-02
4.155681e-01 -7.796073e-02 -2.817405e-01 -1.401572e-01 -1.537521e-01 8.041290e-01 -1.002909e-02 -2.894829e-01 3.460487e-02 -2.599460e-01 -4.678280e-02 -2.507553e-01 4.089046e-01 -2.037598e-01 -2.845814e-02 -4.405523e-01
-2.957085e-01 -2.247587e-01 2.433210e-01 3.797046e-01 3.404187e-02 -3.803958e-01 -7.958858e-02 9.875569e-02 -1.380495e-01 1.144216e-01 7.561042e-02 4.357436e-01 4.865265e-02 -2.631899e-01 -4.663590e-01 5.661798e-01
-3.641478e-01 2.294486e-01 3.054214e-01 1.044059e-01 -2.008795e-01 3.291057e-01 2.475862e-02 4.084360e-01 -3.231386e-01 3.882872e-01 -2.824465e-02 3.486829e-01 3.947937e-01 6.869855e-02 -1.580506e-01 6.487855e-01
-7.057427e-02 4.292688e-01 6.846511e-02 -1.132994e-01 3.535005e-01 -9.367498e-02 4.456696e-02 1.765616e-01 -1.055653e-01 -3.757991e-02 1.542448e-01 5.948645e-01 -3.916287e-02 -1.234580e-01 -2.796633e-01 -3.044702e-01
7.076729e-01 -1.845410e-01 -6.629531e-02 -3.796574e-01 -2.217805e-01 -3.132925e-01 -3.865941e-01 -1.614537e-01 2.674649e-01 -7.136083e-01 8.521616e-03 -4.271312e-01 -3.241079e-01 -1.300093e-01 -2.421435e-01 -3.612141e-02
5.728582e-02 3.466979e-02 -9.913310e-02 6.472204e-03 -1.428908e-02 -6.289656e-02 1.463672e-01 -4.210147e-01 -7.217126e-02 4.373240e-01 1.329710e-01 7.485611e-02 1.080016e-01 2.909346e-01 -4.935545e-01 -1.452031e-02
1.178430e-01 1.553941e-01 5.070032e-01 -1.341426e-01 -4.912007e-01 8.688196e-02 -2.975269e-01 -1.719481e-01 2.433113e-02 -2.391479e-01 5.573379e-01 -1.338716e-01 -7.117859e-02 -3.209671e-02 4.051498e-01 2.273588e-01
-2.073342e-01 -4.713808e-01 -1.829257e-01 2.994741e-01 3.903520e-01 -2.829530e-01 -3.531507e-01 6.238434e-01 1.181201e-02 -1.745387e-01 -3.192616e-01 2.252234e-01 -3.394718e-01 -1.430471e-01 2.624678e-01 2.018638e-01
1.890667e-01 1.074786e-01 7.460777e-02 -1.157541e-01 3.896251e-02 4.085904e-01 -4.289921e-01 -4.648708e-01 3.233726e-01 -2.107590e-01 4.666990e-01 -3.598422e-01 -5.009797e-01 2.565097e-01 1.835740e-01 1.647808e-01
-9.893939e-02 -2.742517e-01 -6.504495e-02 3.456012e-01 3.274852e-01 -2.587022e-01 -4.030285e-02 4.350706e-01 -4.885202e-01 3.379908e-01 -4.337711e-01 4.355825e-01 1.403191e-01 -3.121379e-01 -1.361593e-01 3.780606e-02
-1.200220e-01 3.481540e-01 -5.713170e-02 -8.756415e-02 -4.095510e-01 -2.686781e-01 5.473232e-03 -4.722520e-02 4.819055e-01 -7.176383e-02 2.043591e-01 -1.196418e-01 -5.959820e-02 1.732606e-02 -1.079781e-01 -7.377286e-02
-1.786633e-01 -1.495532e-01 1.967240e-02 -9.659984e-02 -2.585750e-01 -2.203958e-01 -1.029280e-01 -1.836587e-01 -4.032643e-01 -1.841416e-02 -2.473605e-01 3.261654e-01 2.693142e-01 -4.475048e-02 1.160044e-01 3.457714e-01
-1.987269e-01 3.483576e-01 -1.419638e-01 3.218321e-02 2.267235e-01 -5.322320e-01 -6.735577e-02 -1.774800e-01 2.021680e-01 -9.153006e-02 2.950192e-01 -8.734826e-02 -2.472088e-01 -2.404420e-01 1.673923e-01 1.215705e-01
-1.023321e-01 -2.038293e-01 -3.795773e-01 2.368672e-01 2.374313e-01 -7.721920e-02 3.513853e-02 5.472720e-01 -1.930458e-01 2.350065e-01 -4.935562e-01 2.478540e-01 3.894138e-03 -1.556501e-01 2.275522e-01 1.717873e-01
-1.237638e-02 1.012526e-01 -4.394257e-03 -4.186941e-01 -2.933311e-01 -1.125636e-01 -4.259772e-02 -2.199901e-01 1.222855e-01 1.996673e-01 6.096340e-01 -2.006373e-01 2.323146e-01 2.696103e-01 5.523128e-01 2.750782e-02
3.513336e-01 -3.701133e-01 -3.640061e-01 -2.626876e-01 4.553052e-03 -3.379378e-01 9.781861e-02 8.425437e-02 6.282903e-02 1.867434e-01 -2.500079e-01 -8.500123e-02 1.822768e-01 1.279694e-02 -5.379360e-02 -1.295244e-01
-8.716919e-03 -4.310853e-01 8.482828e-02 6.322392e-02 3.819753e-01 2.255462e-01 -2.171417e-01 3.157622e-02 -4.586148e-01 -5.245625e-02 -4.399361e-01 7.545234e-02 1.155379e-01 -1.681088e-01 2.307781e-01 -4.004570e-02
-1.182059e-01 2.349737e-01 5.406596e-01 -2.097625e-01 -1.425963e-01 1.630843e-01 -9.052338e-02 4.334999e-01 -2.804434e-02 -5.154440e-01 3.057550e-01 -2.072211e-01 2.442817e-02 -5.050196e-01 -9.926442e-02 6.094368e-01
-1.064273e-01 -9.005614e-02 1.675965e-01 4.313042e-01 -3.550694e-02 -3.133250e-01 1.602070e-01 2.357142e-01 6.432313e-01 -2.029473e-01 1.093301e-01 1.160247e-01 -3.398616e-01 -3.204200e-01 -2.939494e-01 1.925457e-01
2.629921e-01 -1.040791e-01 -1.611998e-01 2.478999e-01 2.814549e-01 1.488957e-01 -1.139495e-02 4.685582e-01 5.239243e-02 5.022960e-03 -1.628109e-01 -1.620737e-03 -8.944175e-02 -2.541643e-01 -2.764306e-01 -2.894906e-01
-1.360482e-01 -1.010017e-01 -2.146574e-01 1.581629e-01 2.354655e-01 -3.297513e-01 2.983889e-01 2.708606e-01 2.023559e-01 3.172151e-02 -6.167257e-01 1.857835e-02 -2.871203e-01 -1.051702e-01 -5.501961e-01 -1.911030e-02
4.563825e-02 -8.264261e-02 1.375356e-01 1.045436e-01 2.928330e-01 7.176222e-02 -4.327604e-01 -2.099442e-01 -1.996274e-01 6.756561e-02 6.276551e-01 1.470611e-01 -1.255597e-01 -3.604966e-01 -2.329100e-01 1.555644e-01
1.390330e-01 2.161267e-01 -2.816587e-02 -1.179582e-01 -1.535403e-01 -3.349554e-01 -1.730148e-03 -4.242097e-01 -3.212616e-02 1.926557e-01 1.498721e-01 1.500736e-01 1.859608e-01 4.457812e-01 2.209188e-01 -3.167504e-01
-2.736977e-02 5.100976e-02 -2.139047e-01 3.444819e-02 2.101475e-01 -8.977927e-02 9.696987e-02 6.174822e-01 1.253206e-01 2.676594e-01 2.520129e-03 -3.032017e-01 -7.532977e-02 -7.248365e-03 6.928568e-02 -2.851217e-01
2.053444e-01 3.948950e-01 3.188377e-01 -2.586696e-02 -4.117323e-01 2.129226e-01 1.075801e-01 -4.877771e-01 2.319376e-01 5.503937e-02 4.919267e-01 -2.212346e-01 6.782867e-03 2.531158e-01 -2.939633e-01 -2.812237e-02
-2.283438e-02 5.880167e-02 -5.308594e-02 2.330434e-01 3.514766e-01 2.583399e-01 2.123748e-01 2.857185e-01 -2.411335e-01 4.245855e-02 4.152113e-02 1.498796e-01 -2.314386e-01 1.556671e-01 4.419802e-02 3.818993e-01
1.602628e-01 4.959647e-01 6.649865e-02 -4.708836e-01 -2.877072e-01 2.785045e-01 1.964289e-01 -4.384019e-01 -4.916421e-02 2.541879e-01 2.334465e-01 -9.686772e-02 6.841571e-01 -5.530530e-02 -3.422897e-01 -2.282620e-01
-8.443403e-03 -2.787005e-01 -7.670482e-01 1.471047e-01 3.833881e-01 -2.140343e-01 3.674054e-01 -2.436997e-01 -1.928971e-01 6.059121e-01 -6.035451e-01 9.911786e-02 5.725499e-02 4.902174e-01 -1.281602e-01 -3.789013e-01
8.119445e-02 -1.339784e-02 -4.023324e-01 -2.726018e-01 4.126901e-02 2.879263e-01 -2.101389e-01 -2.537376e-01 -6.702622e-01 3.699672e-01 -1.136272e-01 1.305411e-01 6.051127e-01 2.156223e-01 4.393641e-01 -2.527254e-02
2.942493e-01 -9.231058e-02 -9.871165e-02 3.190095e-02 1.828563e-02 -1.770051e-01 9.893338e-02 5.894375e-01 -5.134709e-02 3.494995e-01 -1.975007e-01 2.155629e-01 5.437755e-01 -2.476951e-01 -4.581145e-01 2.451736e-02
-6.719504e-03 -6.013052e-02 -6.916910e-02 1.516191e-01 5.372735e-02 -6.143047e-03 1.373438e-01 -7.139819e-02 -8.507796e-02 5.341234e-01 -1.175223e-01 1.773204e-01 4.178138e-01 -1.919498e-02 -6.762313e-01 5.321514e-04
-1.511164e-01 -2.840099e-02 5.025868e-01 -5.491120e-02 -1.396007e-01 5.197423e-01 -1.446187e-01 4.859557e-01 1.013538e-01 -4.584948e-01 2.987454e-01 -1.189360e-01 1.232933e-01 -3.785683e-01 3.907994e-02 3.858837e-01
-3.570118e-01 1.441917e-01 2.329029e-01 -9.545833e-02 -2.120339e-02 2.846377e-01 -4.587276e-01 -3.839120e-01 -1.576013e-01 -6.115119e-01 5.074455e-02 -6.969669e-02 -3.996888e-01 9.279639e-02 5.426667e-01 -2.273538e-02
-1.364727e-01 1.627409e-01 -1.989308e-01 3.346357e-02 4.758204e-02 -2.003309e-01 9.987669e-02 3.484830e-01 2.519483e-03 -1.419573e-01 -2.914557e-01 -4.912982e-02 -3.058412e-01 -2.648192e-01 4.692737e-01 -1.064958e-01
-4.730225e-02 -5.464461e-02 4.335639e-03 3.421212e-01 8.309043e-02 2.954494e-01 -1.584979e-01 -2.347929e-01 -3.359860e-02 -2.571714e-01 -1.139630e-01 1.630992e-01 -7.674730e-01 -4.597955e-02 -1.704703e-01 -1.399795e-01
2.766139e-01 -1.486152e-01 -3.479845e-01 4.645797e-02 -5.334518e-02 5.732646e-01 1.493174e-01 1.078311e-01 -1.027183e-01 2.243948e-01 -3.424529e-01 2.316038e-02 2.360446e-01 -1.424449e-02 -1.303412e-01 -2.075432e-01
3.206870e-02 1.934708e-01 -1.361580e-01 -2.877893e-01 -3.294184e-02 -1.305393e-01 3.457250e-01 1.991934e-01 1.200873e-01 3.206018e-01 2.615775e-02 -1.222610e-02 7.621813e-01 -2.237408e-01 1.456984e-01 3.085258e-02
-5.524070e-02 1.796704e-01 1.016322e-01 -1.312803e-01 -5.029441e-02 -8.232851e-02 -1.087621e-01 1.373037e-01 -4.515189e-02 4.097518e-01 -1.672076e-01 -1.972364e-01 -1.641652e-01 -1.205170e-02 -4.013709e-02 4.877957e-02
-3.280528e-02 1.581002e-01 -3.401453e-02 -2.080808e-01 2.787893e-01 3.072624e-02 1.109071e-01 1.108417e-02 1.687007e-01 2.588023e-01 2.585414e-01 4.213484e-01 -1.116368e-01 2.722427e-02 7.927154e-02 -1.327831e-01
4.815813e-01 -1.962906e-01 -1.436616e-01 1.050033e-01 -6.283629e-02 9.582405e-02 1.580900e-02 -1.217238e-01 3.357710e-02 -1.925507e-01 1.135709e-02 3.049347e-01 2.133743e-01 -8.110679e-02 -1.212893e-01 -1.493189e-01
-2.490812e-01 -1.977378e-02 1.403923e-01 9.335467e-02 4.511408e-01 1.080164e-01 4.023980e-01 1.743760e-01 6.889048e-02 8.621328e-02 3.755230e-02 -2.334707e-01 5.093199e-02 1.542466e-01 2.994292e-01 3.374130e-03
-3.558360e-01 1.956411e-01 3.294178e-01 1.500742e-01 1.438855e-01 2.072500e-01 1.257335e-01 1.395077e-01 5.450404e-02 5.201452e-01 1.506491e-01 2.873831e-01 1.288970e-01 4.645268e-02 1.170798e-01 1.501087e-01
7.542878e-02 -1.254993e-01 2.948242e-01 -1.029798e-01 -1.281645e-01 -1.340706e-01 3.311713e-01 -6.317940e-02 -7.803832e-02 -1.563293e-01 -2.505315e-01 -2.240418e-01 1.951632e-01 8.658252e-02 -2.324712e-01 -2.132648e-02
-6.123707e-02 3.653114e-02 -2.720497e-01 1.172272e-01 1.934604e-02 1.407560e-01 -2.449071e-01 8.893093e-02 2.633355e-02 -2.114768e-02 2.333493e-01 3.327088e-01 -1.937436e-01 -5.672577e-02 4.548624e-01 -1.582353e-02
-1.080831e-02 1.240929e-01 -1.059219e-01 7.791230e-02 2.086284e-01 -1.095567e-01 -2.647274e-02 8.419391e-02 -2.144895e-01 6.687778e-02 4.819653e-01 -8.378646e-02 9.813009e-02 -1.705880e-01 -3.628566e-02 8.670741e-02
3.214487e-01 -2.898576e-02 -1.135281e-01 -1.276823e-01 -4.426517e-03 5.364276e-01 -1.181596e-01 2.742951e-02 -1.039653e-01 -7.895759e-02 -4.105467e-02 -3.353225e-01 1.107061e-01 -1.292791e-02 -1.048419e-02 -2.209462e-01
-1.559410e-01 1.141281e-02 -4.501205e-02 -1.695398e-01 5.539170e-02 7.111008e-02 4.366517e-01 -4.923733e-02 2.328688e-01 -1.039076e-01 -3.389591e-01 1.189092e-01 4.374737e-01 1.346469e-01 -2.475880e-01 9.250532e-02
-2.257290e-01 1.255862e-01 4.262167e-01 3.014620e-02 1.813352e-01 1.706124e-01 5.056437e-02 3.585258e-01 -2.088978e-01 2.075077e-01 2.081314e-01 -6.313248e-02 1.558469e-01 6.035326e-02 1.226947e-01 2.826886e-01
1.212914e-01 -9.659506e-03 6.486156e-02 -3.503434e-02 2.682396e-01 9.453311e-02 1.965609e-01 2.740899e-02 -1.936132e-02 -1.735145e-02 3.177094e-01 6.421275e-01 2.893829e-01 -6.757913e-02 6.961040e-02 -1.234710e-01
1.234026e-01 -3.024622e-01 -1.431568e-01 1.419474e-01 -4.826266e-02 1.336202e-01 1.943924e-01 -8.196778e-02 3.634012e-02 -2.407787e-02 3.525761e-01 3.538705e-01 1.432882e-01 -1.913536e-01 3.155566e-01 -1.086328e-01
-1.040618e-01 2.243280e-01 -1.199018e-01 -8.968263e-02 7.226489e-03 -3.256063e-01 2.201914e-02 -5.317505e-02 -3.014623e-01 2.283966e-01 2.140878e-01 1.046856e-01 -2.669457e-01 5.558185e-02 -2.490343e-01 4.383951e-01
-1.983911e-02 -7.747547e-02 7.458885e-02 -1.508046e-01 -6.489891e-02 2.161305e-01 6.735098e-02 -9.182750e-02 4.179843e-01 -6.114326e-02 -2.099854e-01 2.828778e-01 -2.589884e-02 1.781229e-01 6.162941e-03 -7.923220e-02
-1.224163e-01 1.852568e-01 1.292177e-01 -2.008146e-01 6.124858e-01 1.435465e-02 -2.728834e-01 8.690774e-02 8.374365e-02 -1.306064e-01 -2.531398e-01 4.410991e-02 -6.688157e-02 1.201647e-02 6.052398e-02 -2.567174e-01
2.037893e-01 -2.467173e-01 4.895810e-02 1.362248e-01 -1.155041e-01 4.792363e-01 -6.082515e-02 4.400907e-03 1.689149e-01 -2.068002e-01 -1.037559e-01 -2.083983e-01 2.754466e-01 -1.456470e-01 1.675560e-01 -2.752376e-01
-2.799006e-01 -2.260629e-02 1.128113e-02 1.959857e-02 3.545777e-01 -1.300157e-01 -7.189380e-02 -5.733446e-02 2.577459e-01 -1.471221e-01 -2.554671e-01 4.071585e-01 3.437384e-02 -1.112543e-02 5.938527e-02 1.905228e-02
5.289823e-01 1.638181e-01 -4.554577e-02 4.686032e-02 -7.245047e-02 -6.784432e-03 -5.637430e-03 -6.931364e-02 -1.136598e-01 1.099048e-01 4.325045e-02 -2.086193e-01 -8.108908e-02 -4.606672e-02 -3.771343e-02 -4.343660e-02
-3.480750e-02 -9.373039e-02 1.318715e-01 1.758225e-01 8.091533e-02 -3.521487e-03 1.537910e-01 2.703120e-02 -1.201846e-01 -2.647191e-01 2.296711e-01 3.634011e-01 5.124345e-01 4.275867e-03 -1.367158e-02 -1.395491e-02
9.299771e-02 -1.188978e-01 -5.570063e-02 2.567518e-01 -1.294136e-01 -1.699398e-02 -2.748905e-01 1.759261e-01 -1.240654e-01 1.832269e-01 3.761213e-01 -5.411759e-03 -2.642697e-01 -1.465140e-01 2.956377e-01 -6.170167e-03
1.207616e-01 -1.745019e-02 2.624255e-01 -2.984919e-01 -6.523609e-02 -8.242291e-02 -1.766017e-01 1.185636e-02 -1.817866e-01 -9.944087e-02 4.119132e-01 -1.714172e-01 -1.172933e-01 -1.953273e-01 -1.837710e-01 9.096184e-02
2.814277e-02 2.950993e-01 3.583736e-02 -1.519338e-01 1.022370e-01 1.385252e-01 4.432267e-01 -1.945675e-01 1.699458e-02 -2.449972e-01 -2.479814e-01 5.190713e-02 2.900233e-01 2.798757e-01 -1.791131e-01 2.232275e-03
5.357529e-02 2.080159e-01 2.391703e-01 -9.000288e-02 5.173470e-02 1.290603e-01 -2.069964e-02 1.741643e-01 -1.863547e-02 7.687455e-02 -1.023174e-01 4.835697e-01 2.810916e-02 -1.232254e-01 -1.909553e-01 -1.165424e-01
7.739628e-03 -4.704642e-02 -1.279996e-01 1.796887e-01 -2.938035e-01 -2.024971e-01 9.565749e-02 -1.443704e-01 -2.524462e-01 1.328300e-01 2.170205e-01 1.156478e-01 -4.275872e-02 -1.352034e-01 -2.793468e-01 5.097010e-01
-2.214409e-02 -1.052858e-01 -2.400091e-02 5.314810e-01 -5.096945e-02 -3.161950e-02 2.625852e-02 1.334394e-02 -1.272964e-01 -1.702628e-01 -3.799023e-02 -1.266886e-01 3.261385e-02 -9.405535e-02 6.226250e-02 7.249596e-02
1.572120e-01 -1.214225e-01 -1.095366e-01 7.169407e-03 2.664067e-01 1.333221e-01 1.897151e-01 -1.894656e-01 2.426176e-01 -1.682212e-01 3.510976e-01 4.774247e-01 2.294960e-01 6.308614e-02 1.404016e-02 -1.655265e-01
-2.583186e-01 3.222827e-01 7.145808e-02 -2.613672e-01 1.939854e-01 -1.914823e-01 6.708339e-02 -5.465485e-02 -5.735591e-02 1.384030e-01 -4.518094e-02 -1.340593e-01 1.140563e-01 3.598027e-01 -2.024245e-01 3.982475e-01
-1.739614e-01 -1.211350e-02 -1.511148e-01 1.726603e-01 -1.283114e-01 1.093158e-01 2.628650e-01 1.499334e-01 8.572352e-02 2.405987e-01 2.149424e-02 2.147599e-01 3.802277e-01 7.769507e-02 -9.359930e-02 1.987821e-01
-5.930069e-02 5.319359e-01 -2.250889e-01 -1.028800e-02 1.779101e-01 7.457357e-02 5.339053e-02 4.109105e-02 1.628928e-01 1.634453e-01 -2.343602e-02 1.583196e-02 1.911423e-01 1.606333e-01 -1.471884e-01 2.174900e-01
-3.492985e-01 1.322051e-01 2.552927e-02 2.972429e-01 3.063486e-01 2.370836e-01 2.326657e-01 9.728011e-02 7.725374e-02 4.042502e-01 -1.472643e-01 2.734991e-01 1.334078e-01 1.122908e-01 3.079383e-01 -1.247793e-01
-1.087441e-01 1.104991e-01 -6.800761e-02 -7.853001e-02 1.567467e-01 -1.176011e-01 -7.836796e-03 -1.226970e-01 2.132340e-01 -9.230996e-02 -5.411281e-02 -5.112068e-02 -1.365823e-01 2.313300e-01 4.322740e-01 -7.923115e-02
1.514560e-01 -1.100200e-02 1.033796e-01 -1.250189e-01 2.651515e-01 -8.402478e-03 -1.326557e-01 5.815990e-03 -1.786148e-01 3.019585e-01 4.936573e-01 4.128672e-03 -1.423708e-01 -2.626983e-01 -2.145915e-01 -3.476920e-02
-9.264056e-02 -1.028371e-01 -1.974349e-01 1.633617e-01 3.458260e-01 -1.313745e-01 -2.580984e-01 -5.304710e-02 -2.314620e-01 6.231236e-02 4.092270e-01 3.683480e-01 -5.502264e-02 -3.116464e-01 -1.551350e-01 -5.842194e-02
-4.019921e-02 -6.264445e-02 -3.929756e-01 -4.528113e-03 -2.546779e-01 2.445196e-01 5.426005e-03 1.995493e-01 1.641289e-01 -2.552415e-01 -3.322573e-01 2.580335e-02 -7.382300e-02 2.256466e-02 -2.088868e-01 -2.824381e-02
-1.294233e-02 5.063692e-02 4.112236e-02 -1.515489e-01 -8.097720e-02 -1.772283e-02 1.330267e-01 9.762017e-02 1.521506e-01 7.657640e-02 -1.758581e-01 -2.901485e-01 -5.943317e-02 2.130730e-01 2.618617e-01 7.328899e-03
1.693095e-01 2.672817e-01 5.661124e-02 -4.565183e-01 7.290460e-03 -1.848434e-01 4.106652e-02 -2.365699e-01 -2.220166e-01 9.473799e-02 -4.441806e-02 -2.290262e-01 -3.416844e-02 1.928899e-02 -2.241345e-02 2.970779e-02
-2.049049e-01 2.926460e-01 -2.780391e-01 -1.775054e-01 2.443432e-01 8.318348e-03 -1.398673e-02 -9.895265e-04 3.913355e-02 4.339406e-02 -1.615147e-01 1.342497e-01 3.884822e-01 -1.232111e-01 3.979972e-01 -1.509508e-01
4.800883e-02 1.396450e-01 1.700349e-01 -6.885777e-02 -6.829455e-03 -6.296241e-01 6.541003e-02 -1.378927e-02 -2.621701e-01 1.597427e-01 1.007316e-01 -6.443724e-02 -6.723931e-02 -2.258093e-01 -8.752240e-03 1.109629e-01
-1.425095e-01 1.945429e-01 -1.457624e-02 2.264282e-01 -4.473945e-02 2.322960e-01 -4.172440e-02 -3.505826e-01 -5.820597e-02 1.015823e-01 2.207735e-01 1.357678e-01 -4.473026e-01 -1.227675e-01 -2.562942e-02 -7.035782e-02
-1.152878e-01 -1.091212e-01 -1.382132e-01 4.696375e-01 3.689367e-02 3.107592e-02 -3.361880e-02 1.427194e-01 9.658594e-02 -1.738634e-02 7.155892e-02 2.815330e-01 6.534142e-02 -3.528282e-02 1.371281e-01 7.744609e-02
-1.081747e-01 -1.818605e-03 2.340095e-02 -2.145193e-01 8.337919e-02 -1.907779e-02 6.082471e-02 4.139324e-01 -3.231944e-02 -6.704305e-02 -4.655179e-02 -2.930961e-02 4.142828e-01 -6.246565e-02 -5.333225e-02 8.435923e-02
2.273397e-01 -1.151794e-01 -1.626694e-02 1.982165e-01 -1.085407e-01 4.817990e-02 -4.729043e-02 4.774645e-02 -7.384792e-02 -3.881099e-01 1.256687e-01 4.262177e-01 -6.207299e-02 -3.160916e-01 -2.557809e-01 2.078679e-01
4.942193e-02 1.177482e-01 2.314912e-02 -2.346876e-02 3.581861e-01 1.769951e-01 2.831059e-01 4.224391e-02 -3.150770e-01 -2.569750e-02 -3.727251e-02 -3.303492e-02 -2.820151e-01 1.753333e-01 -1.948692e-01 2.402209e-01
-2.176149e-01 8.219904e-02 1.202128e-01 -8.287475e-02 1.040436e-01 1.457903e-01 -1.438567e-01 -6.160508e-01 6.086642e-02 -4.592507e-02 -2.169357e-02 -9.564377e-02 -2.746110e-01 2.533033e-01 7.026548e-02 1.303482e-01
-3.922873e-02 -1.978418e-02 -2.600414e-01 1.933576e-01 1.443693e-01 9.029811e-02 -2.150213e-02 -4.529773e-01 1.418317e-01 1.521500e-01 -1.037747e-01 1.527688e-01 1.117938e-01 4.665565e-02 1.312438e-01 -3.172510e-01
2.682431e-01 -2.290239e-02 -5.120736e-03 -2.128642e-02 -3.556120e-02 -1.407416e-01 4.398891e-02 -5.961580e-01 3.957465e-02 8.484970e-02 1.418477e-01 -1.169554e-01 -3.614943e-01 1.835816e-01 2.566495e-01 4.896981e-02
-1.616854e-02 1.161894e-01 -3.878623e-01 1.801716e-01 3.750019e-01 -3.265112e-01 7.854026e-02 -1.532257e-01 -1.572321e-01 2.002626e-01 -2.039694e-02 -7.351954e-02 -3.072416e-02 5.546461e-02 1.056154e-01 -8.685265e-02
-7.080537e-02 -4.352245e-02 -1.035331e-01 6.021409e-02 -2.733675e-01 -6.557302e-02 -2.381571e-01 -1.685080e-02 3.345817e-01 4.330462e-02 1.757241e-02 1.209369e-01 3.065270e-01 -8.447723e-02 3.225935e-01 -1.030913e-01
1.010393e-01 -3.160133e-01 -3.283837e-02 2.502793e-01 1.271041e-01 -4.652192e-03 -1.617670e-01 -2.224067e-02 -8.014748e-02 1.469809e-01 1.120574e-01 -1.794107e-01 -1.801940e-01 2.165889e-01 -3.918820e-01 1.574199e-02
2.723139e-03 -7.813567e-02 4.221454e-01 1.238322e-01 3.560979e-01 -1.557688e-02 3.266427e-02 -2.302637e-01 3.141353e-02 2.560874e-02 1.718186e-01 -1.194927e-01 1.911324e-01 -1.930833e-01 1.867871e-01 1.892218e-01
2.295015e-01 -9.096266e-02 1.360356e-02 6.972259e-02 2.408001e-02 -8.000185e-02 7.391394e-02 -2.428552e-02 4.497921e-01 -4.179522e-02 -3.149453e-01 3.212487e-02 -3.976884e-02 -1.549754e-01 -1.762500e-01 -3.056981e-02
3.552561e-01 -7.892545e-02 7.944396e-02 1.439011e-01 3.595332e-01 -1.929563e-01 1.717688e-02 2.854630e-03 1.444763e-01 3.022839e-01 2.823031e-01 -1.870841e-05 -1.553399e-01 2.114845e-02 2.190307e-01 -6.984413e-02
4.811331e-02 1.970740e-01 1.308258e-01 -1.192492e-01 -1.831447e-01 8.736384e-02 -1.005315e-01 -2.081372e-01 2.329997e-02 3.316118e-02 4.396381e-01 -3.339536e-03 8.659197e-02 9.287514e-03 2.216319e-01 -4.962662e-02
-4.388967e-02 -1.416163e-01 -6.244788e-02 1.677851e-02 -3.752524e-02 5.693231e-01 -1.709776e-01 2.556939e-02 2.108581e-01 -6.802297e-02 -1.577526e-03 3.584600e-02 -6.333704e-02 -3.285015e-02 4.126676e-02 -9.211392e-02
1.326885e-02 -2.115280e-01 -6.003206e-02 8.836709e-02 4.727654e-01 1.496061e-01 -2.784625e-01 -7.740132e-02 -1.244750e-01 -7.453887e-03 4.218097e-01 1.462650e-01 -2.892928e-01 -1.213651e-01 -2.399724e-01 5.331679e-02
-2.949869e-02 3.313602e-02 2.150856e-01 9.160614e-02 3.815871e-01 1.639677e-01 1.135445e-01 -7.404777e-02 3.802551e-02 -1.325931e-01 -1.446548e-01 6.699386e-02 5.758548e-01 1.609115e-01 7.876164e-02 7.448300e-03
-5.884310e-02 1.384902e-01 -4.810304e-01 1.173681e-01 3.840729e-01 4.679884e-02 -3.324816e-01 -1.476236e-01 1.261183e-01 6.507246e-02 -6.773271e-02 -4.380367e-02 -4.245358e-02 -5.160768e-02 2.005371e-01 -7.425158e-02
3.563418e-01 -3.291071e-01 -5.179292e-02 -2.060892e-01 4.815405e-02 -2.501355e-01 -4.650652e-04 1.691732e-01 1.651757e-01 -1.334454e-01 -2.946444e-01 -8.975068e-02 3.675203e-01 1.148638e-01 -4.261467e-02 6.634022e-02
5.871101e-02 -3.442467e-02 1.533330e-01 -1.780444e-01 -2.660031e-01 8.047212e-03 3.225057e-02 -2.201255e-02 1.086855e-02 -9.464627e-02 8.469488e-02 -7.032031e-02 -1.879632e-01 6.431517e-02 -4.370773e-01 9.984539e-03
-4.071067e-02 2.316178e-03 2.100999e-01 -2.481526e-02 -3.054183e-02 -3.197888e-03 3.765355e-02 5.209728e-01 -1.201592e-01 -2.698603e-01 -1.049132e-01 -5.324899e-02 -7.269948e-02 -1.460793e-01 -1.438622e-01 2.533673e-01
-2.666784e-01 1.418461e-01 4.567306e-02 1.952750e-02 6.405690e-02 2.496589e-01 -2.048868e-01 -3.275049e-01 -4.993991e-03 1.082811e-01 -2.522246e-02 1.315232e-01 1.475198e-01 4.493045e-02 -5.350245e-01 1.295163e-02
-1.575364e-01 9.142815e-02 -3.673732e-03 -4.615169e-02 2.200856e-02 -1.165667e-02 -4.105202e-02 1.724003e-02 -5.684291e-01 -7.491080e-03 1.354836e-01 -5.697442e-02 9.918098e-02 1.576580e-01 6.731785e-02 -7.616190e-02
2.924366e-01 -9.038464e-02 -6.136651e-02 4.241800e-02 -1.093894e-01 -1.682427e-01 9.188191e-02 5.914171e-01 -9.949554e-03 -5.134524e-02 -7.466573e-02 3.458634e-02 8.019100e-02 -6.421109e-02 8.025958e-02 7.233443e-03
