4 4 8 32 16
-8.621880e-02 -7.910412e-02 8.480396e-03 -1.031045e-01 -1.901884e-02 5.557419e-03 3.530954e-01 -7.387765e-02
-8.062860e-02 1.860768e-01 -1.257205e-01 3.394085e-01 -8.692117e-02 -7.232131e-02 -1.718881e-01 -1.022174e-01
-5.027844e-02 6.092050e-02 6.543152e-02 1.987195e-01 -6.732522e-02 -1.326142e-02 -1.468267e-01 -1.350426e-01
9.170143e-02 4.745342e-01 -1.009020e-01 -5.133877e-02 1.209024e-01 1.362399e-01 2.177990e-01 -5.673572e-02
-4.534206e-02 3.136452e-01 -1.473107e-01 1.102092e-01 -1.149081e-01 3.886810e-01 1.618770e-01 -1.313363e-01
-9.930672e-02 -1.417608e-02 -1.155681e-01 2.772741e-01 -1.058620e-01 -8.778736e-02 -1.307864e-01 -4.461326e-02
-6.841939e-02 -1.060621e-02 -1.049790e-01 2.643155e-01 3.071904e-03 -8.968269e-03 -2.322422e-01 -1.665636e-01
-1.860984e-02 2.208619e-01 -1.353956e-01 -8.743355e-02 2.644047e-02 1.811182e-02 3.738486e-01 -5.321106e-02
-5.628573e-02 -5.470438e-02 -5.938384e-02 -1.006849e-01 2.306198e-01 -7.277488e-04 5.341383e-01 -1.045073e-01
-1.319550e-01 -1.132758e-01 3.212492e-03 1.573245e-01 -8.335641e-02 -9.009552e-02 -1.219664e-01 -1.039362e-01
1.556521e-01 2.296098e-02 -2.544024e-02 -1.333932e-02 3.534250e-01 1.296580e-01 3.072021e-01 7.960784e-03
-7.671222e-02 -8.149230e-02 -1.160375e-01 3.935495e-02 -1.040921e-01 3.018981e-01 2.276017e-01 -1.033467e-01
-9.601054e-02 4.132099e-01 -8.959856e-02 2.924642e-01 -1.145321e-01 -6.491958e-02 -1.421319e-01 -9.354209e-02
1.760255e-01 1.630795e-01 -1.130527e-01 -5.028205e-02 1.919837e-01 1.581583e-01 1.826946e-01 -8.134572e-02
-9.691386e-02 -8.433715e-02 2.449973e-01 5.828272e-02 -7.867274e-02 -3.491606e-02 -1.123555e-01 -1.041780e-01
-1.273338e-01 -3.628944e-02 -8.424570e-02 -9.897745e-02 3.992075e-02 -2.902951e-02 -9.048610e-02 -5.679906e-02
4.571507e-03 -1.166267e-01 -1.290393e-01 2.419388e-01 -1.175397e-01 -1.080791e-01 2.954154e-01 -9.315772e-02
3.761920e-01 6.134271e-02 -1.713542e-01 -1.844486e-01 -1.885592e-01 -1.255773e-01 -1.599313e-01 -2.396115e-01
1.453999e-01 -8.298863e-02 -9.742526e-02 -1.154048e-01 -2.200130e-02 1.995694e-01 -1.566715e-01 9.899317e-02
3.048116e-01 -1.215457e-01 -8.343928e-02 -1.223732e-02 -1.496141e-02 -1.677265e-01 -1.101776e-01 2.766601e-01
-1.091732e-01 -5.614642e-02 -1.233102e-01 -1.125982e-01 -5.928793e-02 -8.162382e-02 5.299449e-01 -3.210481e-04
3.601542e-01 -6.557972e-02 -1.441977e-01 -1.298061e-01 -1.022339e-01 -1.160639e-01 -6.684600e-02 1.751009e-01
-9.807318e-02 -1.462224e-02 -1.653834e-01 -9.105611e-02 6.261771e-02 -1.060824e-01 4.167821e-03 -1.646214e-01
2.402585e-03 -4.284701e-02 -2.644866e-01 -4.405495e-02 -2.666462e-01 -5.497221e-02 2.617262e-01 -4.090568e-02
-1.068286e-01 3.734652e-01 -3.194020e-02 2.222454e-01 -4.120899e-02 -1.703981e-01 -8.526839e-02 2.082158e-02
-1.499047e-02 -6.633489e-02 -1.045422e-01 -8.969939e-02 1.199736e-01 -7.567826e-02 -8.723243e-02 -1.289173e-02
3.223433e-02 -6.003559e-02 -4.025947e-01 5.435534e-02 -3.236732e-01 -9.426474e-02 1.071455e-01 -2.408156e-01
8.753739e-02 -4.388280e-03 -2.486943e-01 -1.428282e-01 -7.027371e-02 -1.177593e-01 1.567184e-02 -5.444630e-02
3.031700e-02 -1.003143e-01 -1.210087e-01 1.384776e-01 -8.267891e-02 -9.470096e-02 5.552377e-01 1.377337e-02
-1.164391e-01 -4.163531e-02 -2.287625e-02 -1.008838e-01 8.505359e-02 1.578894e-01 -1.000680e-01 -1.139535e-01
1.894940e-01 -6.708908e-02 -1.051327e-01 -1.140533e-01 -6.311971e-03 -8.649359e-02 -1.002296e-01 4.496079e-02
4.995391e-01 -7.962833e-02 -1.098009e-01 -1.075660e-01 -1.244236e-01 -1.436112e-01 -8.099348e-02 -1.389098e-02
-1.375255e-01 -1.409242e-01 -8.668509e-02 -5.141620e-02 2.396996e-01 -6.713247e-02 -1.239681e-01 -7.440132e-02
6.179621e-01 -1.414049e-01 2.012260e-01 -8.118094e-02 -3.751047e-02 -1.234051e-01 1.209153e-01 4.172336e-02
-2.441599e-01 -1.778697e-01 1.564809e-01 -6.522898e-02 -5.655337e-02 -6.782159e-02 -9.355319e-02 9.172186e-02
-1.217777e-01 -1.144704e-01 -1.236719e-01 2.539046e-01 2.761618e-01 2.998126e-01 -1.419549e-01 -8.666775e-02
3.491057e-01 -3.402363e-01 5.581920e-02 -9.775563e-02 7.633034e-02 1.893237e-02 1.259516e-01 8.172647e-02
-1.627950e-01 -1.381403e-02 3.396479e-01 1.229617e-01 -1.388187e-01 -2.237753e-03 -2.337744e-01 -1.182703e-02
-1.430898e-01 -2.168361e-02 -1.155668e-01 2.468370e-01 3.008534e-01 -1.471959e-02 -2.067792e-01 -9.210325e-02
-2.732587e-01 -1.546007e-01 -1.008657e-01 1.155564e-01 2.557675e-01 -1.029382e-01 -2.022286e-01 -5.286382e-02
-1.010795e-01 -1.301934e-01 2.215546e-01 -6.443996e-02 -3.623313e-02 -1.127626e-01 -1.667460e-01 -1.132782e-03
-1.879472e-01 -2.201639e-01 -1.895972e-01 4.158883e-03 1.857546e-01 2.433979e-01 -2.509210e-02 -1.075676e-02
-2.515649e-01 -8.027427e-02 -1.293451e-01 9.559563e-05 2.844570e-01 1.645690e-02 -5.163948e-02 3.265804e-02
-2.857825e-01 -3.806767e-01 -1.536359e-02 -1.110914e-01 4.071407e-03 -2.619592e-02 -1.345977e-01 1.690667e-03
-1.007318e-01 -6.897316e-02 -1.623826e-01 -5.372078e-02 2.560137e-01 2.426610e-01 5.196848e-02 4.294394e-02
3.353807e-01 -1.566484e-01 3.049625e-01 4.700007e-02 6.564926e-02 -8.303500e-02 1.611967e-02 -8.897850e-02
-1.660628e-01 -1.049973e-01 -1.602527e-01 -1.511549e-01 2.001038e-01 8.524833e-02 5.844286e-02 9.411903e-02
-1.572852e-01 -1.023131e-01 -1.389310e-01 9.933618e-02 3.160133e-01 1.204858e-01 -1.123333e-01 -6.909909e-02
-7.334724e-02 1.002712e-01 2.450850e-01 -1.703425e-02 3.303101e-01 2.771264e-02 -1.515676e-02 8.451790e-02
3.814321e-01 -8.608609e-02 -8.312377e-02 3.941975e-01 3.193449e-01 1.888752e-01 -6.010054e-02 -1.458661e-01
1.916876e-01 -1.975048e-01 5.155658e-02 2.586531e-01 -1.147688e-02 -2.039250e-03 8.356251e-03 -8.373580e-03
-7.211017e-02 -9.464220e-02 1.512765e-01 -6.899615e-02 -1.006602e-01 -1.004138e-01 -2.782169e-02 -9.232738e-02
-4.447433e-02 -9.710556e-02 2.581531e-01 2.700648e-02 5.451884e-01 -4.670526e-02 -8.709888e-02 -1.074435e-01
2.363697e-01 7.310621e-02 -1.935733e-03 3.051191e-01 2.714143e-01 1.559831e-01 -7.484916e-02 3.192076e-02
5.714988e-01 -1.039853e-01 -1.164581e-01 5.642239e-02 -1.040499e-01 1.157077e-01 1.331462e-01 -1.347453e-01
2.353966e-02 -1.042481e-01 3.772771e-01 1.144592e-01 2.657312e-01 -4.494473e-02 4.756394e-02 -1.455643e-02
2.457667e-01 -7.872418e-02 -7.292623e-02 -1.323382e-02 -8.487004e-02 1.691919e-02 -2.201534e-02 -4.858222e-02
1.986372e-01 -1.125234e-01 5.351928e-02 3.444510e-01 5.187208e-01 8.789689e-02 -6.381532e-02 -1.430608e-01
4.279409e-01 -1.474245e-01 -3.706187e-02 3.941777e-01 1.027053e-01 8.413600e-02 6.712546e-03 -1.752694e-01
-1.991641e-02 2.524636e-02 8.843219e-02 -6.946839e-02 -7.500455e-02 3.411966e-04 -8.950304e-02 3.860421e-01
4.000065e-01 -7.562497e-02 1.912299e-02 -1.939705e-02 -1.012065e-01 -5.818714e-03 2.572750e-01 -8.270635e-02
-3.258778e-02 -1.323588e-01 2.446057e-01 1.971785e-01 1.325955e-02 -2.140806e-03 1.322849e-02 9.223179e-03
-6.537258e-02 -9.530266e-02 1.425618e-01 -7.650419e-02 3.036506e-01 -8.473329e-02 -8.437780e-02 -1.343574e-01
2.981296e-01 -1.220098e-01 3.570985e-02 4.212029e-01 2.398959e-01 -2.992180e-02 4.641098e-02 -1.107924e-01
-1.481627e-01 -2.486394e-02 -7.648323e-02 -1.214713e-01 3.741506e-02 -4.052639e-02 -1.048374e-01 -4.074809e-02
-5.947399e-02 7.230027e-02 8.208859e-02 2.335870e-01 -5.518892e-02 -6.241005e-03 -1.735417e-01 -1.427682e-01
-4.090559e-02 9.313224e-03 -6.559157e-02 -1.204271e-01 2.176848e-02 -2.870466e-02 3.695256e-01 -5.125951e-02
-5.300919e-02 3.215169e-01 -1.458552e-01 8.155014e-02 -1.613416e-01 3.884267e-01 1.916069e-01 -9.017611e-02
-8.560213e-02 2.962763e-01 -1.122294e-01 4.000443e-01 -5.316368e-02 -5.200632e-02 -1.865609e-01 -1.280545e-01
4.039782e-02 1.108341e-01 -1.452926e-01 -2.966376e-02 2.657463e-01 7.282370e-02 4.847553e-01 -1.158661e-01
-1.377767e-01 -1.155027e-01 -1.808832e-02 2.044622e-01 -7.866884e-02 -9.140992e-02 -1.555287e-01 -1.147095e-01
-1.000635e-01 -5.599310e-02 -1.836773e-01 5.098746e-02 -1.321207e-01 3.325324e-01 2.568820e-01 -6.356488e-02
-1.003287e-01 1.723647e-02 -1.389483e-01 3.593808e-01 -8.997263e-02 -8.653611e-02 -1.813960e-01 -8.768060e-02
-1.439988e-01 -1.633492e-01 6.243417e-02 -5.056098e-02 -1.448861e-01 2.495557e-01 3.170787e-01 -6.231782e-02
1.955040e-01 1.468337e-01 -1.245188e-01 -4.285055e-02 2.076609e-01 1.562711e-01 2.124283e-01 -1.030029e-01
-1.156699e-01 -1.138471e-01 2.778985e-01 6.809942e-02 -9.747957e-02 -2.502078e-02 -1.253084e-01 -6.825068e-02
-7.212055e-02 -1.247760e-01 2.153780e-02 -8.788356e-02 2.553563e-01 -3.360109e-02 5.344151e-01 -7.421852e-02
-8.064357e-02 1.630196e-02 -9.818047e-02 2.893939e-01 6.976631e-03 1.063599e-02 -2.764365e-01 -1.851283e-01
6.052577e-02 3.726358e-01 -1.506168e-01 -3.723050e-02 6.725502e-02 6.806612e-02 2.684951e-01 -6.962527e-02
1.768369e-01 1.667432e-02 -3.380898e-02 8.853857e-03 3.801273e-01 1.251898e-01 3.382624e-01 -8.363711e-03
-1.581305e-01 2.520043e-01 1.825808e-02 4.710526e-01 -2.740834e-02 -1.562712e-01 -1.035481e-01 -2.135501e-02
1.297148e-01 -4.964148e-02 -1.882666e-01 -9.864904e-02 -8.649234e-02 -1.261551e-01 -1.638438e-02 -4.037240e-02
2.959239e-02 -6.224156e-02 -3.613171e-01 7.375121e-02 -2.926353e-01 -1.017613e-01 1.242258e-01 -2.339258e-01
-1.103529e-01 -4.697964e-02 -1.496273e-01 -7.558186e-02 7.759472e-02 -9.446102e-02 -1.637889e-02 -1.508168e-01
-1.139476e-03 -9.946171e-02 -1.808328e-01 2.449625e-01 -1.720279e-01 -9.547609e-02 2.469789e-01 -1.402548e-01
3.496365e-01 -1.419123e-01 -5.002782e-02 -2.715916e-02 -2.036154e-02 -1.725724e-01 -1.148357e-01 2.519901e-01
1.420272e-01 -1.335279e-01 -3.749654e-02 -6.743787e-02 -1.774139e-02 1.784391e-01 -1.295600e-01 9.604003e-02
-3.915523e-02 -5.045019e-02 -2.515008e-01 -8.455190e-02 -2.561686e-01 -7.920928e-02 3.281526e-01 -8.209849e-02
3.019050e-02 -1.494541e-01 -8.330600e-02 1.215375e-01 -1.044517e-01 -1.166234e-01 5.123554e-01 3.870967e-02
-1.276928e-01 -8.213783e-02 1.368534e-02 -7.048871e-02 7.702848e-02 1.810794e-01 -5.904553e-02 -1.208002e-01
3.144903e-01 -5.412122e-02 -1.601936e-01 -1.373466e-01 -1.589609e-01 -1.457769e-01 -2.938006e-02 1.002668e-01
3.820072e-01 1.419643e-02 -1.388494e-01 -1.670962e-01 -1.960816e-01 -1.006676e-01 -9.912471e-02 -1.927868e-01
4.760241e-01 -1.067504e-01 -5.989648e-02 -7.181701e-02 -1.482001e-01 -1.462828e-01 -7.726797e-02 1.472564e-02
-1.259589e-01 4.879138e-01 -2.212741e-02 5.470451e-02 -4.513998e-02 -1.472657e-01 -4.268658e-02 6.803610e-02
4.028537e-02 4.417331e-02 -1.633736e-01 -1.964815e-01 -7.262449e-02 1.821895e-03 -3.476709e-02 -1.816099e-01
2.760081e-02 -1.209646e-01 -6.828871e-02 -4.372417e-02 1.226806e-01 -1.124538e-01 -7.885168e-02 7.135953e-02
3.408301e-01 -1.187725e-01 3.130245e-01 5.879327e-02 3.830786e-02 -9.420089e-02 2.726812e-02 -7.935511e-02
-2.019941e-01 -1.000930e-01 -1.269313e-01 1.230527e-01 3.246817e-01 1.036263e-01 -1.303097e-01 -4.595912e-02
-1.819967e-01 -1.239912e-01 2.633099e-01 -2.516789e-02 -7.763314e-02 -1.831235e-01 -1.290398e-01 7.022153e-03
-1.284223e-01 -8.904527e-02 -1.645249e-01 7.544220e-03 2.314065e-01 2.637621e-01 -9.093487e-04 -1.946729e-02
5.942436e-01 -9.647109e-02 2.277589e-01 -1.239557e-01 -8.533944e-02 -7.260891e-02 1.782315e-01 4.552890e-02
-3.082555e-01 -3.483010e-01 -3.485366e-02 -1.189029e-01 9.087807e-03 -2.987660e-02 -1.440587e-01 -2.526343e-03
3.638871e-01 -3.072283e-01 7.078078e-02 -1.275560e-01 6.994891e-02 3.142967e-02 1.385601e-01 8.224198e-02
-2.385862e-01 -1.226221e-01 -4.503834e-02 -1.692188e-03 2.404448e-01 -1.237337e-01 -1.819898e-01 -7.456001e-02
-1.921602e-01 -4.695223e-02 -1.226933e-01 6.344595e-03 3.133861e-01 4.468009e-02 -1.389146e-02 3.856884e-02
-1.718934e-01 -8.135957e-02 -8.304814e-02 -1.203883e-01 1.779885e-01 -1.141765e-02 -2.054956e-02 3.623104e-02
-5.796396e-02 -2.995181e-02 -1.674880e-01 -1.145437e-01 2.228166e-01 1.879518e-01 9.761409e-02 4.766405e-02
-1.399522e-01 2.815254e-03 2.703413e-01 1.325347e-01 -1.340320e-01 -3.843547e-02 -2.687501e-01 -1.058837e-01
-1.134345e-01 -8.500580e-02 -1.194450e-01 2.468133e-01 2.840527e-01 3.012391e-01 -8.691634e-02 -7.602837e-02
-1.900180e-01 -6.899419e-02 -1.160149e-01 2.429066e-01 3.138899e-01 -4.123399e-02 -2.368567e-01 -1.099813e-01
-1.600578e-01 3.856805e-02 3.924614e-01 5.652076e-02 -1.914268e-01 -1.673903e-02 -1.200940e-01 6.546465e-02
-2.196154e-01 -1.232321e-01 1.466986e-01 -9.854708e-02 -5.327171e-02 -2.690909e-02 -5.890200e-02 1.132167e-01
-4.123032e-02 4.682191e-02 7.197290e-02 -7.507853e-02 -6.173988e-02 2.740923e-03 -8.207093e-02 3.292745e-01
2.805369e-01 -1.034833e-01 -3.160356e-02 3.751837e-01 2.479611e-01 -6.529996e-02 6.409500e-02 -1.039876e-01
-8.809981e-02 1.284862e-01 2.195065e-01 -6.788871e-02 3.371797e-01 2.351533e-02 -1.559274e-02 6.534357e-02
2.464370e-01 -8.475159e-02 -8.112741e-02 -9.136136e-03 -1.016972e-01 -3.594197e-02 4.585733e-02 -5.657983e-02
1.053236e-02 -8.181871e-02 3.787454e-01 3.227021e-02 1.746757e-01 -1.067541e-01 1.835817e-02 -6.344349e-02
1.579282e-01 -8.446625e-02 3.992963e-02 3.187803e-01 4.239919e-01 -6.737138e-03 9.272013e-03 -7.137442e-02
3.608621e-05 -9.567633e-02 3.389593e-01 1.380945e-01 3.342858e-01 -4.044018e-02 8.661778e-02 -1.160809e-02
5.226326e-01 -7.951734e-02 -1.354467e-01 1.139607e-02 -1.249328e-01 7.934532e-02 1.700736e-01 -1.163844e-01
3.914747e-01 -7.239804e-02 -1.207228e-01 3.688790e-01 2.240615e-01 1.675829e-01 -6.965908e-02 -1.136948e-01
-4.382005e-02 -1.371586e-01 2.074757e-01 1.766429e-01 -4.346499e-03 -9.690727e-03 3.706274e-03 2.333864e-02
-5.778401e-02 -4.019270e-02 1.764575e-01 -7.070045e-03 4.214752e-01 -9.338462e-02 2.841239e-02 -7.125606e-02
2.925305e-01 -1.017734e-01 -1.076852e-01 3.956533e-01 3.792483e-01 7.858266e-02 -3.966969e-02 -9.150903e-02
1.707856e-01 -1.661550e-01 2.157559e-02 2.277824e-01 -1.612691e-02 -2.226959e-02 5.718721e-03 1.687125e-03
-5.312509e-02 -8.881396e-02 1.325762e-01 -6.851935e-02 -8.096253e-02 -1.039100e-01 1.364079e-02 -5.286172e-02
2.478517e-01 6.301110e-02 -4.428597e-02 2.666830e-01 3.066817e-01 1.537035e-01 -1.105241e-01 2.383501e-02
4.095490e-01 -1.609165e-01 -2.533906e-02 3.858666e-01 9.890936e-02 8.392568e-02 5.180747e-02 -1.997299e-01
