4 5 8 32 32
-1.504801e-01 -9.022651e-02 -6.324536e-02 2.067014e-01 5.791417e-03 -6.330371e-02 -1.900719e-01 -1.639507e-01
-1.334354e-01 -1.261134e-01 9.918799e-02 -4.971576e-02 -8.275602e-02 2.472575e-01 2.593748e-01 -1.128284e-01
-1.084846e-01 2.470712e-02 -1.409730e-01 3.078990e-01 -1.252145e-01 -8.131713e-02 -1.159324e-01 -1.093352e-01
1.485740e-02 4.366027e-01 -1.463005e-01 -7.134362e-02 1.083551e-02 8.228121e-02 3.260072e-01 -6.235967e-02
1.456068e-01 -2.160390e-02 1.198765e-02 1.668116e-02 3.737617e-01 1.383545e-01 3.252699e-01 -2.541388e-03
-1.642553e-01 -1.133693e-01 9.852740e-02 9.477447e-02 -6.558171e-02 -7.450303e-02 -1.226876e-01 -1.047664e-01
-8.116598e-02 -1.805041e-02 -1.391455e-01 3.444123e-01 -8.528692e-03 -6.047980e-02 -2.164211e-01 -2.129347e-01
-3.544925e-02 -7.009315e-02 -1.155005e-01 5.311666e-02 -1.369160e-02 3.977561e-01 1.411278e-01 -1.093346e-01
-5.572056e-02 1.789143e-01 -1.304681e-01 -8.279759e-02 -1.967448e-02 -1.606000e-02 3.630887e-01 -3.216066e-02
-4.349721e-02 3.324639e-01 -1.354293e-01 9.639118e-02 -1.044217e-01 3.924189e-01 1.608926e-01 -1.365503e-01
-8.076157e-02 -6.068691e-02 -4.807486e-02 -7.842927e-02 2.253498e-01 -1.202820e-03 5.245991e-01 -1.179671e-01
-8.931445e-02 -5.261014e-02 1.493766e-01 1.615126e-01 -1.084120e-01 -6.945410e-02 -1.078867e-01 -1.020388e-01
-8.934411e-02 2.018397e-01 3.425856e-02 1.900096e-01 -1.104381e-01 -6.496964e-02 -1.027112e-01 -7.979568e-02
-6.368222e-02 1.427864e-02 -7.544002e-02 2.601195e-01 1.156564e-02 4.159208e-02 -2.553658e-01 -1.440668e-01
-1.106269e-01 2.314707e-01 -1.509528e-01 3.558048e-01 -1.204763e-01 -6.961732e-02 -1.412033e-01 -7.747542e-02
-1.263082e-01 -3.603005e-02 -9.098683e-02 -9.028774e-02 -3.366598e-02 -5.244755e-02 -7.578883e-02 -4.012043e-02
2.313013e-01 1.083081e-01 -1.528728e-01 -2.309763e-02 2.953087e-01 1.724629e-01 1.762554e-01 -8.418241e-02
-7.938027e-02 1.511258e-02 -1.481372e-01 3.415851e-01 -7.784764e-02 -4.987412e-02 -1.973943e-01 -4.387542e-03
-1.159440e-01 -1.845127e-02 -2.006494e-01 7.472439e-02 -1.278884e-01 2.946778e-01 2.145072e-01 -6.478739e-02
1.215157e-01 1.120136e-01 -1.053944e-01 -3.737712e-02 3.470712e-01 9.405512e-02 2.994990e-01 3.211820e-02
-1.978148e-02 1.635096e-01 -1.496840e-01 -7.915910e-02 1.793896e-01 7.186490e-02 4.848304e-01 -9.445433e-02
-1.003808e-01 -1.245903e-01 -1.068188e-01 1.676426e-02 -1.223740e-01 2.855921e-01 2.635671e-01 -1.268038e-01
-1.089906e-01 -1.090548e-01 -7.601528e-02 2.138309e-01 -1.228942e-01 -7.400838e-02 -1.054170e-01 -8.665340e-02
-6.356392e-02 1.971508e-01 -8.002327e-02 3.543794e-01 -2.677790e-02 -8.189400e-03 -2.005367e-01 -2.185437e-01
-1.246125e-01 -4.047943e-02 -8.564111e-02 -1.069218e-01 1.698509e-01 -2.359651e-02 -1.184559e-01 -6.853274e-02
-7.145692e-02 1.624765e-02 1.065950e-01 2.222919e-01 -5.020651e-02 3.484212e-02 -1.670730e-01 -1.893601e-01
-1.042386e-01 4.960168e-01 -7.525824e-02 2.848063e-01 -9.111405e-02 -4.169085e-02 -1.541968e-01 -1.013058e-01
-1.128283e-01 -6.770238e-02 3.171523e-01 1.974651e-02 -6.562921e-02 -4.030936e-02 -1.406509e-01 -9.640288e-02
-9.218322e-02 -4.821340e-02 -2.513202e-02 -9.913985e-02 -1.343982e-02 -3.219651e-02 3.764121e-01 -6.344627e-02
1.602878e-01 3.536448e-01 -1.134687e-01 -4.268855e-02 2.156901e-01 1.621525e-01 1.496457e-01 -7.452728e-02
1.340414e-01 1.488865e-01 -1.017849e-01 -6.161580e-02 1.419075e-01 1.490018e-01 2.120144e-01 -9.157848e-02
8.267258e-02 -1.349005e-01 9.430052e-02 1.582554e-01 -2.743060e-02 3.646120e-02 -9.766082e-02 -7.365292e-02
3.785715e-01 -1.300980e-01 -1.278995e-01 -3.337628e-02 -5.147615e-02 -2.341574e-01 -9.173501e-02 3.126150e-01
-7.703645e-02 -9.662562e-02 -1.144086e-01 -1.003134e-01 9.208822e-02 1.378113e-01 -1.118710e-01 -3.002464e-02
4.300584e-01 -8.804695e-04 -1.898472e-01 -1.533333e-01 -2.196137e-01 -1.855050e-01 -6.773420e-02 -1.088024e-01
4.802679e-02 -8.374075e-02 -1.115480e-01 1.415919e-01 -1.075440e-01 -7.078340e-02 5.672385e-01 1.600418e-02
-8.419517e-02 5.099706e-01 -8.452211e-02 -4.153696e-02 -6.805523e-02 -1.055869e-01 -5.095122e-02 3.584854e-02
5.090233e-02 -7.098534e-02 -9.931097e-02 -1.221066e-01 5.441849e-02 -8.519138e-02 -1.008233e-01 -1.010749e-02
5.254886e-03 -1.165194e-01 -3.080873e-01 1.319012e-02 -2.469741e-01 -8.900364e-02 2.940176e-01 5.090850e-02
-1.610123e-02 -1.135570e-01 -1.256081e-01 2.397962e-01 -1.120396e-01 -1.141271e-01 3.001415e-01 -9.599245e-02
2.168518e-01 -7.023711e-02 -1.242423e-01 -1.307093e-01 -2.915002e-02 -1.113018e-01 -8.127508e-02 6.813470e-02
-1.093469e-01 -8.538715e-02 -1.297920e-01 -1.368524e-01 4.985606e-02 -6.677057e-02 3.770519e-01 -8.361238e-02
9.159966e-02 7.336158e-02 -1.618319e-01 -2.104516e-01 -5.152285e-02 9.463459e-03 -7.689931e-02 -1.585138e-01
5.550708e-02 -4.100627e-02 -2.470763e-01 -9.203989e-02 -3.911437e-02 -1.295668e-01 1.466792e-02 -7.245478e-02
-1.218513e-01 1.798768e-01 -1.626397e-02 4.493051e-01 -5.003765e-02 -1.925766e-01 -1.290198e-01 -1.041574e-01
-1.196622e-01 -2.640570e-02 -5.945886e-02 -7.263193e-02 5.949048e-02 5.184631e-02 -2.522937e-02 -1.813540e-01
1.435989e-02 -1.002913e-01 -1.716045e-01 -4.055181e-02 9.903318e-02 -2.018709e-01 -2.910300e-02 6.271493e-02
1.169244e-01 -7.502278e-02 -7.976097e-02 -1.295147e-01 -5.584200e-02 3.040670e-01 -1.390076e-01 4.764819e-02
3.934216e-01 -7.026945e-02 -1.146722e-01 -1.416871e-01 -8.894966e-02 -1.142943e-01 -7.241297e-02 1.779158e-01
-4.848427e-02 -1.892543e-02 -2.939645e-01 -1.571168e-01 -2.663001e-01 -1.207576e-02 2.274923e-01 -1.539508e-01
3.112306e-02 -6.389812e-02 -3.710026e-01 5.476533e-02 -3.043409e-01 -8.154124e-02 1.188179e-01 -2.257425e-01
1.782258e-01 -8.797373e-02 -9.251323e-02 -9.617157e-02 -3.975435e-02 9.217226e-02 -1.385585e-01 1.778837e-01
2.624590e-01 -7.277290e-02 -8.245028e-02 -2.266345e-02 -9.856536e-02 -5.656941e-02 -1.393925e-01 -8.063764e-02
-8.441258e-02 -3.343860e-02 -1.855334e-01 -8.650956e-02 6.903406e-02 -1.240645e-01 5.494275e-04 -1.561722e-01
3.333641e-01 7.997846e-02 -1.273843e-01 -1.816621e-01 -2.030300e-01 -7.484174e-02 -1.564539e-01 -2.498962e-01
-9.215581e-02 -5.145049e-02 -1.027815e-01 -9.270904e-02 1.654184e-01 -8.989601e-02 -9.444197e-02 -7.773437e-02
2.122418e-01 -1.252105e-01 -4.951983e-02 -4.438622e-03 8.402027e-02 -1.584082e-01 -1.206030e-01 2.721369e-01
2.509623e-01 -1.326829e-02 -2.268530e-01 -1.725584e-01 -1.492050e-01 -1.153631e-01 1.718111e-02 5.151621e-02
4.966171e-01 -6.395512e-02 -8.728939e-02 -1.129817e-01 -9.322139e-02 -7.904372e-02 -9.070700e-02 -1.514064e-02
4.032947e-01 -1.117784e-01 -3.149335e-02 4.522361e-03 -1.863616e-01 -2.243382e-01 -6.443547e-02 5.230170e-02
-9.223647e-02 -6.809032e-02 1.278476e-01 -8.153855e-02 3.481578e-02 2.611936e-01 -1.137419e-01 -1.226226e-01
-1.486871e-01 3.712073e-01 1.202299e-02 2.708912e-01 4.261661e-03 -1.805812e-01 -5.765321e-02 1.175111e-01
-9.759240e-02 -5.127007e-02 -1.106320e-01 -1.114037e-01 -8.994684e-02 -8.653471e-02 5.894940e-01 2.988768e-02
3.868162e-02 -4.264892e-02 -1.840415e-01 -1.826105e-02 -3.269071e-01 -4.543104e-02 2.391127e-01 -8.393080e-02
-1.181826e-01 4.824589e-03 1.511773e-01 1.820052e-01 -2.482751e-02 9.351873e-02 -3.088258e-01 -1.439909e-01
-9.763692e-02 -3.133944e-02 -1.556001e-01 1.238347e-02 3.125314e-01 2.135954e-01 7.925010e-03 -1.972013e-02
3.741427e-01 -2.102180e-01 8.249291e-02 -7.223305e-02 9.839875e-02 -1.115225e-02 6.935229e-02 7.478375e-02
-7.811190e-02 -8.931546e-02 2.771350e-01 -7.843811e-02 -7.171795e-02 -8.896259e-02 -1.539990e-01 -1.188409e-03
-2.219604e-01 -4.583934e-02 -1.352944e-01 4.867630e-03 2.379379e-01 -4.208235e-02 -4.797314e-02 5.337476e-02
-1.371973e-01 -1.302534e-01 -1.153381e-01 2.521203e-01 2.776996e-01 3.326913e-01 -1.373004e-01 -1.010381e-01
6.058282e-01 -1.153142e-01 1.997344e-01 -8.384968e-02 -6.814479e-02 -1.045420e-01 1.484045e-01 4.798530e-02
-2.940310e-01 -3.405879e-01 -9.697417e-02 -1.527654e-01 1.531236e-02 -3.030608e-02 -9.117080e-02 2.061619e-02
-2.976252e-01 -1.243994e-01 -6.957795e-02 9.566987e-02 2.358112e-01 -1.512961e-01 -2.139420e-01 -3.220820e-02
-1.400653e-01 -1.210438e-01 -7.236940e-02 -9.779856e-02 2.095875e-01 -7.613406e-02 -1.135482e-01 -6.786269e-02
-1.852282e-01 -1.020710e-01 -1.121803e-01 -4.299502e-02 2.497714e-01 2.819708e-01 1.316220e-02 3.778284e-02
-2.721806e-01 -1.525298e-01 1.404074e-01 -6.907845e-02 -5.276433e-02 -2.432624e-02 -9.460500e-02 1.119024e-01
-1.603734e-01 1.593532e-02 3.851247e-01 6.805830e-02 -1.977856e-01 5.397712e-02 -1.263464e-01 9.343672e-02
-2.107942e-02 -3.912777e-02 -1.494604e-01 -1.546891e-01 2.072848e-01 2.144624e-01 1.056622e-01 6.421703e-02
-8.767728e-02 7.231501e-02 -8.979871e-02 3.718449e-01 2.511474e-01 7.715858e-03 -1.845723e-01 -5.498358e-02
-1.390598e-01 -1.470032e-01 -1.335270e-01 -2.561362e-02 3.344501e-01 -2.173445e-04 -1.041594e-01 -9.984890e-02
-1.830293e-01 -1.029604e-01 -1.429996e-01 -1.408682e-01 2.236661e-01 7.493440e-02 4.112064e-02 9.113935e-02
-1.558686e-01 -1.115095e-01 -1.331372e-01 1.517696e-01 3.609383e-01 1.302389e-01 -1.337458e-01 -1.111734e-01
-2.665230e-01 -3.420974e-01 -1.606207e-01 1.432376e-01 2.317201e-01 4.772035e-02 -1.602259e-01 -6.589448e-02
3.282503e-01 -4.060621e-01 4.361344e-02 -1.117099e-01 7.680067e-02 4.965701e-02 1.247044e-01 1.057304e-01
3.215946e-01 -1.429048e-01 3.164013e-01 5.544946e-02 4.928899e-02 -6.693613e-02 1.914790e-02 -1.133940e-01
-2.827604e-01 -1.330200e-01 -1.067807e-01 2.784021e-02 3.408260e-01 1.304317e-01 -7.458053e-02 1.038900e-03
-1.425446e-01 -1.231918e-01 1.642371e-01 -1.012121e-01 6.811678e-03 -1.024568e-01 -1.434986e-01 -1.405779e-02
-2.093278e-01 -2.490917e-01 1.876764e-01 3.249993e-03 -3.354097e-02 -2.463112e-01 -1.241376e-01 4.004045e-02
-1.404617e-01 -2.761910e-01 -2.145691e-01 -8.643528e-03 1.598333e-01 2.808467e-01 2.981526e-03 -2.645308e-02
-1.443705e-01 -9.971920e-02 3.279016e-01 1.171359e-01 -1.760844e-01 -4.923090e-02 -2.822888e-01 -5.536013e-02
-1.224661e-01 -1.324424e-01 -1.320063e-01 2.613749e-02 2.382153e-01 2.343234e-01 -1.220972e-01 -7.231378e-02
-1.738241e-01 -1.553662e-01 1.019466e-01 -1.352482e-01 -9.389649e-02 4.560347e-02 -3.337019e-02 1.371934e-01
-2.401113e-01 -4.619778e-01 8.769988e-02 -8.302784e-02 -3.230597e-02 1.070254e-02 -1.660320e-01 1.871789e-02
-1.716395e-01 2.758703e-01 2.267024e-01 1.210206e-03 -7.780105e-02 -9.031953e-02 -1.548045e-01 -8.276810e-02
-1.574440e-01 -3.363507e-01 3.249223e-01 -3.592984e-02 -3.257113e-02 -4.509206e-02 -2.063074e-01 1.223817e-01
-2.089931e-01 -8.886257e-02 -1.243478e-01 1.850440e-01 3.223937e-01 -4.660304e-02 -2.246033e-01 -1.102340e-01
-7.871224e-02 -9.137864e-02 1.322477e-01 -6.566644e-02 -8.239585e-02 -1.074562e-01 -2.083230e-02 -1.037431e-01
1.696738e-01 -7.162599e-02 6.329242e-02 3.422967e-01 3.161315e-01 -5.270329e-02 7.074534e-02 -6.815056e-02
4.612399e-01 -9.112291e-02 -5.689111e-02 3.951087e-01 1.714220e-01 7.000382e-02 -4.169599e-02 -1.509101e-01
-2.963247e-02 -3.123759e-02 3.217896e-01 8.487289e-02 3.371673e-01 -1.644767e-02 7.781310e-02 4.432557e-02
3.999047e-01 -8.679722e-02 -1.583112e-02 -3.297730e-02 -1.252575e-01 -9.438623e-03 2.832402e-01 -1.089028e-01
-6.039901e-02 -9.083490e-02 1.656987e-01 2.011021e-03 5.530439e-01 -5.848729e-02 -8.503939e-02 -8.870426e-02
2.462515e-01 -1.925156e-01 8.890213e-03 4.363547e-01 2.285746e-01 9.891766e-02 6.023677e-02 -8.157167e-02
3.802859e-01 -9.509732e-02 -8.332796e-02 4.142996e-01 4.113635e-01 1.810802e-01 -9.878997e-02 -1.500815e-01
1.727059e-01 -1.771023e-01 3.884936e-02 2.520068e-01 4.245589e-03 6.946942e-03 1.878281e-02 -2.897486e-02
-2.679264e-02 2.701295e-02 6.564461e-02 -7.373413e-02 -7.226209e-02 -2.988576e-03 -7.316087e-02 3.838181e-01
2.314407e-01 -1.085644e-01 -9.200584e-02 6.042636e-03 -8.500215e-02 -2.753962e-02 -5.714670e-02 -9.931100e-02
4.366903e-01 -8.483169e-02 -1.066430e-01 3.787304e-01 2.455194e-01 2.397309e-01 -7.541247e-02 -1.498895e-01
-8.877289e-02 1.313226e-01 2.017906e-01 -6.699387e-02 3.721299e-01 -1.874824e-02 3.487711e-02 1.457293e-01
5.544276e-01 -1.377380e-01 -1.296250e-01 1.056381e-01 -6.315598e-02 3.253256e-02 5.847703e-02 -1.311000e-01
-8.416723e-02 -7.958865e-02 1.161928e-01 -7.941762e-02 3.148659e-01 -9.604239e-02 -5.368460e-02 -1.501594e-01
3.154452e-01 2.026188e-02 -3.926195e-02 3.787931e-01 2.402627e-01 1.370409e-01 -5.399262e-02 -2.015378e-02
3.526246e-01 -1.354000e-01 -5.511098e-03 4.132172e-01 1.885847e-01 -9.049480e-02 5.527069e-02 -1.495941e-01
1.344317e-01 -9.457365e-02 1.590576e-01 2.986772e-01 5.371428e-01 3.889233e-03 -9.068795e-02 -1.426653e-01
3.700110e-01 3.161906e-02 -6.152841e-02 3.718778e-03 -8.936159e-02 1.146411e-01 4.143357e-02 4.336992e-02
-5.330891e-02 -8.734638e-02 3.047858e-01 4.208206e-02 4.999981e-01 -7.418312e-02 -7.787931e-02 -1.159849e-01
3.450013e-02 -1.030635e-01 4.016237e-01 3.414645e-02 1.511667e-01 -1.199085e-01 3.749917e-02 -1.822856e-02
2.241814e-01 -9.124593e-02 2.041845e-02 3.451990e-01 4.885824e-01 1.527053e-01 -9.197155e-02 -1.696200e-01
5.969114e-01 -9.794995e-02 -9.886055e-02 4.879254e-02 -1.251137e-01 1.649727e-01 1.609019e-01 -1.435388e-01
1.780831e-01 1.343781e-01 -8.799877e-03 2.367006e-01 2.686846e-01 1.520068e-01 -9.293878e-02 8.157486e-02
1.143446e-02 -4.772925e-02 3.301130e-01 1.316707e-01 2.347739e-01 -3.564756e-02 -3.708482e-02 -8.349404e-02
3.392489e-01 -8.643502e-02 -2.565112e-02 4.082939e-01 4.155931e-01 -2.610605e-02 -7.787717e-02 -1.352241e-01
-4.165003e-02 -1.546512e-01 2.251141e-01 1.920098e-01 -3.857880e-03 -8.614883e-03 8.113180e-03 1.286674e-02
-5.718427e-03 -8.484881e-02 1.371012e-01 -9.424833e-02 -1.442888e-01 -9.835477e-02 2.124119e-01 -7.730605e-02
-8.674307e-02 1.089022e-01 2.637984e-01 -3.483236e-03 2.662574e-01 3.817830e-02 -9.965940e-02 5.036424e-02
4.049408e-01 -2.046618e-01 -2.730282e-03 4.115483e-01 8.076938e-02 8.818091e-02 2.872781e-02 -2.064510e-01
6.424230e-03 -1.632580e-01 3.335983e-01 1.812325e-01 3.304848e-01 -2.074380e-02 8.395012e-02 7.069349e-03
-8.343478e-02 -7.229224e-03 1.503743e-01 1.520446e-01 3.352728e-02 -1.863152e-02 -5.486252e-03 9.208181e-02
-6.606042e-02 1.385837e-01 4.662494e-02 3.022906e-01 -4.922457e-02 -3.116594e-02 -1.711553e-01 -1.708743e-01
3.272213e-02 9.067832e-02 -1.356319e-01 -3.498850e-02 2.703163e-01 7.260422e-02 4.950037e-01 -1.050487e-01
-9.933120e-02 -5.988827e-02 -1.074326e-01 3.583552e-01 -7.573497e-02 -9.084323e-02 -1.604376e-01 -1.189852e-01
-2.033617e-01 -1.424064e-01 1.056745e-01 1.075849e-01 -1.061911e-01 -9.213899e-02 -1.652485e-01 -1.205747e-01
-1.195589e-01 -1.383224e-01 -1.197919e-01 1.258067e-02 -1.794124e-01 2.743461e-01 3.149399e-01 -6.845881e-02
-8.002200e-02 -1.203707e-01 3.106379e-02 -7.964767e-02 2.478079e-01 -2.395868e-02 5.251155e-01 -6.680013e-02
-4.168038e-02 -3.460354e-02 -3.719766e-02 -1.105910e-01 1.028189e-02 -2.117231e-02 3.879569e-01 -6.404428e-02
-9.063832e-02 -1.915405e-02 -1.818554e-01 6.620116e-02 -1.190409e-01 3.447582e-01 2.251271e-01 -6.877261e-02
-1.665151e-01 -7.130974e-02 -3.784428e-02 1.877672e-01 -9.451246e-03 -5.614979e-02 -1.940689e-01 -1.752965e-01
-1.035242e-01 -1.027854e-01 3.406968e-01 6.089650e-02 -8.425716e-02 -6.296013e-02 -1.360813e-01 -6.552475e-02
1.180344e-01 4.506567e-01 -1.360380e-01 -7.800488e-03 1.303603e-01 1.492437e-01 2.475514e-01 -9.207568e-02
-1.006138e-01 -3.508277e-03 -1.213914e-01 3.449377e-01 7.051253e-03 -5.506831e-02 -2.673805e-01 -2.504780e-01
8.055895e-03 2.126400e-01 -1.683946e-01 -7.940178e-02 1.267393e-02 1.884995e-02 3.504429e-01 -7.313147e-02
-8.266317e-02 2.468566e-02 -1.199049e-02 2.321332e-01 3.038501e-02 6.340704e-02 -3.057147e-01 -1.744322e-01
-1.108709e-01 5.132016e-01 -7.265885e-02 3.344163e-01 -7.314179e-02 -4.764104e-02 -1.687205e-01 -8.417453e-02
-8.838668e-02 -1.158288e-02 2.088985e-01 2.240625e-01 -7.250798e-02 -9.216888e-03 -1.697645e-01 -1.467477e-01
-1.131135e-01 2.286373e-01 5.687142e-02 8.670814e-02 -9.387083e-02 -7.140110e-02 -1.491474e-01 -2.823116e-02
-3.618739e-02 1.315794e-02 -1.368555e-01 3.446752e-01 6.912237e-05 2.493153e-02 -2.683586e-01 -8.977348e-02
2.360982e-01 1.205936e-01 -1.319095e-01 -2.202976e-02 3.176381e-01 1.887578e-01 2.061949e-01 -9.300010e-02
-1.030079e-01 -1.092510e-01 5.359521e-02 2.920533e-01 -1.024410e-01 -9.363945e-02 -1.672897e-01 -1.248335e-01
-8.469674e-02 2.017552e-01 -8.575429e-02 3.948072e-01 -2.389593e-02 6.565162e-04 -2.892050e-01 -1.816307e-01
1.782680e-01 1.550041e-01 -9.732137e-02 -3.676170e-02 1.457664e-01 1.670426e-01 2.455487e-01 -1.241949e-01
-1.338038e-01 -8.316609e-02 -9.394608e-02 2.009968e-01 -1.255340e-01 -1.204416e-01 -1.470019e-01 -7.730290e-02
1.562375e-01 -2.317416e-02 1.627890e-02 1.308743e-02 3.546740e-01 1.209648e-01 3.306221e-01 2.112251e-02
-1.405888e-01 -3.645030e-02 -9.304732e-02 -1.272745e-01 -2.774192e-02 -4.693606e-02 -7.808999e-02 -3.696408e-02
-1.413659e-01 -3.433165e-02 -8.782045e-02 -1.017922e-01 1.477355e-01 -2.601974e-02 -1.261544e-01 -7.719288e-02
-7.310622e-02 1.212149e-01 -1.843915e-01 4.245408e-01 -7.672019e-02 -9.733257e-02 -1.809834e-01 -1.402808e-01
-1.443894e-01 -1.597670e-01 1.161086e-01 -6.775834e-02 -1.338320e-01 2.489872e-01 3.134082e-01 -5.228872e-02
-8.308019e-02 3.058595e-01 -1.586000e-01 4.254039e-01 -7.156876e-02 -7.750681e-02 -1.725902e-01 -1.211001e-01
-1.015424e-01 4.315990e-02 -1.419274e-01 3.508510e-01 -1.090671e-01 -7.774589e-02 -1.951897e-01 3.359239e-02
-4.712550e-02 3.333854e-01 -1.352812e-01 9.268025e-02 -1.528404e-01 3.905778e-01 1.958636e-01 -1.024700e-01
5.477199e-02 -9.028616e-02 1.122485e-01 1.195798e-01 -1.005889e-01 4.667307e-02 -9.498081e-02 -1.290953e-01
-1.647903e-01 3.777321e-01 2.812664e-02 3.406544e-01 4.598729e-03 -1.447967e-01 -8.649343e-02 1.242540e-01
2.317878e-01 -9.454092e-03 -1.900407e-01 -1.805685e-01 -1.818164e-01 -1.021515e-01 -8.361356e-03 -2.824530e-02
-2.741833e-02 -9.014117e-02 -1.768049e-01 2.512438e-01 -1.692096e-01 -8.854072e-02 2.556700e-01 -1.700843e-01
5.046843e-01 -1.165670e-01 -6.732222e-02 -1.157722e-01 -1.491397e-01 -1.040324e-01 -6.635559e-02 -4.967198e-03
2.418119e-01 -1.666413e-01 1.918280e-02 -2.770340e-02 9.985985e-02 -9.462362e-02 -1.318979e-01 2.814736e-01
-1.260302e-01 -9.218416e-02 -6.781960e-02 -8.720279e-02 8.504055e-02 1.111058e-01 -3.027840e-02 -1.356570e-01
1.105950e-02 -7.518014e-02 -2.626593e-01 5.654461e-02 -2.677651e-01 -1.002307e-01 2.858174e-01 4.072535e-02
-1.362611e-01 -7.887299e-02 -1.124949e-01 -6.877201e-02 1.912918e-01 -9.148008e-02 -6.283005e-02 -1.102023e-01
1.851931e-01 -8.842281e-02 -1.514059e-01 -8.827012e-02 -3.571042e-02 -1.605556e-01 -5.159568e-02 7.506656e-02
-1.007763e-01 5.155144e-01 -5.513700e-02 -1.222042e-02 -8.537583e-02 -1.569513e-01 -2.306716e-02 4.130986e-02
-5.974254e-02 -1.133382e-01 -1.245333e-01 -7.381691e-02 -1.521347e-01 -1.022955e-01 5.450436e-01 2.345001e-02
7.019480e-02 8.264448e-02 -1.249261e-01 -2.373618e-01 -5.507093e-02 2.891052e-02 -7.265434e-02 -2.070704e-01
2.598045e-02 -5.168963e-02 -3.918228e-01 5.340463e-02 -3.255367e-01 -9.805401e-02 1.246734e-01 -2.571187e-01
3.628009e-02 -1.450905e-01 -4.209401e-02 1.885407e-01 -7.884591e-02 -8.986184e-02 4.979122e-01 6.146409e-02
-1.302295e-01 -1.039100e-01 8.849853e-02 -6.666695e-02 6.668048e-02 3.373260e-01 -1.005538e-01 -1.149875e-01
4.108883e-03 -1.283609e-01 -6.167602e-02 -4.892718e-02 1.395553e-01 -7.910753e-02 -1.304465e-01 7.540628e-02
3.623554e-01 6.837077e-02 -1.206213e-01 -1.538569e-01 -1.767455e-01 -7.510830e-02 -1.947248e-01 -3.154641e-01
2.939815e-01 -8.615230e-02 -1.317088e-01 3.676478e-03 -1.272852e-01 -6.149617e-02 -1.275204e-01 -1.173536e-01
-1.544020e-02 -1.600532e-02 -2.483841e-01 -1.157369e-01 -2.996500e-01 -3.436110e-02 2.312872e-01 -1.612625e-01
-1.222889e-01 -5.636205e-02 -2.011984e-01 -1.761025e-01 -1.146812e-01 -8.687674e-02 4.299087e-01 -1.522581e-01
-2.719450e-02 -7.462579e-02 -1.581753e-01 -5.749602e-02 4.648495e-02 -1.640211e-01 -2.791929e-02 -5.831075e-02
-1.522410e-01 1.708574e-01 4.809154e-03 5.080715e-01 -4.659163e-02 -1.741730e-01 -1.361339e-01 -9.749734e-02
1.313929e-01 -1.386768e-01 -5.426886e-02 -8.565541e-02 -1.317479e-02 2.207457e-01 -1.187581e-01 1.276171e-01
3.615644e-01 -6.659586e-02 -1.705277e-01 -1.319997e-01 -1.828312e-01 -1.624702e-01 -3.232530e-02 1.190341e-01
-1.066135e-01 -2.480073e-02 -1.488163e-01 -9.985100e-02 3.750452e-02 -8.762452e-02 1.629202e-02 -1.989702e-01
3.828426e-01 -1.597738e-01 -9.246209e-02 -2.244545e-02 -5.373792e-02 -2.388583e-01 -7.515923e-02 3.141801e-01
3.847913e-01 -3.302574e-03 -7.119394e-02 -2.316500e-01 -1.961582e-01 -7.156635e-02 -7.359879e-02 -1.628828e-01
4.691436e-01 -1.929382e-02 -1.689126e-01 -1.353652e-01 -2.124242e-01 -1.813007e-01 -5.634708e-02 -8.974315e-02
3.828235e-02 -5.065283e-02 1.567096e-01 -1.074062e-01 -7.355008e-02 8.134152e-02 -9.523838e-02 -5.915431e-02
4.253705e-01 -1.192858e-01 -1.560903e-02 3.112647e-02 -1.806778e-01 -2.564078e-01 -8.319686e-02 4.213555e-02
6.698539e-02 -3.683920e-02 -1.950230e-01 -1.085581e-01 -5.917099e-02 -1.024081e-01 -2.047458e-03 -8.918838e-02
4.479742e-01 -1.375026e-01 2.363340e-03 -7.197145e-02 -4.611218e-02 -8.893271e-02 -1.261875e-01 1.690940e-01
-2.421023e-01 -1.192442e-01 1.810679e-01 -7.075667e-02 -1.345012e-02 -1.549518e-01 -1.249742e-01 -3.342732e-03
-1.210538e-01 -6.073806e-02 -1.495077e-01 -3.529430e-02 2.096730e-01 3.155363e-01 4.433346e-02 1.663740e-02
3.180350e-01 -5.580949e-02 3.009302e-01 -8.579668e-03 7.241120e-03 -1.242842e-01 1.539641e-01 -1.505563e-01
-1.776741e-01 -1.095996e-01 -5.428470e-02 -9.483901e-02 2.263231e-01 -8.014648e-02 -6.737446e-02 -3.297392e-02
-1.580741e-01 -8.630268e-02 2.839327e-01 -7.659417e-02 -1.065216e-01 -1.334833e-01 -9.485355e-02 3.409034e-02
-1.548704e-01 -7.340696e-02 -1.043579e-01 -1.560162e-01 1.034521e-01 1.891775e-02 2.005814e-02 7.042986e-02
-1.011677e-01 -9.466692e-02 -1.129242e-01 2.660886e-01 2.841203e-01 3.506895e-01 -7.070786e-02 -7.510508e-02
-9.334113e-02 -3.477925e-02 -1.412556e-01 8.350381e-03 3.149453e-01 1.787760e-01 4.771749e-02 1.441009e-02
4.098999e-01 -1.948495e-01 1.144146e-01 -8.226850e-02 6.442283e-02 -1.468227e-02 1.093191e-01 8.235583e-02
-1.671296e-01 -9.360940e-02 -1.048191e-01 2.469141e-01 3.278280e-01 1.231877e-01 -2.026126e-01 -1.179445e-01
-3.048057e-01 -3.189047e-01 -8.277769e-02 -1.311814e-01 2.256327e-02 -5.823585e-02 -1.190864e-01 7.172044e-03
5.893439e-01 -1.021740e-01 2.534387e-01 -1.394353e-01 -1.124149e-01 -7.444187e-02 1.673893e-01 5.676709e-02
-2.481261e-01 -1.744871e-02 -9.460853e-02 4.924928e-02 2.164898e-01 -7.280221e-02 -8.846038e-02 6.669053e-02
-1.766065e-01 4.854586e-02 3.848280e-01 9.955581e-02 -2.024766e-01 1.972649e-02 -1.338689e-01 8.163110e-02
-1.449445e-02 -1.151270e-02 -1.609515e-01 -1.450860e-01 2.235230e-01 1.947345e-01 1.141044e-01 6.243115e-02
-2.348496e-01 -1.136326e-01 -1.236338e-02 -1.767928e-03 2.174627e-01 -1.704969e-01 -2.010716e-01 -1.012562e-01
-2.243647e-01 -1.542924e-01 1.318474e-01 -1.268228e-01 -9.298969e-02 1.533657e-02 -4.684922e-02 1.319045e-01
-1.950207e-01 -6.612495e-02 -1.426212e-01 -1.125570e-01 2.784034e-01 5.084424e-02 6.747174e-02 8.888064e-02
-2.873196e-01 -1.163906e-01 -1.125441e-01 3.058058e-02 3.581198e-01 1.315073e-01 -5.077507e-02 1.316446e-02
-2.744155e-01 -2.826101e-01 -1.665542e-01 1.546399e-01 2.430229e-01 1.433945e-02 -1.919875e-01 -9.217527e-02
-1.354569e-01 -8.706482e-02 -1.069484e-01 1.065417e-01 2.835140e-01 2.421476e-01 -9.568680e-02 -4.224095e-02
-1.257632e-01 -9.430774e-02 -1.161725e-01 -6.194849e-02 2.168467e-01 1.143089e-01 -7.177041e-02 -1.405059e-02
-2.015963e-01 -2.099294e-01 2.190551e-01 4.492405e-02 -1.760698e-02 -2.663843e-01 -1.441583e-01 3.532305e-02
-2.286427e-01 -9.272838e-02 -8.060758e-02 1.899469e-01 2.987632e-01 -1.065968e-01 -2.695478e-01 -1.171675e-01
3.475628e-01 -3.590610e-01 3.668723e-02 -1.341269e-01 7.233237e-02 4.703638e-02 1.359185e-01 9.996589e-02
-1.158054e-01 4.771374e-02 -6.574032e-02 3.854403e-01 2.297183e-01 2.481706e-03 -1.889299e-01 -9.120889e-02
-1.450639e-01 -1.422011e-01 2.988879e-01 4.170884e-02 -1.114940e-01 -1.765399e-01 -2.183387e-01 -7.351197e-02
-1.634668e-01 -2.363944e-01 -2.389501e-01 -5.257728e-03 1.522612e-01 2.758283e-01 2.119908e-02 -3.460587e-02
-2.347983e-01 -4.102795e-01 1.060161e-01 -6.407907e-02 -3.212193e-02 -1.110521e-02 -1.926540e-01 1.225319e-02
-1.749786e-01 -8.541844e-02 -1.207583e-01 9.544241e-02 3.480354e-01 2.435479e-03 -1.239038e-01 -4.846022e-02
4.178375e-01 -2.214725e-01 3.177229e-01 9.330676e-02 9.308746e-02 -2.471107e-02 -1.203053e-01 1.681768e-02
-1.514493e-01 3.486343e-02 2.529496e-01 1.468550e-01 -1.035043e-01 9.993033e-03 -2.902581e-01 -1.153550e-01
4.936501e-02 -1.053348e-01 2.827337e-01 2.306547e-01 2.964786e-01 -3.464220e-02 3.849993e-02 -8.514527e-02
3.914494e-01 -9.312498e-02 -1.403777e-01 3.900859e-01 2.399566e-01 1.993576e-01 -6.161671e-02 -1.186338e-01
1.546991e-01 -6.117027e-03 2.755744e-02 1.802886e-01 5.355629e-02 -7.629930e-03 -2.596038e-02 6.157415e-02
4.215891e-01 -1.930758e-01 -2.057785e-02 3.898788e-01 6.662700e-02 7.878926e-02 5.864436e-02 -2.147430e-01
3.664984e-01 -3.804877e-02 -3.736808e-02 -4.234748e-02 -1.182969e-01 -3.610701e-02 2.833695e-01 -9.092169e-02
-8.973559e-02 -5.622455e-02 2.409511e-01 1.536394e-01 2.164476e-02 -2.451836e-02 4.065586e-02 6.188593e-02
4.489649e-01 -6.140739e-02 -8.179729e-02 3.494124e-01 1.784954e-01 6.901938e-02 -1.824752e-02 -1.471422e-01
1.962223e-01 -8.020320e-02 1.752345e-02 3.501969e-01 3.662869e-01 -1.158706e-01 6.316400e-02 -9.253228e-02
-7.245488e-02 -8.497977e-02 1.462928e-01 -7.396594e-02 2.795160e-01 -1.127783e-01 -3.509027e-02 -1.002484e-01
5.065222e-01 -1.431209e-01 -1.244923e-01 8.600660e-02 -8.108983e-02 1.806669e-02 7.658280e-02 -1.300121e-01
-9.469940e-02 7.998151e-02 1.597283e-01 -2.156672e-02 4.601272e-01 2.389988e-03 -6.522306e-03 2.903059e-02
-2.619537e-02 -1.567688e-01 1.060837e-01 -4.956270e-02 -1.164414e-01 -1.573854e-01 2.121125e-03 -9.541382e-02
7.226995e-02 4.696816e-02 -7.573508e-02 -1.871056e-02 -4.910332e-02 3.275241e-02 -3.021270e-02 3.422641e-01
-7.944480e-02 -2.129717e-02 1.593378e-01 -9.984984e-02 -6.916315e-02 -7.392995e-02 4.736470e-02 -1.614071e-02
1.702041e-01 -2.321965e-01 4.689013e-02 2.650786e-01 -3.238499e-02 -1.296018e-02 4.983745e-02 -3.311643e-02
2.465136e-01 9.091961e-02 -5.861474e-02 2.300977e-01 2.685241e-01 1.877441e-01 -1.024341e-01 4.220564e-02
1.695098e-01 -1.315547e-01 5.094205e-03 3.409935e-01 4.577626e-01 6.620864e-02 1.359074e-02 -1.175736e-01
2.475567e-01 -1.756126e-01 -1.029419e-02 3.865461e-01 2.170234e-01 7.805599e-02 1.117874e-01 -9.210730e-02
-4.774653e-02 4.787278e-02 3.000557e-01 3.339890e-02 2.845677e-01 3.227378e-03 -2.516589e-02 -1.551688e-02
2.089558e-01 -1.397108e-01 -1.087997e-01 1.200574e-02 -1.062651e-01 -5.083972e-02 -1.299895e-02 -9.233721e-02
1.172824e-02 -1.137217e-01 4.080039e-01 1.770017e-02 1.547325e-01 -1.299450e-01 5.037596e-02 -3.750965e-02
-1.094800e-02 -1.071306e-01 3.463599e-01 1.057730e-01 3.600712e-01 -2.050571e-02 9.304310e-02 1.977343e-02
5.783739e-01 -9.938964e-02 -1.472620e-01 1.550457e-02 -1.142316e-01 1.000984e-01 1.769535e-01 -1.342171e-01
3.535855e-01 -1.168326e-01 -2.152980e-02 3.945133e-01 1.805611e-01 -1.019382e-01 8.196017e-02 -1.441746e-01
-1.015663e-01 1.531758e-01 2.185198e-01 -6.467874e-02 3.132767e-01 1.864903e-02 1.493237e-02 1.288133e-01
-3.174630e-02 -6.922066e-02 1.548681e-01 6.568123e-02 5.109106e-01 -9.426284e-02 3.967582e-02 -7.394331e-02
-8.895185e-02 4.349144e-02 1.419390e-01 -1.149697e-01 -1.047753e-01 -2.150700e-02 -1.055408e-01 3.565598e-01
1.277129e-01 8.196536e-02 2.927416e-02 2.141039e-01 4.170122e-01 7.075508e-02 -2.672041e-02 2.956154e-02
2.855510e-01 -3.192131e-02 -1.050684e-01 3.528310e-01 4.169503e-01 1.491303e-01 -4.512290e-02 -6.453215e-02
3.353630e-01 -1.200150e-01 -1.158746e-01 4.096264e-01 3.455373e-01 4.388268e-02 -1.509374e-02 -1.227173e-01
3.581029e-01 6.686687e-02 -9.232505e-02 -7.013229e-02 -7.033738e-02 1.379080e-01 1.040706e-01 9.137465e-03
-2.179310e-02 -1.784592e-01 1.988294e-01 1.803944e-01 -4.674284e-02 -1.912698e-02 5.868015e-03 -2.530081e-02
