1 5 16 16 32
-3.137456e-01 -8.641823e-02 -2.037770e-01 4.534450e-01 5.657049e-01 2.764140e-01 4.106904e-01 -2.764446e-02 -4.487044e-02 3.957648e-01 -1.146251e-01 2.250689e-01 2.336828e-01 -2.340538e-02 3.813311e-01 -2.754498e-01
-6.352255e-02 4.052981e-01 2.615066e-01 2.837115e-01 6.911297e-02 -2.024505e-01 -9.650625e-03 2.279958e-01 -2.949691e-01 -1.775375e-01 1.954786e-01 3.742477e-01 4.393636e-01 -2.367608e-01 -5.369127e-01 -7.309763e-02
2.149958e-01 -7.669132e-02 4.577067e-02 3.772867e-02 -1.892588e-01 7.043629e-01 -2.136290e-01 -1.091799e-01 7.617976e-02 -2.357283e-01 5.340904e-02 -1.522882e-01 7.624368e-01 -3.904504e-01 -9.530557e-02 -3.881081e-01
2.966496e-01 -3.886179e-01 -2.818685e-01 -1.808004e-01 -1.222467e-01 4.862540e-01 2.172775e-02 -1.780721e-01 2.128523e-01 2.806283e-01 1.873736e-02 -3.229255e-01 -2.116167e-01 1.865415e-02 6.285946e-01 -1.495495e-02
5.663223e-01 -1.268416e-01 3.154831e-01 -2.713722e-01 -3.274917e-01 -1.003038e-01 -4.680599e-01 1.490249e-01 -8.947682e-02 -1.481764e-01 6.776137e-01 -9.138880e-02 -2.065914e-03 -1.915755e-01 -4.411828e-01 2.942654e-01
-9.769105e-02 4.090491e-01 -1.590672e-01 -4.786589e-01 3.777936e-01 3.484452e-01 4.661338e-01 -5.898466e-01 5.035079e-01 -4.925793e-01 -4.609912e-01 -8.242315e-02 3.788660e-01 3.262808e-01 -9.091645e-02 -2.221815e-01
-3.892184e-02 2.287563e-01 -2.652964e-01 1.511583e-02 4.212513e-01 2.547496e-01 -4.698441e-01 -2.366671e-01 -1.795344e-02 -3.322677e-01 1.165864e-01 4.824932e-01 -2.779759e-01 7.215155e-02 5.065131e-01 -1.761159e-01
-5.164225e-02 2.343094e-01 -9.227788e-02 -2.665116e-01 -1.129847e-01 -3.478639e-01 -4.176801e-02 1.535203e-01 3.132032e-01 1.469772e-01 -1.954485e-01 -3.092418e-01 -3.291599e-01 6.834574e-01 7.535313e-01 -6.195671e-01
5.014892e-03 2.544935e-01 -1.873343e-01 2.568814e-01 -1.900575e-01 -1.497527e-02 3.335331e-01 2.176051e-01 -2.646782e-02 3.590508e-01 3.240921e-01 -8.226623e-02 1.139209e-01 1.368762e-01 -1.610613e-01 3.972292e-01
-1.766321e-01 -3.079546e-01 7.106340e-02 -1.988936e-01 1.016733e-01 -2.074819e-01 -3.793581e-01 2.235621e-02 2.315791e-02 -5.678052e-01 -1.047468e-01 5.065703e-01 -4.280018e-02 1.666567e-01 7.900546e-01 -9.972408e-02
1.796417e-01 -2.839749e-01 1.164191e-01 3.176492e-01 -2.335919e-01 -3.650644e-01 -3.980350e-01 4.843386e-01 -4.592275e-01 4.405924e-01 6.010661e-01 -1.325842e-01 -2.744592e-01 -1.710248e-01 5.567759e-02 1.780360e-01
-4.634625e-02 -3.350725e-01 3.345639e-01 -1.726534e-03 -5.358502e-01 -3.389397e-01 5.408714e-01 4.241060e-01 -4.386581e-03 3.674414e-01 -6.024734e-02 -3.304597e-01 3.295584e-01 -7.571802e-02 -3.839398e-01 2.250298e-01
-1.900195e-01 6.950363e-01 -6.624537e-02 -2.391994e-02 1.904106e-01 -2.907647e-01 -1.482997e-01 1.584283e-01 -2.077737e-01 1.198348e-01 -4.316661e-02 2.129557e-01 -1.934020e-01 -8.094005e-02 -4.979547e-01 -2.511888e-01
-4.077905e-01 -1.997653e-01 -2.796349e-01 7.204103e-02 1.563564e-01 1.113034e-01 -3.859906e-01 3.224619e-02 2.100248e-01 -4.101780e-01 1.606999e-02 6.288874e-01 -3.917228e-02 3.352999e-02 6.670585e-01 1.829497e-01
-1.366414e-01 1.412823e-01 -2.272699e-01 -8.951624e-02 -2.592387e-02 -4.792779e-01 -2.663859e-01 -4.193179e-02 -4.074068e-02 -2.329706e-02 2.908075e-01 9.804051e-02 -1.741237e-01 3.972731e-01 1.799523e-01 5.245402e-01
3.903512e-02 -3.471582e-01 -9.983880e-02 -3.532152e-01 -2.451018e-01 4.628885e-01 1.065195e-01 -2.380240e-01 4.407274e-01 -9.816354e-03 -1.946254e-01 -3.924588e-01 -4.443650e-02 2.900562e-01 7.674294e-01 -1.227263e-01
-8.587116e-02 -2.372989e-01 -2.280154e-01 -1.132008e-01 4.787525e-01 1.514303e-01 7.750928e-02 -9.144109e-02 -2.352970e-02 -1.343716e-01 -6.244463e-02 -1.914799e-01 -1.182183e-01 9.077249e-02 6.733893e-01 -4.612012e-01
-6.441735e-02 4.418907e-01 4.643681e-02 1.726639e-01 1.353619e-01 -3.279986e-01 -1.500613e-01 3.356357e-01 -2.662750e-01 1.247641e-01 3.543753e-02 3.812911e-01 3.615850e-02 -2.107965e-01 -3.502384e-01 -1.308226e-01
-2.391901e-01 -1.649514e-01 3.245735e-01 1.096865e-01 6.733594e-03 -2.561362e-01 5.945153e-02 1.611770e-01 3.740854e-01 -1.558210e-01 -2.932208e-01 4.683916e-01 2.226902e-01 -1.674115e-02 -2.105140e-01 1.479470e-01
-1.733975e-02 -6.851808e-01 -7.722910e-02 7.934039e-02 1.328290e-01 1.505255e-01 -1.612415e-01 -1.366906e-01 3.512351e-01 -7.448597e-03 1.900124e-02 3.426228e-02 1.238401e-01 1.077537e-01 9.960389e-01 2.586924e-01
-4.781393e-02 1.259257e-01 5.865500e-01 -6.229950e-02 -1.638453e-01 -1.216434e-02 -1.541219e-01 3.856463e-01 -2.635100e-01 2.857173e-01 4.455534e-01 -2.214738e-02 2.729938e-01 3.171469e-02 -2.236368e-01 4.367481e-01
-2.150075e-01 1.545344e-01 1.747584e-02 -2.426154e-01 8.676217e-01 -5.056640e-02 -2.463443e-01 -1.598943e-01 5.965522e-01 -4.203917e-01 -4.403755e-01 2.856078e-01 2.730787e-02 2.321089e-01 1.985559e-01 -4.189921e-01
3.419848e-01 1.534387e-01 -1.403967e-01 4.789091e-01 -2.606957e-01 1.607518e-01 -5.260835e-03 3.581900e-01 -3.337001e-02 5.378867e-01 5.648479e-01 -2.343791e-01 -1.351281e-01 -1.744620e-01 -2.183073e-01 5.028163e-02
-1.582754e-02 2.827971e-01 2.047107e-01 -1.398095e-01 3.798064e-01 3.508332e-01 -1.191031e-01 -2.982653e-01 -1.403880e-02 1.456068e-01 -2.550354e-01 -4.233300e-02 -2.368087e-01 -4.945284e-01 -1.603030e-01 -3.659960e-01
6.264507e-01 1.120172e-01 -3.671559e-01 -9.469582e-02 -1.447774e-01 5.878727e-01 -2.999673e-01 -4.338696e-01 -5.045147e-02 -3.977440e-01 7.090253e-02 -2.431829e-01 3.416589e-01 -2.527952e-01 -4.434120e-02 -4.091451e-01
-6.043873e-02 5.629470e-01 2.026554e-01 -6.305227e-02 3.240856e-01 1.205881e-01 -5.430671e-02 2.197953e-01 -6.786986e-02 -5.291400e-02 -1.198751e-01 3.788027e-01 -2.460171e-01 -2.287380e-01 -3.246919e-01 -1.639013e-01
-3.392392e-01 1.448473e-01 -2.842051e-01 -2.813019e-01 4.529006e-01 1.718176e-01 2.920870e-01 -3.973554e-01 4.327014e-01 -4.891837e-01 -3.850886e-01 4.461546e-01 3.460377e-01 1.149686e-01 1.200746e-01 7.764872e-03
4.016946e-01 -3.241630e-02 -2.166145e-01 -1.376425e-01 -1.508439e-01 1.006972e+00 -1.444035e-01 -4.599212e-01 -2.198302e-02 -2.118385e-01 -6.442060e-03 -3.559721e-01 5.507626e-01 -2.965504e-01 -7.462551e-02 -3.962191e-01
-1.905096e-01 -1.368139e-01 9.045321e-02 4.035061e-01 2.803883e-02 -3.716811e-01 4.977498e-02 8.931429e-03 -1.652892e-01 6.991734e-02 1.602524e-01 5.086415e-01 9.850489e-02 -3.495267e-01 -4.775930e-01 4.501233e-01
-2.301013e-01 1.243470e-01 3.218969e-01 1.408637e-01 -2.221619e-01 2.053091e-01 2.788487e-02 4.773939e-01 -2.129027e-01 3.499813e-01 3.841610e-02 2.959238e-01 4.840652e-01 6.263465e-02 -2.621794e-01 5.471996e-01
-4.896294e-02 3.894766e-01 6.420407e-02 -7.398181e-02 3.670249e-01 -1.264954e-01 6.251966e-03 1.495360e-01 -1.117470e-01 -4.375931e-02 1.608601e-01 6.020587e-01 -2.922514e-02 -1.193785e-01 -3.016011e-01 -2.663342e-01
6.806253e-01 -2.621912e-01 6.334870e-02 -4.304410e-01 -3.157036e-01 -2.240140e-01 -4.594912e-01 -6.669308e-02 1.039720e-01 -5.758277e-01 1.419839e-01 -4.244843e-01 -2.644433e-01 -1.997853e-01 -4.869830e-01 4.172007e-02
9.176245e-03 -1.097407e-02 -1.387804e-01 -4.644469e-02 1.096726e-02 -1.047297e-01 2.696764e-01 -5.053378e-01 -1.598734e-01 4.544051e-01 3.314285e-01 1.133214e-01 3.358761e-02 1.252031e-02 -4.945424e-01 -1.239652e-02
8.993474e-02 1.272588e-01 5.331313e-01 -7.854925e-02 -6.286079e-01 3.528632e-02 -2.185480e-01 1.242538e-01 9.215789e-02 -3.780512e-02 2.922752e-01 1.124379e-01 -5.162766e-02 -2.903198e-01 2.984182e-01 3.113028e-01
-2.131921e-01 -5.413325e-01 -9.671471e-02 2.847293e-01 3.114211e-01 -2.475448e-01 -4.466624e-01 5.457784e-01 -3.242169e-02 -9.743708e-02 -2.587903e-01 3.675351e-02 -3.866442e-01 -1.129192e-01 1.254056e-01 1.087043e-01
2.609202e-01 -2.216881e-04 5.469786e-02 7.925949e-02 3.556450e-02 5.511748e-01 -5.568089e-01 -9.853860e-02 6.184421e-02 -4.313860e-01 1.283321e-01 -1.379549e-01 -6.814277e-01 2.796663e-01 1.309080e-01 3.717317e-02
-1.484947e-03 -2.671004e-01 -3.012562e-01 2.519772e-01 4.505217e-02 -2.777816e-01 1.628077e-01 2.176771e-01 -2.719824e-01 4.895889e-01 -6.844285e-02 4.124666e-01 1.032864e-02 -3.998941e-01 -2.706065e-01 -2.199607e-01
-9.737833e-02 4.170606e-01 -8.797579e-02 1.622233e-02 -4.015731e-01 -3.184423e-01 -7.434162e-02 5.120833e-02 7.581969e-01 -2.149490e-01 -2.225481e-01 1.283092e-01 1.257105e-01 -1.486645e-01 -1.836967e-01 9.850284e-02
-6.502713e-02 -1.340426e-02 5.756078e-02 -1.562766e-01 -3.925380e-01 -3.003541e-01 1.023879e-01 -2.512211e-01 -6.634820e-02 2.635964e-02 -2.703041e-01 4.672022e-01 2.032815e-02 -7.763961e-02 -1.484154e-02 2.343869e-01
-2.113453e-01 2.128679e-01 -2.828031e-01 3.127036e-02 2.549219e-01 -7.360658e-01 -7.131733e-02 -3.566469e-02 2.783485e-01 -6.500716e-02 7.521319e-02 -4.690116e-02 -1.703456e-01 -1.483130e-01 8.995625e-02 -1.502257e-01
-9.071790e-02 -3.586002e-01 -5.329705e-01 -6.299406e-02 1.125169e-01 -2.088021e-01 1.032964e-01 2.567866e-01 -1.453062e-01 3.699301e-01 2.551200e-01 5.091422e-02 -1.518333e-01 -6.100326e-02 3.305089e-01 -1.740680e-01
1.116976e-01 -8.891325e-02 -1.875728e-01 -4.369645e-01 1.955459e-01 -1.423021e-01 -4.841736e-02 -8.552026e-02 -6.301159e-02 1.407102e-01 5.606278e-01 -9.985947e-02 1.459080e-01 4.213745e-02 5.781333e-01 1.567812e-01
4.197807e-01 -2.968354e-01 -1.453952e-01 -3.037673e-01 -6.633911e-02 -2.593327e-01 -1.813267e-01 9.624230e-02 4.842049e-01 -6.817340e-02 -1.708902e-01 -1.439912e-01 2.523214e-01 -1.194419e-01 2.224334e-01 2.598876e-01
5.668200e-02 -5.495977e-01 2.083063e-02 2.544299e-02 2.584039e-01 2.326316e-01 -4.828870e-02 -8.423582e-02 -4.349151e-01 1.391370e-01 -9.865975e-02 3.743948e-02 -2.105440e-01 -1.160711e-01 3.012154e-01 -1.118918e-01
-3.008047e-02 2.181870e-02 4.459197e-01 -2.214728e-01 -9.937255e-02 1.627246e-01 -1.771833e-01 4.594357e-01 2.160444e-01 -5.482644e-01 1.995646e-01 -3.846464e-01 -2.005731e-02 -5.449938e-01 8.776777e-03 7.592276e-01
-1.184162e-01 -1.721523e-01 5.524331e-02 2.310715e-01 -2.567008e-02 -4.507365e-01 -2.364859e-01 2.023736e-01 8.224983e-01 -4.682147e-01 -1.215579e-02 1.360417e-01 6.957493e-02 -3.609147e-01 -1.523068e-01 3.099739e-01
2.347600e-01 -1.723584e-01 -6.692514e-02 4.013936e-01 8.800977e-02 1.115998e-01 -1.123949e-01 4.282085e-01 2.326650e-01 -1.326774e-01 -2.077877e-01 2.622000e-01 3.952215e-03 -1.505655e-01 -3.825423e-01 -1.559137e-01
2.012706e-02 -9.358303e-02 -9.695119e-02 2.255822e-01 1.029803e-01 -1.842285e-01 2.155492e-02 2.507454e-01 2.939037e-01 -1.313424e-01 -6.296000e-01 2.439958e-01 -2.864873e-01 -6.024134e-02 -4.636112e-01 -1.114376e-01
-2.252465e-02 -1.537634e-01 -1.231548e-01 9.387168e-02 2.754303e-01 2.304715e-02 -2.322657e-01 -5.355003e-02 -3.737825e-01 1.885896e-01 3.354850e-01 1.309860e-01 -1.878295e-02 -2.577051e-01 -4.007423e-01 -6.399833e-02
3.584627e-02 1.140372e-01 -1.956948e-01 -1.622781e-01 -1.491112e-01 -2.812118e-01 4.697093e-02 -5.182137e-01 -1.125513e-01 1.918038e-01 4.245999e-01 1.918937e-01 1.668142e-02 2.423369e-01 3.554593e-01 -3.926035e-01
1.228486e-01 2.708328e-02 -7.034757e-02 1.281449e-01 1.128414e-01 -2.008548e-02 -1.298127e-01 7.401851e-01 2.790862e-01 1.113954e-01 -2.654109e-01 -1.654951e-01 5.448539e-02 1.174933e-01 9.204280e-03 -2.765426e-01
1.681925e-01 2.126170e-01 2.332193e-01 5.472747e-03 -2.354172e-01 2.109881e-01 9.327360e-02 -4.268828e-01 1.655908e-01 -1.433015e-01 3.244839e-01 -1.862099e-03 1.338558e-02 1.317630e-01 -2.977564e-01 8.299530e-02
1.809421e-02 -1.765237e-01 -2.198619e-01 7.331053e-02 3.833229e-01 1.264488e-01 2.689791e-01 2.267071e-01 -1.911433e-01 1.354984e-01 2.404065e-01 2.971939e-02 -3.822906e-01 5.194401e-02 1.034463e-01 3.084154e-01
2.980960e-01 5.531229e-01 1.868706e-01 -3.819856e-01 -4.511867e-01 1.997016e-01 2.246791e-01 -4.082116e-01 3.193904e-01 -2.314003e-02 9.417231e-02 1.663153e-02 6.622075e-01 -1.157832e-01 -1.202854e-01 -1.023009e-01
-1.751573e-01 -4.754309e-01 -8.856320e-01 6.718907e-05 2.109923e-01 -2.625352e-01 4.149368e-01 -9.226593e-02 -3.689155e-01 6.791822e-01 -1.964367e-01 3.632068e-02 -1.368428e-01 4.012717e-01 -1.216452e-01 -7.109368e-01
1.971483e-01 2.595941e-02 -1.977769e-01 -1.315147e-01 3.300374e-02 4.842291e-01 7.411765e-02 -1.528685e-01 -7.076722e-01 3.747980e-01 -1.042962e-01 1.005193e-01 1.001981e-01 1.749294e-01 2.077164e-01 -1.096095e-01
2.987563e-01 -7.068460e-02 -7.372651e-02 7.229491e-02 -7.781108e-02 -1.587684e-01 1.734472e-01 4.685660e-01 5.680525e-02 4.596514e-01 -2.577249e-01 4.474243e-01 4.966056e-01 -3.423757e-01 -6.755131e-01 -2.562549e-02
-7.370543e-02 5.473010e-03 -8.296844e-02 2.932187e-02 -4.909749e-02 5.261258e-02 8.157553e-02 -2.516397e-01 8.233048e-02 5.438710e-01 -2.872777e-02 3.122130e-01 3.424108e-01 -1.871508e-01 -6.541156e-01 2.603042e-02
-3.936116e-02 -2.982504e-02 5.370044e-01 -6.685204e-02 -4.308017e-02 4.378567e-01 -1.439756e-01 4.503646e-01 1.651109e-01 -3.971935e-01 5.218073e-02 -1.489340e-02 2.252365e-01 -2.907511e-01 2.224908e-01 5.472060e-01
-3.071007e-01 1.835547e-01 1.612246e-01 -1.356988e-01 9.421681e-04 3.930852e-01 -4.455666e-01 -3.045293e-01 -3.321840e-02 -6.151943e-01 8.435058e-02 -8.172157e-02 -4.119652e-01 1.606670e-01 6.097897e-01 -8.189668e-02
1.177632e-01 1.010880e-01 1.903524e-02 8.543646e-02 -2.055854e-01 -8.129042e-02 -1.398547e-01 3.452319e-01 2.145617e-01 -2.202771e-01 -5.189304e-01 3.534617e-01 -1.712981e-01 -9.879898e-02 3.797374e-01 -1.190275e-01
-6.980075e-02 -2.135371e-01 -5.254491e-02 3.263813e-01 3.493710e-02 2.502041e-01 -1.670996e-02 -1.484072e-01 -4.240057e-02 -1.185486e-01 -5.136977e-02 2.870035e-01 -7.569768e-01 -3.981383e-02 -2.237245e-01 -1.814716e-01
4.146816e-01 -1.947682e-01 1.074291e-02 5.580847e-03 -2.066551e-01 7.657926e-01 -7.830259e-02 -1.192279e-01 7.522567e-02 7.378780e-02 -1.142652e-01 2.808012e-01 8.461726e-02 4.401965e-02 -7.216945e-02 -4.750412e-02
4.638079e-02 1.150545e-01 -9.472907e-02 -2.826501e-01 -1.065572e-01 -6.954221e-02 3.069437e-01 1.207714e-01 1.949175e-01 2.952140e-01 -5.303867e-02 6.814983e-02 5.456118e-01 -2.025845e-01 1.966778e-01 -4.275842e-02
-5.524070e-02 1.796704e-01 1.016322e-01 -1.312803e-01 -5.029441e-02 -8.232851e-02 -1.087621e-01 1.373037e-01 -4.515189e-02 4.097518e-01 -1.672076e-01 -1.972364e-01 -1.641652e-01 -1.205170e-02 -4.013709e-02 4.877957e-02
-3.280528e-02 1.581002e-01 -3.401453e-02 -2.080808e-01 2.787893e-01 3.072624e-02 1.109071e-01 1.108417e-02 1.687007e-01 2.588023e-01 2.585414e-01 4.213484e-01 -1.116368e-01 2.722427e-02 7.927154e-02 -1.327831e-01
4.815813e-01 -1.962906e-01 -1.436616e-01 1.050033e-01 -6.283629e-02 9.582405e-02 1.580900e-02 -1.217238e-01 3.357710e-02 -1.925507e-01 1.135709e-02 3.049347e-01 2.133743e-01 -8.110679e-02 -1.212893e-01 -1.493189e-01
-2.490812e-01 -1.977378e-02 1.403923e-01 9.335467e-02 4.511408e-01 1.080164e-01 4.023980e-01 1.743760e-01 6.889048e-02 8.621328e-02 3.755230e-02 -2.334707e-01 5.093199e-02 1.542466e-01 2.994292e-01 3.374130e-03
-3.558360e-01 1.956411e-01 3.294178e-01 1.500742e-01 1.438855e-01 2.072500e-01 1.257335e-01 1.395077e-01 5.450404e-02 5.201452e-01 1.506491e-01 2.873831e-01 1.288970e-01 4.645268e-02 1.170798e-01 1.501087e-01
7.542878e-02 -1.254993e-01 2.948242e-01 -1.029798e-01 -1.281645e-01 -1.340706e-01 3.311713e-01 -6.317940e-02 -7.803832e-02 -1.563293e-01 -2.505315e-01 -2.240418e-01 1.951632e-01 8.658252e-02 -2.324712e-01 -2.132648e-02
-6.123707e-02 3.653114e-02 -2.720497e-01 1.172272e-01 1.934604e-02 1.407560e-01 -2.449071e-01 8.893093e-02 2.633355e-02 -2.114768e-02 2.333493e-01 3.327088e-01 -1.937436e-01 -5.672577e-02 4.548624e-01 -1.582353e-02
-1.080831e-02 1.240929e-01 -1.059219e-01 7.791230e-02 2.086284e-01 -1.095567e-01 -2.647274e-02 8.419391e-02 -2.144895e-01 6.687778e-02 4.819653e-01 -8.378646e-02 9.813009e-02 -1.705880e-01 -3.628566e-02 8.670741e-02
3.214487e-01 -2.898576e-02 -1.135281e-01 -1.276823e-01 -4.426517e-03 5.364276e-01 -1.181596e-01 2.742951e-02 -1.039653e-01 -7.895759e-02 -4.105467e-02 -3.353225e-01 1.107061e-01 -1.292791e-02 -1.048419e-02 -2.209462e-01
-1.559410e-01 1.141281e-02 -4.501205e-02 -1.695398e-01 5.539170e-02 7.111008e-02 4.366517e-01 -4.923733e-02 2.328688e-01 -1.039076e-01 -3.389591e-01 1.189092e-01 4.374737e-01 1.346469e-01 -2.475880e-01 9.250532e-02
-2.257290e-01 1.255862e-01 4.262167e-01 3.014620e-02 1.813352e-01 1.706124e-01 5.056437e-02 3.585258e-01 -2.088978e-01 2.075077e-01 2.081314e-01 -6.313248e-02 1.558469e-01 6.035326e-02 1.226947e-01 2.826886e-01
1.212914e-01 -9.659506e-03 6.486156e-02 -3.503434e-02 2.682396e-01 9.453311e-02 1.965609e-01 2.740899e-02 -1.936132e-02 -1.735145e-02 3.177094e-01 6.421275e-01 2.893829e-01 -6.757913e-02 6.961040e-02 -1.234710e-01
1.234026e-01 -3.024622e-01 -1.431568e-01 1.419474e-01 -4.826266e-02 1.336202e-01 1.943924e-01 -8.196778e-02 3.634012e-02 -2.407787e-02 3.525761e-01 3.538705e-01 1.432882e-01 -1.913536e-01 3.155566e-01 -1.086328e-01
-1.040618e-01 2.243280e-01 -1.199018e-01 -8.968263e-02 7.226489e-03 -3.256063e-01 2.201914e-02 -5.317505e-02 -3.014623e-01 2.283966e-01 2.140878e-01 1.046856e-01 -2.669457e-01 5.558185e-02 -2.490343e-01 4.383951e-01
-1.983911e-02 -7.747547e-02 7.458885e-02 -1.508046e-01 -6.489891e-02 2.161305e-01 6.735098e-02 -9.182750e-02 4.179843e-01 -6.114326e-02 -2.099854e-01 2.828778e-01 -2.589884e-02 1.781229e-01 6.162941e-03 -7.923220e-02
-1.224163e-01 1.852568e-01 1.292177e-01 -2.008146e-01 6.124858e-01 1.435465e-02 -2.728834e-01 8.690774e-02 8.374365e-02 -1.306064e-01 -2.531398e-01 4.410991e-02 -6.688157e-02 1.201647e-02 6.052398e-02 -2.567174e-01
2.037893e-01 -2.467173e-01 4.895810e-02 1.362248e-01 -1.155041e-01 4.792363e-01 -6.082515e-02 4.400907e-03 1.689149e-01 -2.068002e-01 -1.037559e-01 -2.083983e-01 2.754466e-01 -1.456470e-01 1.675560e-01 -2.752376e-01
-2.799006e-01 -2.260629e-02 1.128113e-02 1.959857e-02 3.545777e-01 -1.300157e-01 -7.189380e-02 -5.733446e-02 2.577459e-01 -1.471221e-01 -2.554671e-01 4.071585e-01 3.437384e-02 -1.112543e-02 5.938527e-02 1.905228e-02
5.289823e-01 1.638181e-01 -4.554577e-02 4.686032e-02 -7.245047e-02 -6.784432e-03 -5.637430e-03 -6.931364e-02 -1.136598e-01 1.099048e-01 4.325045e-02 -2.086193e-01 -8.108908e-02 -4.606672e-02 -3.771343e-02 -4.343660e-02
-3.480750e-02 -9.373039e-02 1.318715e-01 1.758225e-01 8.091533e-02 -3.521487e-03 1.537910e-01 2.703120e-02 -1.201846e-01 -2.647191e-01 2.296711e-01 3.634011e-01 5.124345e-01 4.275867e-03 -1.367158e-02 -1.395491e-02
9.299771e-02 -1.188978e-01 -5.570063e-02 2.567518e-01 -1.294136e-01 -1.699398e-02 -2.748905e-01 1.759261e-01 -1.240654e-01 1.832269e-01 3.761213e-01 -5.411759e-03 -2.642697e-01 -1.465140e-01 2.956377e-01 -6.170167e-03
1.207616e-01 -1.745019e-02 2.624255e-01 -2.984919e-01 -6.523609e-02 -8.242291e-02 -1.766017e-01 1.185636e-02 -1.817866e-01 -9.944087e-02 4.119132e-01 -1.714172e-01 -1.172933e-01 -1.953273e-01 -1.837710e-01 9.096184e-02
2.814277e-02 2.950993e-01 3.583736e-02 -1.519338e-01 1.022370e-01 1.385252e-01 4.432267e-01 -1.945675e-01 1.699458e-02 -2.449972e-01 -2.479814e-01 5.190713e-02 2.900233e-01 2.798757e-01 -1.791131e-01 2.232275e-03
5.357529e-02 2.080159e-01 2.391703e-01 -9.000288e-02 5.173470e-02 1.290603e-01 -2.069964e-02 1.741643e-01 -1.863547e-02 7.687455e-02 -1.023174e-01 4.835697e-01 2.810916e-02 -1.232254e-01 -1.909553e-01 -1.165424e-01
7.739628e-03 -4.704642e-02 -1.279996e-01 1.796887e-01 -2.938035e-01 -2.024971e-01 9.565749e-02 -1.443704e-01 -2.524462e-01 1.328300e-01 2.170205e-01 1.156478e-01 -4.275872e-02 -1.352034e-01 -2.793468e-01 5.097010e-01
-2.214409e-02 -1.052858e-01 -2.400091e-02 5.314810e-01 -5.096945e-02 -3.161950e-02 2.625852e-02 1.334394e-02 -1.272964e-01 -1.702628e-01 -3.799023e-02 -1.266886e-01 3.261385e-02 -9.405535e-02 6.226250e-02 7.249596e-02
1.572120e-01 -1.214225e-01 -1.095366e-01 7.169407e-03 2.664067e-01 1.333221e-01 1.897151e-01 -1.894656e-01 2.426176e-01 -1.682212e-01 3.510976e-01 4.774247e-01 2.294960e-01 6.308614e-02 1.404016e-02 -1.655265e-01
-2.583186e-01 3.222827e-01 7.145808e-02 -2.613672e-01 1.939854e-01 -1.914823e-01 6.708339e-02 -5.465485e-02 -5.735591e-02 1.384030e-01 -4.518094e-02 -1.340593e-01 1.140563e-01 3.598027e-01 -2.024245e-01 3.982475e-01
-1.739614e-01 -1.211350e-02 -1.511148e-01 1.726603e-01 -1.283114e-01 1.093158e-01 2.628650e-01 1.499334e-01 8.572352e-02 2.405987e-01 2.149424e-02 2.147599e-01 3.802277e-01 7.769507e-02 -9.359930e-02 1.987821e-01
-5.930069e-02 5.319359e-01 -2.250889e-01 -1.028800e-02 1.779101e-01 7.457357e-02 5.339053e-02 4.109105e-02 1.628928e-01 1.634453e-01 -2.343602e-02 1.583196e-02 1.911423e-01 1.606333e-01 -1.471884e-01 2.174900e-01
-3.492985e-01 1.322051e-01 2.552927e-02 2.972429e-01 3.063486e-01 2.370836e-01 2.326657e-01 9.728011e-02 7.725374e-02 4.042502e-01 -1.472643e-01 2.734991e-01 1.334078e-01 1.122908e-01 3.079383e-01 -1.247793e-01
-1.087441e-01 1.104991e-01 -6.800761e-02 -7.853001e-02 1.567467e-01 -1.176011e-01 -7.836796e-03 -1.226970e-01 2.132340e-01 -9.230996e-02 -5.411281e-02 -5.112068e-02 -1.365823e-01 2.313300e-01 4.322740e-01 -7.923115e-02
1.514560e-01 -1.100200e-02 1.033796e-01 -1.250189e-01 2.651515e-01 -8.402478e-03 -1.326557e-01 5.815990e-03 -1.786148e-01 3.019585e-01 4.936573e-01 4.128672e-03 -1.423708e-01 -2.626983e-01 -2.145915e-01 -3.476920e-02
-9.264056e-02 -1.028371e-01 -1.974349e-01 1.633617e-01 3.458260e-01 -1.313745e-01 -2.580984e-01 -5.304710e-02 -2.314620e-01 6.231236e-02 4.092270e-01 3.683480e-01 -5.502264e-02 -3.116464e-01 -1.551350e-01 -5.842194e-02
-4.019921e-02 -6.264445e-02 -3.929756e-01 -4.528113e-03 -2.546779e-01 2.445196e-01 5.426005e-03 1.995493e-01 1.641289e-01 -2.552415e-01 -3.322573e-01 2.580335e-02 -7.382300e-02 2.256466e-02 -2.088868e-01 -2.824381e-02
-1.294233e-02 5.063692e-02 4.112236e-02 -1.515489e-01 -8.097720e-02 -1.772283e-02 1.330267e-01 9.762017e-02 1.521506e-01 7.657640e-02 -1.758581e-01 -2.901485e-01 -5.943317e-02 2.130730e-01 2.618617e-01 7.328899e-03
1.693095e-01 2.672817e-01 5.661124e-02 -4.565183e-01 7.290460e-03 -1.848434e-01 4.106652e-02 -2.365699e-01 -2.220166e-01 9.473799e-02 -4.441806e-02 -2.290262e-01 -3.416844e-02 1.928899e-02 -2.241345e-02 2.970779e-02
-2.049049e-01 2.926460e-01 -2.780391e-01 -1.775054e-01 2.443432e-01 8.318348e-03 -1.398673e-02 -9.895265e-04 3.913355e-02 4.339406e-02 -1.615147e-01 1.342497e-01 3.884822e-01 -1.232111e-01 3.979972e-01 -1.509508e-01
4.800883e-02 1.396450e-01 1.700349e-01 -6.885777e-02 -6.829455e-03 -6.296241e-01 6.541003e-02 -1.378927e-02 -2.621701e-01 1.597427e-01 1.007316e-01 -6.443724e-02 -6.723931e-02 -2.258093e-01 -8.752240e-03 1.109629e-01
-1.425095e-01 1.945429e-01 -1.457624e-02 2.264282e-01 -4.473945e-02 2.322960e-01 -4.172440e-02 -3.505826e-01 -5.820597e-02 1.015823e-01 2.207735e-01 1.357678e-01 -4.473026e-01 -1.227675e-01 -2.562942e-02 -7.035782e-02
-1.152878e-01 -1.091212e-01 -1.382132e-01 4.696375e-01 3.689367e-02 3.107592e-02 -3.361880e-02 1.427194e-01 9.658594e-02 -1.738634e-02 7.155892e-02 2.815330e-01 6.534142e-02 -3.528282e-02 1.371281e-01 7.744609e-02
-1.081747e-01 -1.818605e-03 2.340095e-02 -2.145193e-01 8.337919e-02 -1.907779e-02 6.082471e-02 4.139324e-01 -3.231944e-02 -6.704305e-02 -4.655179e-02 -2.930961e-02 4.142828e-01 -6.246565e-02 -5.333225e-02 8.435923e-02
2.273397e-01 -1.151794e-01 -1.626694e-02 1.982165e-01 -1.085407e-01 4.817990e-02 -4.729043e-02 4.774645e-02 -7.384792e-02 -3.881099e-01 1.256687e-01 4.262177e-01 -6.207299e-02 -3.160916e-01 -2.557809e-01 2.078679e-01
4.942193e-02 1.177482e-01 2.314912e-02 -2.346876e-02 3.581861e-01 1.769951e-01 2.831059e-01 4.224391e-02 -3.150770e-01 -2.569750e-02 -3.727251e-02 -3.303492e-02 -2.820151e-01 1.753333e-01 -1.948692e-01 2.402209e-01
-2.176149e-01 8.219904e-02 1.202128e-01 -8.287475e-02 1.040436e-01 1.457903e-01 -1.438567e-01 -6.160508e-01 6.086642e-02 -4.592507e-02 -2.169357e-02 -9.564377e-02 -2.746110e-01 2.533033e-01 7.026548e-02 1.303482e-01
-3.922873e-02 -1.978418e-02 -2.600414e-01 1.933576e-01 1.443693e-01 9.029811e-02 -2.150213e-02 -4.529773e-01 1.418317e-01 1.521500e-01 -1.037747e-01 1.527688e-01 1.117938e-01 4.665565e-02 1.312438e-01 -3.172510e-01
2.682431e-01 -2.290239e-02 -5.120736e-03 -2.128642e-02 -3.556120e-02 -1.407416e-01 4.398891e-02 -5.961580e-01 3.957465e-02 8.484970e-02 1.418477e-01 -1.169554e-01 -3.614943e-01 1.835816e-01 2.566495e-01 4.896981e-02
-1.616854e-02 1.161894e-01 -3.878623e-01 1.801716e-01 3.750019e-01 -3.265112e-01 7.854026e-02 -1.532257e-01 -1.572321e-01 2.002626e-01 -2.039694e-02 -7.351954e-02 -3.072416e-02 5.546461e-02 1.056154e-01 -8.685265e-02
-7.080537e-02 -4.352245e-02 -1.035331e-01 6.021409e-02 -2.733675e-01 -6.557302e-02 -2.381571e-01 -1.685080e-02 3.345817e-01 4.330462e-02 1.757241e-02 1.209369e-01 3.065270e-01 -8.447723e-02 3.225935e-01 -1.030913e-01
1.010393e-01 -3.160133e-01 -3.283837e-02 2.502793e-01 1.271041e-01 -4.652192e-03 -1.617670e-01 -2.224067e-02 -8.014748e-02 1.469809e-01 1.120574e-01 -1.794107e-01 -1.801940e-01 2.165889e-01 -3.918820e-01 1.574199e-02
2.723139e-03 -7.813567e-02 4.221454e-01 1.238322e-01 3.560979e-01 -1.557688e-02 3.266427e-02 -2.302637e-01 3.141353e-02 2.560874e-02 1.718186e-01 -1.194927e-01 1.911324e-01 -1.930833e-01 1.867871e-01 1.892218e-01
2.295015e-01 -9.096266e-02 1.360356e-02 6.972259e-02 2.408001e-02 -8.000185e-02 7.391394e-02 -2.428552e-02 4.497921e-01 -4.179522e-02 -3.149453e-01 3.212487e-02 -3.976884e-02 -1.549754e-01 -1.762500e-01 -3.056981e-02
3.552561e-01 -7.892545e-02 7.944396e-02 1.439011e-01 3.595332e-01 -1.929563e-01 1.717688e-02 2.854630e-03 1.444763e-01 3.022839e-01 2.823031e-01 -1.870841e-05 -1.553399e-01 2.114845e-02 2.190307e-01 -6.984413e-02
4.811331e-02 1.970740e-01 1.308258e-01 -1.192492e-01 -1.831447e-01 8.736384e-02 -1.005315e-01 -2.081372e-01 2.329997e-02 3.316118e-02 4.396381e-01 -3.339536e-03 8.659197e-02 9.287514e-03 2.216319e-01 -4.962662e-02
-4.388967e-02 -1.416163e-01 -6.244788e-02 1.677851e-02 -3.752524e-02 5.693231e-01 -1.709776e-01 2.556939e-02 2.108581e-01 -6.802297e-02 -1.577526e-03 3.584600e-02 -6.333704e-02 -3.285015e-02 4.126676e-02 -9.211392e-02
1.326885e-02 -2.115280e-01 -6.003206e-02 8.836709e-02 4.727654e-01 1.496061e-01 -2.784625e-01 -7.740132e-02 -1.244750e-01 -7.453887e-03 4.218097e-01 1.462650e-01 -2.892928e-01 -1.213651e-01 -2.399724e-01 5.331679e-02
-2.949869e-02 3.313602e-02 2.150856e-01 9.160614e-02 3.815871e-01 1.639677e-01 1.135445e-01 -7.404777e-02 3.802551e-02 -1.325931e-01 -1.446548e-01 6.699386e-02 5.758548e-01 1.609115e-01 7.876164e-02 7.448300e-03
-5.884310e-02 1.384902e-01 -4.810304e-01 1.173681e-01 3.840729e-01 4.679884e-02 -3.324816e-01 -1.476236e-01 1.261183e-01 6.507246e-02 -6.773271e-02 -4.380367e-02 -4.245358e-02 -5.160768e-02 2.005371e-01 -7.425158e-02
3.563418e-01 -3.291071e-01 -5.179292e-02 -2.060892e-01 4.815405e-02 -2.501355e-01 -4.650652e-04 1.691732e-01 1.651757e-01 -1.334454e-01 -2.946444e-01 -8.975068e-02 3.675203e-01 1.148638e-01 -4.261467e-02 6.634022e-02
5.871101e-02 -3.442467e-02 1.533330e-01 -1.780444e-01 -2.660031e-01 8.047212e-03 3.225057e-02 -2.201255e-02 1.086855e-02 -9.464627e-02 8.469488e-02 -7.032031e-02 -1.879632e-01 6.431517e-02 -4.370773e-01 9.984539e-03
-4.071067e-02 2.316178e-03 2.100999e-01 -2.481526e-02 -3.054183e-02 -3.197888e-03 3.765355e-02 5.209728e-01 -1.201592e-01 -2.698603e-01 -1.049132e-01 -5.324899e-02 -7.269948e-02 -1.460793e-01 -1.438622e-01 2.533673e-01
-2.666784e-01 1.418461e-01 4.567306e-02 1.952750e-02 6.405690e-02 2.496589e-01 -2.048868e-01 -3.275049e-01 -4.993991e-03 1.082811e-01 -2.522246e-02 1.315232e-01 1.475198e-01 4.493045e-02 -5.350245e-01 1.295163e-02
-1.575364e-01 9.142815e-02 -3.673732e-03 -4.615169e-02 2.200856e-02 -1.165667e-02 -4.105202e-02 1.724003e-02 -5.684291e-01 -7.491080e-03 1.354836e-01 -5.697442e-02 9.918098e-02 1.576580e-01 6.731785e-02 -7.616190e-02
2.924366e-01 -9.038464e-02 -6.136651e-02 4.241800e-02 -1.093894e-01 -1.682427e-01 9.188191e-02 5.914171e-01 -9.949554e-03 -5.134524e-02 -7.466573e-02 3.458634e-02 8.019100e-02 -6.421109e-02 8.025958e-02 7.233443e-03
