1 5 16 16 32
-3.801816e-01 7.138617e-02 -4.517810e-02 3.183103e-01 3.385746e-01 2.674055e-01 2.924726e-01 1.410576e-01 -3.080706e-02 4.122861e-01 -1.316209e-01 2.710693e-01 2.515023e-01 7.676014e-02 2.889936e-01 -1.288022e-01
-8.716543e-02 3.935344e-01 2.072897e-01 1.493446e-01 9.842862e-02 -1.953861e-01 -2.456997e-02 2.331070e-01 -2.706294e-01 -1.439149e-01 1.230646e-01 3.840466e-01 2.290371e-01 -1.291692e-01 -4.004361e-01 -8.870973e-02
4.486604e-02 -3.402920e-01 2.036935e-01 1.531087e-01 -4.910911e-02 4.280104e-01 -7.099573e-02 3.512991e-02 2.613563e-01 -1.627817e-01 -1.453417e-01 -3.270417e-02 4.496098e-01 -3.197925e-01 1.879664e-02 -2.628492e-01
2.214885e-01 -3.328398e-01 -1.848109e-01 -1.790605e-01 -1.093452e-01 2.859347e-01 4.432282e-02 -1.459142e-01 2.677588e-01 2.996210e-01 -2.161131e-02 -2.608926e-01 -1.965153e-01 3.075565e-02 4.973800e-01 1.254877e-01
8.047654e-02 1.077743e-01 3.525039e-01 -1.213558e-01 -3.603851e-01 -2.413546e-02 -1.262783e-01 1.616760e-01 -4.033142e-02 1.419971e-01 3.400854e-01 4.863209e-02 9.580147e-02 -4.619514e-02 -3.723752e-01 5.130547e-01
-9.866016e-02 2.472054e-01 -8.111089e-02 -1.688068e-01 1.717745e-01 1.487012e-01 3.146334e-01 -2.090636e-01 1.356663e-01 -2.669885e-01 -2.983854e-01 8.254010e-02 3.526562e-01 2.324559e-01 -1.325275e-01 7.331952e-03
-1.038658e-01 2.191373e-01 -2.011814e-01 -7.566131e-03 2.761699e-01 1.399836e-01 -3.487116e-01 -1.142766e-01 2.813135e-02 -2.394210e-01 7.388356e-02 4.030557e-01 -1.191362e-01 6.346111e-02 4.534558e-01 -1.041108e-01
-4.179003e-02 2.512529e-01 5.660525e-02 -1.901808e-01 8.056344e-02 -2.345443e-01 4.225107e-02 1.748981e-01 1.426429e-01 5.420556e-02 6.271951e-02 -1.319959e-01 -3.020793e-01 4.819753e-01 4.044285e-01 -3.219685e-01
4.723132e-02 2.053918e-01 -1.731257e-01 1.770166e-01 -1.044003e-01 8.660836e-02 3.200780e-01 2.177267e-01 5.130500e-02 3.491211e-01 1.936908e-01 -8.168035e-02 2.339606e-01 9.428733e-02 -2.048275e-01 3.037538e-01
-1.141074e-01 -5.450128e-02 6.535894e-02 -1.773342e-01 1.978630e-01 -1.038039e-01 -2.719756e-01 -1.718158e-02 1.602000e-03 -4.133389e-01 -1.288420e-01 3.743095e-01 3.128309e-02 5.577554e-02 4.715713e-01 -2.142882e-01
7.877214e-02 -1.807090e-01 8.267105e-02 2.136717e-01 -1.493828e-01 -1.319910e-01 -2.286231e-01 2.501627e-01 -1.818395e-01 3.793610e-01 3.572025e-01 -1.927163e-01 -2.509515e-01 -1.170708e-01 2.473163e-02 1.455923e-01
-1.254609e-02 -2.656476e-01 2.178430e-01 4.786887e-04 -2.044260e-01 -1.732140e-01 3.559619e-01 1.753264e-01 -2.694083e-02 2.444725e-01 -4.195959e-02 -2.013795e-01 1.093454e-01 -7.978787e-02 -3.050547e-01 1.323985e-01
-2.053835e-01 5.628181e-01 1.798958e-02 -2.292304e-02 9.567879e-02 -3.271683e-01 -1.813257e-01 2.081060e-01 -1.849370e-01 1.175127e-01 -4.919809e-02 2.032120e-01 -1.887763e-01 -8.459701e-02 -4.488742e-01 -1.629286e-01
-3.193714e-01 -2.522657e-02 -3.160407e-01 7.974429e-02 2.252364e-01 1.282834e-01 -1.774111e-01 4.571930e-02 1.744507e-01 -2.030961e-01 2.966296e-02 5.612705e-01 -1.385852e-02 -2.719606e-03 3.993100e-01 4.788493e-02
4.123743e-02 2.860937e-01 -1.773459e-01 -9.001020e-02 -4.538999e-02 -2.704638e-01 -1.843118e-02 1.404200e-02 -2.553047e-01 1.738449e-01 3.253687e-01 -8.081597e-02 -2.180148e-01 2.176442e-01 -9.005579e-02 1.806261e-01
8.364809e-02 -3.707811e-01 1.557053e-02 -1.947881e-01 -7.801429e-03 4.018088e-01 2.089082e-01 -2.496275e-01 3.033823e-01 -1.859506e-02 6.048030e-02 -2.145035e-01 -4.578115e-02 1.318235e-01 4.228507e-01 1.589925e-01
-2.019681e-01 1.327311e-03 -6.147646e-02 9.065844e-02 5.704756e-01 1.197605e-01 7.777315e-02 -9.361435e-03 -8.436853e-02 -1.569916e-02 -1.613793e-01 -8.015943e-02 -1.023998e-01 5.158690e-02 4.985325e-01 -4.334880e-01
-9.982488e-02 4.614348e-01 5.261870e-02 1.421297e-01 1.410364e-01 -2.527215e-01 -1.393900e-01 3.214372e-01 -2.681655e-01 1.091520e-01 4.429563e-02 3.778726e-01 3.833394e-02 -2.198701e-01 -3.435550e-01 -9.941092e-02
-1.985121e-01 -2.568749e-01 1.930176e-01 2.392474e-01 1.717901e-01 -2.933033e-02 -5.433213e-02 2.093969e-03 3.966753e-01 -2.346350e-01 -3.116435e-01 3.808985e-01 2.274456e-01 -1.828908e-01 -1.834654e-02 -1.237618e-01
8.593202e-02 -4.725998e-01 -4.548600e-02 -1.301202e-02 -1.660696e-01 1.745506e-01 1.089652e-01 -1.444556e-01 1.948333e-01 1.602328e-01 5.976157e-02 -1.415489e-01 2.098328e-01 1.371101e-01 5.533733e-01 1.655510e-01
-1.718635e-01 1.535835e-01 4.952766e-01 -4.328668e-02 -6.183911e-02 9.431901e-02 -5.588887e-02 2.468919e-01 -1.218133e-01 2.843502e-01 3.243825e-01 5.255042e-02 2.087515e-01 5.142248e-02 -1.467103e-01 4.771106e-01
-2.275648e-01 1.283973e-01 2.754368e-02 -8.823889e-02 6.122360e-01 -1.060954e-01 -2.453470e-01 -2.496014e-02 3.136624e-01 -2.146067e-01 -3.224103e-01 3.006992e-01 -8.786193e-02 9.425220e-02 1.156449e-01 -1.406862e-01
2.229640e-01 1.573569e-01 -1.697357e-01 3.693944e-01 -1.615006e-01 1.992192e-01 -5.629599e-02 1.838083e-01 8.704839e-02 4.250989e-01 3.627056e-01 -1.204273e-01 -1.042327e-01 -1.075690e-01 -1.312852e-01 1.315960e-01
-4.810727e-02 1.803430e-01 2.253688e-01 -1.800323e-01 3.229866e-01 2.099138e-01 -1.818915e-01 -1.909953e-01 1.660154e-02 -3.589568e-02 -2.815246e-01 -1.277810e-02 -2.267864e-01 -1.892881e-01 -2.257256e-02 -1.106583e-01
4.379774e-01 2.435499e-01 -3.573444e-01 3.934980e-02 2.259742e-02 2.163726e-01 -8.878949e-02 -2.090324e-01 -5.463545e-02 -1.589659e-01 -4.708505e-02 -5.412276e-02 -1.237952e-01 3.154445e-02 1.135252e-01 -9.915622e-02
-5.506040e-02 4.998769e-01 2.515946e-01 -6.296965e-02 2.386949e-01 2.515891e-02 1.062909e-02 2.506176e-01 -6.859597e-02 -4.818459e-02 -9.259591e-02 3.290884e-01 -2.057526e-01 -2.315293e-01 -4.039470e-01 -1.485115e-01
-3.219834e-01 4.482535e-02 -2.171483e-01 -1.848971e-01 1.945832e-01 1.038774e-01 2.204472e-01 -6.750841e-02 2.778968e-01 -2.722173e-01 -2.961487e-01 4.639814e-01 3.151631e-01 9.814961e-02 1.183952e-01 1.851001e-02
2.541965e-01 -1.495525e-01 -8.977779e-02 -8.195627e-02 -1.288611e-01 5.898637e-01 3.739909e-02 -1.262715e-01 -4.713224e-02 -3.870444e-02 -4.023033e-02 -1.512631e-01 3.193327e-01 -2.576634e-01 -1.468197e-01 -1.319088e-01
-2.102563e-01 -1.358480e-01 7.237013e-02 2.223499e-01 1.459295e-02 -2.147434e-01 9.760937e-04 -4.929254e-02 -3.353629e-02 -2.853547e-03 -3.195719e-02 3.476056e-01 9.432004e-02 -2.695353e-01 -2.784590e-01 3.236159e-01
-9.538590e-02 9.710798e-02 2.347654e-01 6.782190e-02 -2.170247e-01 1.067377e-01 -2.892871e-02 3.779972e-01 -1.793086e-01 2.132942e-01 1.349221e-01 1.465345e-01 4.021337e-01 7.362958e-02 -2.428114e-01 4.982525e-01
-3.947985e-02 3.821776e-01 6.601696e-02 -4.088198e-02 3.002876e-01 -9.745140e-02 4.414441e-02 1.497759e-01 -1.296200e-01 -3.959268e-02 1.669333e-01 5.733914e-01 -9.055188e-03 -1.337483e-01 -3.221382e-01 -2.197000e-01
4.497098e-01 -6.562422e-02 7.772370e-02 -2.755671e-01 -3.295746e-01 -2.054542e-01 -3.122193e-01 -9.125780e-02 8.570613e-02 -4.154008e-01 9.861902e-02 -2.193953e-01 -1.907030e-01 -7.261544e-02 -2.584842e-01 9.127206e-02
4.241377e-02 -5.439218e-02 -6.714880e-02 -9.326709e-03 4.562288e-02 -6.108241e-02 1.606244e-01 -6.392227e-01 -9.505749e-03 3.442001e-01 3.202246e-01 8.905726e-02 1.458396e-02 5.051830e-02 -4.460068e-01 6.167925e-03
7.160962e-02 1.487325e-01 4.284603e-01 -1.037356e-01 -4.369562e-01 5.943033e-02 -1.768597e-01 -7.516214e-02 -1.002545e-01 -1.991222e-02 4.192449e-01 -1.007546e-01 -1.762694e-01 -6.880606e-02 3.133254e-01 1.361192e-01
-2.277944e-01 -3.348882e-01 -9.167227e-02 1.537383e-01 3.406975e-01 -1.820046e-01 -3.262160e-01 4.847261e-01 -6.863239e-02 -1.845437e-02 -2.260385e-01 1.557137e-01 -3.089554e-01 9.508417e-04 1.716553e-01 9.456383e-02
1.359056e-01 -1.360892e-02 1.469752e-01 -7.581783e-02 -1.368444e-03 4.809984e-01 -4.924597e-01 -1.656244e-02 1.096409e-01 2.780751e-02 2.361362e-02 -2.310640e-01 -5.119188e-01 1.859223e-01 -3.781381e-02 1.336555e-01
-3.046510e-01 -2.121666e-01 -1.793650e-01 3.108680e-01 1.984420e-01 -2.595925e-01 1.343951e-01 2.910367e-02 -3.247161e-01 1.177709e-01 9.739006e-02 3.799058e-01 2.058616e-01 -1.721932e-01 -1.306168e-01 -1.014211e-01
-9.174765e-02 3.105894e-01 -1.030094e-01 -6.322078e-02 -3.552533e-01 -2.570464e-01 -4.690039e-02 3.916511e-03 4.630956e-01 -1.285345e-01 1.388510e-01 -2.712248e-02 7.918223e-02 -1.209427e-01 -1.230450e-01 -8.221091e-02
-1.924406e-01 -4.453599e-02 4.374009e-02 -2.535287e-01 -2.613593e-01 -3.046663e-01 6.468102e-02 -4.388376e-01 -3.133965e-01 -5.872364e-02 -6.256268e-02 2.591138e-01 -2.198899e-02 1.044511e-02 4.235272e-02 3.104853e-01
-1.853051e-01 2.080835e-01 -2.540230e-01 7.878403e-02 1.970982e-01 -5.214136e-01 1.807294e-02 -1.784748e-01 1.638343e-01 6.321128e-02 1.411453e-01 -6.471797e-02 -1.557162e-01 -1.168702e-01 1.035036e-01 -2.002286e-01
-1.767842e-01 -5.018445e-02 -2.183076e-01 1.771562e-01 2.133894e-01 9.686158e-02 -4.589973e-02 7.949623e-02 1.326834e-01 7.543327e-02 9.949803e-02 2.401947e-01 1.523952e-01 8.641192e-02 4.907861e-01 1.348196e-01
9.767731e-02 -1.038002e-02 -1.263158e-01 -3.463201e-01 -3.626014e-02 3.194277e-02 -1.240835e-01 -1.748545e-01 2.184266e-02 2.602271e-01 2.756124e-01 -1.977922e-01 8.796132e-02 4.327778e-02 3.518839e-01 5.885146e-02
4.465972e-01 -2.754007e-01 -1.227942e-01 -3.286393e-01 2.192791e-02 -2.109740e-01 -2.601164e-02 5.790736e-03 2.415692e-01 9.414393e-03 -1.499367e-01 -1.520435e-01 2.906003e-01 8.044174e-02 1.304237e-01 9.200556e-02
7.804872e-02 -4.024008e-01 2.590838e-01 -4.822219e-02 2.487268e-01 2.365741e-01 -2.371168e-01 -1.085412e-01 -3.873174e-01 7.487926e-02 -2.010975e-01 2.402055e-02 -4.123641e-02 5.150235e-02 2.087725e-01 1.187628e-02
-1.569480e-02 1.004648e-01 3.661918e-01 -2.364423e-01 -1.143132e-01 1.019265e-01 -3.294418e-02 3.126440e-01 -7.453699e-02 -2.811878e-01 5.552944e-02 -2.146103e-01 -2.130611e-02 -3.332675e-01 -2.173087e-02 3.764147e-01
-1.294903e-01 -5.408471e-02 8.186405e-02 2.983791e-01 -1.660572e-01 -3.501082e-01 -3.559764e-02 -7.790765e-03 4.662206e-01 4.231364e-02 2.567259e-01 1.590435e-01 -3.283868e-04 -4.062816e-01 -8.260950e-02 1.925420e-01
3.086886e-01 -6.750039e-02 -5.370288e-02 3.721758e-01 1.740052e-01 2.543791e-01 -1.430332e-01 4.697144e-01 3.100507e-01 -1.865736e-01 1.149107e-01 -6.329414e-03 6.730082e-03 -1.797891e-01 -1.877328e-01 -1.936082e-01
-2.210727e-02 -4.923670e-02 6.177570e-02 2.029190e-01 2.826089e-02 -1.202846e-01 9.471337e-02 1.226572e-01 2.521797e-01 -2.652530e-01 -4.623391e-01 6.687637e-02 -2.342955e-01 1.376201e-02 -4.134158e-01 -7.946847e-03
2.570803e-02 -1.242971e-01 -5.116515e-02 8.692290e-02 3.263310e-01 -2.886805e-02 -2.382973e-01 -5.190429e-02 -2.982383e-01 1.982994e-01 4.446288e-01 1.999681e-01 -8.709254e-02 -3.498676e-01 -3.435108e-01 -5.927964e-02
9.023155e-02 1.713544e-01 -2.552195e-02 -8.814347e-02 -7.687872e-02 -2.312854e-01 -7.170368e-02 -5.822134e-01 4.110721e-03 1.762433e-01 3.213108e-01 7.483692e-02 1.286558e-01 2.963482e-01 3.067507e-01 -2.228784e-01
9.080131e-02 -7.848644e-02 -2.186023e-02 9.536085e-02 1.396531e-01 2.958385e-02 -6.054506e-02 7.344903e-01 2.469333e-01 -1.475292e-02 -6.883725e-02 -2.997218e-01 1.264912e-02 1.822597e-01 2.585097e-02 -2.836871e-01
1.900177e-01 1.928383e-01 2.792658e-01 -4.866359e-02 -3.230671e-01 1.944306e-01 1.854791e-01 -3.996980e-01 8.851686e-03 -2.035888e-02 2.687333e-01 -1.727527e-01 -1.149547e-01 1.085128e-01 -4.396254e-01 -6.440045e-03
-1.007353e-02 5.434437e-02 -8.314928e-02 1.934206e-01 3.702936e-01 2.206777e-01 2.516562e-01 1.438326e-01 -1.605193e-01 3.383578e-02 1.703059e-01 1.868897e-01 -2.497042e-01 1.526634e-01 9.836342e-02 4.169173e-01
1.822081e-01 3.669577e-01 5.054681e-02 -3.001096e-01 -3.064004e-01 1.562577e-01 2.409010e-01 -3.196582e-01 8.598275e-02 -2.138592e-04 1.785568e-01 -1.547650e-01 4.256214e-01 -3.979821e-02 -7.579896e-02 -8.423927e-02
1.801391e-02 -8.628715e-02 -4.068738e-01 1.974342e-01 2.343128e-01 -1.563073e-01 1.041159e-01 -3.341025e-01 3.466630e-02 3.287193e-01 -1.544451e-01 1.455389e-01 5.889957e-02 3.957361e-01 -4.490123e-03 -3.520448e-01
8.739538e-02 -2.604741e-03 -1.021030e-01 -1.075618e-01 2.167920e-01 3.955142e-01 1.527379e-02 1.773087e-02 -4.477696e-01 3.357477e-03 -1.434656e-01 -1.818365e-02 5.949469e-02 3.586338e-01 2.140151e-01 -3.022598e-02
2.517340e-01 -8.737893e-02 -9.504501e-02 2.801921e-02 -5.016609e-02 -1.572687e-01 1.976101e-01 3.203058e-01 -1.395776e-02 7.632908e-02 -1.003471e-02 1.039913e-01 4.115578e-01 -9.112406e-02 -4.929788e-01 2.943882e-02
-9.892848e-02 -5.681144e-02 -8.507036e-02 2.237049e-02 4.962232e-02 1.258291e-02 1.102398e-01 -3.673170e-01 -2.568772e-02 3.049893e-01 2.037039e-01 1.613079e-01 2.978660e-01 -2.017146e-02 -6.526077e-01 2.810705e-02
-1.885214e-02 1.256223e-02 4.800348e-01 -5.288741e-02 -1.690006e-01 4.311943e-01 -8.828877e-02 2.564980e-01 2.136439e-02 -3.352073e-01 2.478283e-01 -1.067588e-01 4.996352e-02 -2.920051e-01 1.836956e-01 3.020545e-01
-3.236528e-01 1.619767e-01 1.771894e-01 -2.168127e-02 4.614123e-02 2.840810e-01 -3.394475e-01 -3.735147e-01 1.128985e-02 -9.503757e-02 -4.930330e-03 -9.173071e-02 -3.403274e-01 1.000125e-01 4.024749e-01 -1.077857e-02
4.555687e-02 1.486878e-01 6.596889e-02 -3.374165e-02 -9.703020e-02 6.237695e-02 -1.230875e-01 3.088468e-01 1.446791e-01 -2.547429e-01 -3.176239e-01 -1.106421e-01 -1.434228e-01 8.133756e-02 5.345793e-01 -2.131074e-02
-7.070031e-02 6.580772e-02 -9.660407e-03 2.719162e-01 5.051848e-02 1.373737e-01 -7.948211e-02 -2.463836e-01 1.268495e-01 3.818940e-02 9.287117e-03 1.275182e-01 -5.604735e-01 -8.571845e-02 -2.157028e-01 -7.862207e-02
3.237193e-01 -1.009872e-01 -6.943443e-02 -2.043258e-02 -1.413207e-01 6.903642e-01 -1.535105e-01 1.024935e-02 1.746615e-02 -1.193751e-02 -8.505482e-02 -8.227748e-03 4.821358e-02 8.901698e-02 -2.121099e-02 1.862403e-02
-1.516608e-02 1.705368e-01 -6.433065e-02 -3.336872e-01 -1.493908e-02 6.560010e-03 3.237497e-01 2.716282e-02 5.501535e-02 7.465587e-03 5.784529e-02 -8.313905e-02 6.769453e-01 -1.337827e-01 1.696503e-01 -2.111268e-03
-5.524070e-02 1.796704e-01 1.016322e-01 -1.312803e-01 -5.029441e-02 -8.232851e-02 -1.087621e-01 1.373037e-01 -4.515189e-02 4.097518e-01 -1.672076e-01 -1.972364e-01 -1.641652e-01 -1.205170e-02 -4.013709e-02 4.877957e-02
-3.280528e-02 1.581002e-01 -3.401453e-02 -2.080808e-01 2.787893e-01 3.072624e-02 1.109071e-01 1.108417e-02 1.687007e-01 2.588023e-01 2.585414e-01 4.213484e-01 -1.116368e-01 2.722427e-02 7.927154e-02 -1.327831e-01
4.815813e-01 -1.962906e-01 -1.436616e-01 1.050033e-01 -6.283629e-02 9.582405e-02 1.580900e-02 -1.217238e-01 3.357710e-02 -1.925507e-01 1.135709e-02 3.049347e-01 2.133743e-01 -8.110679e-02 -1.212893e-01 -1.493189e-01
-2.490812e-01 -1.977378e-02 1.403923e-01 9.335467e-02 4.511408e-01 1.080164e-01 4.023980e-01 1.743760e-01 6.889048e-02 8.621328e-02 3.755230e-02 -2.334707e-01 5.093199e-02 1.542466e-01 2.994292e-01 3.374130e-03
-3.558360e-01 1.956411e-01 3.294178e-01 1.500742e-01 1.438855e-01 2.072500e-01 1.257335e-01 1.395077e-01 5.450404e-02 5.201452e-01 1.506491e-01 2.873831e-01 1.288970e-01 4.645268e-02 1.170798e-01 1.501087e-01
7.542878e-02 -1.254993e-01 2.948242e-01 -1.029798e-01 -1.281645e-01 -1.340706e-01 3.311713e-01 -6.317940e-02 -7.803832e-02 -1.563293e-01 -2.505315e-01 -2.240418e-01 1.951632e-01 8.658252e-02 -2.324712e-01 -2.132648e-02
-6.123707e-02 3.653114e-02 -2.720497e-01 1.172272e-01 1.934604e-02 1.407560e-01 -2.449071e-01 8.893093e-02 2.633355e-02 -2.114768e-02 2.333493e-01 3.327088e-01 -1.937436e-01 -5.672577e-02 4.548624e-01 -1.582353e-02
-1.080831e-02 1.240929e-01 -1.059219e-01 7.791230e-02 2.086284e-01 -1.095567e-01 -2.647274e-02 8.419391e-02 -2.144895e-01 6.687778e-02 4.819653e-01 -8.378646e-02 9.813009e-02 -1.705880e-01 -3.628566e-02 8.670741e-02
3.214487e-01 -2.898576e-02 -1.135281e-01 -1.276823e-01 -4.426517e-03 5.364276e-01 -1.181596e-01 2.742951e-02 -1.039653e-01 -7.895759e-02 -4.105467e-02 -3.353225e-01 1.107061e-01 -1.292791e-02 -1.048419e-02 -2.209462e-01
-1.559410e-01 1.141281e-02 -4.501205e-02 -1.695398e-01 5.539170e-02 7.111008e-02 4.366517e-01 -4.923733e-02 2.328688e-01 -1.039076e-01 -3.389591e-01 1.189092e-01 4.374737e-01 1.346469e-01 -2.475880e-01 9.250532e-02
-2.257290e-01 1.255862e-01 4.262167e-01 3.014620e-02 1.813352e-01 1.706124e-01 5.056437e-02 3.585258e-01 -2.088978e-01 2.075077e-01 2.081314e-01 -6.313248e-02 1.558469e-01 6.035326e-02 1.226947e-01 2.826886e-01
1.212914e-01 -9.659506e-03 6.486156e-02 -3.503434e-02 2.682396e-01 9.453311e-02 1.965609e-01 2.740899e-02 -1.936132e-02 -1.735145e-02 3.177094e-01 6.421275e-01 2.893829e-01 -6.757913e-02 6.961040e-02 -1.234710e-01
1.234026e-01 -3.024622e-01 -1.431568e-01 1.419474e-01 -4.826266e-02 1.336202e-01 1.943924e-01 -8.196778e-02 3.634012e-02 -2.407787e-02 3.525761e-01 3.538705e-01 1.432882e-01 -1.913536e-01 3.155566e-01 -1.086328e-01
-1.040618e-01 2.243280e-01 -1.199018e-01 -8.968263e-02 7.226489e-03 -3.256063e-01 2.201914e-02 -5.317505e-02 -3.014623e-01 2.283966e-01 2.140878e-01 1.046856e-01 -2.669457e-01 5.558185e-02 -2.490343e-01 4.383951e-01
-1.983911e-02 -7.747547e-02 7.458885e-02 -1.508046e-01 -6.489891e-02 2.161305e-01 6.735098e-02 -9.182750e-02 4.179843e-01 -6.114326e-02 -2.099854e-01 2.828778e-01 -2.589884e-02 1.781229e-01 6.162941e-03 -7.923220e-02
-1.224163e-01 1.852568e-01 1.292177e-01 -2.008146e-01 6.124858e-01 1.435465e-02 -2.728834e-01 8.690774e-02 8.374365e-02 -1.306064e-01 -2.531398e-01 4.410991e-02 -6.688157e-02 1.201647e-02 6.052398e-02 -2.567174e-01
2.037893e-01 -2.467173e-01 4.895810e-02 1.362248e-01 -1.155041e-01 4.792363e-01 -6.082515e-02 4.400907e-03 1.689149e-01 -2.068002e-01 -1.037559e-01 -2.083983e-01 2.754466e-01 -1.456470e-01 1.675560e-01 -2.752376e-01
-2.799006e-01 -2.260629e-02 1.128113e-02 1.959857e-02 3.545777e-01 -1.300157e-01 -7.189380e-02 -5.733446e-02 2.577459e-01 -1.471221e-01 -2.554671e-01 4.071585e-01 3.437384e-02 -1.112543e-02 5.938527e-02 1.905228e-02
5.289823e-01 1.638181e-01 -4.554577e-02 4.686032e-02 -7.245047e-02 -6.784432e-03 -5.637430e-03 -6.931364e-02 -1.136598e-01 1.099048e-01 4.325045e-02 -2.086193e-01 -8.108908e-02 -4.606672e-02 -3.771343e-02 -4.343660e-02
-3.480750e-02 -9.373039e-02 1.318715e-01 1.758225e-01 8.091533e-02 -3.521487e-03 1.537910e-01 2.703120e-02 -1.201846e-01 -2.647191e-01 2.296711e-01 3.634011e-01 5.124345e-01 4.275867e-03 -1.367158e-02 -1.395491e-02
9.299771e-02 -1.188978e-01 -5.570063e-02 2.567518e-01 -1.294136e-01 -1.699398e-02 -2.748905e-01 1.759261e-01 -1.240654e-01 1.832269e-01 3.761213e-01 -5.411759e-03 -2.642697e-01 -1.465140e-01 2.956377e-01 -6.170167e-03
1.207616e-01 -1.745019e-02 2.624255e-01 -2.984919e-01 -6.523609e-02 -8.242291e-02 -1.766017e-01 1.185636e-02 -1.817866e-01 -9.944087e-02 4.119132e-01 -1.714172e-01 -1.172933e-01 -1.953273e-01 -1.837710e-01 9.096184e-02
2.814277e-02 2.950993e-01 3.583736e-02 -1.519338e-01 1.022370e-01 1.385252e-01 4.432267e-01 -1.945675e-01 1.699458e-02 -2.449972e-01 -2.479814e-01 5.190713e-02 2.900233e-01 2.798757e-01 -1.791131e-01 2.232275e-03
5.357529e-02 2.080159e-01 2.391703e-01 -9.000288e-02 5.173470e-02 1.290603e-01 -2.069964e-02 1.741643e-01 -1.863547e-02 7.687455e-02 -1.023174e-01 4.835697e-01 2.810916e-02 -1.232254e-01 -1.909553e-01 -1.165424e-01
7.739628e-03 -4.704642e-02 -1.279996e-01 1.796887e-01 -2.938035e-01 -2.024971e-01 9.565749e-02 -1.443704e-01 -2.524462e-01 1.328300e-01 2.170205e-01 1.156478e-01 -4.275872e-02 -1.352034e-01 -2.793468e-01 5.097010e-01
-2.214409e-02 -1.052858e-01 -2.400091e-02 5.314810e-01 -5.096945e-02 -3.161950e-02 2.625852e-02 1.334394e-02 -1.272964e-01 -1.702628e-01 -3.799023e-02 -1.266886e-01 3.261385e-02 -9.405535e-02 6.226250e-02 7.249596e-02
1.572120e-01 -1.214225e-01 -1.095366e-01 7.169407e-03 2.664067e-01 1.333221e-01 1.897151e-01 -1.894656e-01 2.426176e-01 -1.682212e-01 3.510976e-01 4.774247e-01 2.294960e-01 6.308614e-02 1.404016e-02 -1.655265e-01
-2.583186e-01 3.222827e-01 7.145808e-02 -2.613672e-01 1.939854e-01 -1.914823e-01 6.708339e-02 -5.465485e-02 -5.735591e-02 1.384030e-01 -4.518094e-02 -1.340593e-01 1.140563e-01 3.598027e-01 -2.024245e-01 3.982475e-01
-1.739614e-01 -1.211350e-02 -1.511148e-01 1.726603e-01 -1.283114e-01 1.093158e-01 2.628650e-01 1.499334e-01 8.572352e-02 2.405987e-01 2.149424e-02 2.147599e-01 3.802277e-01 7.769507e-02 -9.359930e-02 1.987821e-01
-5.930069e-02 5.319359e-01 -2.250889e-01 -1.028800e-02 1.779101e-01 7.457357e-02 5.339053e-02 4.109105e-02 1.628928e-01 1.634453e-01 -2.343602e-02 1.583196e-02 1.911423e-01 1.606333e-01 -1.471884e-01 2.174900e-01
-3.492985e-01 1.322051e-01 2.552927e-02 2.972429e-01 3.063486e-01 2.370836e-01 2.326657e-01 9.728011e-02 7.725374e-02 4.042502e-01 -1.472643e-01 2.734991e-01 1.334078e-01 1.122908e-01 3.079383e-01 -1.247793e-01
-1.087441e-01 1.104991e-01 -6.800761e-02 -7.853001e-02 1.567467e-01 -1.176011e-01 -7.836796e-03 -1.226970e-01 2.132340e-01 -9.230996e-02 -5.411281e-02 -5.112068e-02 -1.365823e-01 2.313300e-01 4.322740e-01 -7.923115e-02
1.514560e-01 -1.100200e-02 1.033796e-01 -1.250189e-01 2.651515e-01 -8.402478e-03 -1.326557e-01 5.815990e-03 -1.786148e-01 3.019585e-01 4.936573e-01 4.128672e-03 -1.423708e-01 -2.626983e-01 -2.145915e-01 -3.476920e-02
-9.264056e-02 -1.028371e-01 -1.974349e-01 1.633617e-01 3.458260e-01 -1.313745e-01 -2.580984e-01 -5.304710e-02 -2.314620e-01 6.231236e-02 4.092270e-01 3.683480e-01 -5.502264e-02 -3.116464e-01 -1.551350e-01 -5.842194e-02
-4.019921e-02 -6.264445e-02 -3.929756e-01 -4.528113e-03 -2.546779e-01 2.445196e-01 5.426005e-03 1.995493e-01 1.641289e-01 -2.552415e-01 -3.322573e-01 2.580335e-02 -7.382300e-02 2.256466e-02 -2.088868e-01 -2.824381e-02
-1.294233e-02 5.063692e-02 4.112236e-02 -1.515489e-01 -8.097720e-02 -1.772283e-02 1.330267e-01 9.762017e-02 1.521506e-01 7.657640e-02 -1.758581e-01 -2.901485e-01 -5.943317e-02 2.130730e-01 2.618617e-01 7.328899e-03
1.693095e-01 2.672817e-01 5.661124e-02 -4.565183e-01 7.290460e-03 -1.848434e-01 4.106652e-02 -2.365699e-01 -2.220166e-01 9.473799e-02 -4.441806e-02 -2.290262e-01 -3.416844e-02 1.928899e-02 -2.241345e-02 2.970779e-02
-2.049049e-01 2.926460e-01 -2.780391e-01 -1.775054e-01 2.443432e-01 8.318348e-03 -1.398673e-02 -9.895265e-04 3.913355e-02 4.339406e-02 -1.615147e-01 1.342497e-01 3.884822e-01 -1.232111e-01 3.979972e-01 -1.509508e-01
4.800883e-02 1.396450e-01 1.700349e-01 -6.885777e-02 -6.829455e-03 -6.296241e-01 6.541003e-02 -1.378927e-02 -2.621701e-01 1.597427e-01 1.007316e-01 -6.443724e-02 -6.723931e-02 -2.258093e-01 -8.752240e-03 1.109629e-01
-1.425095e-01 1.945429e-01 -1.457624e-02 2.264282e-01 -4.473945e-02 2.322960e-01 -4.172440e-02 -3.505826e-01 -5.820597e-02 1.015823e-01 2.207735e-01 1.357678e-01 -4.473026e-01 -1.227675e-01 -2.562942e-02 -7.035782e-02
-1.152878e-01 -1.091212e-01 -1.382132e-01 4.696375e-01 3.689367e-02 3.107592e-02 -3.361880e-02 1.427194e-01 9.658594e-02 -1.738634e-02 7.155892e-02 2.815330e-01 6.534142e-02 -3.528282e-02 1.371281e-01 7.744609e-02
-1.081747e-01 -1.818605e-03 2.340095e-02 -2.145193e-01 8.337919e-02 -1.907779e-02 6.082471e-02 4.139324e-01 -3.231944e-02 -6.704305e-02 -4.655179e-02 -2.930961e-02 4.142828e-01 -6.246565e-02 -5.333225e-02 8.435923e-02
2.273397e-01 -1.151794e-01 -1.626694e-02 1.982165e-01 -1.085407e-01 4.817990e-02 -4.729043e-02 4.774645e-02 -7.384792e-02 -3.881099e-01 1.256687e-01 4.262177e-01 -6.207299e-02 -3.160916e-01 -2.557809e-01 2.078679e-01
4.942193e-02 1.177482e-01 2.314912e-02 -2.346876e-02 3.581861e-01 1.769951e-01 2.831059e-01 4.224391e-02 -3.150770e-01 -2.569750e-02 -3.727251e-02 -3.303492e-02 -2.820151e-01 1.753333e-01 -1.948692e-01 2.402209e-01
-2.176149e-01 8.219904e-02 1.202128e-01 -8.287475e-02 1.040436e-01 1.457903e-01 -1.438567e-01 -6.160508e-01 6.086642e-02 -4.592507e-02 -2.169357e-02 -9.564377e-02 -2.746110e-01 2.533033e-01 7.026548e-02 1.303482e-01
-3.922873e-02 -1.978418e-02 -2.600414e-01 1.933576e-01 1.443693e-01 9.029811e-02 -2.150213e-02 -4.529773e-01 1.418317e-01 1.521500e-01 -1.037747e-01 1.527688e-01 1.117938e-01 4.665565e-02 1.312438e-01 -3.172510e-01
2.682431e-01 -2.290239e-02 -5.120736e-03 -2.128642e-02 -3.556120e-02 -1.407416e-01 4.398891e-02 -5.961580e-01 3.957465e-02 8.484970e-02 1.418477e-01 -1.169554e-01 -3.614943e-01 1.835816e-01 2.566495e-01 4.896981e-02
-1.616854e-02 1.161894e-01 -3.878623e-01 1.801716e-01 3.750019e-01 -3.265112e-01 7.854026e-02 -1.532257e-01 -1.572321e-01 2.002626e-01 -2.039694e-02 -7.351954e-02 -3.072416e-02 5.546461e-02 1.056154e-01 -8.685265e-02
-7.080537e-02 -4.352245e-02 -1.035331e-01 6.021409e-02 -2.733675e-01 -6.557302e-02 -2.381571e-01 -1.685080e-02 3.345817e-01 4.330462e-02 1.757241e-02 1.209369e-01 3.065270e-01 -8.447723e-02 3.225935e-01 -1.030913e-01
1.010393e-01 -3.160133e-01 -3.283837e-02 2.502793e-01 1.271041e-01 -4.652192e-03 -1.617670e-01 -2.224067e-02 -8.014748e-02 1.469809e-01 1.120574e-01 -1.794107e-01 -1.801940e-01 2.165889e-01 -3.918820e-01 1.574199e-02
2.723139e-03 -7.813567e-02 4.221454e-01 1.238322e-01 3.560979e-01 -1.557688e-02 3.266427e-02 -2.302637e-01 3.141353e-02 2.560874e-02 1.718186e-01 -1.194927e-01 1.911324e-01 -1.930833e-01 1.867871e-01 1.892218e-01
2.295015e-01 -9.096266e-02 1.360356e-02 6.972259e-02 2.408001e-02 -8.000185e-02 7.391394e-02 -2.428552e-02 4.497921e-01 -4.179522e-02 -3.149453e-01 3.212487e-02 -3.976884e-02 -1.549754e-01 -1.762500e-01 -3.056981e-02
3.552561e-01 -7.892545e-02 7.944396e-02 1.439011e-01 3.595332e-01 -1.929563e-01 1.717688e-02 2.854630e-03 1.444763e-01 3.022839e-01 2.823031e-01 -1.870841e-05 -1.553399e-01 2.114845e-02 2.190307e-01 -6.984413e-02
4.811331e-02 1.970740e-01 1.308258e-01 -1.192492e-01 -1.831447e-01 8.736384e-02 -1.005315e-01 -2.081372e-01 2.329997e-02 3.316118e-02 4.396381e-01 -3.339536e-03 8.659197e-02 9.287514e-03 2.216319e-01 -4.962662e-02
-4.388967e-02 -1.416163e-01 -6.244788e-02 1.677851e-02 -3.752524e-02 5.693231e-01 -1.709776e-01 2.556939e-02 2.108581e-01 -6.802297e-02 -1.577526e-03 3.584600e-02 -6.333704e-02 -3.285015e-02 4.126676e-02 -9.211392e-02
1.326885e-02 -2.115280e-01 -6.003206e-02 8.836709e-02 4.727654e-01 1.496061e-01 -2.784625e-01 -7.740132e-02 -1.244750e-01 -7.453887e-03 4.218097e-01 1.462650e-01 -2.892928e-01 -1.213651e-01 -2.399724e-01 5.331679e-02
-2.949869e-02 3.313602e-02 2.150856e-01 9.160614e-02 3.815871e-01 1.639677e-01 1.135445e-01 -7.404777e-02 3.802551e-02 -1.325931e-01 -1.446548e-01 6.699386e-02 5.758548e-01 1.609115e-01 7.876164e-02 7.448300e-03
-5.884310e-02 1.384902e-01 -4.810304e-01 1.173681e-01 3.840729e-01 4.679884e-02 -3.324816e-01 -1.476236e-01 1.261183e-01 6.507246e-02 -6.773271e-02 -4.380367e-02 -4.245358e-02 -5.160768e-02 2.005371e-01 -7.425158e-02
3.563418e-01 -3.291071e-01 -5.179292e-02 -2.060892e-01 4.815405e-02 -2.501355e-01 -4.650652e-04 1.691732e-01 1.651757e-01 -1.334454e-01 -2.946444e-01 -8.975068e-02 3.675203e-01 1.148638e-01 -4.261467e-02 6.634022e-02
5.871101e-02 -3.442467e-02 1.533330e-01 -1.780444e-01 -2.660031e-01 8.047212e-03 3.225057e-02 -2.201255e-02 1.086855e-02 -9.464627e-02 8.469488e-02 -7.032031e-02 -1.879632e-01 6.431517e-02 -4.370773e-01 9.984539e-03
-4.071067e-02 2.316178e-03 2.100999e-01 -2.481526e-02 -3.054183e-02 -3.197888e-03 3.765355e-02 5.209728e-01 -1.201592e-01 -2.698603e-01 -1.049132e-01 -5.324899e-02 -7.269948e-02 -1.460793e-01 -1.438622e-01 2.533673e-01
-2.666784e-01 1.418461e-01 4.567306e-02 1.952750e-02 6.405690e-02 2.496589e-01 -2.048868e-01 -3.275049e-01 -4.993991e-03 1.082811e-01 -2.522246e-02 1.315232e-01 1.475198e-01 4.493045e-02 -5.350245e-01 1.295163e-02
-1.575364e-01 9.142815e-02 -3.673732e-03 -4.615169e-02 2.200856e-02 -1.165667e-02 -4.105202e-02 1.724003e-02 -5.684291e-01 -7.491080e-03 1.354836e-01 -5.697442e-02 9.918098e-02 1.576580e-01 6.731785e-02 -7.616190e-02
2.924366e-01 -9.038464e-02 -6.136651e-02 4.241800e-02 -1.093894e-01 -1.682427e-01 9.188191e-02 5.914171e-01 -9.949554e-03 -5.134524e-02 -7.466573e-02 3.458634e-02 8.019100e-02 -6.421109e-02 8.025958e-02 7.233443e-03
