4 4 8 32 16
-6.071704e-02 -1.130858e-01 4.862650e-03 3.776924e-02 -7.994973e-02 -4.628577e-02 3.408779e-01 -1.840868e-01
-5.287490e-02 1.410699e-01 -2.370721e-01 2.906996e-01 -6.098453e-02 -2.995141e-02 -1.281632e-01 -1.021930e-01
-2.627732e-02 2.893293e-02 -2.925568e-02 1.927866e-01 -1.963703e-01 1.137329e-02 -1.315590e-01 -1.935483e-01
1.381141e-01 4.532605e-01 -1.203805e-01 1.771031e-03 1.377702e-01 4.577865e-02 1.717651e-01 -3.644712e-02
-6.764521e-02 2.351434e-01 -7.632549e-02 4.700394e-02 -4.338676e-02 3.874889e-01 1.190599e-01 -4.665627e-02
-4.275152e-02 3.919178e-02 -1.445679e-01 2.260611e-01 -1.362972e-01 -3.706233e-02 -2.125718e-02 -5.827694e-02
-4.736626e-02 -6.114060e-02 -2.047354e-01 3.245922e-01 -4.657872e-02 -8.881464e-02 -2.264209e-01 -1.622055e-01
-1.229666e-01 2.038746e-01 -1.055162e-01 -4.599535e-02 -2.331348e-04 4.486017e-02 3.672969e-01 -1.282368e-01
-5.785657e-02 1.054048e-01 -1.884309e-01 -1.772038e-01 2.262990e-01 6.986008e-02 5.129212e-01 -1.389507e-01
-1.097398e-01 -1.389147e-01 -3.156904e-03 3.030914e-01 -1.621277e-01 -1.448870e-01 -1.350546e-01 -2.392900e-01
2.776244e-01 1.201076e-01 -1.210809e-01 -2.430805e-02 4.916635e-01 8.859728e-02 3.403746e-01 -7.679939e-02
-3.817877e-02 -7.386004e-02 -1.203315e-01 1.210132e-01 -1.152378e-01 2.780880e-01 2.178589e-01 -1.487428e-01
-2.133293e-02 4.292476e-01 -9.346567e-02 3.218727e-01 -1.010491e-01 -4.798385e-02 -1.610577e-01 -1.266883e-01
1.981151e-01 2.173018e-01 -1.472497e-01 -5.735841e-02 2.155916e-01 2.292639e-01 2.229995e-01 -7.999209e-02
-1.033350e-01 -1.645797e-01 1.501244e-01 2.459246e-02 -1.088308e-01 5.448974e-03 -6.888223e-02 -2.136662e-01
-1.239081e-01 -1.176307e-02 -1.310605e-01 -1.811955e-01 6.016224e-02 3.956048e-02 -1.392470e-01 -1.010411e-01
1.558400e-01 -1.252957e-01 -2.360463e-01 3.123266e-01 -6.970865e-02 -2.725090e-01 3.177594e-01 -1.060320e-01
4.110746e-01 -1.499261e-02 -2.393230e-01 -2.039278e-01 -1.653819e-01 -1.602574e-01 -2.047141e-01 -3.577608e-01
1.410411e-01 3.735583e-02 -2.612904e-01 -2.867152e-01 5.390221e-02 2.025535e-01 -2.972144e-01 4.982101e-02
2.963080e-01 -2.847608e-03 -7.538585e-02 6.467332e-02 -6.545317e-02 -1.897499e-01 -1.655478e-01 4.274366e-01
-2.964533e-01 5.723285e-03 -2.215925e-01 -7.628927e-02 -1.958697e-02 -1.153685e-01 8.414074e-01 -5.169341e-02
4.227467e-01 -5.405561e-02 -1.714924e-01 -1.267812e-01 -3.120661e-02 -1.676303e-01 -6.998824e-02 2.506889e-01
-1.098724e-01 8.197220e-02 -1.809738e-01 -1.127718e-02 9.888738e-02 -1.477967e-01 4.904263e-02 -2.596017e-01
2.021731e-02 -8.766111e-03 -3.374677e-01 -1.436784e-01 -3.796374e-01 -8.194017e-02 3.003850e-01 -1.518178e-01
-1.094199e-01 4.312000e-01 -6.737452e-02 3.001760e-01 2.490815e-02 -2.558794e-01 -9.538140e-02 5.632031e-02
5.703593e-02 -3.304780e-02 -2.532705e-01 -5.836422e-02 1.477663e-01 -1.271216e-01 -1.681383e-01 2.792021e-02
1.080116e-02 -1.663814e-02 -3.674604e-01 -3.879192e-02 -4.101842e-01 -3.702454e-02 1.298508e-01 -2.433072e-01
1.037974e-01 4.531522e-02 -2.409501e-01 -9.945483e-02 -1.060276e-01 -7.708534e-02 -8.776450e-02 -3.478392e-02
7.426807e-02 -2.491979e-02 -2.813658e-01 7.974671e-02 -8.013768e-02 -2.390942e-01 6.371279e-01 -1.347786e-02
-1.964137e-01 -6.311212e-02 -1.332838e-01 -1.613260e-01 2.226921e-01 1.499177e-01 -1.840534e-01 -1.412749e-01
2.704677e-01 -9.256390e-02 -2.713489e-01 -1.340924e-01 -2.400999e-03 -1.534084e-01 -6.548190e-02 4.166134e-03
5.642638e-01 -8.752651e-02 -1.528610e-01 -1.376874e-01 -1.171613e-01 -2.105401e-01 -7.245918e-02 -2.931538e-02
-1.598756e-01 -2.730822e-01 -2.931982e-04 -4.030040e-02 3.511228e-01 -1.054761e-01 -1.824611e-01 -3.785576e-02
7.045630e-01 -2.316885e-01 1.928890e-01 -7.036759e-02 7.069631e-02 -1.067819e-01 4.231935e-02 5.001915e-02
-3.567410e-01 -2.424958e-01 2.894810e-01 -1.397222e-01 -9.154119e-02 -1.228142e-01 -1.750439e-01 1.196508e-01
-9.108379e-02 -1.014147e-01 -6.312361e-02 3.384805e-01 2.928973e-01 3.192707e-01 -2.791918e-01 -8.398246e-02
3.823115e-01 -4.490817e-01 7.225127e-02 -6.838842e-02 2.015146e-01 -5.551312e-02 1.348247e-01 6.083536e-02
-2.759079e-01 -3.488231e-02 4.183860e-01 1.427263e-01 -1.825324e-01 -3.715430e-02 -3.777885e-01 -4.160335e-02
8.622021e-05 -1.373965e-01 -1.353343e-01 2.969812e-01 4.179686e-01 -8.735381e-02 -2.537725e-01 -1.020773e-01
-2.835942e-01 -1.833887e-01 2.744896e-02 1.117130e-01 3.032830e-01 -2.430044e-01 -2.010054e-01 -2.331635e-02
-2.606625e-01 -1.534775e-01 2.987060e-01 -2.977758e-02 7.593569e-02 -2.184135e-01 -2.563051e-01 -4.257652e-03
-2.531993e-01 -3.062916e-01 -1.684815e-01 -1.343349e-02 1.560252e-01 2.879663e-01 -2.094657e-02 -1.158127e-01
-2.626537e-01 -1.411273e-01 -1.651013e-01 3.262219e-03 3.567546e-01 -8.774702e-02 -6.155311e-02 1.009808e-01
-2.801805e-01 -3.298962e-01 5.815348e-03 -9.259903e-02 1.049300e-02 -4.366112e-02 -1.555194e-01 -8.279316e-03
-5.972328e-02 -1.453813e-01 -1.583196e-01 -7.495300e-02 3.669870e-01 3.225389e-01 1.174469e-02 9.951433e-02
4.440559e-01 -2.642267e-01 3.399667e-01 1.148272e-01 1.674542e-01 -2.023210e-01 -1.090891e-02 -1.211685e-01
-2.704096e-01 -1.581790e-01 -1.602124e-01 -1.864830e-01 2.699421e-01 8.360405e-02 8.282029e-02 1.849775e-01
-1.158663e-01 -1.536280e-01 -1.919741e-01 3.061008e-02 4.533479e-01 1.817172e-01 -1.166188e-01 -1.771266e-01
4.247637e-02 1.137474e-01 2.601152e-01 -9.649653e-02 3.713214e-01 8.956213e-02 -1.137996e-01 2.075796e-01
4.092336e-01 -9.824613e-02 -1.805457e-01 4.675507e-01 4.239652e-01 7.103095e-02 -5.471889e-02 -2.558410e-01
2.061441e-01 -3.148604e-01 5.926113e-02 2.395937e-01 1.721651e-02 -4.229791e-02 -9.979258e-02 2.287818e-02
8.932049e-02 -2.774772e-01 3.408045e-01 -8.462416e-02 3.529754e-02 -6.290539e-02 -8.277256e-02 -2.202850e-01
-7.692652e-02 -2.076774e-01 3.238883e-01 -1.425283e-02 6.143302e-01 -1.975461e-01 -1.197247e-01 -1.474293e-01
2.884257e-01 2.506000e-02 1.464837e-01 3.317796e-01 2.594451e-01 2.036185e-01 -1.407273e-01 1.685746e-02
6.394190e-01 -1.177211e-01 -8.388350e-02 2.836071e-03 -7.611372e-02 1.067861e-01 1.335338e-01 -1.110984e-01
5.145087e-02 -1.632710e-01 3.549026e-01 1.673094e-01 2.535341e-01 -6.205115e-02 1.259365e-02 -6.951457e-02
3.479969e-01 -2.489797e-01 2.240477e-02 -6.425794e-02 1.870876e-02 7.009266e-02 -2.337793e-01 -6.900170e-02
2.113223e-01 -8.874211e-02 9.042920e-02 3.787626e-01 5.907113e-01 2.396901e-02 -4.305877e-03 -8.109263e-02
4.979544e-01 -1.812412e-01 -6.430574e-02 4.422850e-01 1.077110e-01 1.493126e-01 -7.671841e-02 -1.673905e-01
6.357002e-02 2.182863e-02 1.807429e-01 -6.279592e-02 -2.617133e-02 6.354519e-02 -1.682594e-01 4.889874e-01
4.126682e-01 -1.682915e-01 9.829903e-02 -7.190802e-02 -9.507439e-02 -2.651472e-02 2.690149e-01 -2.835885e-02
6.827860e-02 -2.393873e-01 2.896740e-01 2.120489e-01 5.793585e-02 -3.035243e-02 3.111203e-02 1.684990e-01
3.438026e-02 -2.059759e-01 2.725976e-01 -5.249633e-02 2.765070e-01 -2.743831e-02 -1.979735e-01 -1.394153e-01
3.029326e-01 -1.137811e-01 9.924397e-02 4.432450e-01 2.589681e-01 3.554038e-02 4.621119e-02 -1.795245e-01
-1.447063e-01 -3.144089e-02 -7.408401e-02 -9.158385e-02 -2.941929e-03 -8.536444e-02 -1.221969e-01 -2.039366e-02
-4.425519e-02 3.243036e-02 1.228468e-01 1.889048e-01 -7.300950e-02 -3.100519e-02 -1.369516e-01 -1.105958e-01
-3.962629e-02 1.478502e-03 -6.603714e-02 -3.960176e-02 8.631869e-02 -4.221363e-02 3.801717e-01 -9.387159e-02
-3.856955e-02 2.562912e-01 -1.619432e-01 9.291787e-03 -2.099270e-01 3.706287e-01 2.214093e-01 -1.083862e-01
-1.119300e-01 2.917660e-01 -1.413375e-01 3.622940e-01 9.273864e-03 -4.587696e-02 -1.834010e-01 -1.219626e-01
-7.727636e-03 1.087479e-01 -1.094957e-01 1.617188e-02 2.096118e-01 1.890896e-02 3.973582e-01 -4.079255e-02
-1.043098e-01 -8.352580e-02 1.241772e-02 8.836741e-02 -3.195736e-02 -5.310794e-02 -1.446091e-01 -7.162199e-02
-1.186654e-01 9.108516e-03 -7.491352e-02 -1.214940e-02 -1.584150e-01 3.041039e-01 2.841466e-01 -4.149016e-02
-1.190321e-01 3.626500e-02 -5.635141e-02 2.749455e-01 -7.166100e-02 -5.804998e-02 -1.279457e-01 -6.936046e-02
-1.478902e-01 -1.500381e-01 2.393824e-02 -5.054533e-02 -9.742689e-02 2.684367e-01 2.552468e-01 -1.174332e-01
1.872928e-01 1.031212e-01 -7.387530e-02 3.339306e-02 1.610716e-01 2.044406e-01 1.780294e-01 -8.894251e-02
-1.129803e-01 -1.618543e-01 1.438302e-01 1.149201e-01 -7.600047e-02 -2.574484e-02 -8.346163e-02 -3.896189e-02
-7.211984e-02 -1.491421e-01 5.950809e-02 -4.266043e-02 1.345960e-01 -1.152086e-02 4.675412e-01 -2.462279e-02
-8.590434e-02 7.046638e-02 -9.182945e-02 2.069978e-01 4.919115e-02 -5.118203e-03 -2.277810e-01 -1.148960e-01
8.414351e-02 3.600526e-01 -1.456339e-01 -7.432432e-03 1.289593e-01 6.715854e-02 3.070219e-01 -4.265052e-02
1.327848e-01 2.295471e-03 -4.249770e-02 2.966245e-02 3.552122e-01 3.079075e-02 2.235752e-01 -1.171274e-02
-1.470392e-01 2.666774e-01 6.489769e-02 4.524672e-01 -3.416756e-02 -9.926607e-02 -1.307634e-01 4.374446e-04
2.244217e-01 -4.771845e-02 -1.599105e-01 -1.132020e-01 -9.482039e-02 -6.625277e-02 -3.366354e-02 1.063196e-03
-2.848488e-02 -5.103039e-02 -2.957483e-01 2.676765e-02 -1.597327e-01 -4.492113e-02 1.455851e-01 -2.481987e-01
-2.407488e-02 -6.638848e-02 -1.245259e-01 -1.180154e-01 9.302569e-02 -8.169733e-02 -4.763010e-02 -1.299558e-01
6.843810e-02 -8.745899e-02 -1.648542e-01 1.412863e-01 -1.794648e-01 -1.068128e-01 3.068656e-01 -7.390695e-02
3.125739e-01 -1.197881e-01 -9.055455e-02 -4.312144e-02 -5.674345e-04 -1.482860e-01 -7.328353e-02 1.951618e-01
1.294762e-01 -1.623726e-01 -4.572260e-02 -4.701604e-02 -1.229654e-02 1.197807e-01 -8.613934e-02 1.069864e-01
-2.209394e-02 -9.109730e-02 -2.283554e-01 5.014583e-03 -2.104959e-01 -7.188156e-02 3.310373e-01 -8.897799e-02
6.659020e-02 -1.957729e-01 -6.780845e-02 1.434738e-01 -1.086239e-01 -1.147325e-01 4.423175e-01 7.731059e-02
-2.854594e-02 -5.191791e-02 4.350702e-02 -3.759939e-02 4.503477e-02 2.010446e-01 -1.133906e-01 -9.995890e-02
2.808940e-01 -6.439397e-02 -1.344839e-01 -1.337066e-01 -1.843920e-01 -1.062320e-01 -5.251653e-02 1.210497e-01
3.507722e-01 2.186634e-02 -1.120156e-01 -1.396459e-01 -1.535683e-01 -7.591156e-02 -1.340398e-01 -1.257459e-01
3.661008e-01 -7.038179e-02 -5.767644e-02 -8.469927e-02 -9.287056e-02 -1.091541e-01 -4.481820e-02 -7.597118e-03
-1.401819e-01 4.570994e-01 -2.726714e-02 7.798664e-02 -2.948338e-02 -9.816588e-02 -9.646937e-04 6.563038e-02
1.366648e-01 2.864707e-02 -1.673125e-01 -1.566208e-01 -8.058142e-02 -5.091782e-02 -7.068974e-02 -1.377307e-01
2.480523e-02 -1.685513e-01 -8.792494e-02 -6.178787e-03 1.257349e-01 -6.057271e-02 -8.046263e-02 7.213446e-02
3.600893e-01 -1.911005e-01 3.729300e-01 1.260671e-01 4.789963e-02 -3.355324e-02 3.360151e-02 -8.913930e-02
-1.518432e-01 -5.201982e-02 -1.775661e-01 1.714850e-01 3.543893e-01 1.262588e-01 -9.307830e-02 -7.106801e-02
-1.655327e-01 -8.526050e-02 2.431320e-01 -5.755904e-02 -1.099948e-01 -1.552683e-01 -1.617347e-01 3.458508e-02
-7.608473e-02 -6.934866e-02 -2.405361e-01 6.228160e-03 3.323294e-01 2.453173e-01 6.435735e-02 -7.697240e-02
5.671159e-01 -5.849170e-02 2.026469e-01 -8.895281e-02 -7.066955e-02 -5.750470e-02 1.652693e-01 1.733825e-02
-2.874365e-01 -3.220097e-01 6.354220e-02 -5.529294e-02 -1.048258e-01 -1.709780e-01 -1.474307e-01 -1.094381e-01
3.636632e-01 -2.924412e-01 4.853709e-02 -7.765981e-02 1.047525e-01 1.851442e-02 1.761476e-01 5.047436e-02
-2.736867e-01 -3.343576e-02 3.001153e-02 6.307229e-02 2.365480e-01 -1.656274e-01 -1.073290e-01 -1.109326e-02
-2.347838e-01 -1.672014e-02 -1.045492e-01 -4.891385e-02 2.649461e-01 3.470486e-02 1.513259e-02 4.431362e-02
-2.414443e-01 -7.387685e-02 -9.119626e-03 -1.214062e-01 1.244491e-01 -2.319886e-02 2.990621e-03 7.689793e-02
-1.572117e-01 -3.067067e-02 -1.663574e-01 -8.849716e-02 2.665169e-01 1.226483e-01 1.055222e-01 4.305171e-02
-9.201465e-02 -4.910131e-02 1.718248e-01 1.658338e-01 3.969003e-02 2.595654e-02 -1.816247e-01 -1.141588e-01
-8.591798e-02 -8.119915e-02 -7.885719e-02 2.014419e-01 2.695699e-01 3.299304e-01 -1.066780e-01 -6.105044e-02
-1.625951e-01 -9.137942e-02 -8.218653e-02 2.031344e-01 3.148680e-01 -2.885991e-02 -2.117984e-01 -6.276049e-02
-1.342179e-01 -5.386307e-03 4.170204e-01 4.440546e-02 -2.461850e-01 -1.366536e-01 -2.436758e-01 -7.442037e-03
-2.232210e-01 -9.640193e-02 1.088135e-01 -1.041772e-01 -8.266863e-03 -9.024444e-02 -4.528576e-02 6.301026e-02
-2.397001e-02 3.062971e-02 9.423835e-02 -8.957643e-02 -6.472855e-02 4.846095e-02 -4.021280e-02 2.506447e-01
3.263426e-01 -8.655129e-02 -5.629580e-03 3.387480e-01 2.516919e-01 -6.263269e-02 1.049954e-01 -1.753930e-01
-7.104166e-02 9.923082e-02 2.153299e-01 -5.356668e-02 3.398962e-01 3.456777e-02 -7.783826e-02 5.111602e-02
2.611156e-01 -4.769055e-03 -8.914091e-02 -3.468895e-02 -8.590363e-02 -3.647913e-02 7.354314e-02 -3.164702e-02
-8.940990e-03 -7.616697e-02 4.017321e-01 3.022411e-02 1.668560e-01 -7.015003e-02 1.733782e-02 -2.573213e-02
1.282620e-01 -1.429950e-01 6.712411e-02 3.490919e-01 3.534028e-01 -4.931135e-02 6.939876e-02 -5.712779e-02
-4.586186e-02 -1.032297e-01 2.395491e-01 1.641108e-01 3.803670e-01 -3.748947e-02 6.962287e-02 6.269329e-02
5.061416e-01 -8.214406e-02 -1.183711e-01 1.180889e-02 -1.053984e-01 4.977514e-02 8.095589e-02 -1.593517e-01
3.620769e-01 2.280960e-02 -7.135097e-02 2.820466e-01 3.210214e-01 2.057238e-01 -5.887512e-02 -4.453306e-02
-3.763298e-02 -7.915274e-02 1.535964e-01 1.050905e-01 -8.092775e-02 -2.256286e-02 -3.698646e-02 1.059733e-01
-6.962413e-02 -3.535281e-02 1.151514e-01 8.401738e-03 3.375783e-01 -1.058947e-01 2.955824e-02 -1.167899e-01
2.948205e-01 -9.384999e-02 -5.687270e-02 3.760982e-01 3.534575e-01 1.713220e-01 -4.891064e-02 -6.210855e-02
6.808214e-02 -1.660853e-01 4.007829e-02 2.328267e-01 -2.504774e-02 -1.341409e-01 -2.379772e-02 2.688045e-02
-1.192633e-01 -5.788563e-02 1.767972e-01 -5.684066e-02 -6.253443e-02 -1.193505e-01 1.294458e-02 -7.295103e-02
8.275379e-02 6.469944e-02 -1.410318e-02 1.284999e-01 3.389629e-01 8.918259e-02 -1.378741e-01 4.219737e-02
4.106005e-01 -1.451797e-01 -5.675709e-02 3.570574e-01 8.434116e-02 8.487243e-02 1.272428e-01 -1.998891e-01
