6265
6331
6406
6266
6231
6167
6318
6314
6210
6394
6135
6429
6164
6048
6215
6285
6347
6403
6084
6294
6039
6405
6120
6338
6278
6280
6424
6252
6034
6380
6042
6365
6213
6134
6160
6350
6241
6194
6366
6184
6203
6360
6412
6147
6375
6249
6122
6177
6371
6146
6216
6158
6145
6335
6420
6181
6330
6077
6253
6270
6325
6074
6421
6427
6396
6224
6342
6082
6161
6142
6343
6282
6315
6287
6339
6089
6271
6430
6399
6152
6382
6073
6223
6060
6293
6058
6102
6029
6384
6296
6096
6015
6107
6094
6027
6025
6067
6298
6131
6435
6166
6188
6316
6011
6244
6235
6154
6259
6083
6220
6422
6292
6155
6200
6087
6091
6124
6183
6157
6121
6291
6258
6299
6080
6263
6336
6279
6290
6130
6208
6159
6026
6192
6288
6047
6105
6257
6410
6322
6419
6236
6327
6169
6211
6098
6068
6038
6123
6414
6387
6379
6340
6354
6061
6151
6141
6046
6071
6356
6245
6227
6264
6119
6072
6307
6304
6148
6324
6352
6376
6051
6018
6092
6187
6043
6086
6108
6246
6411
6056
6199
6367
6079
6021
6276
6243
6383
6434
6144
6219
6214
6295
6095
6030
6097
6250
6022
6229
6053
6150
6392
6137
6234
6125
6320
6373
6045
6172
6368
6230
6297
6133
6081
6232
6222
6247
6165
6374
6407
6059
6355
6076
6170
6195
6004
6233
6191
6248
6389
6359
6113
6062
6269
6261
6334
6196
6175
6189
6351
6036
6228
6033
6140
6386
6267
6370
6106
6028
6268
6346
6009
6390
6363
6225
6052
6391
6055
6344
6127
6283
6415
6064
6003
6190
6274
6418
6238
6251
6012
6349
6111
6037
6273
6179
6237
6182
6143
6168
6116
6408
6163
6309
6256
6100
6348
6057
6178
6357
6110
6426
6260
6016
6254
6000
6008
6388
6272
6114
6014
6423
6128
6381
6118
6002
6302
6049
6240
6289
6372
6207
6085
6416
6378
6153
6020
6156
6281
6173
6328
6023
6218
6404
6063
6101
6132
6206
6242
6050
6239
6185
6300
6217
6017
6069
6001
6277
6413
6180
6395
6275
6035
6397
6066
6099
6186
6065
6255
6149
6136
6204
6400
6364
6358
6286
6311
6310
6078
6138
6070
6044
6284
6193
6341
6319
6333
6024
6202
6006
6117
6201
6176
6402
6306
6103
6171
6428
6019
6312
6209
6109
6326
6174
6032
6010
6301
6332
6031
6139
6262
6075
6398
6041
6226
6005
6040
6205
6212
6088
6115
6013
