1 5 16 16 32
-3.812625e-01 8.244658e-02 -3.376142e-02 2.933668e-01 3.154567e-01 2.473979e-01 2.862188e-01 1.396222e-01 -1.868756e-02 4.066673e-01 -1.240768e-01 2.584060e-01 2.235000e-01 8.456788e-02 2.629796e-01 -1.179732e-01
-9.302959e-02 3.967305e-01 1.991476e-01 1.438485e-01 8.091895e-02 -1.912437e-01 -1.854765e-02 2.163724e-01 -2.613998e-01 -1.466857e-01 1.150967e-01 3.915209e-01 2.293093e-01 -1.170117e-01 -4.047493e-01 -9.770756e-02
6.911539e-02 -3.276103e-01 1.804934e-01 1.340838e-01 -6.719594e-02 4.516114e-01 -7.405279e-02 1.282156e-02 2.378297e-01 -1.755396e-01 -1.384285e-01 -4.889040e-02 4.291702e-01 -3.000359e-01 3.128453e-02 -2.532016e-01
2.202440e-01 -3.221435e-01 -1.901103e-01 -1.788170e-01 -1.015975e-01 2.656594e-01 2.775647e-02 -1.458483e-01 2.687658e-01 3.004922e-01 -2.194207e-02 -2.644051e-01 -1.995471e-01 3.657904e-02 4.795967e-01 1.250297e-01
7.784822e-02 9.829906e-02 3.529758e-01 -1.222258e-01 -3.659033e-01 -2.253114e-02 -1.267353e-01 1.587856e-01 -4.286309e-02 1.460676e-01 3.339292e-01 5.824178e-02 1.057825e-01 -5.313667e-02 -3.778507e-01 5.170348e-01
-8.917817e-02 2.698752e-01 -7.046871e-02 -1.604856e-01 1.678598e-01 1.538302e-01 3.217245e-01 -1.948932e-01 1.469132e-01 -2.527422e-01 -2.995905e-01 7.077561e-02 3.547481e-01 2.360416e-01 -1.429536e-01 1.793141e-02
-9.658156e-02 2.109331e-01 -1.969458e-01 -1.255767e-02 2.553686e-01 1.297095e-01 -3.297764e-01 -9.769107e-02 2.293582e-02 -2.349735e-01 7.426810e-02 4.041906e-01 -9.571435e-02 6.200792e-02 4.536560e-01 -9.034619e-02
-2.447547e-02 2.443828e-01 5.211537e-02 -1.963758e-01 6.788929e-02 -2.216325e-01 3.859067e-02 1.726168e-01 1.409607e-01 4.980481e-02 5.975469e-02 -1.515010e-01 -3.027375e-01 4.828677e-01 4.029573e-01 -3.152585e-01
3.975693e-02 2.056171e-01 -1.859822e-01 1.789702e-01 -8.633995e-02 1.012173e-01 3.029470e-01 2.042226e-01 6.550638e-02 3.315969e-01 1.797065e-01 -7.006731e-02 2.196033e-01 9.467196e-02 -2.063134e-01 2.869765e-01
-1.151383e-01 -4.976460e-02 6.447531e-02 -1.674661e-01 1.885373e-01 -1.089807e-01 -2.512626e-01 -2.024548e-02 -1.778109e-03 -4.006949e-01 -1.143433e-01 3.735812e-01 2.726494e-02 5.245985e-02 4.753049e-01 -1.981999e-01
6.883652e-02 -1.584711e-01 9.724861e-02 1.941452e-01 -1.601020e-01 -1.237387e-01 -2.251373e-01 2.337293e-01 -1.716287e-01 3.814995e-01 3.505507e-01 -2.036630e-01 -2.418599e-01 -1.136674e-01 9.894311e-03 1.418983e-01
-1.757257e-04 -2.589845e-01 2.148920e-01 3.840402e-04 -1.781277e-01 -1.654833e-01 3.468362e-01 1.653691e-01 -1.918601e-02 2.276442e-01 -4.300871e-02 -2.040464e-01 9.809376e-02 -8.092280e-02 -3.014189e-01 1.262648e-01
-2.106369e-01 5.442789e-01 3.127846e-02 -1.516797e-02 1.064590e-01 -3.152665e-01 -1.786187e-01 2.157457e-01 -2.030789e-01 1.088715e-01 -3.561828e-02 2.235127e-01 -1.937306e-01 -9.773175e-02 -4.293536e-01 -1.661586e-01
-3.218210e-01 -1.649693e-02 -3.183676e-01 8.183095e-02 2.236247e-01 1.297691e-01 -1.585835e-01 5.420978e-02 1.780410e-01 -1.933300e-01 4.107563e-02 5.471105e-01 -3.858488e-03 -1.136743e-03 3.833442e-01 4.887779e-02
3.719246e-02 2.702673e-01 -1.700225e-01 -8.275385e-02 -4.912221e-02 -2.723880e-01 -1.966941e-02 2.205292e-02 -2.601539e-01 1.654310e-01 3.254224e-01 -8.638383e-02 -2.235811e-01 2.188666e-01 -7.901595e-02 1.799989e-01
8.320873e-02 -3.897437e-01 2.036417e-02 -1.977350e-01 3.762938e-03 3.792826e-01 1.884460e-01 -2.289969e-01 3.173476e-01 -2.155749e-02 5.291180e-02 -2.133810e-01 -2.920284e-02 1.438704e-01 4.160584e-01 1.407246e-01
-2.161523e-01 2.228282e-03 -5.122419e-02 8.463428e-02 5.553167e-01 1.230167e-01 8.269930e-02 -1.794636e-03 -9.051238e-02 -4.968893e-03 -1.589184e-01 -8.008719e-02 -1.026463e-01 6.200857e-02 4.923097e-01 -4.228347e-01
-1.021936e-01 4.587514e-01 5.711818e-02 1.495257e-01 1.272660e-01 -2.511285e-01 -1.411648e-01 3.164473e-01 -2.635705e-01 1.127242e-01 3.122753e-02 3.711351e-01 3.685607e-02 -2.158198e-01 -3.392254e-01 -9.801177e-02
-1.943820e-01 -2.573977e-01 1.926873e-01 2.310249e-01 1.809175e-01 -2.160060e-02 -6.393596e-02 6.584987e-03 3.864823e-01 -2.420971e-01 -3.168181e-01 3.828292e-01 2.331633e-01 -1.918681e-01 -1.262213e-02 -1.258987e-01
8.386379e-02 -4.768820e-01 -3.948178e-02 -1.099158e-02 -1.514581e-01 1.820633e-01 1.101977e-01 -1.374553e-01 1.834604e-01 1.577088e-01 6.011148e-02 -1.430005e-01 2.133643e-01 1.306144e-01 5.532457e-01 1.680470e-01
-1.812445e-01 1.474659e-01 4.810494e-01 -2.863967e-02 -4.917614e-02 9.930227e-02 -4.942811e-02 2.450155e-01 -1.261276e-01 2.935553e-01 3.357512e-01 5.545587e-02 1.949506e-01 5.930721e-02 -1.306258e-01 4.576961e-01
-2.328486e-01 1.254167e-01 2.791402e-02 -7.990324e-02 5.934118e-01 -1.101134e-01 -2.354725e-01 -2.099198e-02 3.148757e-01 -2.041248e-01 -3.179524e-01 2.991895e-01 -8.755192e-02 1.051799e-01 1.134260e-01 -1.317549e-01
2.188015e-01 1.504440e-01 -1.772590e-01 3.819002e-01 -1.517837e-01 1.990383e-01 -5.946070e-02 1.856807e-01 9.061166e-02 4.242736e-01 3.642105e-01 -1.104025e-01 -1.017260e-01 -9.701329e-02 -1.461391e-01 1.382005e-01
-3.535030e-02 1.864029e-01 2.199550e-01 -1.780381e-01 3.176017e-01 2.082888e-01 -1.880376e-01 -1.987642e-01 8.205995e-03 -4.643261e-02 -2.827066e-01 -1.197530e-02 -2.250374e-01 -1.859187e-01 -2.302419e-02 -1.215479e-01
4.490424e-01 2.602285e-01 -3.418754e-01 2.121227e-02 1.113959e-02 1.940486e-01 -7.922428e-02 -1.989409e-01 -4.832340e-02 -1.420223e-01 -4.591957e-02 -5.668990e-02 -1.117437e-01 1.488429e-02 9.390724e-02 -9.254695e-02
-4.755833e-02 5.077075e-01 2.428285e-01 -5.561939e-02 2.408645e-01 4.386615e-02 2.296892e-02 2.682182e-01 -7.871881e-02 -4.941554e-02 -7.775609e-02 3.342174e-01 -2.077325e-01 -2.548916e-01 -3.814550e-01 -1.440390e-01
-3.231876e-01 5.064145e-02 -2.228467e-01 -1.729029e-01 1.927763e-01 1.135415e-01 2.273550e-01 -5.554482e-02 2.828976e-01 -2.525901e-01 -2.832663e-01 4.470744e-01 3.160603e-01 9.671056e-02 9.727214e-02 2.217435e-02
2.465787e-01 -1.444805e-01 -7.884479e-02 -8.380193e-02 -1.019060e-01 5.803444e-01 3.226713e-02 -1.280346e-01 -5.793137e-02 -4.214178e-02 -4.273855e-02 -1.278105e-01 3.235893e-01 -2.513598e-01 -1.533893e-01 -1.342430e-01
-2.002711e-01 -1.398153e-01 6.979889e-02 2.188770e-01 1.329617e-02 -2.039764e-01 -1.291556e-02 -5.344301e-02 -2.816723e-02 -1.418088e-03 -3.317481e-02 3.395293e-01 1.042277e-01 -2.718892e-01 -2.826316e-01 3.219193e-01
-9.286594e-02 9.494591e-02 2.360307e-01 6.039889e-02 -2.077517e-01 1.028476e-01 -3.587978e-02 3.798721e-01 -1.855574e-01 2.146528e-01 1.409352e-01 1.444977e-01 3.868115e-01 6.257581e-02 -2.334141e-01 4.817047e-01
-4.529512e-02 3.976795e-01 8.589455e-02 -5.320674e-02 3.080527e-01 -1.118765e-01 4.251602e-02 1.390949e-01 -1.114262e-01 -4.285659e-02 1.466724e-01 5.845624e-01 -1.851515e-02 -1.190143e-01 -3.376465e-01 -2.274166e-01
4.660796e-01 -6.845701e-02 5.754711e-02 -2.480891e-01 -3.010583e-01 -2.134641e-01 -2.973484e-01 -1.059996e-01 8.600812e-02 -4.239171e-01 8.558556e-02 -2.114633e-01 -1.986372e-01 -7.873019e-02 -2.446334e-01 7.243850e-02
4.369030e-02 -5.268862e-02 -6.417112e-02 -7.635478e-03 3.861652e-02 -6.839874e-02 1.599458e-01 -6.293263e-01 -9.494254e-03 3.497105e-01 3.200550e-01 8.907839e-02 2.940514e-02 5.760406e-02 -4.566896e-01 -6.210798e-03
8.375281e-02 1.429526e-01 4.184523e-01 -9.034757e-02 -4.445488e-01 6.541278e-02 -1.711355e-01 -8.341134e-02 -9.444955e-02 -1.464838e-02 4.283850e-01 -9.730832e-02 -1.794772e-01 -5.498644e-02 3.244087e-01 1.232787e-01
-2.191927e-01 -3.262112e-01 -8.632851e-02 1.334672e-01 3.380396e-01 -1.679415e-01 -3.085992e-01 4.836863e-01 -7.609494e-02 -3.143216e-02 -2.227079e-01 1.449063e-01 -3.012519e-01 1.263704e-02 1.643629e-01 7.857076e-02
1.323996e-01 -9.304960e-03 1.272756e-01 -6.488715e-02 -6.992184e-03 4.801531e-01 -4.869615e-01 -2.525881e-02 9.833492e-02 1.680178e-02 1.872031e-02 -2.206776e-01 -5.095354e-01 1.842952e-01 -4.771192e-02 1.314687e-01
-3.089136e-01 -2.137699e-01 -1.859811e-01 3.077720e-01 1.988708e-01 -2.553008e-01 1.220529e-01 2.424601e-02 -3.286611e-01 1.094579e-01 9.055510e-02 3.882448e-01 1.998077e-01 -1.672886e-01 -1.367186e-01 -1.048417e-01
-9.183960e-02 3.115827e-01 -1.049179e-01 -6.370333e-02 -3.595992e-01 -2.652215e-01 -5.884214e-02 -2.013964e-02 4.724740e-01 -1.364927e-01 1.368400e-01 -3.384547e-02 6.520569e-02 -1.327257e-01 -1.113931e-01 -8.543538e-02
-1.880817e-01 -2.327864e-02 3.357980e-02 -2.455753e-01 -2.616173e-01 -2.895223e-01 4.714097e-02 -4.506580e-01 -3.282074e-01 -6.676637e-02 -5.966745e-02 2.695177e-01 -3.316357e-02 1.458260e-04 3.300486e-02 3.162136e-01
-1.812819e-01 2.235347e-01 -2.448480e-01 7.522638e-02 1.888178e-01 -5.266525e-01 3.117076e-02 -1.877610e-01 1.461822e-01 5.629827e-02 1.348487e-01 -5.560788e-02 -1.385637e-01 -1.168154e-01 1.111707e-01 -1.927841e-01
-1.842828e-01 -4.922085e-02 -2.160426e-01 1.615865e-01 2.234690e-01 1.106268e-01 -3.409145e-02 8.279306e-02 1.379810e-01 7.992007e-02 9.956623e-02 2.385661e-01 1.719669e-01 8.228534e-02 4.868237e-01 1.451255e-01
9.519484e-02 -5.087792e-03 -1.265312e-01 -3.412846e-01 -4.335225e-02 2.650578e-02 -1.082782e-01 -1.632919e-01 1.843127e-02 2.577041e-01 2.805836e-01 -1.946801e-01 1.099606e-01 4.955304e-02 3.507215e-01 6.232537e-02
4.478468e-01 -2.846672e-01 -1.222859e-01 -3.267859e-01 2.042220e-02 -2.177821e-01 -2.761536e-02 1.401324e-03 2.398064e-01 3.970370e-03 -1.618812e-01 -1.733816e-01 2.833302e-01 8.301328e-02 1.268687e-01 8.576602e-02
7.612947e-02 -3.853237e-01 2.649855e-01 -2.836838e-02 2.502392e-01 2.217480e-01 -2.325870e-01 -1.038599e-01 -4.033300e-01 6.206863e-02 -1.882065e-01 4.133206e-02 -3.497276e-02 6.211270e-02 2.215716e-01 8.244954e-03
-1.459299e-02 1.069712e-01 3.721639e-01 -2.362459e-01 -1.267611e-01 1.003833e-01 -4.120391e-02 2.992745e-01 -8.089797e-02 -2.687066e-01 5.614672e-02 -2.078060e-01 -3.352321e-02 -3.480028e-01 -3.450062e-02 3.723275e-01
-1.373243e-01 -6.264879e-02 7.793533e-02 2.968804e-01 -1.598196e-01 -3.413492e-01 -2.959145e-02 1.504065e-03 4.520321e-01 3.558869e-02 2.574492e-01 1.721638e-01 -1.547501e-02 -4.081203e-01 -7.398402e-02 1.896115e-01
3.031951e-01 -7.919277e-02 -5.405094e-02 3.585126e-01 1.667566e-01 2.433641e-01 -1.393423e-01 4.797843e-01 3.102352e-01 -1.991905e-01 9.906582e-02 -2.423976e-02 -1.833029e-03 -1.674720e-01 -1.994660e-01 -2.000717e-01
-1.450448e-02 -4.797459e-02 5.074003e-02 2.102461e-01 2.861065e-02 -1.111451e-01 9.153841e-02 1.190058e-01 2.592835e-01 -2.626441e-01 -4.639798e-01 7.029253e-02 -2.421167e-01 3.388207e-03 -4.263028e-01 -1.704416e-02
2.952883e-02 -1.197667e-01 -3.963486e-02 8.103667e-02 3.190279e-01 -4.126221e-02 -2.530795e-01 -3.543738e-02 -3.175098e-01 1.874464e-01 4.365388e-01 1.888114e-01 -1.156683e-01 -3.411560e-01 -3.371810e-01 -5.567399e-02
1.000711e-01 1.748374e-01 -2.939444e-02 -9.005201e-02 -8.696450e-02 -2.421926e-01 -6.345335e-02 -5.763428e-01 -4.720179e-03 1.923488e-01 3.333611e-01 6.840779e-02 1.263286e-01 2.783266e-01 3.097963e-01 -2.157621e-01
9.633371e-02 -8.248667e-02 -1.374489e-02 8.254389e-02 1.276055e-01 2.142572e-02 -5.328080e-02 7.286026e-01 2.459210e-01 -9.017998e-03 -4.963607e-02 -3.074949e-01 6.988697e-03 1.964338e-01 3.663012e-02 -2.793034e-01
1.988022e-01 1.785333e-01 2.701633e-01 -3.234553e-02 -3.246686e-01 1.982912e-01 1.730074e-01 -4.055546e-01 -1.429221e-03 -2.186740e-02 2.738347e-01 -1.593201e-01 -1.313297e-01 9.561332e-02 -4.556399e-01 2.692418e-03
-2.438394e-02 5.405802e-02 -9.269995e-02 1.886609e-01 3.676517e-01 2.399957e-01 2.489133e-01 1.414595e-01 -1.539096e-01 2.355631e-02 1.527256e-01 1.859059e-01 -2.491313e-01 1.519283e-01 1.057854e-01 4.208334e-01
1.586382e-01 3.704024e-01 3.470897e-02 -2.831362e-01 -3.044494e-01 1.433265e-01 2.298671e-01 -3.266001e-01 6.879704e-02 1.360565e-03 1.756030e-01 -1.292448e-01 4.083171e-01 -4.622442e-02 -8.406213e-02 -7.870232e-02
1.068888e-02 -6.855032e-02 -3.975951e-01 1.765765e-01 2.273905e-01 -1.732348e-01 1.129348e-01 -3.052701e-01 6.729205e-03 3.174654e-01 -1.804868e-01 1.416025e-01 6.866675e-02 3.834716e-01 -1.592679e-02 -3.408955e-01
8.333244e-02 4.567415e-03 -1.200518e-01 -1.172676e-01 2.203483e-01 3.831898e-01 2.429369e-02 -3.048461e-04 -4.561031e-01 -1.067176e-03 -1.527254e-01 -1.045238e-02 5.016935e-02 3.512109e-01 2.031516e-01 -1.310270e-02
2.393516e-01 -1.035917e-01 -1.143089e-01 3.900555e-02 -4.140408e-02 -1.607940e-01 2.072499e-01 3.097170e-01 -2.071327e-02 9.934324e-02 5.027946e-03 1.216766e-01 4.282253e-01 -1.064662e-01 -4.965969e-01 1.653245e-02
-8.601318e-02 -6.225799e-02 -8.992323e-02 2.291482e-02 4.435826e-02 7.414674e-03 1.199517e-01 -3.619964e-01 -3.329092e-02 3.116184e-01 2.014119e-01 1.722637e-01 3.097732e-01 -1.917053e-02 -6.680835e-01 3.253208e-02
-1.565154e-02 1.506912e-02 4.704859e-01 -5.656051e-02 -1.683470e-01 4.134434e-01 -9.399709e-02 2.600696e-01 8.298344e-03 -3.312683e-01 2.472361e-01 -9.830692e-02 4.850236e-02 -3.019730e-01 1.679087e-01 2.914781e-01
-3.328342e-01 1.709228e-01 1.796236e-01 -1.954720e-02 4.558580e-02 2.936462e-01 -3.571850e-01 -3.670054e-01 8.667928e-03 -1.120577e-01 -1.380892e-02 -8.791777e-02 -3.461355e-01 1.057554e-01 3.932354e-01 -1.460676e-02
4.822197e-02 1.474319e-01 6.106411e-02 -2.594009e-02 -1.111336e-01 4.264002e-02 -1.238328e-01 3.084473e-01 1.449486e-01 -2.568047e-01 -3.144416e-01 -1.114184e-01 -1.534769e-01 7.980876e-02 5.374521e-01 -2.138634e-02
-7.257818e-02 6.228441e-02 -7.706439e-03 2.820982e-01 4.909768e-02 1.506190e-01 -7.716964e-02 -2.310788e-01 1.353177e-01 3.533749e-02 6.488748e-04 1.394866e-01 -5.572426e-01 -8.845540e-02 -2.206716e-01 -9.364922e-02
3.259563e-01 -9.869617e-02 -6.095950e-02 -2.967621e-02 -1.436975e-01 6.799053e-01 -1.437471e-01 7.400289e-05 2.149203e-02 -6.351130e-03 -7.739369e-02 -1.116617e-02 5.316038e-02 7.832569e-02 -1.454381e-02 1.764456e-02
-1.782840e-02 1.727268e-01 -7.153960e-02 -3.292515e-01 -3.273907e-02 -1.077916e-03 3.206578e-01 4.252548e-02 4.253429e-02 -1.457589e-03 3.863254e-02 -8.133996e-02 6.747260e-01 -1.291513e-01 1.605921e-01 9.901047e-03
-5.524070e-02 1.796704e-01 1.016322e-01 -1.312803e-01 -5.029441e-02 -8.232851e-02 -1.087621e-01 1.373037e-01 -4.515189e-02 4.097518e-01 -1.672076e-01 -1.972364e-01 -1.641652e-01 -1.205170e-02 -4.013709e-02 4.877957e-02
-3.280528e-02 1.581002e-01 -3.401453e-02 -2.080808e-01 2.787893e-01 3.072624e-02 1.109071e-01 1.108417e-02 1.687007e-01 2.588023e-01 2.585414e-01 4.213484e-01 -1.116368e-01 2.722427e-02 7.927154e-02 -1.327831e-01
4.815813e-01 -1.962906e-01 -1.436616e-01 1.050033e-01 -6.283629e-02 9.582405e-02 1.580900e-02 -1.217238e-01 3.357710e-02 -1.925507e-01 1.135709e-02 3.049347e-01 2.133743e-01 -8.110679e-02 -1.212893e-01 -1.493189e-01
-2.490812e-01 -1.977378e-02 1.403923e-01 9.335467e-02 4.511408e-01 1.080164e-01 4.023980e-01 1.743760e-01 6.889048e-02 8.621328e-02 3.755230e-02 -2.334707e-01 5.093199e-02 1.542466e-01 2.994292e-01 3.374130e-03
-3.558360e-01 1.956411e-01 3.294178e-01 1.500742e-01 1.438855e-01 2.072500e-01 1.257335e-01 1.395077e-01 5.450404e-02 5.201452e-01 1.506491e-01 2.873831e-01 1.288970e-01 4.645268e-02 1.170798e-01 1.501087e-01
7.542878e-02 -1.254993e-01 2.948242e-01 -1.029798e-01 -1.281645e-01 -1.340706e-01 3.311713e-01 -6.317940e-02 -7.803832e-02 -1.563293e-01 -2.505315e-01 -2.240418e-01 1.951632e-01 8.658252e-02 -2.324712e-01 -2.132648e-02
-6.123707e-02 3.653114e-02 -2.720497e-01 1.172272e-01 1.934604e-02 1.407560e-01 -2.449071e-01 8.893093e-02 2.633355e-02 -2.114768e-02 2.333493e-01 3.327088e-01 -1.937436e-01 -5.672577e-02 4.548624e-01 -1.582353e-02
-1.080831e-02 1.240929e-01 -1.059219e-01 7.791230e-02 2.086284e-01 -1.095567e-01 -2.647274e-02 8.419391e-02 -2.144895e-01 6.687778e-02 4.819653e-01 -8.378646e-02 9.813009e-02 -1.705880e-01 -3.628566e-02 8.670741e-02
3.214487e-01 -2.898576e-02 -1.135281e-01 -1.276823e-01 -4.426517e-03 5.364276e-01 -1.181596e-01 2.742951e-02 -1.039653e-01 -7.895759e-02 -4.105467e-02 -3.353225e-01 1.107061e-01 -1.292791e-02 -1.048419e-02 -2.209462e-01
-1.559410e-01 1.141281e-02 -4.501205e-02 -1.695398e-01 5.539170e-02 7.111008e-02 4.366517e-01 -4.923733e-02 2.328688e-01 -1.039076e-01 -3.389591e-01 1.189092e-01 4.374737e-01 1.346469e-01 -2.475880e-01 9.250532e-02
-2.257290e-01 1.255862e-01 4.262167e-01 3.014620e-02 1.813352e-01 1.706124e-01 5.056437e-02 3.585258e-01 -2.088978e-01 2.075077e-01 2.081314e-01 -6.313248e-02 1.558469e-01 6.035326e-02 1.226947e-01 2.826886e-01
1.212914e-01 -9.659506e-03 6.486156e-02 -3.503434e-02 2.682396e-01 9.453311e-02 1.965609e-01 2.740899e-02 -1.936132e-02 -1.735145e-02 3.177094e-01 6.421275e-01 2.893829e-01 -6.757913e-02 6.961040e-02 -1.234710e-01
1.234026e-01 -3.024622e-01 -1.431568e-01 1.419474e-01 -4.826266e-02 1.336202e-01 1.943924e-01 -8.196778e-02 3.634012e-02 -2.407787e-02 3.525761e-01 3.538705e-01 1.432882e-01 -1.913536e-01 3.155566e-01 -1.086328e-01
-1.040618e-01 2.243280e-01 -1.199018e-01 -8.968263e-02 7.226489e-03 -3.256063e-01 2.201914e-02 -5.317505e-02 -3.014623e-01 2.283966e-01 2.140878e-01 1.046856e-01 -2.669457e-01 5.558185e-02 -2.490343e-01 4.383951e-01
-1.983911e-02 -7.747547e-02 7.458885e-02 -1.508046e-01 -6.489891e-02 2.161305e-01 6.735098e-02 -9.182750e-02 4.179843e-01 -6.114326e-02 -2.099854e-01 2.828778e-01 -2.589884e-02 1.781229e-01 6.162941e-03 -7.923220e-02
-1.224163e-01 1.852568e-01 1.292177e-01 -2.008146e-01 6.124858e-01 1.435465e-02 -2.728834e-01 8.690774e-02 8.374365e-02 -1.306064e-01 -2.531398e-01 4.410991e-02 -6.688157e-02 1.201647e-02 6.052398e-02 -2.567174e-01
2.037893e-01 -2.467173e-01 4.895810e-02 1.362248e-01 -1.155041e-01 4.792363e-01 -6.082515e-02 4.400907e-03 1.689149e-01 -2.068002e-01 -1.037559e-01 -2.083983e-01 2.754466e-01 -1.456470e-01 1.675560e-01 -2.752376e-01
-2.799006e-01 -2.260629e-02 1.128113e-02 1.959857e-02 3.545777e-01 -1.300157e-01 -7.189380e-02 -5.733446e-02 2.577459e-01 -1.471221e-01 -2.554671e-01 4.071585e-01 3.437384e-02 -1.112543e-02 5.938527e-02 1.905228e-02
5.289823e-01 1.638181e-01 -4.554577e-02 4.686032e-02 -7.245047e-02 -6.784432e-03 -5.637430e-03 -6.931364e-02 -1.136598e-01 1.099048e-01 4.325045e-02 -2.086193e-01 -8.108908e-02 -4.606672e-02 -3.771343e-02 -4.343660e-02
-3.480750e-02 -9.373039e-02 1.318715e-01 1.758225e-01 8.091533e-02 -3.521487e-03 1.537910e-01 2.703120e-02 -1.201846e-01 -2.647191e-01 2.296711e-01 3.634011e-01 5.124345e-01 4.275867e-03 -1.367158e-02 -1.395491e-02
9.299771e-02 -1.188978e-01 -5.570063e-02 2.567518e-01 -1.294136e-01 -1.699398e-02 -2.748905e-01 1.759261e-01 -1.240654e-01 1.832269e-01 3.761213e-01 -5.411759e-03 -2.642697e-01 -1.465140e-01 2.956377e-01 -6.170167e-03
1.207616e-01 -1.745019e-02 2.624255e-01 -2.984919e-01 -6.523609e-02 -8.242291e-02 -1.766017e-01 1.185636e-02 -1.817866e-01 -9.944087e-02 4.119132e-01 -1.714172e-01 -1.172933e-01 -1.953273e-01 -1.837710e-01 9.096184e-02
2.814277e-02 2.950993e-01 3.583736e-02 -1.519338e-01 1.022370e-01 1.385252e-01 4.432267e-01 -1.945675e-01 1.699458e-02 -2.449972e-01 -2.479814e-01 5.190713e-02 2.900233e-01 2.798757e-01 -1.791131e-01 2.232275e-03
5.357529e-02 2.080159e-01 2.391703e-01 -9.000288e-02 5.173470e-02 1.290603e-01 -2.069964e-02 1.741643e-01 -1.863547e-02 7.687455e-02 -1.023174e-01 4.835697e-01 2.810916e-02 -1.232254e-01 -1.909553e-01 -1.165424e-01
7.739628e-03 -4.704642e-02 -1.279996e-01 1.796887e-01 -2.938035e-01 -2.024971e-01 9.565749e-02 -1.443704e-01 -2.524462e-01 1.328300e-01 2.170205e-01 1.156478e-01 -4.275872e-02 -1.352034e-01 -2.793468e-01 5.097010e-01
-2.214409e-02 -1.052858e-01 -2.400091e-02 5.314810e-01 -5.096945e-02 -3.161950e-02 2.625852e-02 1.334394e-02 -1.272964e-01 -1.702628e-01 -3.799023e-02 -1.266886e-01 3.261385e-02 -9.405535e-02 6.226250e-02 7.249596e-02
1.572120e-01 -1.214225e-01 -1.095366e-01 7.169407e-03 2.664067e-01 1.333221e-01 1.897151e-01 -1.894656e-01 2.426176e-01 -1.682212e-01 3.510976e-01 4.774247e-01 2.294960e-01 6.308614e-02 1.404016e-02 -1.655265e-01
-2.583186e-01 3.222827e-01 7.145808e-02 -2.613672e-01 1.939854e-01 -1.914823e-01 6.708339e-02 -5.465485e-02 -5.735591e-02 1.384030e-01 -4.518094e-02 -1.340593e-01 1.140563e-01 3.598027e-01 -2.024245e-01 3.982475e-01
-1.739614e-01 -1.211350e-02 -1.511148e-01 1.726603e-01 -1.283114e-01 1.093158e-01 2.628650e-01 1.499334e-01 8.572352e-02 2.405987e-01 2.149424e-02 2.147599e-01 3.802277e-01 7.769507e-02 -9.359930e-02 1.987821e-01
-5.930069e-02 5.319359e-01 -2.250889e-01 -1.028800e-02 1.779101e-01 7.457357e-02 5.339053e-02 4.109105e-02 1.628928e-01 1.634453e-01 -2.343602e-02 1.583196e-02 1.911423e-01 1.606333e-01 -1.471884e-01 2.174900e-01
-3.492985e-01 1.322051e-01 2.552927e-02 2.972429e-01 3.063486e-01 2.370836e-01 2.326657e-01 9.728011e-02 7.725374e-02 4.042502e-01 -1.472643e-01 2.734991e-01 1.334078e-01 1.122908e-01 3.079383e-01 -1.247793e-01
-1.087441e-01 1.104991e-01 -6.800761e-02 -7.853001e-02 1.567467e-01 -1.176011e-01 -7.836796e-03 -1.226970e-01 2.132340e-01 -9.230996e-02 -5.411281e-02 -5.112068e-02 -1.365823e-01 2.313300e-01 4.322740e-01 -7.923115e-02
1.514560e-01 -1.100200e-02 1.033796e-01 -1.250189e-01 2.651515e-01 -8.402478e-03 -1.326557e-01 5.815990e-03 -1.786148e-01 3.019585e-01 4.936573e-01 4.128672e-03 -1.423708e-01 -2.626983e-01 -2.145915e-01 -3.476920e-02
-9.264056e-02 -1.028371e-01 -1.974349e-01 1.633617e-01 3.458260e-01 -1.313745e-01 -2.580984e-01 -5.304710e-02 -2.314620e-01 6.231236e-02 4.092270e-01 3.683480e-01 -5.502264e-02 -3.116464e-01 -1.551350e-01 -5.842194e-02
-4.019921e-02 -6.264445e-02 -3.929756e-01 -4.528113e-03 -2.546779e-01 2.445196e-01 5.426005e-03 1.995493e-01 1.641289e-01 -2.552415e-01 -3.322573e-01 2.580335e-02 -7.382300e-02 2.256466e-02 -2.088868e-01 -2.824381e-02
-1.294233e-02 5.063692e-02 4.112236e-02 -1.515489e-01 -8.097720e-02 -1.772283e-02 1.330267e-01 9.762017e-02 1.521506e-01 7.657640e-02 -1.758581e-01 -2.901485e-01 -5.943317e-02 2.130730e-01 2.618617e-01 7.328899e-03
1.693095e-01 2.672817e-01 5.661124e-02 -4.565183e-01 7.290460e-03 -1.848434e-01 4.106652e-02 -2.365699e-01 -2.220166e-01 9.473799e-02 -4.441806e-02 -2.290262e-01 -3.416844e-02 1.928899e-02 -2.241345e-02 2.970779e-02
-2.049049e-01 2.926460e-01 -2.780391e-01 -1.775054e-01 2.443432e-01 8.318348e-03 -1.398673e-02 -9.895265e-04 3.913355e-02 4.339406e-02 -1.615147e-01 1.342497e-01 3.884822e-01 -1.232111e-01 3.979972e-01 -1.509508e-01
4.800883e-02 1.396450e-01 1.700349e-01 -6.885777e-02 -6.829455e-03 -6.296241e-01 6.541003e-02 -1.378927e-02 -2.621701e-01 1.597427e-01 1.007316e-01 -6.443724e-02 -6.723931e-02 -2.258093e-01 -8.752240e-03 1.109629e-01
-1.425095e-01 1.945429e-01 -1.457624e-02 2.264282e-01 -4.473945e-02 2.322960e-01 -4.172440e-02 -3.505826e-01 -5.820597e-02 1.015823e-01 2.207735e-01 1.357678e-01 -4.473026e-01 -1.227675e-01 -2.562942e-02 -7.035782e-02
-1.152878e-01 -1.091212e-01 -1.382132e-01 4.696375e-01 3.689367e-02 3.107592e-02 -3.361880e-02 1.427194e-01 9.658594e-02 -1.738634e-02 7.155892e-02 2.815330e-01 6.534142e-02 -3.528282e-02 1.371281e-01 7.744609e-02
-1.081747e-01 -1.818605e-03 2.340095e-02 -2.145193e-01 8.337919e-02 -1.907779e-02 6.082471e-02 4.139324e-01 -3.231944e-02 -6.704305e-02 -4.655179e-02 -2.930961e-02 4.142828e-01 -6.246565e-02 -5.333225e-02 8.435923e-02
2.273397e-01 -1.151794e-01 -1.626694e-02 1.982165e-01 -1.085407e-01 4.817990e-02 -4.729043e-02 4.774645e-02 -7.384792e-02 -3.881099e-01 1.256687e-01 4.262177e-01 -6.207299e-02 -3.160916e-01 -2.557809e-01 2.078679e-01
4.942193e-02 1.177482e-01 2.314912e-02 -2.346876e-02 3.581861e-01 1.769951e-01 2.831059e-01 4.224391e-02 -3.150770e-01 -2.569750e-02 -3.727251e-02 -3.303492e-02 -2.820151e-01 1.753333e-01 -1.948692e-01 2.402209e-01
-2.176149e-01 8.219904e-02 1.202128e-01 -8.287475e-02 1.040436e-01 1.457903e-01 -1.438567e-01 -6.160508e-01 6.086642e-02 -4.592507e-02 -2.169357e-02 -9.564377e-02 -2.746110e-01 2.533033e-01 7.026548e-02 1.303482e-01
-3.922873e-02 -1.978418e-02 -2.600414e-01 1.933576e-01 1.443693e-01 9.029811e-02 -2.150213e-02 -4.529773e-01 1.418317e-01 1.521500e-01 -1.037747e-01 1.527688e-01 1.117938e-01 4.665565e-02 1.312438e-01 -3.172510e-01
2.682431e-01 -2.290239e-02 -5.120736e-03 -2.128642e-02 -3.556120e-02 -1.407416e-01 4.398891e-02 -5.961580e-01 3.957465e-02 8.484970e-02 1.418477e-01 -1.169554e-01 -3.614943e-01 1.835816e-01 2.566495e-01 4.896981e-02
-1.616854e-02 1.161894e-01 -3.878623e-01 1.801716e-01 3.750019e-01 -3.265112e-01 7.854026e-02 -1.532257e-01 -1.572321e-01 2.002626e-01 -2.039694e-02 -7.351954e-02 -3.072416e-02 5.546461e-02 1.056154e-01 -8.685265e-02
-7.080537e-02 -4.352245e-02 -1.035331e-01 6.021409e-02 -2.733675e-01 -6.557302e-02 -2.381571e-01 -1.685080e-02 3.345817e-01 4.330462e-02 1.757241e-02 1.209369e-01 3.065270e-01 -8.447723e-02 3.225935e-01 -1.030913e-01
1.010393e-01 -3.160133e-01 -3.283837e-02 2.502793e-01 1.271041e-01 -4.652192e-03 -1.617670e-01 -2.224067e-02 -8.014748e-02 1.469809e-01 1.120574e-01 -1.794107e-01 -1.801940e-01 2.165889e-01 -3.918820e-01 1.574199e-02
2.723139e-03 -7.813567e-02 4.221454e-01 1.238322e-01 3.560979e-01 -1.557688e-02 3.266427e-02 -2.302637e-01 3.141353e-02 2.560874e-02 1.718186e-01 -1.194927e-01 1.911324e-01 -1.930833e-01 1.867871e-01 1.892218e-01
2.295015e-01 -9.096266e-02 1.360356e-02 6.972259e-02 2.408001e-02 -8.000185e-02 7.391394e-02 -2.428552e-02 4.497921e-01 -4.179522e-02 -3.149453e-01 3.212487e-02 -3.976884e-02 -1.549754e-01 -1.762500e-01 -3.056981e-02
3.552561e-01 -7.892545e-02 7.944396e-02 1.439011e-01 3.595332e-01 -1.929563e-01 1.717688e-02 2.854630e-03 1.444763e-01 3.022839e-01 2.823031e-01 -1.870841e-05 -1.553399e-01 2.114845e-02 2.190307e-01 -6.984413e-02
4.811331e-02 1.970740e-01 1.308258e-01 -1.192492e-01 -1.831447e-01 8.736384e-02 -1.005315e-01 -2.081372e-01 2.329997e-02 3.316118e-02 4.396381e-01 -3.339536e-03 8.659197e-02 9.287514e-03 2.216319e-01 -4.962662e-02
-4.388967e-02 -1.416163e-01 -6.244788e-02 1.677851e-02 -3.752524e-02 5.693231e-01 -1.709776e-01 2.556939e-02 2.108581e-01 -6.802297e-02 -1.577526e-03 3.584600e-02 -6.333704e-02 -3.285015e-02 4.126676e-02 -9.211392e-02
1.326885e-02 -2.115280e-01 -6.003206e-02 8.836709e-02 4.727654e-01 1.496061e-01 -2.784625e-01 -7.740132e-02 -1.244750e-01 -7.453887e-03 4.218097e-01 1.462650e-01 -2.892928e-01 -1.213651e-01 -2.399724e-01 5.331679e-02
-2.949869e-02 3.313602e-02 2.150856e-01 9.160614e-02 3.815871e-01 1.639677e-01 1.135445e-01 -7.404777e-02 3.802551e-02 -1.325931e-01 -1.446548e-01 6.699386e-02 5.758548e-01 1.609115e-01 7.876164e-02 7.448300e-03
-5.884310e-02 1.384902e-01 -4.810304e-01 1.173681e-01 3.840729e-01 4.679884e-02 -3.324816e-01 -1.476236e-01 1.261183e-01 6.507246e-02 -6.773271e-02 -4.380367e-02 -4.245358e-02 -5.160768e-02 2.005371e-01 -7.425158e-02
3.563418e-01 -3.291071e-01 -5.179292e-02 -2.060892e-01 4.815405e-02 -2.501355e-01 -4.650652e-04 1.691732e-01 1.651757e-01 -1.334454e-01 -2.946444e-01 -8.975068e-02 3.675203e-01 1.148638e-01 -4.261467e-02 6.634022e-02
5.871101e-02 -3.442467e-02 1.533330e-01 -1.780444e-01 -2.660031e-01 8.047212e-03 3.225057e-02 -2.201255e-02 1.086855e-02 -9.464627e-02 8.469488e-02 -7.032031e-02 -1.879632e-01 6.431517e-02 -4.370773e-01 9.984539e-03
-4.071067e-02 2.316178e-03 2.100999e-01 -2.481526e-02 -3.054183e-02 -3.197888e-03 3.765355e-02 5.209728e-01 -1.201592e-01 -2.698603e-01 -1.049132e-01 -5.324899e-02 -7.269948e-02 -1.460793e-01 -1.438622e-01 2.533673e-01
-2.666784e-01 1.418461e-01 4.567306e-02 1.952750e-02 6.405690e-02 2.496589e-01 -2.048868e-01 -3.275049e-01 -4.993991e-03 1.082811e-01 -2.522246e-02 1.315232e-01 1.475198e-01 4.493045e-02 -5.350245e-01 1.295163e-02
-1.575364e-01 9.142815e-02 -3.673732e-03 -4.615169e-02 2.200856e-02 -1.165667e-02 -4.105202e-02 1.724003e-02 -5.684291e-01 -7.491080e-03 1.354836e-01 -5.697442e-02 9.918098e-02 1.576580e-01 6.731785e-02 -7.616190e-02
2.924366e-01 -9.038464e-02 -6.136651e-02 4.241800e-02 -1.093894e-01 -1.682427e-01 9.188191e-02 5.914171e-01 -9.949554e-03 -5.134524e-02 -7.466573e-02 3.458634e-02 8.019100e-02 -6.421109e-02 8.025958e-02 7.233443e-03
