4 5 8 32 32
-1.660155e-01 -8.648919e-02 -6.867877e-02 1.990831e-01 9.004396e-03 -5.701985e-02 -1.889998e-01 -1.813075e-01
-1.392231e-01 -1.078305e-01 9.264366e-02 -4.228975e-02 -8.507632e-02 2.539770e-01 2.794756e-01 -1.136122e-01
-1.216560e-01 3.768202e-02 -1.121133e-01 3.238312e-01 -1.043841e-01 -8.314721e-02 -1.172471e-01 -1.230894e-01
-3.067769e-03 4.392098e-01 -1.336636e-01 -6.830508e-02 1.637837e-02 7.448718e-02 3.236741e-01 -7.690622e-02
1.484702e-01 -2.236016e-02 2.643019e-04 2.389426e-02 3.607529e-01 1.537243e-01 3.223496e-01 -8.500166e-03
-1.944048e-01 -1.108709e-01 8.021532e-02 9.281445e-02 -6.481349e-02 -6.468500e-02 -1.376710e-01 -1.280852e-01
-8.914731e-02 -9.587258e-04 -1.477252e-01 3.337733e-01 1.402301e-02 -3.986141e-02 -2.172262e-01 -2.262613e-01
-3.556699e-02 -6.309287e-02 -1.282113e-01 6.443270e-02 -1.525858e-02 4.018333e-01 1.470454e-01 -1.195403e-01
-7.149711e-02 1.616364e-01 -1.048754e-01 -1.013667e-01 -8.498638e-03 1.891024e-03 3.550781e-01 -5.001326e-02
-4.250085e-02 3.454733e-01 -1.542509e-01 1.034694e-01 -1.155978e-01 3.925509e-01 1.662512e-01 -1.422115e-01
-7.287691e-02 -6.643247e-02 -3.797238e-02 -9.134775e-02 2.241356e-01 1.080288e-03 5.325498e-01 -1.116812e-01
-1.054906e-01 -4.416209e-02 1.653951e-01 1.653228e-01 -1.112706e-01 -5.836773e-02 -1.067353e-01 -1.090240e-01
-1.098394e-01 2.069152e-01 5.021167e-02 1.930201e-01 -1.005987e-01 -4.920812e-02 -1.146989e-01 -9.822801e-02
-8.225746e-02 1.911786e-02 -8.655219e-02 2.482010e-01 3.440577e-02 6.558035e-02 -2.584648e-01 -1.620366e-01
-1.172433e-01 2.493693e-01 -1.392145e-01 3.697286e-01 -9.872486e-02 -7.158253e-02 -1.489377e-01 -9.963427e-02
-1.556990e-01 -1.102709e-02 -1.082213e-01 -1.133380e-01 -1.727582e-02 -4.123349e-02 -8.852407e-02 -4.281648e-02
2.206268e-01 9.374045e-02 -1.514908e-01 -2.368364e-02 3.024487e-01 1.899204e-01 1.753128e-01 -9.827402e-02
-8.965979e-02 2.680262e-02 -1.560226e-01 3.306186e-01 -6.064191e-02 -3.605494e-02 -1.808249e-01 -1.184978e-02
-1.127840e-01 -1.527555e-04 -2.087364e-01 7.386386e-02 -1.188975e-01 3.051372e-01 2.123810e-01 -7.322349e-02
9.795593e-02 9.488331e-02 -1.033772e-01 -2.407248e-02 3.413287e-01 1.045781e-01 2.751316e-01 1.266288e-02
-1.242358e-02 1.531701e-01 -1.246807e-01 -7.657748e-02 1.905994e-01 6.587914e-02 4.892513e-01 -1.050409e-01
-1.051984e-01 -1.155034e-01 -1.108696e-01 1.723815e-02 -1.195092e-01 2.995428e-01 2.708942e-01 -1.311503e-01
-1.281728e-01 -8.665147e-02 -5.283270e-02 2.347854e-01 -1.031715e-01 -8.583301e-02 -1.184202e-01 -1.049000e-01
-7.353132e-02 2.007849e-01 -7.450856e-02 3.537227e-01 -1.690640e-02 -1.821015e-03 -2.154522e-01 -2.116165e-01
-1.436437e-01 -1.905315e-02 -1.068727e-01 -8.862495e-02 1.508949e-01 -1.797340e-02 -1.096482e-01 -9.410817e-02
-7.485729e-02 3.435029e-02 1.141631e-01 2.249750e-01 -4.025232e-02 4.901691e-02 -1.715565e-01 -1.957497e-01
-1.166513e-01 5.074620e-01 -9.193108e-02 2.984833e-01 -9.973115e-02 -4.769216e-02 -1.404998e-01 -1.100957e-01
-1.145360e-01 -4.978474e-02 3.222008e-01 4.551896e-02 -9.597731e-02 -2.864924e-02 -1.147479e-01 -1.146725e-01
-9.708124e-02 -5.250651e-02 -8.884121e-03 -1.060708e-01 -7.525929e-04 -2.710926e-02 3.734507e-01 -6.808169e-02
1.461409e-01 3.459801e-01 -1.205806e-01 -2.647297e-02 2.030149e-01 1.774698e-01 1.450701e-01 -8.307363e-02
1.353906e-01 1.363501e-01 -9.722140e-02 -4.700953e-02 1.369433e-01 1.621673e-01 2.120395e-01 -1.044093e-01
8.356723e-02 -1.228210e-01 1.005434e-01 1.558662e-01 -2.392203e-02 5.391987e-02 -9.151116e-02 -8.054576e-02
3.618184e-01 -1.228383e-01 -1.307812e-01 -1.689268e-02 -8.117850e-02 -2.244136e-01 -1.159278e-01 2.752173e-01
-7.595338e-02 -9.568792e-02 -1.252110e-01 -8.799603e-02 7.796157e-02 1.500430e-01 -1.149827e-01 -4.962423e-02
4.435886e-01 -1.483268e-02 -1.735724e-01 -1.357507e-01 -2.117612e-01 -1.734262e-01 -8.894378e-02 -1.309029e-01
3.537361e-02 -8.784497e-02 -1.076587e-01 1.443397e-01 -1.078507e-01 -7.021026e-02 5.717764e-01 -5.712736e-03
-1.087225e-01 5.417922e-01 -7.478695e-02 -4.510194e-03 -9.148766e-02 -1.126695e-01 -4.574032e-02 3.276050e-03
6.717141e-02 -5.938296e-02 -1.096636e-01 -1.010944e-01 3.328371e-02 -6.595049e-02 -1.150060e-01 -1.864666e-02
6.196246e-03 -9.362239e-02 -3.046021e-01 4.854419e-02 -2.497986e-01 -1.070309e-01 2.827899e-01 3.062686e-02
-1.353003e-02 -9.680113e-02 -1.348947e-01 2.702918e-01 -1.370064e-01 -8.733252e-02 2.803814e-01 -1.217693e-01
2.379727e-01 -5.162121e-02 -1.231694e-01 -1.051150e-01 -5.170142e-02 -9.225962e-02 -1.033396e-01 6.065688e-02
-1.207399e-01 -6.839363e-02 -1.144728e-01 -1.256568e-01 3.291591e-02 -5.608949e-02 3.758302e-01 -1.022361e-01
9.229447e-02 7.065830e-02 -1.698748e-01 -1.949053e-01 -6.371140e-02 -2.593920e-03 -7.675526e-02 -1.766948e-01
5.997001e-02 -2.451171e-02 -2.459676e-01 -7.785290e-02 -5.246022e-02 -1.473266e-01 2.470357e-03 -8.708780e-02
-1.440465e-01 1.846856e-01 -3.080451e-02 4.727204e-01 -7.440223e-02 -1.639687e-01 -1.480622e-01 -1.326689e-01
-1.323982e-01 -2.578699e-02 -5.984323e-02 -6.726831e-02 6.049871e-02 4.650806e-02 -2.844475e-02 -1.916703e-01
8.941494e-03 -8.542605e-02 -1.430700e-01 -1.328735e-02 7.797197e-02 -1.829610e-01 -5.221141e-02 4.289293e-02
1.085226e-01 -8.138280e-02 -9.928887e-02 -1.082347e-01 -7.125039e-02 3.053797e-01 -1.445878e-01 2.447042e-02
4.033246e-01 -6.459083e-02 -1.248003e-01 -1.172627e-01 -1.205201e-01 -9.229940e-02 -9.173770e-02 1.427693e-01
-4.427542e-02 -1.324533e-02 -2.898248e-01 -1.432423e-01 -2.505752e-01 -2.756377e-02 2.076358e-01 -1.665375e-01
3.631594e-02 -6.239749e-02 -3.885960e-01 7.502891e-02 -3.056355e-01 -9.376714e-02 1.017660e-01 -2.444485e-01
1.789480e-01 -9.202596e-02 -1.125911e-01 -8.120345e-02 -6.657170e-02 1.018205e-01 -1.488884e-01 1.440274e-01
2.698190e-01 -6.541569e-02 -8.306944e-02 -1.007241e-02 -1.174610e-01 -3.186264e-02 -1.371292e-01 -1.082809e-01
-9.997050e-02 -1.512139e-02 -1.806920e-01 -6.615806e-02 4.955360e-02 -1.264065e-01 8.360473e-04 -1.844959e-01
3.432806e-01 5.803674e-02 -1.176104e-01 -1.683838e-01 -1.892072e-01 -6.229533e-02 -1.780753e-01 -2.745661e-01
-8.087373e-02 -6.042916e-02 -1.095467e-01 -8.696394e-02 1.542520e-01 -7.144391e-02 -1.093627e-01 -8.459558e-02
2.093814e-01 -1.260318e-01 -4.220786e-02 9.433370e-03 6.659869e-02 -1.515008e-01 -1.416970e-01 2.529660e-01
2.563993e-01 -1.318632e-02 -2.301311e-01 -1.514535e-01 -1.585353e-01 -1.262089e-01 -7.561309e-03 3.022690e-02
5.060257e-01 -7.022399e-02 -9.921382e-02 -1.046481e-01 -1.087828e-01 -6.163516e-02 -9.480496e-02 -3.820670e-02
3.980686e-01 -1.040362e-01 -5.237015e-02 7.049941e-03 -1.961060e-01 -2.446089e-01 -8.617023e-02 3.343207e-02
-1.090643e-01 -6.762307e-02 1.104277e-01 -7.119702e-02 2.602456e-02 2.511615e-01 -1.211972e-01 -1.377048e-01
-1.475601e-01 3.797421e-01 -7.633016e-03 2.865134e-01 -2.220812e-02 -1.519105e-01 -8.936176e-02 8.914342e-02
-8.914134e-02 -6.049608e-02 -1.098225e-01 -8.911723e-02 -1.049932e-01 -6.535000e-02 5.671490e-01 2.594466e-02
3.826895e-02 -2.740604e-02 -1.926046e-01 4.931606e-03 -3.148541e-01 -5.793078e-02 2.276013e-01 -1.114458e-01
-1.210055e-01 3.986448e-03 1.700059e-01 1.914150e-01 -6.020814e-03 9.436820e-02 -3.115189e-01 -1.410921e-01
-1.031962e-01 -3.101771e-02 -1.362993e-01 2.913091e-02 3.115174e-01 2.004372e-01 1.062077e-02 -1.267197e-02
3.909937e-01 -2.341021e-01 1.105098e-01 -7.611486e-02 8.698269e-02 -2.338169e-02 8.504060e-02 8.024409e-02
-5.716144e-02 -1.041983e-01 2.873827e-01 -7.997289e-02 -4.704864e-02 -8.548713e-02 -1.438131e-01 4.843051e-03
-2.273913e-01 -4.664532e-02 -1.075613e-01 1.603475e-02 2.579416e-01 -4.918874e-02 -7.252558e-02 6.044434e-02
-1.217501e-01 -1.336758e-01 -1.061784e-01 2.512369e-01 2.734380e-01 3.346920e-01 -1.446110e-01 -1.001531e-01
6.032579e-01 -1.370901e-01 2.201094e-01 -1.027114e-01 -7.000203e-02 -1.193018e-01 1.410265e-01 2.570907e-02
-3.095971e-01 -3.571163e-01 -7.035419e-02 -1.383419e-01 4.376308e-02 -4.382550e-02 -1.131856e-01 7.357080e-03
-3.064592e-01 -1.316511e-01 -4.840832e-02 1.021662e-01 2.606638e-01 -1.492399e-01 -2.290614e-01 -2.828037e-02
-1.145974e-01 -1.345697e-01 -4.097596e-02 -9.943337e-02 2.220622e-01 -6.792098e-02 -1.308565e-01 -7.971677e-02
-1.764414e-01 -1.034459e-01 -1.019024e-01 -4.142123e-02 2.559563e-01 2.899199e-01 7.971376e-03 3.152426e-02
-2.819461e-01 -1.632106e-01 1.599974e-01 -6.229137e-02 -2.646147e-02 -3.487344e-02 -1.119457e-01 1.143019e-01
-1.719331e-01 3.707275e-03 4.090790e-01 8.999289e-02 -1.788236e-01 4.290834e-02 -1.467705e-01 8.513796e-02
-2.854231e-02 -5.390856e-02 -1.363290e-01 -1.392271e-01 2.303775e-01 1.972454e-01 8.722386e-02 4.911317e-02
-1.150278e-01 8.314952e-02 -6.031020e-02 3.656847e-01 2.713087e-01 -9.328857e-03 -1.965904e-01 -8.371059e-02
-1.112786e-01 -1.372404e-01 -1.052406e-01 -1.213497e-02 3.115461e-01 8.521095e-03 -1.295140e-01 -9.329986e-02
-1.861866e-01 -1.172809e-01 -1.202495e-01 -1.360628e-01 2.478490e-01 5.687454e-02 3.541309e-02 8.439457e-02
-1.321395e-01 -1.167022e-01 -1.117736e-01 1.785000e-01 3.329967e-01 1.455642e-01 -1.512843e-01 -1.012927e-01
-2.803146e-01 -3.508677e-01 -1.489524e-01 1.520988e-01 2.463951e-01 4.347885e-02 -1.799541e-01 -8.137742e-02
3.252093e-01 -4.224882e-01 6.214915e-02 -1.179453e-01 9.025609e-02 3.510972e-02 1.112882e-01 8.681233e-02
3.351165e-01 -1.544885e-01 3.356433e-01 4.521450e-02 6.593744e-02 -7.413824e-02 1.207563e-02 -1.024254e-01
-2.837049e-01 -1.308226e-01 -8.910301e-02 4.807638e-02 3.446004e-01 1.220694e-01 -9.030993e-02 3.370212e-03
-1.160991e-01 -1.254748e-01 1.696057e-01 -9.892797e-02 1.855589e-02 -9.456769e-02 -1.455156e-01 -1.485420e-03
-2.213178e-01 -2.477348e-01 2.112576e-01 1.177453e-02 -9.569272e-03 -2.417116e-01 -1.296672e-01 5.491598e-02
-1.431554e-01 -2.786774e-01 -1.904900e-01 1.181000e-02 1.820278e-01 2.702844e-01 -1.720838e-03 -4.183022e-02
-1.563228e-01 -1.019192e-01 3.505497e-01 1.299634e-01 -1.507433e-01 -3.813442e-02 -2.939476e-01 -5.401294e-02
-1.230628e-01 -1.301533e-01 -1.082142e-01 5.062373e-02 2.574155e-01 2.122307e-01 -1.465421e-01 -8.281460e-02
-1.732200e-01 -1.757330e-01 1.310170e-01 -1.254503e-01 -7.110786e-02 3.404669e-02 -4.042571e-02 1.321155e-01
-2.480441e-01 -4.673812e-01 9.964317e-02 -8.469004e-02 -1.873951e-02 1.453653e-02 -1.820015e-01 1.583970e-02
-1.432261e-01 2.589791e-01 2.478608e-01 -5.724680e-03 -6.053983e-02 -7.946369e-02 -1.701332e-01 -7.843675e-02
-1.551750e-01 -3.422170e-01 3.376254e-01 -4.158884e-02 -3.336819e-02 -4.524692e-02 -2.038185e-01 1.301038e-01
-2.046300e-01 -8.629477e-02 -1.060500e-01 2.015342e-01 3.193780e-01 -5.207871e-02 -2.488814e-01 -1.208035e-01
-6.594482e-02 -1.113651e-01 1.408601e-01 -5.939913e-02 -1.067700e-01 -1.254097e-01 -3.307477e-02 -9.570250e-02
1.763585e-01 -8.567218e-02 6.107638e-02 3.433566e-01 3.095244e-01 -7.109754e-02 6.612677e-02 -6.134346e-02
4.458896e-01 -8.894492e-02 -7.655498e-02 3.763902e-01 1.740589e-01 6.740290e-02 -2.262610e-02 -1.463518e-01
-1.510525e-02 -5.121771e-02 3.259575e-01 8.330730e-02 3.385586e-01 -2.479561e-02 6.795623e-02 4.593073e-02
4.163083e-01 -9.964550e-02 -6.980069e-03 -1.244433e-02 -1.413315e-01 -2.300594e-02 2.872006e-01 -1.196638e-01
-6.126104e-02 -1.009327e-01 1.910919e-01 1.465109e-02 5.573121e-01 -6.918538e-02 -6.300615e-02 -1.188741e-01
2.572634e-01 -1.893529e-01 1.505338e-03 4.244214e-01 2.273737e-01 8.380638e-02 5.846117e-02 -6.422023e-02
3.604313e-01 -1.149488e-01 -8.616055e-02 3.914325e-01 4.085412e-01 1.620553e-01 -8.483440e-02 -1.499684e-01
1.785577e-01 -1.906058e-01 4.418251e-02 2.501670e-01 -1.230298e-02 -2.555294e-02 2.821826e-03 -1.222567e-02
-1.335846e-02 6.487809e-03 8.219242e-02 -5.295113e-02 -8.897467e-02 -2.920653e-02 -8.397458e-02 3.762901e-01
2.144069e-01 -1.200312e-01 -8.672317e-02 -4.891247e-03 -1.012033e-01 -4.026374e-02 -4.285893e-02 -1.025776e-01
4.294461e-01 -9.819639e-02 -1.071546e-01 3.696184e-01 2.536639e-01 2.368304e-01 -8.493593e-02 -1.346975e-01
-6.036265e-02 1.097391e-01 2.273370e-01 -4.046470e-02 3.548123e-01 -2.900884e-03 4.950315e-02 1.264260e-01
5.279089e-01 -1.535905e-01 -1.293085e-01 7.964100e-02 -7.345758e-02 1.960636e-02 7.475270e-02 -1.394998e-01
-6.259800e-02 -1.049302e-01 1.289024e-01 -5.620123e-02 2.948891e-01 -1.138950e-01 -6.605459e-02 -1.356880e-01
3.143989e-01 1.163366e-02 -5.025127e-02 3.594615e-01 2.501388e-01 1.196258e-01 -6.354304e-02 -1.919873e-03
3.544587e-01 -1.379000e-01 -1.859029e-02 4.109428e-01 2.009427e-01 -9.540953e-02 5.986753e-02 -1.385710e-01
1.072281e-01 -1.120663e-01 1.728470e-01 2.738216e-01 5.060539e-01 -1.337310e-02 -7.957857e-02 -1.361023e-01
3.578967e-01 3.847218e-02 -5.896436e-02 -1.598297e-02 -7.908465e-02 1.067286e-01 3.320321e-02 5.332289e-02
-5.829997e-02 -1.073910e-01 3.270575e-01 5.181446e-02 4.760306e-01 -9.225751e-02 -6.908055e-02 -1.323655e-01
2.743585e-02 -1.208378e-01 4.139239e-01 2.148215e-02 1.345212e-01 -1.368093e-01 2.719005e-02 -1.669092e-02
1.908674e-01 -1.172594e-01 1.538507e-02 3.131976e-01 5.095932e-01 1.191116e-01 -8.192738e-02 -1.430842e-01
5.796549e-01 -1.157523e-01 -1.094150e-01 3.128789e-02 -1.294701e-01 1.435121e-01 1.739914e-01 -1.516732e-01
1.931227e-01 1.247563e-01 -5.437754e-03 2.282038e-01 2.787443e-01 1.330912e-01 -1.127417e-01 8.209405e-02
2.705286e-02 -5.278358e-02 3.278761e-01 1.296531e-01 2.485033e-01 -4.380628e-02 -5.067868e-02 -8.217999e-02
3.293160e-01 -9.805082e-02 -2.085366e-02 3.931729e-01 4.146274e-01 -4.086181e-02 -7.211149e-02 -1.289550e-01
-2.646974e-02 -1.650505e-01 2.417648e-01 1.850867e-01 -2.009001e-02 -2.253992e-02 3.402513e-03 7.436536e-03
2.094492e-03 -9.389050e-02 1.528638e-01 -7.987905e-02 -1.436593e-01 -1.101413e-01 2.192270e-01 -9.929024e-02
-6.237791e-02 9.051568e-02 2.765237e-01 1.323952e-02 2.704291e-01 5.184206e-02 -9.000611e-02 2.821224e-02
4.165076e-01 -2.062533e-01 -2.759077e-03 4.026784e-01 8.482990e-02 7.786543e-02 2.904918e-02 -1.949623e-01
1.904538e-02 -1.721935e-01 3.332740e-01 1.746429e-01 3.182992e-01 -3.533724e-02 8.427384e-02 1.274888e-02
-6.621996e-02 -2.369972e-02 1.655099e-01 1.643633e-01 3.422259e-02 -2.027440e-02 -1.433358e-02 8.015648e-02
-6.269657e-02 1.381267e-01 4.850717e-02 3.021306e-01 -4.807417e-02 -1.984507e-02 -1.633460e-01 -1.692825e-01
2.089583e-02 8.109601e-02 -1.269414e-01 -3.561996e-02 2.557906e-01 5.935369e-02 4.827909e-01 -1.005559e-01
-9.357335e-02 -6.411093e-02 -1.089213e-01 3.580321e-01 -6.763912e-02 -8.427833e-02 -1.513547e-01 -1.189700e-01
-1.912672e-01 -1.259904e-01 1.235474e-01 9.319837e-02 -8.655284e-02 -7.179022e-02 -1.469760e-01 -1.041360e-01
-1.031172e-01 -1.244439e-01 -1.190727e-01 1.390249e-02 -1.612221e-01 2.811285e-01 3.079224e-01 -8.246443e-02
-5.967185e-02 -1.133201e-01 1.183935e-02 -7.359503e-02 2.630021e-01 -1.281356e-02 5.444250e-01 -7.813340e-02
-5.219922e-02 -4.715967e-02 -2.646690e-02 -1.152179e-01 8.411916e-03 -3.671332e-02 3.766941e-01 -4.821859e-02
-8.233832e-02 -1.819306e-02 -1.773228e-01 7.317632e-02 -9.762552e-02 3.235041e-01 2.031325e-01 -7.854230e-02
-1.805819e-01 -7.882162e-02 -3.294307e-02 1.901858e-01 -8.236708e-03 -5.747487e-02 -2.048132e-01 -1.718384e-01
-1.062112e-01 -9.299489e-02 3.422901e-01 5.487837e-02 -9.313970e-02 -4.964118e-02 -1.264913e-01 -7.972890e-02
1.155492e-01 4.457451e-01 -1.279665e-01 -1.879446e-02 1.264104e-01 1.400089e-01 2.411817e-01 -8.228742e-02
-1.005092e-01 2.745770e-03 -1.222484e-01 3.340560e-01 2.079752e-02 -3.706282e-02 -2.569389e-01 -2.415856e-01
-1.134590e-02 1.901224e-01 -1.439444e-01 -8.803268e-02 9.724630e-03 -2.577702e-03 3.351759e-01 -4.317442e-02
-8.868238e-02 2.665507e-02 -2.101012e-02 2.345002e-01 3.847528e-02 7.140446e-02 -3.048428e-01 -1.768316e-01
-9.104245e-02 5.338570e-01 -9.022747e-02 3.416970e-01 -9.238492e-02 -4.831083e-02 -1.710194e-01 -1.039947e-01
-8.953191e-02 -1.442748e-02 2.120744e-01 2.116727e-01 -6.502873e-02 5.147329e-03 -1.577382e-01 -1.377253e-01
-1.177387e-01 2.253962e-01 7.145565e-02 7.473189e-02 -1.104211e-01 -6.321564e-02 -1.422465e-01 -2.283940e-02
-4.210077e-02 1.233600e-02 -1.264831e-01 3.354084e-01 1.494105e-02 3.108195e-02 -2.666342e-01 -8.376516e-02
2.273004e-01 1.152319e-01 -1.309827e-01 -2.448411e-02 3.270729e-01 1.711845e-01 1.925997e-01 -7.575358e-02
-1.037533e-01 -1.228324e-01 6.329152e-02 2.813403e-01 -8.378169e-02 -7.702056e-02 -1.479514e-01 -1.107470e-01
-7.953963e-02 2.142306e-01 -9.103139e-02 3.913769e-01 -1.322001e-02 1.311529e-02 -2.875311e-01 -1.777794e-01
1.573499e-01 1.516746e-01 -9.188983e-02 -5.264544e-02 1.474221e-01 1.550018e-01 2.268739e-01 -9.736773e-02
-1.238851e-01 -9.285265e-02 -8.744201e-02 2.006496e-01 -1.114645e-01 -1.081100e-01 -1.370964e-01 -6.925046e-02
1.547634e-01 -3.583075e-03 -5.415484e-03 6.072685e-03 3.668794e-01 1.241413e-01 3.507259e-01 1.326732e-02
-1.525437e-01 -4.434902e-02 -7.513013e-02 -1.427648e-01 -3.442176e-02 -6.081540e-02 -9.260398e-02 -2.207435e-02
-1.407979e-01 -3.164897e-02 -8.863974e-02 -1.042123e-01 1.450676e-01 -2.658997e-02 -1.242752e-01 -7.330244e-02
-8.361322e-02 1.031090e-01 -1.655506e-01 4.057642e-01 -5.757395e-02 -7.878215e-02 -1.616340e-01 -1.210161e-01
-1.367767e-01 -1.506385e-01 1.171174e-01 -6.607686e-02 -1.262818e-01 2.449508e-01 3.093068e-01 -5.811844e-02
-8.604463e-02 2.977766e-01 -1.445178e-01 4.173495e-01 -6.349804e-02 -7.450023e-02 -1.667470e-01 -1.104531e-01
-1.142988e-01 3.582004e-02 -1.284018e-01 3.423459e-01 -1.027840e-01 -6.830894e-02 -1.948882e-01 3.714393e-02
-3.284689e-02 3.372738e-01 -1.485344e-01 1.006441e-01 -1.410194e-01 3.800357e-01 1.866906e-01 -1.149703e-01
5.609664e-02 -8.449633e-02 1.043724e-01 1.168560e-01 -9.304159e-02 4.853455e-02 -9.301682e-02 -1.285155e-01
-1.544580e-01 3.710474e-01 1.610035e-02 3.320660e-01 7.536188e-04 -1.590637e-01 -7.494628e-02 1.137314e-01
2.426296e-01 -2.514276e-02 -1.784036e-01 -1.668055e-01 -1.677581e-01 -8.917803e-02 -1.756024e-02 -1.589037e-02
-5.953491e-03 -1.019566e-01 -1.643549e-01 2.613511e-01 -1.594562e-01 -8.779252e-02 2.512626e-01 -1.545106e-01
5.135729e-01 -1.165168e-01 -7.264969e-02 -1.236689e-01 -1.488993e-01 -1.026943e-01 -5.781489e-02 -8.020524e-03
2.204683e-01 -1.465384e-01 -9.011857e-03 -7.012703e-03 6.641519e-02 -1.099844e-01 -1.296515e-01 2.564887e-01
-1.346076e-01 -8.484933e-02 -7.293656e-02 -8.011515e-02 7.872221e-02 1.078786e-01 -3.237879e-02 -1.372247e-01
1.375629e-02 -9.470209e-02 -2.641020e-01 4.865327e-02 -2.669920e-01 -1.037595e-01 2.880129e-01 2.134627e-02
-1.295627e-01 -8.579673e-02 -1.093017e-01 -7.577489e-02 1.952673e-01 -9.263185e-02 -5.826064e-02 -1.048057e-01
1.921746e-01 -9.464073e-02 -1.431570e-01 -8.814947e-02 -2.798818e-02 -1.511483e-01 -4.466262e-02 8.752265e-02
-1.191352e-01 5.205905e-01 -2.687104e-02 1.625779e-02 -5.768415e-02 -1.292038e-01 -4.156668e-02 4.834104e-02
-5.183896e-02 -1.120343e-01 -1.004778e-01 -5.906278e-02 -1.325494e-01 -9.031066e-02 5.436391e-01 4.728154e-02
6.872743e-02 6.773981e-02 -1.280663e-01 -2.233232e-01 -5.336038e-02 3.101279e-02 -7.142764e-02 -1.975365e-01
3.757739e-02 -6.457477e-02 -3.789062e-01 6.744607e-02 -3.124318e-01 -8.614288e-02 1.117618e-01 -2.564845e-01
5.155767e-02 -1.505940e-01 -5.895521e-02 1.743979e-01 -9.460950e-02 -1.026829e-01 5.134220e-01 4.543830e-02
-1.382158e-01 -9.990446e-02 7.413198e-02 -6.808000e-02 5.495571e-02 3.241033e-01 -1.030136e-01 -1.270236e-01
1.105922e-02 -1.315972e-01 -5.424836e-02 -4.391167e-02 1.366483e-01 -8.408501e-02 -1.181018e-01 8.286040e-02
3.485106e-01 6.761874e-02 -1.250636e-01 -1.420920e-01 -1.729633e-01 -6.362517e-02 -1.979252e-01 -3.255961e-01
2.821155e-01 -7.866888e-02 -1.183039e-01 1.764648e-02 -1.116664e-01 -4.665435e-02 -1.366862e-01 -1.118256e-01
-4.572392e-03 -2.258500e-02 -2.338355e-01 -1.030177e-01 -2.843615e-01 -2.494051e-02 2.261323e-01 -1.572961e-01
-1.051834e-01 -4.977129e-02 -1.858559e-01 -1.569589e-01 -9.806947e-02 -7.257055e-02 4.381898e-01 -1.364891e-01
-1.880935e-02 -8.354152e-02 -1.554718e-01 -5.724574e-02 4.935603e-02 -1.613171e-01 -1.598443e-02 -5.160635e-02
-1.556768e-01 1.756554e-01 -1.070589e-03 5.101336e-01 -4.485987e-02 -1.706905e-01 -1.446532e-01 -1.113694e-01
1.263740e-01 -1.278416e-01 -6.498118e-02 -7.658500e-02 -1.977183e-02 2.163283e-01 -1.310203e-01 1.187653e-01
3.773499e-01 -8.274173e-02 -1.485200e-01 -1.358623e-01 -1.632913e-01 -1.485170e-01 -3.647630e-02 1.455187e-01
-1.098915e-01 -2.445971e-02 -1.481821e-01 -9.252009e-02 4.215215e-02 -9.840245e-02 1.556466e-02 -1.985759e-01
3.623935e-01 -1.448599e-01 -9.997464e-02 -2.641343e-03 -6.087673e-02 -2.335812e-01 -9.561712e-02 2.992117e-01
3.801049e-01 1.001590e-02 -7.513734e-02 -2.324208e-01 -1.977441e-01 -6.769639e-02 -7.742215e-02 -1.726415e-01
4.669824e-01 -3.220380e-02 -1.683934e-01 -1.351768e-01 -2.064835e-01 -1.797983e-01 -6.584597e-02 -1.058787e-01
3.676731e-02 -4.945825e-02 1.428542e-01 -1.095158e-01 -8.351453e-02 7.658810e-02 -8.259104e-02 -7.265405e-02
4.090540e-01 -1.228303e-01 -3.064133e-02 1.922008e-02 -1.815217e-01 -2.603554e-01 -6.622700e-02 4.992648e-02
6.505057e-02 -3.783957e-02 -2.049310e-01 -1.149617e-01 -6.625505e-02 -1.128742e-01 -4.008032e-03 -9.820538e-02
4.489059e-01 -1.414019e-01 -7.082112e-03 -7.358772e-02 -5.371543e-02 -9.854567e-02 -1.049184e-01 1.626912e-01
-2.159580e-01 -1.201628e-01 1.688667e-01 -5.405478e-02 -1.031819e-02 -1.363661e-01 -1.368397e-01 1.753759e-02
-1.230529e-01 -5.595196e-02 -1.381401e-01 -2.037234e-02 2.151399e-01 3.001383e-01 3.273218e-02 1.576995e-02
3.333266e-01 -4.376306e-02 2.959555e-01 -6.077550e-03 -1.403376e-03 -1.154773e-01 1.643640e-01 -1.615131e-01
-1.816109e-01 -1.059709e-01 -6.963807e-02 -8.007578e-02 2.353165e-01 -8.228201e-02 -7.814892e-02 -2.101937e-02
-1.523677e-01 -8.962659e-02 2.800718e-01 -7.106747e-02 -1.040520e-01 -1.279042e-01 -8.784756e-02 4.071383e-02
-1.499429e-01 -7.386155e-02 -9.162531e-02 -1.463432e-01 1.184181e-01 -1.187088e-03 3.151007e-03 5.591803e-02
-1.111616e-01 -8.757292e-02 -1.109861e-01 2.670151e-01 2.822359e-01 3.384010e-01 -7.152101e-02 -6.987567e-02
-1.069176e-01 -1.926770e-02 -1.339414e-01 1.044811e-02 3.178978e-01 1.657564e-01 3.557814e-02 1.130094e-02
4.135619e-01 -1.968631e-01 9.798298e-02 -7.614996e-02 7.219464e-02 -2.215638e-02 1.037244e-01 7.695500e-02
-1.651309e-01 -9.504892e-02 -1.071399e-01 2.367696e-01 3.277815e-01 1.297515e-01 -1.926730e-01 -1.238547e-01
-3.070093e-01 -3.139711e-01 -8.989359e-02 -1.371306e-01 1.616573e-02 -5.050104e-02 -1.006150e-01 4.141976e-03
5.986262e-01 -9.142865e-02 2.426688e-01 -1.305387e-01 -1.039829e-01 -8.590154e-02 1.751075e-01 4.647678e-02
-2.577065e-01 -1.128844e-02 -1.036266e-01 5.222000e-02 2.291020e-01 -9.103744e-02 -9.082186e-02 5.956389e-02
-1.712062e-01 3.909370e-02 3.913188e-01 9.414037e-02 -2.040750e-01 1.902845e-02 -1.399580e-01 6.888936e-02
-1.748996e-02 -1.905154e-02 -1.569812e-01 -1.472808e-01 2.165227e-01 1.823965e-01 1.150663e-01 5.465774e-02
-2.220019e-01 -1.365158e-01 -2.619454e-02 1.099201e-02 2.102524e-01 -1.551678e-01 -2.010421e-01 -9.478319e-02
-2.245044e-01 -1.373296e-01 1.351956e-01 -1.023110e-01 -8.276813e-02 5.101167e-03 -5.339497e-02 1.215920e-01
-1.890327e-01 -6.870579e-02 -1.437677e-01 -1.059353e-01 2.824114e-01 4.855012e-02 6.430942e-02 8.609045e-02
-2.770756e-01 -9.577551e-02 -1.092090e-01 4.084574e-02 3.500458e-01 1.271156e-01 -5.499993e-02 9.637580e-03
-2.805853e-01 -2.963744e-01 -1.768132e-01 1.521067e-01 2.371730e-01 1.981869e-02 -1.791078e-01 -8.796357e-02
-1.396839e-01 -7.392628e-02 -1.150008e-01 1.112318e-01 2.868143e-01 2.366789e-01 -9.101282e-02 -3.724074e-02
-1.264978e-01 -8.600663e-02 -1.259729e-01 -5.472321e-02 2.207625e-01 1.093862e-01 -6.878479e-02 -6.227276e-03
-2.198938e-01 -2.037255e-01 2.010665e-01 2.848403e-02 -3.440729e-02 -2.481625e-01 -1.213791e-01 4.987980e-02
-2.220601e-01 -8.170605e-02 -9.502023e-02 1.914372e-01 2.891097e-01 -1.204131e-01 -2.434121e-01 -1.221796e-01
3.596613e-01 -3.773192e-01 4.334607e-02 -1.254550e-01 6.932406e-02 3.579974e-02 1.258055e-01 8.142682e-02
-1.245853e-01 6.801084e-02 -6.502867e-02 4.058118e-01 2.551227e-01 -1.706171e-02 -2.045256e-01 -1.099357e-01
-1.374384e-01 -1.404742e-01 2.936524e-01 3.265107e-02 -1.076064e-01 -1.716536e-01 -2.141063e-01 -6.520116e-02
-1.418833e-01 -2.350209e-01 -2.228903e-01 8.979687e-03 1.652695e-01 2.608252e-01 5.517378e-03 -5.202698e-02
-2.455351e-01 -4.181848e-01 1.040213e-01 -7.749176e-02 -4.046559e-02 8.526151e-03 -1.801442e-01 1.935439e-02
-1.802898e-01 -8.140555e-02 -1.227712e-01 9.332965e-02 3.446021e-01 3.016325e-03 -1.162474e-01 -4.904180e-02
4.226815e-01 -2.231325e-01 3.176519e-01 8.705825e-02 7.495822e-02 -1.507917e-02 -1.053911e-01 1.150589e-02
-1.416324e-01 3.880074e-02 2.456789e-01 1.479727e-01 -1.046580e-01 -2.152473e-05 -2.791835e-01 -1.074199e-01
6.490735e-02 -1.109407e-01 2.744474e-01 2.284266e-01 2.898487e-01 -4.565674e-02 3.380203e-02 -8.253232e-02
3.970234e-01 -1.061746e-01 -1.226492e-01 3.890069e-01 2.398933e-01 1.972189e-01 -7.378645e-02 -1.159434e-01
1.431515e-01 -1.168179e-02 2.557980e-02 1.855082e-01 4.068466e-02 -1.535847e-02 -3.654557e-02 5.709154e-02
4.229698e-01 -1.818241e-01 -8.468784e-03 3.797481e-01 7.350397e-02 7.379526e-02 5.121260e-02 -2.055070e-01
3.489950e-01 -3.923488e-02 -2.037309e-02 -4.312024e-02 -1.241624e-01 -3.897425e-02 2.834644e-01 -7.644647e-02
-9.979051e-02 -6.387033e-02 2.425329e-01 1.744186e-01 1.371501e-02 -1.703284e-02 2.518142e-02 5.616025e-02
4.436079e-01 -5.135392e-02 -7.949162e-02 3.429733e-01 1.642773e-01 6.806060e-02 -9.038538e-03 -1.440343e-01
2.011613e-01 -7.822708e-02 2.651655e-02 3.432634e-01 3.566039e-01 -1.143153e-01 4.605358e-02 -8.416522e-02
-7.266454e-02 -9.598234e-02 1.389677e-01 -8.598924e-02 2.678497e-01 -1.070207e-01 -5.471959e-02 -9.735271e-02
5.191936e-01 -1.486305e-01 -1.375018e-01 8.331788e-02 -7.343400e-02 1.876603e-02 7.845592e-02 -1.433945e-01
-8.080663e-02 5.279884e-02 1.700732e-01 -2.698798e-02 4.700842e-01 -6.158398e-03 -2.450400e-02 8.497339e-03
-4.625165e-02 -1.397618e-01 1.211706e-01 -5.421542e-02 -1.104739e-01 -1.422243e-01 -7.591464e-03 -7.378122e-02
6.459782e-02 4.600204e-02 -6.302564e-02 -3.531514e-02 -6.796326e-02 3.123163e-02 -5.510241e-02 3.504229e-01
-7.565446e-02 -1.825866e-02 1.629899e-01 -9.217118e-02 -7.459943e-02 -8.795301e-02 3.299203e-02 -2.416007e-02
1.756623e-01 -2.275961e-01 4.909468e-02 2.632245e-01 -3.027959e-02 -1.199325e-02 3.812960e-02 -2.467268e-02
2.536759e-01 1.027346e-01 -5.203476e-02 2.444959e-01 2.533528e-01 1.826461e-01 -1.117829e-01 4.863751e-02
1.531847e-01 -1.037610e-01 2.095480e-02 3.245354e-01 4.517536e-01 6.985994e-02 1.877584e-02 -9.340119e-02
2.525003e-01 -1.684638e-01 2.565276e-03 3.895180e-01 2.080916e-01 6.673294e-02 9.435812e-02 -8.161183e-02
-4.777972e-02 4.510003e-02 3.054210e-01 3.632373e-02 2.799127e-01 2.732444e-03 -4.421524e-02 -1.920254e-02
2.066376e-01 -1.353915e-01 -9.368566e-02 2.139598e-03 -1.026457e-01 -4.666253e-02 -1.191560e-02 -8.992380e-02
1.480965e-02 -1.012836e-01 4.068860e-01 2.164666e-02 1.427203e-01 -1.356762e-01 3.803361e-02 -3.364541e-02
-1.831205e-02 -8.571377e-02 3.358802e-01 1.025641e-01 3.388533e-01 -3.112041e-02 9.865900e-02 2.658934e-02
5.693961e-01 -9.814987e-02 -1.380417e-01 2.102122e-02 -1.268073e-01 1.119648e-01 1.747396e-01 -1.450835e-01
3.608398e-01 -1.160897e-01 -1.998828e-02 3.901775e-01 1.951590e-01 -1.056549e-01 7.919310e-02 -1.450554e-01
-9.478533e-02 1.359178e-01 2.294697e-01 -6.845391e-02 3.339596e-01 3.238156e-02 1.558117e-02 1.051992e-01
-3.659591e-02 -5.905858e-02 1.784412e-01 5.307751e-02 4.890531e-01 -7.577697e-02 2.590357e-02 -6.260623e-02
-8.607671e-02 4.420961e-02 1.393344e-01 -1.003668e-01 -8.353058e-02 -1.609905e-02 -1.079727e-01 3.351093e-01
1.186800e-01 7.887327e-02 3.898606e-02 2.113134e-01 4.103611e-01 7.039497e-02 -4.633821e-02 2.624567e-02
2.747026e-01 -2.124819e-02 -9.354721e-02 3.463184e-01 3.993060e-01 1.441852e-01 -6.088903e-02 -4.959619e-02
3.392679e-01 -1.307853e-01 -1.090778e-01 4.204112e-01 3.462436e-01 3.746704e-02 -1.602685e-02 -1.288267e-01
3.694775e-01 7.694376e-02 -8.776285e-02 -6.479305e-02 -7.749319e-02 1.458238e-01 1.051447e-01 1.492687e-02
-1.340210e-02 -1.777053e-01 2.144475e-01 1.701655e-01 -3.283508e-02 -7.546837e-03 1.082499e-02 -1.143969e-02
