2 6 8 16 64
-3.050166e-01 1.195189e-01 4.524145e-01 5.990195e-02 1.089262e-01 1.312202e-01 1.148560e-01 2.551714e-01
-8.003579e-02 4.152224e-01 -4.994147e-02 -1.917460e-01 2.476485e-01 8.561349e-02 3.021026e-01 -1.950668e-01
-1.597731e-01 3.537671e-01 -9.602389e-02 3.441537e-01 9.975825e-02 -3.086505e-01 -9.630194e-02 2.408116e-01
-2.172601e-01 -3.518324e-02 1.379879e-01 1.965781e-01 1.794806e-01 -2.341926e-01 -5.504220e-02 9.517588e-02
-1.277871e-01 -4.168215e-01 -1.576997e-01 -1.667951e-01 -6.664522e-02 6.363466e-02 4.665267e-02 -2.222735e-01
4.155738e-01 4.764638e-02 -2.698373e-01 -1.197355e-01 -1.257260e-01 2.317413e-01 -8.459695e-02 -5.271225e-02
3.919379e-02 2.489836e-01 1.777617e-02 -2.609056e-01 3.748085e-02 -9.309935e-02 6.830536e-02 1.441975e-01
-3.272048e-01 -3.458608e-02 -3.189395e-01 1.046744e-01 2.616870e-01 1.372928e-01 -2.567303e-01 6.389076e-02
1.910245e-01 -1.307841e-01 1.373074e-01 -1.653041e-01 2.865486e-03 6.135671e-01 -3.364031e-02 4.131451e-03
1.351262e-01 7.556858e-02 3.005288e-01 -1.453790e-01 -4.211730e-01 -5.504528e-02 -1.262151e-01 1.352258e-01
-2.403083e-01 -2.550952e-03 -1.534135e-01 1.723113e-01 5.275832e-01 1.355187e-01 1.320805e-01 -3.139526e-04
1.542255e-02 -3.756416e-01 3.515751e-02 -4.844377e-04 -1.696325e-01 -3.087359e-01 1.847070e-01 4.381204e-01
-2.197213e-02 4.880170e-01 2.634377e-01 -5.285171e-02 2.549176e-01 7.852571e-02 4.763979e-02 2.727103e-01
2.513765e-01 2.237451e-01 -1.627096e-01 4.013987e-01 -1.377504e-01 2.160335e-01 -5.884980e-02 1.834982e-01
-1.890803e-01 -2.909783e-01 2.105130e-01 2.361211e-01 1.781950e-01 4.065396e-02 -9.884039e-02 -2.852388e-03
-1.345596e-01 1.401467e-01 -8.120704e-02 -5.480393e-02 2.869232e-01 3.267218e-02 -3.742172e-01 -2.491164e-02
-7.073260e-02 -2.943539e-01 9.162903e-02 9.200656e-02 -1.146064e-01 -1.722326e-01 -2.256335e-01 2.776519e-01
5.298031e-01 3.618007e-01 -3.469138e-01 6.356744e-02 5.289656e-02 1.221471e-01 -5.467971e-02 -2.572755e-01
-3.106306e-02 1.186119e-01 5.071303e-01 -1.596210e-01 -2.121677e-01 1.712828e-02 -1.797899e-01 1.216695e-01
-5.369515e-02 3.893473e-01 -9.205085e-02 -3.248335e-01 1.566306e-01 -3.083825e-01 5.875981e-02 7.368580e-02
-2.415197e-01 4.492748e-02 8.297938e-02 8.686431e-02 5.764257e-01 1.700467e-01 6.555042e-02 9.919606e-02
2.607734e-01 -3.647705e-01 -2.270561e-01 -1.851497e-01 -9.839579e-02 2.558059e-01 3.344966e-02 -1.623798e-01
-7.329040e-02 5.298030e-01 1.236925e-01 -1.804063e-02 2.248640e-01 -1.570348e-01 -5.040837e-02 2.543475e-01
1.461917e-01 -4.813675e-01 1.335346e-02 -1.491970e-02 -1.488947e-01 3.098122e-01 1.416839e-01 -1.244139e-01
7.602056e-02 -1.785176e-01 4.750053e-01 2.570801e-02 -8.363722e-02 -3.009744e-01 -1.003291e-01 -1.997400e-02
2.794853e-01 -1.399155e-01 -1.392154e-01 -1.037676e-01 -1.378404e-01 5.489157e-01 8.383591e-02 -1.504057e-01
-9.523921e-03 2.297941e-01 -3.334792e-01 3.068199e-02 2.004030e-01 1.641322e-01 -2.945270e-01 -1.093701e-01
-6.944372e-02 -9.481497e-03 9.661406e-02 -1.875111e-01 1.988170e-01 -1.304143e-01 -3.491618e-01 2.600751e-02
8.051289e-02 -2.218403e-01 1.162439e-01 6.773597e-02 -1.851164e-01 -4.168736e-02 5.523597e-01 6.338365e-02
1.216078e-01 -3.378592e-01 1.229733e-01 1.391888e-01 -1.065501e-01 5.192230e-01 -7.261892e-02 -2.930804e-02
2.090188e-02 1.287224e-01 2.672226e-01 3.947030e-02 -3.714693e-01 4.780137e-02 -4.284174e-02 2.787771e-01
3.713535e-01 -4.517893e-02 1.023136e-01 2.501732e-01 -2.142437e-01 -2.861753e-02 -1.777118e-01 1.104617e-01
-1.336399e-01 8.373553e-02 2.484987e-01 3.616495e-02 -1.290827e-01 1.162537e-01 -4.616828e-02 4.112989e-01
-2.717932e-02 -1.909865e-01 -1.771179e-01 1.399613e-01 -4.210784e-02 -8.697890e-02 -4.820427e-02 -1.759056e-01
4.685771e-01 -5.806275e-02 5.171584e-02 -2.547044e-01 -2.996972e-01 -2.047037e-01 -2.943606e-01 -1.158588e-01
-3.129369e-01 -2.179963e-02 -3.198528e-01 1.737744e-01 1.280580e-01 1.278998e-01 -1.350951e-02 6.063113e-02
-1.026749e-01 4.493053e-01 1.772871e-01 1.511115e-01 8.130739e-02 -2.094551e-01 -8.245971e-02 2.938321e-01
-3.948983e-01 3.320136e-02 1.266302e-01 3.208796e-02 3.924218e-01 -3.558703e-01 -1.802428e-01 -5.182619e-02
-2.407683e-01 -2.391296e-01 1.964720e-02 -2.792353e-01 1.552536e-01 -4.087535e-02 -6.363123e-03 -1.490490e-01
1.357163e-01 2.316599e-01 -8.311945e-02 -1.045262e-02 -2.516378e-01 -2.593298e-01 -2.514819e-02 9.254297e-02
-1.577891e-01 1.825357e-01 4.850010e-01 -1.808076e-02 -6.905028e-02 1.221883e-01 -8.086303e-02 2.667605e-01
1.942108e-01 -9.494166e-02 -2.520619e-01 4.169402e-01 -2.065284e-01 1.910285e-01 -6.189025e-02 2.181399e-01
1.045358e-01 -3.929640e-01 2.000878e-02 -1.907998e-01 7.329300e-03 4.007432e-01 1.998975e-01 -2.215809e-01
-1.061963e-01 1.991357e-01 3.363198e-01 -2.761512e-01 4.118418e-01 -9.556480e-02 -3.238462e-01 -2.433296e-01
-6.695288e-02 1.971678e-01 1.282567e-01 -1.066018e-01 5.310319e-02 -3.062899e-01 1.391998e-02 2.158893e-01
7.852398e-03 1.343485e-02 -1.992909e-01 2.113885e-01 -1.692066e-01 8.135562e-02 3.814012e-01 2.118230e-01
1.097851e-02 -1.712581e-01 2.225859e-01 -2.016649e-02 2.660829e-01 4.260707e-01 -2.154314e-01 9.345564e-02
-2.159221e-01 -2.206238e-01 4.383399e-01 -6.999716e-02 -1.612508e-01 -2.388182e-01 2.040732e-01 1.469308e-01
-1.226934e-01 -2.178342e-01 6.456368e-02 3.895532e-01 -8.503190e-02 -2.292429e-01 6.563162e-02 -4.786551e-03
-2.112150e-01 1.389662e-01 1.796196e-02 -1.032437e-01 6.200035e-01 -6.206995e-02 -2.460040e-01 -9.200595e-03
1.852404e-02 -4.062902e-01 2.218165e-01 2.506491e-01 -1.870925e-01 3.411842e-01 -1.752807e-02 9.590998e-03
-3.862548e-01 1.514191e-01 1.615970e-01 2.527511e-01 3.055863e-01 2.425746e-01 2.386784e-01 1.673168e-01
-3.547910e-02 8.530493e-02 -1.659212e-01 -6.509940e-02 8.378556e-02 2.891959e-01 4.185780e-01 -1.295875e-01
1.123191e-01 4.366727e-01 -2.009742e-01 2.039106e-01 -6.672715e-02 1.513932e-01 1.271406e-01 1.763624e-01
-5.398978e-02 3.729686e-01 8.033984e-02 -6.320431e-02 3.265698e-01 -1.022804e-01 6.048612e-02 1.018417e-01
-3.277982e-01 7.453810e-02 -1.676621e-01 -1.959861e-01 2.028104e-01 8.360359e-02 2.846584e-01 -7.737946e-02
9.883826e-02 -4.884951e-01 -7.537641e-02 2.498028e-02 -2.175492e-01 1.147815e-01 6.649465e-02 -1.350903e-01
-1.604024e-01 -2.997657e-02 -7.238099e-02 -2.065089e-02 5.560603e-01 5.180191e-02 4.538755e-02 -1.075218e-01
-3.394704e-01 4.104771e-02 -3.139890e-01 -1.486246e-01 2.170889e-01 1.467688e-01 3.964634e-02 1.027510e-03
-6.475918e-02 3.803589e-01 -1.380338e-01 -4.692556e-02 2.751625e-01 3.756371e-01 -1.274201e-01 -3.425746e-01
-1.958809e-01 5.620243e-01 1.910167e-02 -4.063849e-02 1.729150e-01 -3.012574e-01 -1.084160e-01 1.559058e-01
7.424142e-02 4.260027e-02 5.299945e-02 3.565683e-01 -1.744584e-01 -6.865750e-02 -2.838499e-01 2.931808e-01
-2.106742e-01 5.018070e-01 3.522015e-02 3.503923e-02 4.077228e-02 -3.442010e-01 -2.518213e-01 2.812256e-01
-3.790600e-01 4.914819e-02 -1.245874e-01 3.138572e-01 3.221002e-01 2.517106e-01 3.132109e-01 1.353669e-01
-7.175730e-02 8.764738e-02 1.606172e-03 -3.132383e-01 1.572199e-01 1.882520e-01 -2.786776e-01 3.409934e-02
2.533471e-01 -2.001527e-01 -5.896499e-02 5.562881e-01 9.184343e-02 3.918496e-02 2.777960e-01 7.869419e-02
-2.822069e-01 6.536259e-02 -4.398970e-02 4.538968e-01 5.058160e-02 -1.934007e-01 -3.880689e-01 -1.331501e-01
4.446836e-02 -8.451300e-02 -7.520843e-02 -2.326737e-01 2.705633e-01 -6.909012e-02 4.632466e-02 -3.817574e-01
-1.487038e-01 3.287810e-01 3.344947e-01 9.430605e-02 2.056901e-01 5.650749e-02 -1.319138e-01 4.526707e-01
3.310048e-01 -7.109115e-02 6.241777e-02 -2.682631e-01 -2.693987e-02 1.586475e-01 3.689848e-01 1.415626e-01
-8.357151e-02 -3.008541e-02 -1.884504e-01 -1.112121e-01 -1.344465e-01 8.269078e-02 5.163663e-01 -4.237179e-01
2.089049e-01 4.603432e-03 3.271154e-02 -1.737667e-01 -2.596945e-01 4.668531e-01 4.686117e-01 -3.826111e-01
-3.257360e-02 4.660189e-01 1.955574e-01 -3.278287e-01 -1.128191e-01 -8.454205e-02 -3.473099e-01 2.542575e-01
3.442139e-01 -2.228727e-01 -3.367893e-01 5.051658e-01 1.724967e-01 -1.746914e-01 -1.160427e-01 -6.393416e-02
-2.516006e-01 -5.931059e-02 1.788436e-01 3.570153e-01 1.641170e-01 -1.204866e-01 -4.409169e-01 -8.699416e-02
2.687213e-01 -1.721018e-01 -1.440281e-01 -6.835388e-02 4.265076e-01 -2.724743e-01 6.505820e-02 -3.185548e-01
6.325472e-03 -2.707658e-01 1.174346e-01 4.195780e-01 -6.917240e-02 1.532705e-01 5.016290e-01 -9.529381e-02
-5.783821e-02 4.064427e-01 -1.747991e-01 2.767300e-01 2.769852e-01 7.109510e-02 2.376525e-01 -1.468200e-01
-1.017366e-01 -8.419936e-02 -8.029332e-02 3.810982e-01 -1.829770e-01 -2.505331e-01 -3.906773e-01 -1.605127e-01
-5.678603e-02 9.536409e-02 3.667708e-01 -2.676304e-02 1.444910e-02 -5.333506e-02 -3.321401e-01 4.941055e-01
1.418531e-01 -1.933507e-01 -2.984944e-01 -1.602709e-02 3.398489e-01 2.340225e-01 -2.185277e-01 5.648807e-02
1.786546e-01 4.031964e-01 3.949502e-01 -1.129951e-01 -9.260704e-02 -6.652552e-02 1.265465e-01 1.217570e-01
-1.927742e-01 9.544368e-02 5.081107e-02 1.928225e-01 -2.474597e-01 -9.744910e-02 -4.782200e-01 -1.449498e-01
2.035898e-01 1.264155e-01 7.002287e-02 -3.088601e-03 1.842317e-01 1.362721e-01 5.923969e-01 1.408329e-01
-2.387727e-01 8.431391e-02 1.768968e-01 -2.140148e-01 -3.276939e-01 3.266809e-01 4.029432e-03 5.985424e-02
-1.602981e-01 -1.557896e-01 6.014717e-02 5.918960e-01 -4.067577e-02 -1.764238e-01 -3.683996e-01 -2.231304e-01
2.069594e-01 -3.097339e-01 -3.719634e-01 2.408779e-01 4.377306e-01 1.296922e-01 -3.672121e-02 -1.519710e-02
-1.598066e-01 -2.041178e-02 -3.945474e-02 -4.730599e-02 3.138559e-01 -3.404864e-01 -2.963181e-01 3.568968e-02
2.429264e-01 -3.228503e-01 -2.808276e-01 4.994905e-01 2.885485e-01 2.968230e-02 1.932955e-01 -7.919609e-02
-3.821314e-02 -9.070259e-03 2.731923e-01 -3.515363e-03 4.096274e-01 2.541423e-01 1.786976e-01 1.698065e-01
-3.004756e-01 1.686511e-01 2.264364e-01 9.820230e-02 4.194550e-01 1.344616e-04 -2.678340e-01 4.547658e-01
-5.379320e-02 1.815998e-01 3.939396e-01 2.078380e-01 -1.668680e-01 -9.909299e-02 3.120151e-01 6.351259e-02
6.245327e-02 -5.960333e-02 -3.104658e-01 -4.331503e-02 -1.960617e-01 -1.809710e-01 -3.871444e-02 -1.089264e-01
-6.481426e-02 -3.578179e-01 -5.873028e-02 5.230013e-02 1.029490e-01 2.524913e-01 5.536435e-02 -1.768370e-01
-2.827744e-02 -2.932840e-02 2.908014e-01 6.247724e-01 4.308886e-02 -9.091936e-02 -2.729055e-01 -2.476510e-01
3.365932e-01 -2.146465e-01 -3.352205e-01 2.644739e-01 -1.033033e-01 1.157626e-01 1.332703e-01 -1.780881e-01
-9.015354e-02 5.009747e-01 2.812813e-01 -2.387750e-01 -3.300712e-01 -1.638377e-01 -6.161906e-02 2.644047e-01
1.356873e-01 -1.443351e-01 1.030832e-01 5.130913e-01 -1.192614e-01 -2.260043e-02 4.513290e-01 7.661300e-02
-4.325113e-02 -1.336692e-01 -1.073667e-01 1.885590e-01 -1.631234e-01 -2.162369e-01 2.503078e-01 -5.194094e-02
1.402689e-01 -1.484246e-01 -8.612842e-02 -7.786617e-03 4.621249e-01 -3.987518e-01 -1.003209e-01 -7.960783e-02
8.002460e-02 -3.854922e-01 -8.605835e-02 4.978022e-01 8.799402e-02 2.245321e-02 4.369974e-01 -1.829203e-01
2.828238e-02 2.565167e-01 -2.475098e-02 1.496927e-01 3.149024e-01 1.894308e-01 -1.857635e-01 4.715208e-01
-2.957030e-01 7.967804e-02 7.434153e-03 2.656304e-01 1.964373e-02 -3.276472e-01 -3.215727e-01 -1.697655e-02
-2.637456e-01 1.981380e-01 3.395227e-01 -3.295647e-01 -3.309003e-01 -1.405633e-01 2.583923e-02 -9.434828e-02
-2.145248e-01 1.605299e-01 -1.135910e-01 2.802216e-01 -1.249718e-01 -9.959851e-02 -3.664742e-01 -1.884509e-01
-2.273651e-01 3.630893e-01 4.575093e-01 -1.882645e-01 -8.583333e-02 -1.077120e-02 5.610950e-02 1.312922e-01
8.436929e-02 -3.656264e-02 -1.366503e-01 5.199866e-01 6.976224e-02 -1.675923e-01 -2.532319e-01 2.284702e-01
-1.562350e-01 -7.772649e-02 3.688014e-02 -1.531501e-01 -1.998255e-01 -8.254863e-02 4.263582e-01 -4.707225e-01
2.705657e-01 2.925730e-01 -3.536108e-02 -2.734494e-01 -2.176660e-01 3.805561e-02 4.761845e-01 1.302085e-01
1.734698e-01 4.265443e-01 2.092244e-01 -1.895861e-01 1.912920e-01 5.057707e-02 -3.132179e-01 2.634705e-01
2.220208e-01 2.179561e-01 4.540395e-02 -2.646517e-01 1.363682e-01 9.828080e-02 5.471837e-01 1.931581e-01
-9.505872e-02 -3.070973e-02 -1.048727e-01 9.102020e-02 -3.491038e-01 -2.477335e-01 -4.441493e-01 -1.124795e-01
-3.431416e-02 2.008338e-01 3.155444e-01 1.175692e-01 1.712902e-01 -3.820910e-02 -3.634793e-01 5.378873e-01
1.208352e-01 4.542581e-01 3.641575e-01 -1.283225e-02 -1.435228e-01 -1.584011e-01 -2.447829e-01 1.261996e-01
-8.148982e-02 1.201722e-01 -2.076080e-01 4.405905e-02 3.070293e-02 1.048694e-01 4.785985e-01 -3.761652e-01
-1.956770e-03 1.424091e-01 1.113777e-01 -9.789448e-02 -3.888850e-01 5.075178e-01 2.583864e-01 -1.687602e-01
1.419153e-01 2.594199e-01 3.299641e-02 9.001768e-02 1.020179e-01 -2.035423e-01 2.192846e-02 1.995118e-01
-2.835804e-02 1.694710e-01 -1.534432e-01 -2.649183e-01 1.073981e-01 -1.533416e-01 -4.291621e-01 6.072676e-02
-3.053713e-01 -1.764016e-02 4.083157e-01 7.509273e-02 9.440099e-02 -2.107692e-01 -2.625700e-01 6.108889e-02
8.486953e-02 4.929362e-01 2.023436e-02 3.124783e-01 1.545016e-01 7.990035e-02 2.441166e-01 2.230738e-02
4.289896e-01 -2.721408e-01 -3.120897e-01 1.721775e-01 3.060517e-01 -1.969445e-01 1.528842e-01 -2.471322e-01
-2.455764e-01 2.416964e-02 3.933752e-02 1.288071e-01 1.999519e-01 -4.501832e-01 -4.732288e-01 5.045453e-01
-1.095241e-01 1.699708e-01 9.375918e-02 5.121456e-01 -2.327161e-02 -8.152039e-02 -3.234479e-01 -2.041386e-01
-3.325797e-01 2.258553e-01 3.437294e-01 -5.927768e-02 -3.112055e-01 1.577246e-01 -1.952112e-01 3.362076e-01
-1.611789e-01 -4.081371e-01 -1.519461e-01 1.659758e-01 -1.309204e-01 -6.477898e-03 4.892603e-01 -2.388564e-01
8.224397e-02 -4.314480e-01 1.007930e-01 -2.166423e-01 -2.007240e-01 -7.649308e-02 -2.606665e-01 9.799944e-02
-2.650477e-01 -2.258533e-01 7.675888e-02 4.365310e-01 2.795888e-01 -1.005603e-01 -3.823881e-01 -1.240929e-01
3.469064e-01 -1.592395e-01 -2.870934e-01 4.071429e-01 3.428847e-01 1.947050e-01 -3.644825e-02 1.321842e-01
2.441434e-01 4.119411e-02 2.123087e-01 -2.054918e-01 -1.248719e-01 3.646604e-01 -2.709898e-01 -4.723961e-02
-5.759755e-02 -1.841255e-01 1.108367e-01 4.153811e-01 1.132890e-01 -1.760592e-01 1.160375e-01 1.727620e-01
2.010177e-01 3.776470e-01 5.142442e-02 -1.467699e-01 -3.300325e-01 1.654461e-01 2.778722e-01 -4.839661e-01
4.292301e-02 -2.808070e-02 -3.841968e-01 1.821737e-01 2.101097e-01 -1.314394e-01 1.218815e-01 -3.507416e-01
2.979488e-01 -7.209732e-02 -6.235352e-02 3.526261e-01 1.657529e-01 2.538565e-01 -1.504489e-01 4.873707e-01
4.971801e-02 -2.246971e-02 -7.924492e-02 4.365822e-03 4.188002e-02 -8.149137e-02 1.076610e-01 -6.329386e-01
-1.692782e-02 1.870752e-02 4.872607e-01 -4.784134e-02 -1.600147e-01 4.320473e-01 -8.454775e-02 2.913578e-01
-6.264409e-03 -7.636886e-02 -7.718184e-02 -2.657518e-02 7.041142e-03 -5.910722e-02 1.027334e-01 2.441775e-01
-3.235885e-01 1.224853e-01 3.903605e-02 -2.430238e-02 1.142679e-01 -7.385927e-01 8.102384e-02 -1.020710e-01
-1.040797e-01 2.644638e-01 -1.838739e-01 7.362948e-02 -9.495920e-02 -4.260056e-01 4.338382e-01 -1.659136e-02
-4.744015e-02 5.500465e-02 4.027966e-01 -1.369576e-01 -1.729703e-01 1.833137e-01 -8.694230e-02 3.833432e-01
-2.441023e-01 -3.262266e-01 -1.154753e-01 7.521543e-02 3.526643e-01 -1.873604e-01 -2.878355e-01 5.663770e-01
3.995161e-02 6.823330e-02 -1.187659e-01 1.485155e-01 3.926504e-01 3.228839e-01 1.883986e-01 4.104194e-02
1.325077e-01 1.001179e-01 -5.491998e-02 -2.854730e-01 3.223091e-02 1.736237e-01 -3.987757e-02 -1.209130e-01
-1.218906e-01 -2.075746e-02 5.782795e-02 -1.439485e-01 -2.314473e-01 -1.795116e-01 4.002142e-02 -5.737978e-01
-2.710153e-01 3.456839e-02 4.979987e-02 1.793317e-01 4.391199e-03 -6.483409e-02 5.983833e-02 2.724378e-01
5.064986e-03 1.263115e-01 -1.958004e-01 -3.142867e-01 -3.971227e-01 8.079281e-02 -2.702701e-01 -1.698622e-01
-7.390097e-03 -8.192639e-02 2.375374e-02 2.314699e-01 1.557299e-02 -1.269366e-01 4.718566e-02 5.945824e-02
8.610884e-02 -1.949678e-02 6.361688e-02 1.087356e-04 4.366722e-02 5.473095e-01 -5.663218e-01 -1.396304e-02
-4.058890e-02 3.766393e-01 -1.523110e-01 -2.129383e-02 -3.884156e-01 6.809533e-03 7.101284e-02 4.622430e-02
3.872124e-01 -1.152974e-01 4.721602e-02 2.144794e-01 5.395710e-02 -1.346327e-01 1.782678e-01 -7.303603e-02
7.761606e-02 -3.851444e-01 1.596691e-01 3.167840e-02 3.836110e-01 1.748622e-01 -1.458719e-01 -1.281422e-01
1.031790e-01 2.311311e-01 1.909057e-02 -1.312043e-01 -8.323505e-02 -3.178667e-01 -5.691488e-02 -5.820003e-01
-1.450698e-01 -3.932479e-02 8.296528e-02 2.444100e-01 -2.526293e-01 -3.823356e-01 -6.316379e-02 -2.485829e-02
6.324712e-02 -1.015639e-01 8.801612e-03 4.233322e-02 3.155708e-01 -1.060187e-01 -2.096234e-01 -1.717946e-03
1.658250e-02 -9.472554e-02 3.462238e-01 -5.700226e-02 -3.279974e-01 4.488820e-01 -1.709940e-01 -2.305622e-02
-2.611224e-01 1.875554e-01 6.755694e-02 3.525643e-01 -4.412265e-02 1.761502e-01 6.069421e-02 -1.786229e-01
-1.176133e-01 3.061759e-01 -3.670660e-01 1.064969e-01 2.115263e-01 -5.064940e-01 1.847174e-03 -2.462714e-01
3.722850e-02 -2.228220e-02 -1.517529e-01 -9.643862e-02 2.701097e-01 4.607061e-01 -1.544605e-02 9.815052e-03
8.886530e-02 2.034235e-01 4.690541e-01 -1.313147e-01 -4.631265e-01 -1.103350e-02 -1.494457e-01 8.300135e-02
-2.257375e-01 -7.038189e-02 -3.455635e-02 -3.737104e-01 -3.163932e-01 -4.229563e-01 -4.074201e-02 -2.334619e-01
-1.670331e-01 -3.305945e-01 -2.339443e-02 2.539807e-01 3.131963e-01 -1.297339e-01 -3.612904e-01 3.179173e-01
-3.303665e-02 4.679965e-01 -5.983840e-02 -4.254346e-01 -8.193050e-03 1.609124e-01 1.982545e-01 -1.714137e-01
-1.494354e-01 4.079841e-01 -8.639828e-02 -7.422845e-02 -3.144730e-01 -4.112140e-01 -7.501544e-02 -2.493607e-02
1.763843e-01 3.212164e-01 9.833000e-02 -3.336000e-01 -3.235177e-01 1.361474e-01 3.212469e-01 -2.236843e-01
1.051256e-01 -5.767309e-02 1.602411e-01 -5.052367e-02 2.113409e-02 4.032922e-01 -5.637286e-01 -1.206016e-02
-9.750509e-03 -1.028762e-01 -1.318200e-01 3.920440e-02 1.796871e-02 -5.209677e-02 1.949096e-01 -3.312287e-01
-4.738625e-02 -1.611287e-01 -3.128143e-01 1.941606e-01 4.823569e-01 -3.434147e-02 9.491637e-02 -3.018442e-01
-2.000593e-01 -1.176588e-03 -1.871417e-02 -8.652873e-03 8.775660e-02 8.155835e-02 1.841557e-02 -4.607309e-01
-3.090029e-01 -1.276275e-01 -1.751103e-01 2.342729e-01 1.944441e-01 -4.089378e-01 1.891737e-01 7.857856e-02
1.133234e-01 -1.019212e-01 -1.744555e-02 1.172372e-01 1.312906e-01 -3.131589e-03 -5.539308e-02 7.736247e-01
1.339404e-01 -1.832409e-02 -1.804531e-01 -4.947481e-01 2.969103e-03 -7.435194e-02 -8.749878e-02 1.304291e-01
4.357468e-01 -1.294019e-01 -1.450516e-01 2.044290e-02 -8.330037e-02 -2.791466e-01 2.845048e-01 4.039353e-01
-1.183347e-01 -2.837335e-01 -3.647663e-01 4.415600e-01 7.323763e-02 -7.308360e-02 9.638917e-03 -5.836431e-02
4.896772e-01 -3.424330e-01 -1.329472e-01 -3.325129e-01 3.156008e-02 -2.373218e-01 -3.967068e-02 8.952744e-03
7.110247e-02 6.685846e-02 2.413112e-01 -1.202614e-01 -4.390561e-01 -7.141872e-02 -2.082582e-01 -2.169002e-01
-3.339461e-01 1.659543e-01 -2.674152e-01 -2.048660e-01 3.080767e-01 -6.002011e-03 -8.595640e-02 1.517626e-01
-2.933931e-01 -7.111180e-02 -3.014593e-01 4.548328e-01 2.424428e-01 -2.388963e-01 8.846869e-02 -6.979659e-02
2.230155e-01 1.111265e-01 3.054680e-01 5.591811e-02 -3.701668e-01 1.908341e-01 1.434974e-01 -3.967068e-01
3.586034e-02 1.001774e-01 9.958838e-02 -4.904774e-02 1.666552e-02 4.110407e-02 -1.988737e-01 4.238527e-01
1.570565e-01 1.619450e-02 -1.690322e-01 8.528843e-02 -5.761217e-02 1.301168e-01 -1.153931e-01 -4.803031e-01
-2.457083e-01 1.074135e-02 5.991942e-02 -2.929753e-01 -2.646883e-01 -3.317789e-01 1.138812e-01 -4.783382e-01
7.249238e-02 2.129690e-01 4.828233e-01 -3.272142e-01 -3.189804e-02 2.004203e-01 -3.175513e-02 8.934550e-02
-5.755262e-02 -1.072547e-01 -6.575023e-02 2.130915e-01 3.176850e-01 9.204824e-02 -4.069326e-01 -8.149584e-02
1.491966e-02 9.257738e-02 -4.040269e-02 -3.368602e-01 -6.592827e-02 -9.058570e-03 3.618401e-01 8.749148e-02
-1.542768e-01 -6.649059e-02 -1.547395e-01 1.677875e-01 1.075349e-01 1.929997e-01 -3.703640e-02 6.761640e-02
-3.617390e-01 -3.308706e-01 -1.757486e-01 2.707151e-01 2.425110e-01 -2.121331e-01 9.229670e-02 3.442765e-02
3.569066e-01 -2.738851e-01 -1.254108e-01 -2.706290e-01 -3.193197e-02 -4.295630e-02 -9.116945e-02 -4.356336e-01
4.205630e-01 -7.745151e-02 -1.327273e-01 1.536282e-02 -8.338932e-02 7.278962e-01 -9.516655e-02 -1.038147e-02
-3.732191e-01 1.840448e-01 1.799171e-01 -1.798150e-02 5.032462e-02 3.331356e-01 -3.915175e-01 -3.499674e-01
6.006642e-03 -1.992096e-02 -4.503518e-01 7.846424e-02 1.898324e-01 -3.452849e-01 9.241034e-02 -2.794977e-01
-6.808639e-02 4.177998e-02 -2.379981e-03 3.218533e-01 3.218095e-01 6.498913e-02 3.927724e-01 3.748386e-01
6.078203e-02 -4.578223e-01 4.679801e-01 -1.439441e-01 5.660077e-02 3.400941e-01 -3.974823e-01 -8.484218e-02
1.754889e-01 1.741859e-02 1.290012e-01 -1.065128e-01 -5.832157e-02 5.664123e-01 -3.926390e-01 -4.075188e-02
-6.262167e-02 5.060943e-01 2.452508e-01 -5.881743e-02 -3.209729e-01 -3.586437e-02 -1.719995e-01 -8.565299e-02
-2.297820e-01 -2.207401e-02 -5.495016e-03 2.220875e-02 -4.512727e-02 1.719329e-02 1.951333e-01 1.598068e-03
-4.844090e-02 4.025516e-01 2.854807e-01 1.840657e-01 2.911250e-01 -2.254452e-02 -5.985249e-01 4.483162e-02
-3.263620e-02 3.061419e-01 -1.829989e-01 1.197700e-01 3.930563e-02 4.958073e-01 2.819458e-03 -3.680234e-01
3.893415e-01 -3.681652e-02 -1.388352e-02 -1.749305e-01 9.057470e-02 -7.055286e-02 -6.943272e-02 -3.111960e-01
-4.534362e-03 -3.209342e-01 2.578014e-01 -1.067300e-01 2.436733e-02 -3.497817e-01 1.598193e-01 3.172818e-01
-2.160759e-02 1.938527e-01 3.338650e-01 5.913581e-02 1.455517e-01 3.150143e-01 3.244162e-01 -2.010807e-01
1.939912e-01 -9.223475e-02 -5.118920e-02 -2.888480e-01 -4.412917e-01 2.328166e-01 -4.034300e-02 1.859171e-01
4.238306e-02 -8.460455e-03 2.532085e-02 -1.123885e-01 7.283834e-01 -1.278510e-01 1.761377e-01 6.330807e-02
2.333325e-01 6.031259e-02 -9.128325e-03 1.552428e-01 -5.436885e-01 -1.999174e-01 -2.923441e-01 -9.763753e-02
7.680395e-02 1.015251e-02 2.387021e-01 -1.545307e-01 4.266465e-01 -7.459697e-02 -6.942610e-02 -2.414622e-02
-3.034127e-01 2.028779e-01 1.231271e-01 3.766205e-01 2.646303e-01 -2.253380e-01 -1.188005e-02 -1.683304e-01
-1.038977e-01 -1.201257e-01 -3.418490e-01 -2.493509e-02 1.699777e-01 1.270397e-01 -1.831635e-01 -1.104822e-01
-1.900851e-01 1.399117e-01 -2.894790e-01 -4.769217e-02 -1.565244e-02 2.842406e-01 3.492542e-01 1.306480e-01
5.299767e-02 1.714019e-02 5.266354e-02 -1.192900e-01 -5.435587e-01 1.538425e-01 -2.711795e-02 1.042670e-01
4.181771e-01 7.003847e-02 3.053104e-01 1.959011e-01 -1.680673e-02 -3.707474e-01 1.942128e-01 2.765916e-01
2.663021e-02 -1.685464e-01 -1.013812e-01 -9.490258e-02 -3.251175e-01 -6.118288e-04 6.165101e-01 -7.794029e-02
2.129308e-01 -2.859356e-01 1.614456e-01 1.347210e-01 -4.410876e-02 -2.636307e-01 -4.339689e-01 -6.531721e-02
-3.766705e-01 2.328783e-01 4.634698e-01 1.868321e-01 -1.734462e-02 -4.273767e-01 -3.934917e-01 -8.293507e-02
-3.562984e-01 -7.929689e-02 -8.679006e-02 2.110108e-01 -2.164219e-02 1.060025e-01 4.983431e-02 3.365290e-01
4.858449e-01 -2.157982e-01 -4.608335e-01 6.578334e-02 -2.393632e-01 -1.138739e-01 -3.360021e-01 -6.931861e-02
4.027680e-01 -6.658302e-02 -3.222566e-01 -1.710248e-01 4.873810e-02 2.922258e-01 3.926454e-01 1.278042e-01
2.913441e-01 1.143204e-01 2.496289e-01 2.681612e-01 1.485255e-01 8.150069e-02 5.301642e-01 2.636551e-01
2.397458e-01 -2.460203e-01 -5.212587e-01 7.294846e-02 -3.413793e-01 6.843548e-02 -4.757266e-01 1.620846e-02
2.466760e-01 1.013118e-01 2.257281e-01 -7.146630e-02 -1.136102e-01 -1.070111e-01 1.518252e-01 -1.967541e-01
-1.555509e-01 5.326148e-02 3.893231e-01 2.251140e-01 -3.524617e-01 -2.110975e-01 -2.034463e-01 1.183279e-02
-2.421519e-01 -1.705682e-01 2.824848e-02 5.013363e-01 2.381512e-01 -1.234068e-01 -4.791641e-02 -6.262196e-02
-5.272311e-01 1.807371e-01 -4.126917e-01 1.727037e-02 -4.142825e-02 9.182837e-02 1.775357e-01 -3.231518e-03
-8.460610e-02 -1.468480e-02 -1.318714e-01 1.340933e-01 -6.179731e-01 1.203071e-01 -6.084021e-02 2.700269e-02
-2.516543e-01 7.577074e-03 -1.951712e-02 1.644749e-01 1.526024e-01 4.151251e-01 4.868804e-01 1.596638e-01
5.316020e-02 -9.440377e-03 3.239729e-01 -1.708874e-01 1.741268e-01 1.739588e-03 -2.723557e-01 -3.771814e-03
8.765310e-02 1.229386e-01 1.562982e-02 -3.592001e-01 -5.117288e-01 2.047060e-01 -9.691711e-02 1.356447e-01
-9.574464e-03 2.682859e-01 3.733868e-01 -1.064342e-01 1.722712e-01 8.202267e-02 3.987364e-01 1.222697e-02
-7.150778e-02 -3.386631e-02 -2.420630e-01 1.469243e-01 -2.244911e-01 -8.946860e-03 2.097619e-01 7.272001e-02
4.831810e-01 1.297170e-02 2.519093e-01 1.910449e-01 -1.387502e-02 -4.301818e-01 -2.240074e-01 1.857516e-01
5.450728e-01 -1.691478e-01 1.888191e-01 -1.446738e-02 3.471189e-02 -1.264386e-01 -9.883975e-02 -1.033673e-02
3.759912e-02 8.926246e-03 4.831935e-01 -1.001543e-01 -4.960531e-02 -1.365734e-01 4.017634e-01 1.383201e-01
2.259632e-01 3.268115e-03 -6.654185e-02 -3.374835e-01 9.726331e-03 2.337392e-01 4.364034e-02 -2.947443e-01
-2.747753e-01 -4.322773e-01 -3.133726e-01 5.656675e-02 -4.469643e-02 7.470848e-02 -5.200006e-01 2.958362e-02
-1.815543e-02 2.445607e-01 1.366439e-01 1.608475e-01 3.055043e-01 -7.619126e-03 -7.162349e-01 2.379493e-02
-4.363689e-01 2.359172e-01 1.497765e-01 3.001953e-01 1.072699e-01 -1.868430e-01 -3.378608e-01 -9.504919e-02
6.684479e-02 3.624108e-01 -1.950103e-01 1.648947e-01 1.531149e-01 1.932308e-01 -5.188315e-02 -2.926655e-01
-4.435338e-03 3.606162e-01 3.548198e-01 9.656473e-02 1.314664e-02 3.899975e-02 -4.422100e-01 -4.233095e-02
-4.236926e-01 7.503502e-03 -1.853757e-01 -1.106225e-01 9.735630e-02 4.487832e-01 3.192112e-01 -1.826703e-01
9.415102e-02 9.054151e-02 5.759422e-02 -4.829613e-02 -4.112928e-01 -1.949193e-01 1.409007e-01 -4.511793e-01
1.444563e-01 -1.829284e-02 -1.463911e-01 -1.162015e-01 4.049193e-01 1.285076e-01 8.073971e-02 1.073310e-01
-3.040846e-01 2.949692e-02 1.294733e-01 1.176642e-01 -1.942936e-01 3.575954e-01 1.185374e-01 4.044130e-01
1.655855e-01 7.514669e-02 1.234564e-01 3.990743e-01 1.868441e-02 2.496818e-01 6.956600e-02 -4.039682e-01
6.325187e-02 8.933159e-03 1.666919e-02 9.317026e-04 3.293696e-02 1.672588e-02 -1.513650e-02 -9.730723e-03
-2.025005e-02 6.038846e-03 1.670749e-01 3.476719e-01 -9.155858e-02 7.001990e-02 1.742458e-01 6.124862e-01
-1.787402e-02 -1.577343e-02 2.100804e-01 -1.377258e-01 -2.218215e-01 1.646972e-01 -5.020380e-01 2.415012e-02
-1.757089e-01 -1.911104e-01 -2.021660e-02 -3.320969e-01 -4.809094e-02 -2.115443e-01 -4.145347e-02 4.143391e-01
-1.220058e-01 -5.301363e-02 3.035482e-01 -4.855731e-02 -3.277712e-01 -7.472822e-02 1.477881e-01 1.954180e-01
-5.923983e-01 5.012298e-02 -8.381693e-02 -8.535448e-03 -4.643712e-02 1.957338e-01 5.560492e-02 3.815457e-02
2.444219e-01 2.455320e-01 -1.664533e-02 -5.987134e-01 -1.516194e-01 -1.685006e-02 6.322004e-02 9.231076e-03
3.212625e-01 -1.813400e-01 6.655329e-02 -2.641982e-02 -1.391720e-02 -1.899704e-01 -1.082292e-01 -1.913817e-01
5.678796e-02 -3.915856e-01 -4.092087e-01 -1.095590e-01 -1.994141e-01 7.204065e-05 4.983954e-01 -2.093963e-02
-1.286127e-02 -4.741416e-01 1.204398e-01 -1.030981e-01 1.370486e-01 -1.359843e-01 1.276862e-01 2.615819e-01
-3.546347e-01 -1.171472e-01 1.452218e-02 4.199082e-01 -5.040972e-02 -1.638074e-01 -6.158229e-02 3.530244e-01
8.810836e-02 2.212603e-02 7.796781e-02 -3.523009e-02 5.873851e-01 -1.247973e-01 7.014520e-02 -1.366615e-01
2.733946e-02 4.224929e-02 -8.489718e-02 1.745542e-01 2.867417e-01 -1.489083e-01 4.543380e-01 -7.980979e-02
1.806644e-02 -2.920948e-01 1.422324e-01 -9.158183e-02 -2.782646e-02 -5.358361e-01 -2.122818e-02 3.533716e-01
-3.837846e-01 7.538418e-02 5.762966e-02 4.012812e-01 1.800171e-01 -1.271710e-01 -2.299471e-01 -6.507625e-02
-1.262557e-02 1.383180e-01 1.670316e-02 1.417607e-01 4.937032e-01 -1.253749e-01 -6.012581e-01 2.093408e-02
5.767733e-01 3.280866e-01 -1.996794e-02 -8.768847e-03 -8.126205e-02 -8.294418e-02 -1.947437e-02 -1.906202e-01
-4.753882e-02 2.122914e-01 -2.982704e-01 1.768059e-01 1.321932e-01 2.375898e-01 -1.837724e-01 7.833765e-02
-3.788371e-01 1.977887e-01 2.507809e-01 2.195621e-01 2.194532e-01 2.499097e-01 1.675583e-01 1.728676e-01
-2.174255e-01 -1.812534e-02 -9.726348e-02 -1.943098e-01 6.947072e-02 1.379465e-01 4.171622e-01 -4.919454e-02
5.356627e-01 -1.331716e-02 -2.302984e-02 1.428843e-03 1.723090e-01 7.235117e-03 -1.540094e-02 2.423616e-02
3.141041e-02 -2.263003e-01 5.436686e-02 3.091072e-01 -2.249059e-01 6.889723e-03 -2.473628e-01 1.908425e-01
-1.312083e-01 5.438204e-02 -1.879492e-01 1.584928e-02 -2.778342e-02 -2.945182e-01 1.404358e-02 -2.211875e-01
-1.739898e-01 2.560037e-01 9.293853e-02 -2.397084e-01 3.935489e-01 6.232592e-02 1.126052e-01 1.064793e-01
-1.216194e-01 -2.069257e-01 1.756598e-01 2.151778e-01 8.220014e-02 -1.736163e-02 6.567579e-02 1.832644e-02
-1.032112e-01 4.149029e-01 1.939028e-01 -1.404250e-02 4.951249e-02 -1.218182e-01 -5.148933e-02 3.327747e-01
-4.118156e-02 -1.878720e-01 4.275237e-01 -1.321756e-01 -1.025708e-01 -2.268027e-01 2.461586e-01 -9.948057e-02
1.475668e-01 -2.260523e-01 7.396569e-02 8.573779e-02 -6.032521e-02 5.172300e-01 -9.351888e-02 -3.734581e-03
1.605712e-01 -1.664947e-01 8.707406e-02 1.441227e-02 1.566141e-01 1.261574e-01 2.655438e-01 -3.903522e-02
-1.894213e-01 1.872748e-01 4.353606e-01 6.804094e-02 9.579891e-02 1.919706e-01 2.923470e-02 4.239062e-01
8.566628e-02 3.421608e-01 5.343790e-02 -9.272353e-02 3.255671e-02 2.356478e-01 3.937643e-01 -2.676187e-01
7.016639e-02 -4.949508e-02 -2.588822e-01 1.836059e-01 -3.345429e-01 -1.764191e-01 1.714629e-01 -2.375031e-01
8.528693e-02 -3.480303e-01 -1.626461e-01 7.219401e-02 7.447115e-02 5.332425e-02 1.628400e-01 -2.224957e-01
1.990639e-01 -5.996461e-02 -9.295795e-03 6.010415e-02 5.629480e-01 7.216550e-03 1.400023e-01 -1.575127e-04
-6.562078e-02 8.916747e-02 2.603887e-02 -5.494317e-02 -3.460413e-01 -6.695178e-02 -9.150455e-02 4.168238e-02
-1.494529e-01 -2.495061e-01 -5.866505e-02 5.959971e-02 4.380055e-03 -2.098132e-01 -2.845562e-01 2.804871e-01
-4.312325e-02 -4.146744e-02 -9.032024e-02 -8.465651e-02 3.632887e-01 2.148551e-02 1.380794e-01 -9.105752e-02
1.073435e-01 -7.098604e-03 3.825918e-01 -2.749975e-01 4.687285e-02 -1.188411e-01 -1.927472e-01 -1.328480e-02
-2.932576e-01 3.327174e-01 7.944638e-02 -2.923665e-01 2.436665e-01 -1.321433e-01 1.754407e-01 -8.396889e-02
-3.650310e-01 -1.111940e-01 -2.051070e-01 -3.081024e-02 1.113153e-01 1.665851e-01 -5.108298e-02 5.186000e-02
-2.985113e-01 3.168781e-02 3.185053e-01 8.446047e-02 4.061058e-01 1.639570e-01 3.236372e-01 3.248287e-01
-2.210252e-01 4.743662e-03 -2.338932e-01 2.463027e-01 -9.101097e-02 8.818853e-02 3.341913e-01 6.024007e-02
1.619230e-01 9.184408e-02 1.502760e-01 -1.269798e-02 2.722553e-01 1.415499e-01 1.988654e-01 1.090664e-01
-2.021273e-03 -9.618440e-02 -6.490885e-02 -5.329940e-02 -2.157402e-01 -9.686084e-02 4.497656e-01 1.366816e-01
-2.312903e-02 -1.205299e-01 -6.677477e-02 6.118013e-01 -1.613349e-04 -5.689916e-02 5.882131e-02 -3.613430e-02
-3.145014e-01 8.691908e-02 3.763335e-01 -1.319414e-02 4.256144e-01 1.778414e-01 -7.677232e-02 1.287612e-01
4.904179e-01 -2.929577e-01 -2.199999e-01 9.710137e-02 -3.969258e-02 1.207327e-01 -2.707799e-02 -2.214278e-01
-1.774585e-01 2.121849e-01 2.243744e-01 -2.498768e-01 4.179097e-01 -7.493421e-02 -2.947686e-01 -1.926361e-01
9.619305e-03 1.857840e-01 -1.748714e-01 8.983147e-02 2.705646e-02 -2.361974e-01 -9.334183e-02 1.359087e-01
3.959119e-01 1.124798e-02 -2.965155e-01 -1.358103e-01 1.298662e-01 5.295891e-01 -2.544809e-01 -4.715955e-02
1.847804e-01 -3.282062e-01 2.539375e-02 3.474436e-01 -1.871772e-01 3.182102e-01 -1.615215e-02 4.721361e-02
-2.511938e-01 -4.100490e-02 4.497078e-02 1.192031e-01 4.323210e-01 8.454840e-02 4.936386e-01 1.095731e-01
-1.740272e-01 3.122399e-01 -3.273574e-02 -2.315582e-01 1.103715e-01 -3.226018e-01 -1.959344e-02 -1.381631e-02
-3.603580e-01 1.232395e-01 9.948201e-05 3.093982e-01 3.290047e-01 2.325370e-01 2.671019e-01 8.300625e-02
3.339450e-01 -4.758574e-03 6.677207e-02 -3.642477e-02 -1.543736e-01 7.036587e-02 4.813275e-01 -2.285141e-02
-2.719855e-01 -2.731910e-02 8.909477e-02 1.438200e-01 3.331299e-01 -2.629111e-01 -1.416851e-01 -2.805480e-02
4.267997e-01 1.694733e-01 -2.454630e-01 1.746592e-01 -2.400489e-01 1.848028e-01 -4.105788e-02 4.348723e-02
-6.331237e-02 1.170469e-01 1.251081e-01 -1.881331e-01 6.897660e-02 -7.329889e-03 5.302103e-01 -1.197570e-01
-1.402515e-01 2.072178e-01 1.558732e-01 -2.106497e-01 6.734602e-01 -6.789714e-05 -2.874643e-01 1.967843e-01
3.412873e-01 -1.699001e-01 -1.127045e-01 6.014511e-02 -2.326854e-01 5.454037e-01 -1.158220e-02 -2.808515e-02
5.019453e-01 -1.332075e-01 1.234135e-01 1.970312e-01 -1.884526e-01 1.796824e-02 7.103864e-02 1.041471e-02
-2.421102e-01 4.622976e-01 -2.480311e-01 -5.092862e-02 2.517784e-01 5.324066e-02 4.678370e-02 8.478284e-02
-3.541274e-02 1.019454e-01 -1.123511e-01 -7.214595e-02 4.915586e-01 1.331879e-01 -2.596095e-01 -1.028830e-01
2.482092e-01 -1.697354e-02 -1.535976e-02 3.042963e-01 -1.392702e-01 -1.561221e-02 -2.943758e-01 7.427058e-02
1.189520e-01 6.295366e-01 -1.910735e-01 5.289973e-02 6.229363e-02 3.058841e-02 -2.655381e-02 4.817910e-03
2.900070e-01 -6.999452e-02 5.283526e-03 -2.999839e-01 -2.081901e-01 -1.683717e-01 -1.744966e-01 -8.687206e-02
-3.332564e-01 1.712172e-01 4.422467e-01 5.463906e-02 5.114579e-02 1.305838e-01 7.032321e-02 1.468629e-02
1.957159e-01 -1.174631e-02 5.785888e-02 -2.110504e-01 3.915305e-02 5.241545e-01 -6.664469e-02 8.080289e-02
2.154031e-01 -2.014985e-01 -2.602392e-01 3.470534e-01 -2.846329e-01 2.251732e-01 2.186647e-01 1.431514e-01
-7.486008e-03 -4.952638e-02 -2.554228e-01 1.567148e-01 -5.668294e-02 1.189352e-01 -3.651246e-01 1.247837e-01
-9.107332e-03 1.462050e-01 4.505632e-01 -2.067480e-01 4.001149e-02 1.064725e-01 -1.435882e-01 2.837265e-01
-3.466054e-01 1.214609e-01 3.893650e-02 -1.930244e-01 4.846434e-01 -2.265168e-01 -2.064289e-02 -7.848922e-02
1.838401e-01 -6.488489e-02 -1.003586e-01 -1.282812e-02 3.087776e-01 2.542816e-01 2.236741e-01 -1.472579e-01
1.959859e-01 -4.283802e-02 -2.498406e-01 -1.482375e-01 1.505076e-01 3.208441e-02 1.309489e-01 -1.955683e-01
-1.619875e-01 -8.389804e-02 5.416055e-02 3.005128e-01 -1.772316e-01 -3.642633e-01 1.094210e-01 2.330676e-02
-1.007026e-01 3.929224e-01 -1.139273e-01 -1.941551e-01 2.622962e-01 7.535765e-02 3.784691e-01 -1.441232e-01
-1.125230e-01 -2.397691e-01 1.423212e-01 -9.849091e-02 -3.145401e-02 2.422451e-01 1.907773e-01 -2.009588e-01
1.260163e-04 1.204638e-01 1.708494e-02 -3.619691e-01 7.803008e-03 1.410813e-01 -6.200140e-02 3.504708e-02
1.015544e-01 9.009203e-02 3.771946e-01 -2.007928e-01 -4.697694e-02 3.411328e-01 4.799958e-02 9.924868e-02
-2.028567e-01 1.140581e-01 3.897382e-02 2.973095e-01 -3.407279e-02 1.683106e-01 1.805878e-01 2.970922e-01
-2.471396e-01 2.486310e-01 2.654945e-02 1.326796e-02 1.054888e-01 9.810775e-02 3.679121e-01 -4.536323e-02
4.935631e-01 -8.780453e-02 1.925630e-01 -2.086779e-01 -1.369289e-02 1.297533e-01 6.663435e-02 1.341743e-01
-1.281606e-01 3.059903e-02 2.774124e-01 5.569645e-01 4.044076e-01 -1.359583e-01 2.248932e-01 -8.206353e-02
-3.276543e-01 2.218696e-01 2.158764e-01 9.693833e-02 -2.758909e-01 4.804376e-02 -2.706476e-01 4.648234e-01
5.613894e-02 5.020580e-01 1.482021e-02 3.073673e-01 1.550710e-01 6.910501e-02 2.469965e-01 -1.905316e-02
7.315258e-02 -1.555397e-01 6.192613e-03 -4.091652e-01 2.177500e-01 -9.035761e-02 2.104422e-01 -2.199263e-01
4.815938e-02 -1.686102e-01 -2.662781e-01 5.560526e-02 -5.226958e-02 1.219283e-02 3.252759e-02 -2.417291e-01
2.665797e-02 -1.112403e-01 5.822992e-01 -8.896181e-02 5.078746e-02 2.017653e-02 -4.463203e-03 2.945559e-02
3.359141e-01 -2.148318e-01 3.309089e-01 4.366059e-01 1.723374e-01 7.420762e-02 1.642963e-02 -1.722353e-01
8.051133e-02 -1.231116e-01 -7.528081e-02 1.232865e-01 3.440021e-01 3.580556e-01 -4.281374e-02 2.185785e-01
-5.346841e-02 -8.218754e-03 5.484367e-01 3.308433e-01 2.488573e-01 -2.184583e-01 2.365938e-01 -4.801095e-02
5.138665e-02 6.351620e-04 -1.538949e-02 -3.018516e-01 -6.154628e-02 1.874728e-01 4.159693e-01 -1.669367e-01
2.723189e-01 -2.006364e-01 -3.367894e-01 2.905341e-01 1.684484e-01 -1.099688e-01 4.730452e-02 -9.736030e-02
-2.542529e-01 4.569079e-02 3.497134e-01 -1.405259e-01 -3.097576e-01 -1.752237e-01 3.327095e-01 -1.224523e-01
-2.763788e-01 2.699200e-01 -3.050210e-01 -2.626635e-01 -1.602534e-01 -1.428683e-01 2.791284e-02 2.064101e-01
1.396860e-01 -1.367293e-01 -3.683869e-01 -7.362960e-02 4.530061e-01 8.161318e-02 -3.184421e-01 2.897629e-02
1.055679e-01 -4.151632e-02 3.488682e-01 6.018764e-01 3.463145e-01 6.574670e-02 -2.590655e-02 -1.598855e-01
-2.711725e-01 1.341896e-01 2.368765e-01 8.433445e-02 -1.971066e-02 -1.611426e-01 -2.888078e-01 5.311918e-01
-2.096263e-01 6.094440e-02 3.380762e-02 -3.584676e-01 2.737100e-01 -2.187685e-01 -1.631682e-01 -2.741951e-01
1.611328e-01 -1.578918e-01 9.244389e-02 2.905505e-01 -9.448268e-02 -2.652623e-01 4.283672e-01 -2.731516e-01
-1.942277e-01 1.931738e-01 2.399478e-01 -9.783222e-02 1.557747e-01 7.671991e-02 9.464520e-02 3.640296e-01
-1.238887e-01 2.756396e-02 -2.012397e-01 -3.355066e-01 -3.648543e-02 -2.644621e-02 -3.066351e-01 -5.285166e-02
-6.027411e-02 2.150424e-01 -1.389360e-02 -1.509060e-01 1.058861e-01 3.587646e-01 -2.406694e-01 4.370688e-01
2.253609e-02 1.726334e-01 2.955312e-01 5.666651e-01 -4.681437e-02 7.588378e-02 6.356525e-02 -6.962081e-02
2.270178e-01 -1.042509e-02 -1.379156e-01 5.471962e-01 1.007653e-01 -1.048021e-01 -2.577305e-01 -8.611833e-02
3.223481e-01 1.917809e-01 -3.433861e-01 -1.966952e-01 -2.896167e-01 9.267192e-02 1.037766e-01 -5.231733e-03
-3.197130e-01 -9.481240e-02 2.162277e-02 -3.058355e-01 -8.474314e-02 -1.777794e-01 6.891005e-02 4.132653e-02
-2.054697e-01 1.367881e-01 3.043963e-01 -2.500852e-01 -1.626373e-01 1.960902e-01 -2.252552e-02 3.355305e-02
-3.467315e-02 -1.710194e-01 -2.462343e-01 -2.067765e-01 1.949176e-01 3.249809e-01 -2.171742e-01 1.539276e-01
6.587787e-02 -1.105798e-01 2.245383e-01 1.585877e-01 2.004420e-01 -1.660575e-01 -6.281863e-02 -2.774815e-01
-9.053884e-02 3.209790e-01 4.301457e-01 1.722516e-01 -1.825779e-01 -5.621374e-02 2.111589e-01 1.023169e-01
-1.965587e-01 -1.279190e-01 4.571746e-01 -1.990157e-01 -1.266713e-01 -2.892866e-01 -2.230442e-01 1.183414e-01
-4.564435e-02 4.195404e-01 2.596418e-02 2.911804e-01 4.198471e-01 -2.391224e-02 -1.552400e-01 1.854260e-01
6.217455e-02 5.281115e-01 1.938182e-01 2.898000e-01 1.268026e-01 3.216556e-02 5.343156e-02 2.176517e-01
4.167363e-02 1.549361e-01 9.826967e-02 -2.050851e-01 1.500310e-01 1.746724e-01 2.910015e-01 1.015262e-01
-2.218730e-01 2.160536e-01 -1.104360e-01 4.960182e-01 4.573555e-02 -1.196791e-01 -1.124318e-01 -2.639197e-01
3.933491e-01 -1.039511e-01 -2.602588e-01 4.584058e-01 2.809844e-02 2.905931e-01 -2.897442e-02 -1.943186e-01
1.377895e-01 3.730190e-01 -1.806313e-01 2.536533e-01 7.557550e-02 1.040516e-01 3.459363e-01 -1.949561e-01
4.023075e-01 2.759432e-01 1.962091e-01 3.946256e-01 -1.417472e-01 -2.804267e-02 7.417409e-02 -2.946810e-01
8.507124e-02 -1.403568e-01 7.093902e-02 -4.005988e-02 5.310954e-01 1.655016e-03 -3.653800e-02 -4.223397e-02
2.432033e-01 -7.997807e-02 7.165464e-02 -2.377096e-02 -2.577029e-01 2.645854e-01 4.339087e-01 1.772920e-01
1.938915e-01 2.335070e-01 -4.065868e-02 7.401905e-02 2.962657e-01 2.238264e-01 -2.620620e-01 3.531928e-01
-1.155855e-01 -2.770092e-01 -2.840656e-02 2.263212e-01 1.343450e-02 2.102015e-02 4.556708e-01 2.342473e-02
3.069344e-01 -1.443898e-01 -2.959047e-01 8.591831e-03 -4.342836e-02 1.847712e-01 3.377233e-01 -3.499977e-01
2.753303e-01 -6.241270e-02 -3.275443e-01 2.175969e-01 3.979795e-01 1.779032e-01 -2.492455e-01 1.140836e-01
-1.377807e-01 -2.959707e-01 2.577966e-01 3.955632e-01 5.245898e-01 1.016914e-02 -7.044102e-02 2.416459e-03
-3.371808e-01 9.131271e-02 4.935310e-01 -3.859890e-02 1.196246e-01 -2.465532e-01 -6.571477e-02 1.049480e-01
-1.874826e-02 -5.730619e-02 -1.986378e-01 4.496238e-01 -1.406026e-01 8.726625e-02 -3.982101e-02 4.118241e-02
-5.986560e-02 -2.777090e-01 -7.949155e-03 -4.324374e-02 1.636411e-01 -1.623961e-01 -1.770528e-01 7.051239e-02
9.287679e-02 1.383251e-01 3.397883e-01 3.332864e-01 -4.220343e-02 -2.501435e-01 2.797489e-01 -1.295966e-01
-1.381114e-02 4.871941e-02 -1.247968e-01 5.839885e-02 -2.292485e-01 -2.421408e-01 -1.113675e-01 -1.137636e-01
7.451580e-02 4.148239e-01 2.853394e-01 -7.208747e-02 -1.980257e-01 -1.165776e-01 1.103302e-01 1.477633e-01
2.346255e-01 -2.385545e-01 -1.704221e-01 -1.475240e-01 3.158103e-01 -1.354380e-01 1.914572e-01 -3.586459e-01
3.588241e-01 -1.552411e-01 -1.432870e-01 4.698099e-01 5.909845e-02 9.235621e-02 2.092043e-01 8.186928e-02
-1.159417e-02 -6.810583e-02 3.536974e-01 6.688808e-01 2.352271e-01 -1.164162e-01 1.079069e-01 -1.304772e-01
-1.454076e-03 5.513379e-01 -4.317152e-02 -1.343316e-01 -3.766039e-02 -4.922057e-03 -1.240859e-01 8.581636e-03
-1.077354e-02 -5.274601e-02 -1.068447e-01 4.000778e-01 3.476108e-02 -1.414755e-01 -2.375231e-01 3.739603e-01
3.364693e-03 -3.331744e-01 -2.873908e-01 5.716176e-02 3.007749e-01 2.521010e-01 -1.655344e-01 -1.234000e-01
7.124707e-02 -1.353128e-02 1.614188e-01 4.555459e-01 -1.035058e-01 -6.863922e-04 4.642087e-01 7.598358e-02
-3.972885e-02 -2.935158e-01 7.883647e-02 5.462639e-01 2.683087e-01 -5.830867e-02 -1.724271e-01 -9.033756e-02
-7.224883e-02 -2.216962e-01 -1.352579e-01 -2.881589e-01 -2.492407e-02 1.325244e-01 -4.987754e-04 -1.708180e-01
-1.072460e-01 -2.619131e-02 3.337880e-01 1.774360e-01 -3.197669e-01 -1.181531e-01 5.179983e-01 -9.675384e-02
5.481920e-01 2.153116e-02 -1.236789e-01 1.279736e-01 -7.096536e-02 1.295635e-03 -9.807301e-02 -6.356524e-02
5.091513e-02 3.267866e-01 -2.665029e-01 2.268827e-01 2.318906e-01 2.514526e-01 2.249746e-01 9.994686e-02
-8.399915e-04 1.641155e-02 7.207021e-03 -3.085726e-02 2.868682e-01 -1.567342e-01 -4.772885e-02 -2.830380e-02
-1.336181e-01 1.354322e-01 -4.604448e-02 -3.977723e-01 -2.532476e-02 -4.263159e-02 4.911423e-03 3.390682e-01
8.274031e-02 3.354292e-02 -1.697186e-03 -7.465392e-02 3.262322e-02 -7.405042e-02 -2.076153e-02 -6.659425e-01
-1.272668e-01 -1.272411e-01 -8.880260e-02 1.945442e-01 -1.454987e-01 -4.380108e-02 -2.318091e-01 -5.538903e-03
-1.176850e-01 1.915802e-01 -2.265862e-02 2.734714e-01 -3.128883e-02 2.395154e-01 -2.093563e-02 -4.676058e-01
5.056437e-01 -2.088250e-01 -7.671022e-02 -7.012993e-03 4.455438e-02 -1.623954e-01 8.506030e-03 -1.127688e-01
-7.118612e-02 -5.761049e-02 2.609420e-01 1.622352e-01 2.337879e-01 3.820314e-01 2.983896e-02 7.778007e-02
-2.973633e-02 -6.617769e-02 -6.949158e-02 -6.048420e-02 -4.762284e-01 -9.373102e-02 -2.513509e-01 -3.014424e-02
-5.329935e-02 -3.998071e-02 -1.222778e-02 3.345414e-02 2.258404e-02 1.264094e-01 -3.465782e-02 6.370510e-01
-9.647430e-02 -2.618120e-01 -1.936843e-01 2.182001e-01 5.237234e-01 -1.076834e-01 -2.892229e-02 -1.149538e-01
1.508511e-01 2.971602e-01 2.071364e-01 -2.591047e-01 -3.489216e-01 1.877670e-02 -5.823415e-02 -1.761851e-01
-1.942340e-01 -2.791758e-01 -1.423687e-01 4.597842e-01 -3.864363e-02 9.906715e-02 -1.561488e-02 2.612557e-01
-3.540418e-02 1.232781e-03 -1.609880e-02 -2.680161e-02 -3.377406e-02 -4.453250e-02 -1.419528e-02 -1.616387e-02
1.024907e-01 -1.348868e-02 -1.858269e-01 5.094779e-01 -1.444328e-01 -4.224778e-02 -1.647538e-02 2.804447e-03
5.411290e-02 -1.060667e-01 -2.411967e-01 4.022742e-02 6.671248e-02 3.053356e-01 -9.734462e-02 -4.982488e-01
2.909922e-02 1.443573e-01 2.042690e-01 -9.254012e-02 -4.109167e-02 -6.229506e-01 -3.613681e-03 7.851258e-03
-3.261149e-01 2.036484e-01 -2.789288e-01 -1.787893e-01 4.566308e-01 2.221118e-02 -3.411236e-02 7.781115e-02
3.808814e-02 5.506598e-01 -5.667464e-02 -1.528651e-01 -1.208285e-02 1.521952e-01 5.666675e-02 -1.305845e-01
-9.279212e-02 -1.671729e-03 -2.376297e-01 9.275034e-02 9.332151e-02 -1.120708e-01 -5.613797e-01 1.803777e-02
5.646972e-02 1.338600e-01 -1.213635e-02 -9.988151e-03 3.904855e-01 2.057903e-01 2.596509e-01 4.112377e-02
-1.349990e-02 -1.518253e-01 -1.000976e-01 1.591304e-01 3.452725e-01 1.663733e-01 -4.286207e-01 -4.561685e-02
7.322983e-02 -8.416787e-02 3.305571e-02 -1.182505e-01 -8.842409e-02 6.370364e-01 -1.419525e-01 -6.041100e-02
-1.020251e-01 1.231693e-01 9.269031e-02 -7.553999e-02 1.145214e-01 9.346154e-02 -1.604896e-01 -7.418491e-01
-1.410818e-01 -2.219265e-01 -2.375049e-01 1.172041e-01 -1.758945e-02 5.191351e-01 -1.150000e-01 7.328930e-02
-5.893943e-02 4.996690e-02 -5.069814e-01 9.247802e-02 1.494857e-01 -1.205120e-01 1.494988e-01 -1.172165e-01
-5.784445e-02 -6.006955e-02 -5.489140e-01 -1.183476e-01 -2.502935e-01 2.413016e-01 3.570214e-03 2.770032e-01
-1.039023e-01 6.809290e-02 -4.879101e-01 9.056516e-02 4.922623e-01 -1.705959e-01 -3.326634e-01 -2.355398e-01
-2.947508e-01 -9.066066e-03 1.203682e-01 -1.290254e-01 7.729375e-02 1.505398e-01 -2.792445e-02 -4.086425e-01
-4.763262e-01 2.966720e-01 8.048324e-02 7.326561e-02 -7.223913e-02 1.786956e-01 4.570238e-02 1.173905e-01
4.281611e-01 -5.842856e-02 9.948937e-02 1.779332e-01 3.801875e-01 -2.130226e-01 5.056564e-03 2.045315e-02
1.067439e-01 -4.688686e-01 -6.811060e-03 1.617384e-01 1.633486e-01 -1.022725e-02 -1.271317e-01 -4.141122e-02
4.281268e-02 -1.391745e-03 1.507084e-01 -1.209616e-01 -4.867558e-02 6.585438e-02 4.750645e-01 4.943311e-02
3.115330e-01 -4.926218e-02 5.954719e-02 3.030861e-01 9.401342e-02 7.353359e-02 7.501364e-02 -8.779205e-02
-1.000165e-01 -9.727120e-02 -1.988110e-01 1.441625e-01 3.948218e-01 -1.870309e-01 -2.467564e-01 -4.500467e-02
-1.616387e-01 -2.735341e-01 3.549459e-02 -1.554392e-01 3.023775e-01 3.080389e-02 1.830377e-01 4.595506e-01
1.802507e-01 3.161618e-01 7.050613e-02 -4.523721e-01 1.182523e-02 -2.327311e-01 3.547886e-02 -2.597039e-01
2.928386e-02 2.325138e-01 -4.580339e-01 1.852295e-01 4.635397e-01 -3.051480e-01 4.111129e-02 -2.135833e-01
4.551414e-02 1.601969e-02 5.436882e-01 1.414365e-01 2.419213e-01 -9.871354e-02 -9.713359e-03 -2.935112e-01
9.322696e-02 -1.813760e-01 3.478305e-02 -8.237246e-03 -2.818603e-02 -2.278672e-01 7.656441e-02 4.172320e-01
-1.229205e-01 -4.460531e-02 -2.342577e-01 3.585742e-01 2.660465e-01 5.004681e-03 4.077350e-02 -4.631565e-01
7.731549e-02 -2.457258e-01 -1.856956e-02 5.909026e-02 5.396584e-01 1.233105e-01 -1.867809e-01 -6.803092e-02
9.684552e-03 -2.288308e-02 -4.536882e-02 7.030354e-02 -3.514231e-01 3.764069e-01 -7.393744e-03 1.508021e-01
4.857524e-02 1.881580e-01 -6.706695e-02 -4.448294e-02 -4.842150e-01 9.267870e-03 4.894891e-02 1.118764e-01
1.185909e-01 -5.811652e-02 7.390542e-02 1.380788e-01 -2.809170e-01 5.299592e-02 2.258570e-02 -2.453949e-01
2.382201e-01 4.956401e-02 1.984899e-01 -3.297228e-02 7.117771e-02 -4.452831e-01 3.510319e-01 -4.914755e-02
2.700827e-01 -1.254292e-01 -6.452581e-02 3.359168e-01 -5.870473e-02 1.290372e-01 -1.000174e-01 2.812337e-01
-3.808891e-03 -6.094093e-02 8.571345e-02 -4.580124e-01 -5.948357e-03 8.026537e-03 -1.402126e-02 -5.544496e-02
-3.599146e-02 2.635689e-03 2.098027e-01 9.672037e-02 5.205429e-01 4.609966e-02 1.440946e-01 -1.688713e-01
-3.541326e-03 3.703023e-01 -2.754604e-01 3.238778e-02 -3.063408e-02 -7.109533e-02 -2.974139e-01 -2.582504e-01
2.546137e-01 -1.662744e-01 -1.089958e-02 2.139840e-01 -1.844120e-01 -6.204451e-03 -8.098108e-02 4.307333e-02
4.548285e-01 -9.143765e-02 -1.093890e-01 2.426100e-02 -1.154910e-01 -2.142728e-01 1.764182e-01 6.004319e-01
-2.675146e-02 1.007277e-01 -1.036409e-01 7.467422e-02 2.211654e-01 -6.938543e-01 1.512678e-01 -7.230414e-02
-3.983479e-01 1.885651e-01 1.146391e-01 -7.381193e-03 9.484053e-02 3.155744e-01 -3.030193e-01 -5.312036e-01
-1.531982e-01 -2.902946e-02 -8.714169e-03 4.408641e-01 1.755994e-01 -1.714731e-01 1.645185e-03 9.818375e-05
-1.966310e-01 3.982607e-01 -2.711937e-01 -2.893158e-01 2.242601e-01 5.873041e-02 3.748193e-02 -1.517880e-02
5.609470e-01 -8.413746e-02 -5.965263e-02 4.214783e-02 -1.682606e-01 -2.500209e-01 1.492743e-01 -4.557802e-01
-6.251423e-03 -7.370676e-02 4.886232e-01 -1.275800e-01 -1.966078e-01 1.036320e-01 -1.076747e-01 7.340182e-02
5.900208e-02 2.009828e-01 -5.464574e-01 1.444044e-01 3.822174e-01 2.252341e-01 -2.895650e-01 -1.697375e-01
3.075356e-01 -4.791830e-02 -1.548967e-02 -1.373773e-02 -4.925358e-02 -1.591719e-01 7.392415e-02 -5.929462e-01
-3.436280e-02 1.471490e-01 3.072437e-01 -2.319534e-02 -4.237711e-02 -1.180027e-01 7.899494e-02 5.493640e-01
3.170413e-01 2.688949e-02 1.721434e-01 -2.015793e-01 2.978757e-01 1.576312e-01 -2.079181e-01 1.825105e-02
3.673376e-01 -3.167725e-01 -7.291758e-02 -2.679784e-01 5.625698e-02 -2.386430e-01 -2.523704e-02 1.830854e-01
-1.366408e-01 1.189416e-01 -2.544576e-02 1.843320e-02 2.221940e-02 2.909802e-01 -3.620006e-01 -1.589654e-02
-3.422178e-01 -2.123726e-03 -4.534659e-01 4.982239e-01 2.452875e-01 1.138084e-01 -2.172824e-01 9.568237e-02
-6.762854e-01 -1.828113e-01 2.281716e-01 -2.196279e-02 2.066452e-01 6.077943e-02 -1.565308e-01 2.897465e-03
9.089439e-02 -1.123754e-01 4.391681e-02 1.498418e-01 -1.073691e-01 -4.597359e-01 -1.042131e-01 -1.449446e-02
-2.036368e-02 -7.465896e-02 -1.541931e-01 1.287695e-02 6.370790e-01 2.016079e-01 4.166454e-02 6.706486e-03
-4.282084e-02 6.788821e-03 4.502509e-01 8.992524e-02 4.967348e-02 3.771812e-01 1.198570e-01 -9.947236e-02
-2.110538e-01 8.635622e-02 4.827899e-01 3.647376e-01 -1.151571e-01 -3.461602e-01 -1.597477e-01 -5.765337e-02
-4.397907e-01 3.994015e-02 1.713306e-01 2.089399e-01 -1.022559e-01 -8.403918e-02 -3.718011e-01 -5.132215e-02
-3.092137e-01 6.404354e-02 -7.486308e-02 -2.419679e-01 -1.561473e-01 -1.066720e-01 -1.169196e-01 9.038328e-02
5.761139e-02 8.967277e-02 1.532337e-01 -1.126774e-01 -4.248742e-01 1.874242e-01 3.040721e-01 1.782056e-02
3.838556e-01 -2.738594e-03 -7.472831e-02 -3.553646e-02 3.649801e-01 -5.396039e-02 -3.108039e-02 -2.786536e-01
5.298072e-02 4.436675e-02 -1.477952e-01 9.701405e-02 4.435792e-01 -1.345939e-01 4.451430e-01 -1.320248e-01
-8.034329e-02 -4.967667e-01 1.565998e-01 4.050323e-01 -7.396945e-02 -3.323810e-01 -1.734987e-01 2.224090e-01
-2.792290e-01 2.750696e-01 1.826247e-01 -1.259689e-01 -1.036020e-01 -4.629089e-01 3.146544e-03 1.367390e-01
-7.442033e-02 -1.365444e-01 -6.503353e-02 -1.595706e-01 -1.875989e-01 1.247936e-01 -6.141241e-01 -1.582144e-02
1.737440e-02 3.127419e-02 -1.500477e-01 -3.800102e-02 6.950643e-02 5.021517e-01 1.121152e-01 -1.774090e-03
3.571488e-02 9.668700e-02 2.404160e-01 2.177640e-01 6.659645e-02 -2.092038e-01 5.460526e-02 -3.467066e-01
4.592343e-02 4.398298e-03 1.390320e-01 -7.559998e-02 3.765576e-01 -1.420645e-01 1.683095e-01 1.032477e-01
-1.261645e-01 1.536798e-01 -4.597957e-01 -8.785826e-02 -2.028309e-04 1.274882e-01 -8.934937e-02 -6.316842e-02
-6.000746e-02 -3.505341e-02 1.839143e-01 -2.874970e-01 -4.033866e-02 9.632096e-02 -3.413092e-02 3.452137e-01
9.264769e-02 -1.509030e-01 -4.038301e-01 3.745892e-02 -1.049561e-01 -1.279671e-01 -2.712528e-01 -3.916346e-02
-5.240921e-02 8.023072e-02 2.491145e-01 1.308254e-01 -5.076210e-01 -1.490922e-01 -2.733170e-02 -2.775173e-02
-3.129364e-01 -1.009863e-01 -1.272011e-01 7.224263e-02 1.232990e-01 9.928259e-02 -6.828213e-02 2.090341e-01
3.846874e-01 -8.002961e-02 1.050322e-01 1.116783e-01 -1.484817e-01 -1.487504e-01 -4.208557e-01 1.133965e-01
8.568197e-02 3.386831e-02 -2.022347e-01 2.569953e-01 -9.531305e-02 1.437916e-01 -8.809298e-02 -3.007877e-01
-2.179449e-01 -3.358625e-01 -1.368739e-01 -9.299301e-02 -1.293761e-01 -2.390190e-01 -1.927143e-01 2.989498e-01
3.258606e-02 -9.733672e-02 -2.257233e-02 -2.410695e-01 -3.060995e-01 3.971617e-01 9.879632e-02 3.281697e-01
3.320293e-02 4.702253e-02 -3.263579e-02 8.678988e-02 -5.746644e-02 1.590385e-01 -3.477293e-01 2.326110e-02
3.743488e-02 1.381477e-01 8.022200e-03 -8.150589e-02 -7.752701e-02 -5.172203e-02 2.318912e-01 -1.220360e-01
2.378023e-01 1.746221e-01 -9.089538e-02 -5.221071e-01 -1.166728e-01 3.860946e-02 1.027984e-01 1.051675e-01
2.027541e-01 -2.006934e-02 -3.517417e-01 -2.877912e-02 -1.529753e-02 -3.876169e-02 2.642087e-01 7.163406e-03
1.915091e-01 1.987943e-01 3.292634e-01 5.189657e-03 -5.387522e-02 -7.791931e-03 3.965277e-01 -9.546810e-02
3.041074e-02 -8.310900e-03 4.720110e-01 -5.128053e-02 1.160915e-01 -7.948804e-02 2.376315e-01 9.602066e-02
-7.139824e-02 -2.351248e-01 1.212451e-01 5.080230e-01 -8.622973e-02 -3.458130e-01 -3.848023e-01 2.525887e-01
9.546454e-02 1.647759e-01 -1.235297e-01 -4.577449e-01 5.797295e-02 3.429744e-01 3.139615e-01 -2.635006e-01
1.723086e-01 -1.455137e-01 -3.559293e-01 -8.763248e-02 3.723042e-01 9.417391e-02 -7.318871e-02 6.879488e-02
-1.460067e-01 1.572732e-02 4.664584e-01 1.463150e-01 -2.865798e-01 -1.766418e-01 -2.355191e-01 4.693030e-02
-2.341888e-02 1.832770e-02 3.572499e-01 -1.321430e-01 -2.063413e-01 6.806448e-02 -4.436716e-01 5.521172e-02
-1.959528e-01 -1.880966e-01 2.677459e-02 4.621162e-01 3.028500e-01 -1.210855e-01 -1.290015e-01 -8.779162e-02
1.971443e-01 -4.046475e-01 -3.815843e-01 -1.469092e-02 -2.022198e-02 1.966275e-01 -1.091484e-01 1.426516e-02
2.810251e-02 4.356174e-01 3.138634e-01 7.208119e-02 -1.001837e-01 -7.736208e-03 1.273008e-01 -9.744160e-02
-5.874155e-01 9.525809e-03 -8.758418e-02 -1.271349e-01 1.681259e-01 2.536728e-01 3.230097e-01 -3.030631e-01
8.818801e-02 -8.356668e-02 1.892928e-02 -1.813908e-01 1.861726e-01 -4.704296e-01 1.042662e-01 2.599298e-01
-7.527182e-02 -4.388723e-03 1.173479e-01 4.634049e-01 5.937330e-02 -2.102497e-01 1.784931e-01 3.378462e-01
2.997375e-01 1.709518e-01 1.296849e-01 9.548719e-02 2.501741e-01 1.349863e-01 2.369737e-01 -2.472919e-01
-2.971542e-01 -5.214088e-02 3.879202e-02 6.541177e-02 -2.939990e-01 8.948100e-02 -3.551741e-01 4.120890e-01
-3.185611e-02 2.195362e-01 1.178983e-01 -4.033672e-01 -1.474945e-01 2.913451e-01 -4.622835e-01 1.160499e-02
4.483953e-01 -1.128587e-01 -4.132987e-01 7.509757e-02 2.563912e-02 -9.598801e-02 -2.226700e-01 -5.195341e-02
-2.724897e-01 1.848967e-01 3.617480e-01 -1.355602e-01 -1.012617e-02 9.593859e-02 1.908312e-01 4.737225e-02
-2.053709e-01 4.440019e-01 1.575366e-01 -3.333108e-02 -2.325065e-01 1.712654e-01 -1.616385e-01 -6.525425e-02
-1.944284e-01 3.755540e-01 5.511655e-01 1.039936e-02 -1.399358e-01 -2.642785e-01 -2.070982e-01 -5.519870e-02
4.374809e-01 8.019197e-02 2.281786e-02 4.916812e-02 3.018843e-01 -1.425575e-02 5.481410e-01 -1.121030e-01
5.473584e-02 8.067910e-02 -2.984636e-01 2.685423e-01 2.671081e-01 -8.455837e-02 2.191840e-01 -3.546527e-01
2.858475e-01 3.546133e-01 2.080992e-01 -2.147184e-01 -1.540149e-01 2.533185e-01 8.772773e-02 -3.672766e-03
2.385755e-01 1.160370e-01 -2.283230e-04 -9.893304e-02 -5.584916e-01 -9.934714e-02 4.657754e-02 2.995347e-02
4.485019e-01 -2.340253e-02 3.682963e-02 -2.223090e-02 -6.276859e-02 -1.049913e-01 9.046825e-02 -9.661177e-02
-1.912680e-02 1.196816e-01 -1.709676e-02 1.378934e-01 2.839757e-01 -2.269001e-02 -5.893010e-01 1.027217e-02
-4.423551e-01 -1.094735e-02 -1.037160e-01 -8.261612e-02 -3.235805e-01 2.891466e-01 -1.151222e-01 1.039113e-01
-1.721262e-02 8.046255e-02 -5.495623e-03 1.930546e-01 1.951328e-01 -2.007450e-02 6.346239e-01 5.537450e-02
4.771777e-02 -8.983945e-03 -3.061211e-02 -2.213577e-02 -3.398736e-01 1.909949e-01 -2.573725e-02 5.040203e-02
-9.086995e-02 -4.658015e-01 9.002933e-02 1.532556e-01 -1.782392e-01 -2.593520e-02 -3.290095e-01 1.038489e-01
1.898745e-01 -4.196582e-01 -1.586214e-02 1.191779e-01 3.204783e-01 -6.944058e-02 1.204919e-01 6.231447e-02
1.202236e-02 -1.840379e-01 -7.871267e-02 -9.664920e-02 -9.970930e-02 -2.935778e-03 5.472857e-01 5.830420e-03
1.916856e-02 4.749276e-03 9.772625e-03 5.598079e-03 3.849012e-02 1.738622e-02 1.386958e-02 -8.271666e-03
4.406230e-01 6.865762e-02 1.524566e-01 2.969309e-01 3.012402e-01 -1.964551e-01 3.654085e-01 1.803857e-01
-3.506438e-01 2.053984e-01 -1.974450e-02 -5.727592e-02 -2.425002e-02 6.971096e-02 1.049963e-01 -5.550000e-02
