4 6 8 32 64
-4.206388e-02 4.439570e-03 -3.478615e-02 3.748654e-01 -3.098710e-02 6.350312e-03 -1.814863e-01 -1.953849e-02
-1.793152e-02 -2.756362e-02 -1.287078e-01 -7.769565e-02 -1.562576e-02 4.207631e-02 3.728221e-01 -1.207047e-01
-9.416819e-02 8.117915e-02 1.162691e-01 2.288777e-01 -9.909396e-02 -5.275581e-02 -1.035653e-01 -9.399084e-02
1.369532e-01 1.080893e-01 -7.531542e-02 -5.240522e-02 1.339408e-01 1.612177e-01 2.261526e-01 -1.072535e-01
-1.016403e-01 3.268155e-01 -7.970132e-02 3.724499e-01 -2.847027e-02 3.197365e-02 -2.724628e-01 -1.922255e-01
-7.024325e-02 -1.147567e-01 -1.543228e-01 5.888356e-02 -1.476744e-01 3.538112e-01 3.091874e-01 -1.423625e-01
-1.202523e-01 -8.797619e-02 -4.273497e-03 2.748931e-01 -1.075319e-01 -7.729696e-02 -1.163550e-01 -1.197508e-01
-1.632547e-01 -6.156707e-02 -7.261543e-02 -1.112879e-01 -1.178852e-02 -3.130187e-02 -8.228777e-02 -7.725699e-02
-1.260095e-01 1.437532e-01 -1.278652e-01 3.364933e-01 -1.072275e-01 -8.810616e-02 -1.176443e-01 -1.255105e-01
1.550081e-01 -3.084451e-02 6.976251e-03 3.823081e-02 3.736633e-01 1.668637e-01 3.193784e-01 -2.317370e-02
-3.588028e-02 3.854356e-01 -1.504932e-01 1.079243e-01 -1.160745e-01 3.912869e-01 1.546422e-01 -1.436645e-01
-2.163538e-01 -1.175083e-01 1.529403e-01 5.328432e-02 -6.554767e-02 -4.965062e-02 -1.365947e-01 -1.232335e-01
-6.578253e-02 2.498506e-01 -1.226879e-01 -9.962159e-02 -9.674400e-03 8.638309e-03 3.473212e-01 -4.317569e-02
-9.934957e-02 1.222079e-02 -1.249314e-01 2.464601e-01 4.488410e-02 6.449398e-02 -2.671117e-01 -2.156892e-01
-1.261811e-01 4.742507e-01 -9.837538e-02 3.107835e-02 -5.497273e-02 -6.113913e-02 -1.107246e-01 -1.994437e-02
-1.024966e-01 6.602480e-02 -6.112325e-02 -1.123644e-01 1.716240e-03 -2.795113e-02 3.647808e-01 -3.731937e-02
-1.276955e-01 -7.538591e-02 -1.143754e-01 2.809933e-01 1.472296e-02 -6.418157e-02 -2.003809e-01 -2.144976e-01
-1.439640e-01 7.841251e-02 -1.689632e-01 -1.136975e-01 4.215208e-03 -5.006325e-02 -1.014742e-01 2.833121e-03
-1.287031e-01 -1.156044e-01 -5.584279e-02 -1.115103e-02 -1.172509e-01 2.518549e-01 2.652262e-01 -1.218411e-01
-1.049132e-01 -7.032543e-02 3.609588e-01 9.323850e-03 -9.304114e-02 -6.255752e-02 -1.018335e-01 -1.033917e-01
-9.634122e-02 -8.601531e-02 3.533554e-02 -9.785229e-02 2.319784e-01 -2.058572e-02 5.430925e-01 -1.168625e-01
-1.056016e-01 2.841338e-01 6.858975e-03 2.296286e-01 -9.755444e-02 -6.936201e-02 -1.051243e-01 -9.468368e-02
-1.187672e-01 -4.913118e-02 -2.149177e-01 2.487254e-02 -8.600453e-02 2.824478e-01 2.244017e-01 -1.324884e-01
2.352267e-01 2.039752e-01 -1.532924e-01 -2.804990e-02 2.558365e-01 2.230549e-01 1.241601e-01 -1.369973e-01
-1.427445e-01 1.747747e-01 1.109907e-01 2.087019e-01 -9.034194e-02 6.994717e-02 -1.717837e-01 -1.754538e-01
1.018982e-01 1.706616e-02 -1.387596e-01 -6.878430e-02 3.572910e-01 7.648099e-02 2.813070e-01 -5.042750e-02
-7.421421e-02 -1.157885e-02 1.881979e-01 2.154167e-01 -3.768532e-02 4.739489e-02 -1.599339e-01 -1.883522e-01
-1.341656e-01 -8.007011e-02 -9.318995e-02 1.944982e-01 -9.484734e-02 -8.718966e-02 -1.196394e-01 -1.146748e-01
9.321183e-02 -1.418143e-01 1.266476e-01 1.301707e-01 -3.684958e-02 6.218693e-02 -7.415970e-02 -7.894923e-02
-9.556207e-02 3.497659e-02 -1.930807e-01 3.401347e-01 -6.783828e-02 -4.645605e-02 -1.736858e-01 -2.306955e-02
-1.199708e-01 -7.908460e-02 5.809667e-02 -1.140042e-01 8.203772e-03 -4.877451e-02 3.785206e-01 -5.913011e-02
-9.413595e-02 6.765659e-02 -1.488150e-01 3.622950e-01 2.630011e-03 -5.824317e-02 -2.180267e-01 -2.596167e-01
-2.193405e-01 -1.577294e-01 -1.436664e-02 1.560318e-01 -2.229977e-02 -1.086552e-01 -1.453419e-01 -1.244065e-01
-1.144529e-01 5.656450e-01 -9.654971e-02 3.171236e-01 -1.059796e-01 -4.114527e-02 -1.374423e-01 -1.158662e-01
1.016030e-01 2.115322e-01 -9.836083e-02 2.027303e-03 3.568102e-01 1.430813e-01 2.207923e-01 -6.919906e-03
-7.216074e-03 2.017783e-01 -1.256598e-01 -7.362165e-02 1.823845e-01 7.373124e-02 4.793909e-01 -1.053971e-01
-1.241709e-01 3.337760e-01 -1.325772e-01 3.719640e-01 -1.117312e-01 -8.221444e-02 -1.252847e-01 -1.206165e-01
-1.363479e-01 -4.024324e-02 -1.237659e-01 2.670622e-01 -1.127042e-01 -1.080934e-01 -1.480728e-01 5.554809e-02
-1.219712e-01 -1.507889e-02 -1.055472e-01 3.222046e-01 -1.042629e-01 -8.182386e-02 -1.167373e-01 -1.196325e-01
1.214212e-01 2.306070e-01 -1.426983e-01 -3.532532e-02 1.549687e-01 1.518814e-01 1.689586e-01 -8.720356e-02
-1.732560e-01 -5.661871e-02 1.254088e-02 1.379084e-01 -7.920875e-03 -6.588522e-03 -1.888030e-01 -1.931656e-01
1.688700e-01 4.964085e-01 -7.334897e-02 -7.820502e-03 1.842090e-01 2.244889e-01 1.528402e-01 -7.400069e-02
1.045267e-02 4.813961e-01 -1.322163e-01 -5.986346e-02 1.170869e-02 9.000210e-02 3.157419e-01 -8.552463e-02
-1.218982e-01 -1.565848e-02 -1.971689e-01 8.873589e-02 -1.399947e-01 2.857074e-01 2.003928e-01 -2.018611e-02
-6.407544e-02 2.056888e-01 -3.245492e-02 3.311745e-01 -2.874469e-02 -3.007891e-02 -1.707141e-01 -2.349476e-01
-1.006199e-01 2.058467e-01 -1.593627e-01 3.857863e-01 -7.327002e-02 -3.793805e-02 -2.080625e-01 -3.952775e-02
-1.305342e-01 1.689092e-02 3.026847e-01 1.040019e-01 -1.033343e-01 7.642208e-02 -1.489479e-01 -1.465078e-01
-8.071352e-02 1.261786e-01 -1.736542e-01 8.152590e-02 -1.123036e-01 3.819605e-01 2.159879e-01 -1.233628e-01
-5.988719e-02 9.482747e-02 -1.544834e-01 3.586023e-01 5.546422e-04 4.043229e-02 -2.356113e-01 -1.291143e-01
-9.055056e-02 -1.265501e-01 -3.211729e-03 1.295444e-02 -4.357975e-02 3.698474e-01 2.206924e-01 -1.171237e-01
-1.276067e-01 -8.741962e-02 7.327555e-02 1.500693e-01 -1.130425e-01 -8.047651e-02 -1.159400e-01 -1.220288e-01
-1.368702e-01 8.815470e-02 1.330763e-01 4.339520e-02 -1.142174e-01 -6.679972e-02 -1.191335e-01 -3.936613e-02
-9.291711e-02 3.428614e-02 3.121038e-02 2.415558e-01 3.689018e-02 8.187641e-02 -2.746730e-01 -1.653014e-01
1.166140e-01 4.373740e-02 -3.455734e-02 -4.600599e-03 3.194667e-01 1.171833e-01 3.228931e-01 6.062085e-02
-1.450794e-01 -9.979559e-02 1.479107e-01 -5.812857e-02 -8.065078e-02 2.365304e-01 2.952394e-01 -1.118954e-01
-9.991664e-02 -6.503943e-02 2.314645e-01 1.314734e-01 -1.037116e-01 -6.224605e-02 -1.015552e-01 -1.121678e-01
2.187287e-01 5.918901e-02 -1.475334e-01 -2.360275e-02 3.057853e-01 1.777803e-01 1.953896e-01 -8.281456e-02
-4.738735e-02 5.085971e-02 5.787956e-02 3.016559e-01 -1.701067e-02 8.892346e-03 -1.601737e-01 -2.046516e-01
3.260739e-03 5.004012e-02 4.422896e-03 1.309046e-01 -1.188824e-01 4.502134e-02 -1.042593e-01 -2.063460e-01
-5.324999e-02 -3.719418e-02 -9.463553e-02 -8.586769e-02 2.202924e-01 2.035727e-02 5.259978e-01 -1.073405e-01
-1.092941e-01 1.586602e-02 -1.224244e-01 2.121679e-01 -1.563356e-02 3.375757e-03 -2.180029e-01 -9.288748e-02
-1.401221e-01 -3.135128e-02 -1.075643e-01 -8.551805e-02 1.639462e-01 -1.955086e-02 -1.124093e-01 -9.401232e-02
9.089231e-03 -1.149068e-01 -1.385582e-01 2.795259e-01 6.663129e-02 -3.032241e-03 -2.145806e-01 -8.091577e-02
-3.128216e-02 -4.388765e-02 -1.590348e-01 7.725575e-02 -1.359826e-02 3.984123e-01 1.260084e-01 -1.141344e-01
-4.164055e-03 -9.671700e-02 -1.408157e-01 2.865781e-01 -1.360398e-01 -9.159920e-02 2.792925e-01 -1.245011e-01
4.738327e-01 -2.617918e-02 -1.840225e-01 -1.263168e-01 -2.065452e-01 -1.894218e-01 -8.304707e-02 -9.041381e-02
-9.179339e-03 -1.199226e-01 -4.175845e-02 1.715198e-04 1.654246e-01 -1.182510e-01 -1.583230e-01 1.199922e-01
3.071802e-02 -8.293590e-02 -1.246327e-01 -8.631909e-02 -1.308519e-02 1.019914e-01 -1.262574e-01 5.158403e-02
-4.194099e-02 8.298732e-03 -2.671966e-01 -1.735750e-01 -2.263908e-01 1.866706e-03 1.676692e-01 -2.300243e-01
-3.710796e-02 -7.309695e-02 -1.052732e-01 -1.452169e-02 -1.136938e-01 -6.615631e-02 5.948116e-01 8.387540e-02
2.474615e-01 -8.401008e-02 -1.572459e-01 -5.924478e-02 -1.118054e-02 -1.937363e-01 -6.712330e-02 1.793332e-01
-7.867290e-02 -2.969244e-02 -2.067490e-01 -7.214721e-02 2.623530e-02 -1.427705e-01 2.644493e-03 -1.757651e-01
3.937105e-02 -8.829176e-02 -1.077482e-01 1.544834e-01 -1.072694e-01 -7.095512e-02 5.699550e-01 -1.551916e-02
3.540455e-01 -4.938683e-02 -1.291603e-01 -1.077935e-01 -7.972880e-02 -8.418645e-02 -1.178992e-01 5.059232e-02
7.140119e-02 -8.392739e-02 -8.362023e-02 -1.089560e-01 -6.155042e-02 3.464078e-01 -1.447466e-01 1.218560e-02
-1.551253e-01 1.778552e-01 -8.995414e-03 4.760331e-01 -4.215401e-02 -2.184799e-01 -2.056165e-01 -1.425439e-01
4.328295e-02 -8.968411e-02 -4.043709e-01 1.097908e-01 -3.136971e-01 -1.129238e-01 1.459796e-01 -2.279648e-01
-1.099011e-01 4.998965e-01 -7.893069e-02 5.103892e-02 -1.470174e-01 -1.712691e-01 5.076646e-03 1.041510e-01
-1.242782e-01 -5.284271e-02 -1.145417e-01 -6.045171e-02 2.940924e-02 5.646455e-02 -1.658976e-02 -2.037987e-01
3.705269e-01 -1.410002e-01 -1.108030e-01 7.142652e-03 -6.667905e-02 -2.291587e-01 -1.403362e-01 3.173811e-01
3.535784e-02 -7.931282e-02 -3.262256e-01 1.215888e-01 -2.602385e-01 -1.051621e-01 2.565129e-01 -1.729095e-02
5.269352e-01 -7.191029e-02 -1.044166e-01 -1.017771e-01 -1.084610e-01 -6.266596e-02 -9.131802e-02 -4.215617e-02
2.329001e-01 -3.107972e-02 -1.761878e-01 3.858649e-02 -9.852439e-02 7.226714e-02 -2.544441e-01 -1.256899e-01
-9.479429e-02 6.966297e-02 -1.216621e-01 -1.011292e-01 6.571462e-02 -8.575078e-02 -4.519828e-03 -2.363403e-01
2.354188e-01 -9.546465e-02 -1.321378e-01 -1.188327e-01 -1.055324e-01 1.768913e-01 -1.337364e-01 1.133813e-01
3.010333e-02 2.706805e-02 -2.212766e-01 -1.389611e-01 -5.997773e-02 -6.115921e-02 -2.368814e-02 -1.835732e-01
6.114961e-02 -4.427409e-02 1.517629e-01 -9.523255e-02 -9.173371e-02 7.345879e-02 -1.028141e-01 -7.096028e-02
4.075469e-01 -1.024446e-01 -5.821408e-02 -4.603043e-03 -2.158719e-01 -2.440244e-01 -8.323846e-02 1.779006e-02
2.343932e-01 -1.311590e-01 -2.854761e-02 3.635049e-03 7.724821e-02 -1.651324e-01 -1.393905e-01 2.773647e-01
9.110530e-02 1.037709e-01 -1.123752e-01 -2.206988e-01 -1.256852e-02 3.864085e-02 -1.368227e-01 -1.970931e-01
-1.646899e-01 3.172050e-01 4.663889e-02 1.354532e-01 2.328639e-02 -1.509398e-01 -1.612095e-01 8.908229e-02
-1.135634e-01 -5.623610e-02 -1.139748e-01 -1.184648e-01 -9.244434e-02 -6.364867e-02 5.381948e-01 -2.184719e-02
-1.059480e-01 5.596910e-01 -8.334126e-02 -6.772666e-02 -5.842958e-02 -7.655139e-02 -6.903871e-02 -5.092822e-02
3.695354e-01 7.586438e-03 -2.062206e-01 -5.569269e-02 -2.015537e-01 -1.803923e-01 -1.533297e-01 -2.552899e-01
1.914387e-01 -3.978559e-02 -2.498257e-01 -1.002088e-01 -1.023472e-01 -1.570948e-01 7.425249e-04 1.707816e-02
4.607823e-02 -2.650700e-02 -1.819425e-01 8.079104e-03 -3.194839e-01 -5.694281e-02 2.306942e-01 -1.257070e-01
1.175339e-01 -5.895479e-02 -1.169738e-01 -1.048574e-01 1.627198e-02 -7.709871e-02 -1.150356e-01 -6.654434e-03
2.137210e-01 -4.921732e-02 -1.077845e-01 -1.089183e-01 -5.864158e-02 -7.172736e-02 -1.094571e-01 5.013195e-02
-3.489472e-02 -2.612976e-02 -2.944245e-01 -1.041314e-01 -2.825141e-01 -5.674708e-02 2.277735e-01 -8.738215e-02
-1.435439e-01 -8.912706e-02 7.780898e-02 -5.776506e-02 4.411073e-02 3.206144e-01 -1.319544e-01 -1.507013e-01
-8.182302e-02 -6.922349e-02 -1.269424e-01 -2.477299e-02 3.008762e-02 -2.433654e-02 -5.081659e-02 -5.181211e-02
7.702522e-03 -5.900572e-02 -1.147083e-01 -1.042928e-01 8.051635e-02 -7.452862e-02 -1.146723e-01 -5.155847e-02
3.297704e-01 8.594220e-02 -1.140914e-01 -1.548908e-01 -1.738439e-01 -3.285034e-02 -2.359279e-01 -3.285998e-01
-5.482285e-02 -6.044354e-02 -1.663160e-01 -2.235258e-02 7.856982e-02 -1.971312e-01 -1.990189e-02 -6.226562e-02
2.941892e-02 -3.585628e-02 -3.729579e-01 4.071357e-02 -2.977195e-01 -7.474194e-02 5.879176e-02 -2.609842e-01
3.355264e-01 -1.270287e-01 9.029061e-04 8.446722e-02 -8.732968e-02 -2.430321e-01 -1.119804e-01 1.444610e-01
-1.442462e-01 -3.049843e-02 4.238708e-02 -7.704228e-02 9.721550e-02 9.398435e-02 -6.443397e-02 -1.662187e-01
-1.161711e-01 5.940070e-01 -6.393038e-02 2.786401e-01 -1.009006e-01 -8.031109e-02 -4.287730e-02 -1.252120e-02
4.596695e-01 -7.332800e-02 -1.143960e-01 -1.125575e-01 -1.195663e-01 -7.304744e-02 -8.957965e-02 1.348426e-01
7.056057e-02 -7.873067e-02 -1.662138e-01 -2.592601e-02 4.481333e-02 -1.957899e-01 -3.981204e-02 6.741247e-02
-9.428258e-02 -9.781188e-02 -1.260213e-01 -1.001602e-01 1.044242e-01 1.711911e-01 -1.134574e-01 -7.235461e-02
8.472987e-03 -9.717682e-02 -2.284643e-01 3.152391e-02 -2.311822e-01 -1.206260e-01 2.523977e-01 1.224779e-01
5.477719e-02 -2.730371e-02 -2.502509e-01 -6.820373e-02 -5.009164e-02 -1.572620e-01 6.512654e-03 -8.634499e-02
3.175060e-01 -2.030120e-02 -2.094169e-01 -1.612759e-01 -1.853564e-01 -1.483273e-01 -6.258171e-03 9.422696e-02
-1.882449e-01 -5.707813e-02 -1.532749e-01 -2.122311e-02 1.224514e-01 -9.755930e-02 -4.818819e-03 -1.822167e-01
3.902994e-01 -9.219030e-02 -1.774114e-01 -7.722385e-02 -1.390985e-01 -2.154749e-01 -8.217286e-02 2.210288e-01
3.093979e-01 -6.568277e-02 -1.116032e-01 -1.173206e-01 -1.149181e-01 -6.923804e-02 -1.076357e-01 1.848986e-01
3.891914e-01 1.832945e-02 -1.113534e-01 -2.126241e-01 -2.155742e-01 -9.737657e-02 -9.261177e-02 -1.842426e-01
2.828218e-01 -7.265940e-02 -1.084873e-01 1.286731e-02 -1.180369e-01 -7.103083e-02 -1.103119e-01 -1.077245e-01
1.465446e-01 -1.110069e-01 -6.888634e-02 3.143951e-02 3.014027e-02 5.048759e-02 -2.160749e-01 2.198348e-01
2.086158e-01 3.949192e-02 -2.127159e-01 -1.970415e-01 -1.566257e-01 -4.276161e-02 -3.594188e-02 -7.843822e-02
-5.628368e-02 -9.641218e-02 -1.055552e-01 2.025270e-01 -1.399239e-01 -6.711738e-02 2.886094e-01 -1.173295e-01
-1.428081e-01 3.624632e-01 -3.393334e-02 3.993825e-01 -2.668178e-02 -1.847040e-01 -5.088463e-02 1.113553e-01
-8.669092e-02 -5.668525e-02 -1.134127e-01 -9.755822e-02 1.673670e-01 -6.898779e-02 -1.129146e-01 -9.495445e-02
-1.259716e-01 1.943791e-01 -6.678247e-02 4.669839e-01 -1.270232e-01 -7.499047e-02 -5.787627e-02 -1.200816e-01
-1.202426e-01 -6.857383e-02 -1.125895e-01 -1.266979e-01 4.876769e-02 -5.451699e-02 3.574551e-01 -1.081551e-01
3.742754e-01 -7.216825e-02 -1.260762e-02 -1.156983e-01 -1.225807e-01 -4.564638e-02 -1.028670e-01 -7.488950e-02
-3.343761e-02 -1.087483e-01 -3.420733e-01 -1.534766e-02 -2.473584e-01 -8.778647e-02 3.460513e-01 -2.910594e-02
1.940794e-02 -3.707220e-02 -1.208510e-01 -1.271909e-01 2.605823e-01 2.198975e-01 1.158869e-01 3.736934e-02
-1.204629e-01 -1.262788e-01 1.676661e-01 -1.009985e-01 2.271764e-02 -9.548266e-02 -1.445432e-01 -1.832755e-03
6.159733e-01 -1.425556e-01 2.217992e-01 -1.021953e-01 -7.015629e-02 -1.198574e-01 1.314900e-01 3.030081e-02
-1.183730e-01 -1.311604e-01 -1.085711e-01 2.377055e-01 3.129438e-01 2.381778e-01 -1.410841e-01 -1.008664e-01
-1.092191e-01 -1.351306e-01 -6.736134e-02 -8.429439e-02 2.779648e-01 -6.926225e-02 -1.272675e-01 -9.043720e-02
4.064694e-01 -2.415510e-01 4.177915e-02 -1.311548e-01 7.127623e-02 -2.034329e-02 7.994623e-02 1.721179e-02
-1.551167e-01 1.562296e-02 4.142552e-01 6.640066e-02 -1.874930e-01 6.699564e-02 -1.042389e-01 1.108758e-01
-2.485277e-01 -4.737568e-01 1.063418e-01 -8.232147e-02 -1.637910e-02 1.971799e-02 -1.833436e-01 1.787251e-02
-2.485268e-01 -6.368947e-02 -1.215075e-01 1.228695e-01 3.144310e-01 -6.710666e-02 -1.684519e-01 -3.005269e-02
-1.945695e-01 -6.968798e-02 -9.787439e-02 5.352705e-02 3.149035e-01 1.984121e-01 -5.859873e-02 -1.677024e-03
-1.254380e-01 -2.714884e-02 3.657152e-01 -9.490157e-02 -1.468922e-02 -7.914698e-02 -1.605719e-01 3.856597e-02
-2.065370e-01 -9.150775e-02 -9.194862e-02 2.195942e-01 3.041210e-01 -1.123839e-01 -2.790014e-01 -1.432120e-01
-1.206426e-01 -1.306600e-01 -1.014207e-01 3.172757e-01 2.614146e-01 3.951935e-01 -1.450711e-01 -1.006212e-01
-1.150114e-01 -1.367986e-01 -1.156586e-01 7.869539e-02 3.080142e-01 1.562307e-01 -1.335297e-01 -1.009178e-01
-1.271966e-01 -1.775769e-01 1.430474e-01 -1.220650e-01 -1.135245e-01 7.895133e-02 -3.197787e-02 1.083276e-01
-3.078684e-01 -3.536562e-01 -3.465367e-02 -1.678151e-01 -5.454779e-03 -3.263086e-02 -1.104796e-01 1.419184e-02
3.815538e-01 -2.297066e-01 1.578116e-01 -3.791323e-02 9.913822e-02 -2.518629e-02 8.991779e-02 1.254322e-01
-1.306777e-01 -1.126738e-01 -1.187466e-01 1.919080e-01 3.487162e-01 6.787853e-02 -1.465709e-01 -1.011273e-01
-1.917309e-01 -1.113087e-01 -1.170597e-01 -7.562640e-02 3.154842e-01 1.459810e-01 4.329793e-02 4.913748e-02
-1.188218e-01 -1.524179e-01 3.317439e-01 1.144935e-01 -1.506132e-01 -6.414489e-02 -3.128055e-01 -1.002475e-01
4.055384e-01 -2.637915e-01 3.229763e-01 8.805596e-02 9.418014e-02 -5.540799e-03 -1.224661e-01 1.324310e-02
-1.546382e-01 -3.511730e-01 3.531651e-01 -4.693688e-02 -3.044708e-02 -4.611577e-02 -2.022623e-01 1.433484e-01
-1.200546e-01 -1.285934e-01 -1.065152e-01 1.395907e-01 2.603904e-01 3.058190e-01 -1.466856e-01 -9.048343e-02
-1.880342e-01 -3.899635e-02 -3.892317e-02 -9.230943e-02 1.144212e-01 -2.436746e-02 -2.162806e-02 1.512709e-01
3.036021e-01 -9.287895e-02 3.515216e-01 4.518140e-02 7.841476e-02 -1.085326e-01 1.125421e-01 -1.970054e-01
-1.124059e-01 -1.373811e-01 -1.056728e-01 3.645327e-02 3.365999e-01 -3.635760e-02 -1.304684e-01 -9.471512e-02
-6.914229e-02 -1.221567e-01 2.557584e-01 -7.765540e-02 -4.975468e-02 -8.704947e-02 -1.409290e-01 -3.533764e-03
-9.659135e-02 -2.534497e-01 -1.931428e-01 -2.441384e-02 1.605613e-01 2.917831e-01 2.631712e-02 -2.876575e-02
-2.757072e-01 -1.265026e-01 -7.738832e-02 1.350115e-01 3.424622e-01 1.451135e-01 -2.016876e-01 -5.366752e-02
-1.338843e-01 -8.283971e-02 -1.100708e-01 -6.002610e-02 2.339997e-01 3.132042e-01 3.692652e-02 3.724860e-02
-2.868980e-01 -3.568331e-01 -1.466524e-01 1.730917e-01 2.483385e-01 3.629006e-03 -2.032055e-01 -9.009309e-02
-1.191126e-01 -1.353265e-01 -7.007734e-02 -1.019551e-01 1.414348e-01 -2.950987e-02 -1.329741e-01 -7.040922e-02
-1.857424e-01 -4.618325e-02 1.452558e-01 1.030594e-01 -4.209179e-02 1.113203e-01 -3.036034e-01 -9.509590e-02
-2.664643e-01 -3.378974e-01 -1.385883e-01 -8.446694e-02 1.442835e-01 6.618284e-02 -9.938259e-02 -1.218345e-02
-2.749816e-01 -1.510920e-01 -8.197451e-02 9.430315e-03 2.897003e-01 2.795188e-01 -5.472746e-02 1.786086e-02
-9.435079e-02 -5.751515e-02 -1.351725e-01 -1.178758e-01 2.477318e-01 9.872311e-02 7.839988e-02 9.261252e-02
3.253005e-01 -4.223996e-01 6.218121e-02 -1.178609e-01 9.027267e-02 3.508085e-02 1.113152e-01 8.686519e-02
-1.884380e-01 -1.573190e-01 -1.161064e-01 -2.224555e-01 1.903744e-01 4.605343e-02 3.453092e-02 8.452879e-02
-2.898172e-01 -1.530329e-01 1.689545e-01 -3.962892e-02 -2.361208e-02 -5.015306e-02 -1.307732e-01 1.071682e-01
-2.382807e-01 -1.854616e-01 1.513288e-01 -1.142001e-01 -4.832514e-02 -5.720254e-03 -6.478664e-02 1.350632e-01
-1.453839e-01 -8.984238e-02 -9.630772e-02 2.524152e-01 3.151887e-01 1.071321e-01 -2.934197e-01 -1.826082e-01
-1.055532e-01 4.498123e-02 -4.895954e-02 4.350380e-01 2.667563e-01 4.444528e-02 -2.074912e-01 -8.971395e-02
-3.271683e-01 -4.110674e-01 -7.923067e-02 -7.327837e-02 5.846017e-02 -1.864537e-01 -1.256125e-01 8.238035e-03
-1.680601e-01 3.855120e-01 3.052713e-01 -1.118966e-02 -7.940914e-02 -6.578457e-02 -1.430999e-01 -2.107489e-02
-7.420118e-02 -2.380074e-02 -1.427980e-01 1.979181e-02 3.042871e-01 2.351545e-01 2.978159e-02 -2.349480e-02
-1.108320e-01 -1.390807e-01 -1.092015e-01 -4.477374e-02 2.893398e-01 6.035059e-02 -1.276933e-01 -9.523044e-02
-3.047796e-01 -1.398034e-01 -9.565281e-02 3.984668e-02 3.607913e-01 6.837115e-02 -7.268336e-02 8.838999e-03
-3.153320e-01 -1.476459e-01 -3.563398e-02 1.204873e-01 2.580378e-01 -1.868120e-01 -2.491085e-01 -5.862239e-02
-1.530399e-01 1.991058e-01 -8.002187e-02 1.838142e-01 2.361985e-01 -1.053994e-01 -1.383666e-01 -3.229663e-02
-1.941998e-01 -3.351409e-02 3.909344e-01 1.366709e-01 -1.598863e-01 -4.824840e-03 -2.377093e-01 2.238921e-02
-5.707452e-02 -7.966568e-02 -1.589105e-01 -1.812010e-01 1.746581e-01 1.891872e-01 3.768051e-02 4.180368e-02
-1.262864e-01 1.704114e-01 2.311607e-01 1.555929e-03 -6.455109e-02 -8.656405e-02 -1.918148e-01 -1.211840e-01
1.153494e-01 -1.356074e-01 2.909129e-01 -7.867482e-02 -6.979376e-02 -9.845984e-02 -1.337386e-01 1.065384e-02
-1.869273e-01 -4.752595e-02 -1.344618e-01 -1.238532e-02 2.601768e-01 -3.337324e-03 -4.581001e-02 7.035210e-02
-2.207016e-01 -2.502293e-01 2.142030e-01 1.190232e-02 -1.138738e-02 -2.426143e-01 -1.299667e-01 5.412344e-02
3.618222e-01 -3.600433e-02 1.878556e-01 -1.121429e-01 -6.744365e-02 -1.099196e-01 3.024800e-01 -5.852248e-02
-2.729354e-01 -1.522914e-01 -1.074492e-01 -1.047577e-01 3.056991e-01 -7.091139e-03 1.406383e-02 6.993488e-02
-3.043806e-01 -8.154912e-02 -5.055288e-02 1.630967e-02 2.176754e-01 -1.307940e-01 -1.169372e-01 5.948760e-02
-1.343819e-01 -1.597959e-02 -1.373468e-01 1.012295e-01 3.358761e-01 7.601521e-02 -5.863176e-02 -1.222589e-02
-2.138601e-01 -3.156694e-01 -1.899747e-01 1.143827e-01 2.313172e-01 2.557224e-01 -4.821879e-02 -7.204586e-02
-2.269385e-01 -1.942675e-01 -9.336978e-03 2.390819e-02 2.212624e-01 3.622259e-02 -2.860823e-01 6.127804e-02
-3.478720e-02 5.254415e-02 2.185072e-01 3.187836e-01 2.436905e-02 6.917784e-02 -3.144710e-01 -1.857284e-01
-1.182545e-01 -1.294073e-01 2.404842e-02 -1.103122e-01 2.057230e-01 -9.620212e-02 -1.326074e-01 -7.062265e-02
-1.140352e-01 -1.311647e-01 -1.174373e-01 -2.328263e-02 1.888459e-01 1.996559e-01 -1.400588e-01 -7.514409e-02
-5.805619e-02 -1.085922e-01 1.186593e-01 -6.019679e-02 -1.266681e-01 -1.423168e-01 -3.303582e-03 -7.782500e-03
2.594821e-01 -9.886796e-02 -2.375896e-02 4.247623e-01 2.901005e-01 1.059283e-01 3.171196e-02 -3.285043e-02
-2.144381e-02 2.676638e-02 2.970964e-01 7.036389e-02 2.675546e-01 1.563140e-03 -7.330865e-02 -2.481413e-02
4.834934e-01 2.892152e-02 -7.372237e-02 1.173413e-02 -1.027921e-01 8.816255e-02 1.252787e-01 -2.079067e-02
-7.842907e-02 -1.157866e-01 2.913794e-01 2.002960e-01 -6.136000e-03 -2.461836e-02 1.841747e-02 4.367232e-02
3.972677e-01 -1.066510e-01 -5.782256e-02 4.071113e-01 4.006627e-01 8.247280e-03 -7.841871e-02 -1.415224e-01
1.344957e-01 -1.175115e-01 5.756351e-02 2.801249e-01 5.313921e-01 1.132454e-01 -8.212116e-02 -1.431620e-01
3.829479e-02 1.191504e-01 -4.390322e-03 -5.088980e-02 -4.157136e-02 7.575596e-03 -7.222685e-02 4.107493e-01
4.608743e-01 -1.473633e-01 -1.023765e-02 4.310828e-01 9.387081e-02 1.132844e-01 -1.091399e-02 -1.626028e-01
2.974114e-01 -1.053238e-01 -1.052996e-01 -1.398009e-02 -1.021433e-01 6.467043e-02 -6.823859e-02 -3.810365e-02
-6.119299e-02 -1.015010e-01 1.636857e-01 2.691351e-02 5.750998e-01 -6.729940e-02 -6.439468e-02 -1.161852e-01
1.250491e-02 -1.682903e-01 3.394601e-01 1.580953e-01 3.269922e-01 -3.949068e-02 8.815482e-02 2.083210e-02
5.239516e-01 -1.396445e-01 -6.206457e-02 -9.872764e-04 -1.574661e-01 1.098713e-01 2.734437e-01 -1.440366e-01
3.998803e-01 -2.384896e-01 2.258867e-02 4.038331e-01 6.216249e-02 5.604292e-02 3.586861e-02 -2.288757e-01
1.367729e-01 5.174443e-03 8.992746e-03 1.837746e-01 3.650073e-02 -1.933129e-02 -6.505725e-02 8.229513e-02
-6.324378e-02 -1.048559e-01 1.323561e-01 -6.189300e-02 2.940319e-01 -1.159348e-01 -6.584065e-02 -1.355653e-01
1.732389e-01 7.111693e-02 4.659001e-02 2.817246e-01 3.596219e-01 -5.757910e-03 -9.360173e-03 4.043708e-02
1.596895e-01 -2.930444e-01 7.264652e-02 2.719855e-01 -4.051805e-02 -4.464930e-03 2.263008e-02 -1.842112e-02
1.860582e-01 1.527874e-01 -1.532184e-02 2.013614e-01 2.764997e-01 1.641940e-01 -1.390085e-01 9.891919e-02
-8.370894e-02 1.222617e-01 2.650698e-01 -2.105564e-02 2.733865e-01 7.199162e-02 -9.785379e-02 5.167826e-02
5.470542e-01 -2.000215e-01 -1.296744e-01 9.775002e-02 -6.822124e-02 6.176086e-02 4.166075e-02 -1.455515e-01
2.890299e-02 -1.221432e-01 4.136062e-01 1.626632e-02 1.249675e-01 -1.429890e-01 2.595908e-02 -1.188692e-02
1.391193e-01 -1.242487e-01 -8.363131e-02 3.229999e-01 2.702005e-01 -1.458857e-02 -6.492442e-02 -1.308717e-01
4.234083e-01 -1.209914e-01 -4.126095e-02 1.042525e-01 8.599535e-03 -1.236567e-01 1.253142e-01 -7.160172e-02
-4.476719e-02 -7.222812e-02 6.024784e-02 -4.935205e-02 -1.075694e-01 -1.101992e-01 -6.879786e-02 4.236538e-01
4.455888e-01 -8.310664e-02 -8.928514e-02 3.873074e-01 2.039478e-01 2.544109e-02 -6.651378e-03 -1.505330e-01
-8.180633e-02 1.578183e-01 1.835033e-01 -9.961832e-02 3.316718e-01 1.241846e-02 7.963967e-03 1.396141e-01
-7.084757e-02 5.973492e-02 1.920442e-01 -8.203366e-02 -8.477189e-02 1.350504e-02 -1.203878e-01 3.188990e-01
5.751871e-01 -1.190626e-01 -1.145812e-01 5.042130e-02 -1.224419e-01 2.083032e-01 1.486678e-01 -1.524908e-01
7.189644e-02 -1.115725e-01 2.344006e-01 2.421893e-01 5.085955e-01 -1.521023e-02 -8.008277e-02 -1.395660e-01
1.976527e-01 -1.457701e-01 1.988714e-02 2.483005e-01 3.392845e-04 -4.285169e-02 -4.659225e-03 -1.739641e-02
4.256849e-01 -1.720637e-01 -7.700563e-02 3.354167e-01 1.329127e-01 9.198649e-02 2.440758e-02 -1.847757e-01
2.973278e-01 -9.745834e-02 8.765831e-02 -5.911027e-02 -1.571172e-01 -1.213346e-02 3.200524e-01 -1.202159e-01
4.685671e-01 -1.008294e-01 -4.323081e-02 1.444866e-02 -1.372835e-01 -8.757973e-02 2.620566e-01 -1.308107e-01
3.358946e-01 -1.451991e-02 -4.404820e-02 3.792884e-01 2.810924e-01 -7.275017e-02 -1.272693e-02 -5.361811e-02
2.674156e-01 -3.245830e-02 1.852250e-01 2.674584e-01 1.021549e-01 1.355353e-01 -8.479830e-02 -7.168071e-02
1.552061e-01 -1.109922e-01 -6.530935e-02 -3.150074e-02 -9.686695e-02 -6.178472e-02 -6.044647e-02 -1.113700e-01
-7.538787e-02 -2.941149e-02 1.646463e-01 1.704683e-01 4.128244e-02 -2.098267e-02 -3.494520e-03 8.143442e-02
3.832939e-01 -1.134550e-01 -9.695601e-02 3.936379e-01 3.845516e-01 1.871514e-01 -8.562720e-02 -1.510072e-01
-6.621014e-02 -1.158999e-01 8.142340e-02 -6.000392e-02 -1.142506e-01 -1.292072e-01 -4.735562e-02 -9.984323e-02
3.149901e-01 1.336284e-01 -2.171694e-02 -6.330256e-02 -5.926231e-02 1.004331e-01 7.233303e-02 6.385110e-02
3.434617e-01 -1.930952e-01 -2.934039e-02 4.222999e-01 1.720348e-01 -1.206576e-02 6.835914e-02 -1.562812e-01
-6.005634e-02 -1.108083e-01 3.454065e-01 6.673940e-02 4.626898e-01 -1.011752e-01 -7.237448e-02 -1.344354e-01
-6.816746e-02 -1.060620e-01 2.192001e-01 -6.248476e-02 -9.423308e-02 -1.157722e-01 -2.047161e-02 -1.141488e-01
2.009003e-01 -1.394343e-01 5.959764e-02 3.716580e-01 2.922035e-01 -9.569001e-02 1.147835e-01 -8.420964e-02
-2.006611e-02 -5.862840e-02 3.800789e-01 6.682549e-02 2.983353e-01 -3.599989e-02 6.325463e-02 3.054644e-02
1.988289e-02 -1.917572e-01 2.237967e-01 1.786588e-01 -1.162121e-02 4.821676e-03 -1.300984e-02 1.970254e-03
4.217912e-01 -2.320540e-02 -6.345875e-02 3.575725e-01 1.659245e-01 1.253308e-01 -7.966002e-02 -7.610313e-02
2.340029e-01 -1.105130e-01 8.795577e-02 3.522291e-01 4.744955e-01 -7.340555e-02 -7.723718e-02 -1.343132e-01
1.565987e-01 -6.151430e-02 -7.565253e-02 2.917548e-02 -9.756003e-02 3.707059e-02 -4.218944e-02 3.698272e-01
2.905372e-01 5.179555e-02 -6.232729e-02 3.337540e-01 2.656389e-01 1.609329e-01 -9.332686e-02 3.454193e-02
5.984691e-01 -1.090902e-01 -1.386209e-01 3.153856e-02 -1.082123e-01 6.192445e-02 1.447320e-01 -1.650850e-01
3.916080e-02 -1.021075e-01 3.577473e-01 1.389627e-01 2.368681e-01 -8.004527e-02 -3.237521e-02 -1.049690e-01
4.325239e-01 -9.937197e-02 -1.101754e-01 3.658693e-01 2.481935e-01 2.435167e-01 -8.456449e-02 -1.364558e-01
3.095651e-01 -1.619066e-01 -1.183049e-01 5.616918e-02 -1.256127e-01 -5.145288e-02 4.127325e-02 -1.302825e-01
-2.995452e-02 -9.703289e-02 1.503547e-01 -8.273458e-02 -1.399806e-01 -1.158114e-01 2.339209e-01 -1.212995e-01
1.028798e-01 -1.275736e-01 2.252964e-01 3.123060e-01 2.553153e-01 2.390576e-02 2.942904e-02 -6.691293e-02
2.657177e-01 -2.501836e-01 2.574483e-02 4.176321e-01 1.737576e-01 1.010391e-01 7.282025e-02 -6.126902e-02
-4.800215e-03 -4.844696e-02 2.456983e-01 1.145905e-01 3.835399e-01 -8.372692e-03 6.845747e-02 5.997907e-02
2.689016e-01 -1.182461e-01 -3.552405e-02 3.576159e-01 4.789703e-01 1.295173e-01 -8.464047e-02 -1.479563e-01
-4.197223e-02 -1.680125e-01 1.778413e-01 1.583347e-01 -7.069917e-02 -8.962915e-02 5.440136e-03 -4.516093e-02
-4.896873e-02 8.015449e-02 2.647277e-01 -1.044250e-02 3.644426e-01 -1.351554e-02 7.649908e-02 1.170546e-01
3.791045e-01 -1.235226e-01 -9.526312e-04 4.151688e-01 1.983955e-01 -1.501568e-01 6.154972e-02 -1.423857e-01
-6.221515e-02 -1.002326e-01 2.537711e-01 -1.326770e-03 5.182111e-01 -7.520644e-02 -6.090383e-02 -1.247580e-01
-9.643358e-02 1.115111e-01 -1.264566e-01 3.813630e-01 2.702528e-03 -6.036323e-02 -2.572970e-01 -2.557696e-01
1.754750e-01 -3.762463e-02 2.639863e-02 3.429763e-02 3.808523e-01 1.512710e-01 3.581704e-01 -1.255929e-02
-8.486934e-02 -1.042694e-02 -1.290995e-01 4.078511e-01 -5.793256e-02 -7.946184e-02 -1.512061e-01 -1.225020e-01
-9.077434e-02 -1.118039e-01 2.787407e-01 1.574474e-01 -6.343053e-02 -5.966228e-02 -1.297324e-01 -1.013085e-01
-1.128591e-01 -7.019447e-02 -2.027488e-01 1.882830e-02 -1.028750e-01 2.668640e-01 2.533232e-01 -1.127043e-01
-1.893226e-03 3.363544e-01 -1.692679e-01 -8.091709e-02 -3.530150e-03 -1.087161e-03 3.050723e-01 -2.574321e-02
2.344389e-03 -1.471660e-02 -1.035715e-01 -4.234746e-02 2.857443e-01 3.870080e-02 5.123352e-01 -9.936894e-02
-1.342023e-01 1.953351e-01 1.024822e-01 1.325200e-01 -1.203059e-01 -3.543650e-02 -1.546463e-01 -5.476579e-02
-1.747940e-01 -7.674365e-02 -7.496238e-02 2.300071e-01 1.076866e-02 -6.930700e-02 -2.198860e-01 -1.892308e-01
2.800016e-02 -1.061895e-01 -1.025352e-01 3.075902e-01 6.760689e-02 8.159036e-03 -2.462456e-01 -5.571372e-02
-1.330191e-01 -1.463964e-01 -1.921363e-02 -3.848767e-02 -1.681542e-01 2.307360e-01 3.158436e-01 -7.255940e-02
-6.812029e-02 -7.381264e-02 2.455604e-02 -1.238352e-01 1.483573e-02 -5.586403e-02 3.789698e-01 -4.180441e-02
-1.016092e-01 -1.080956e-01 -2.049062e-02 3.376195e-01 -7.620726e-02 -8.037528e-02 -1.501703e-01 -1.200496e-01
-8.276926e-02 1.390928e-01 -1.774736e-01 4.028248e-01 -6.039826e-02 -8.644763e-02 -1.505815e-01 -1.260649e-01
1.586890e-01 1.075372e-01 -6.046832e-02 -5.686204e-02 1.302363e-01 1.653413e-01 2.505783e-01 -1.112970e-01
-7.769260e-02 3.204667e-01 -1.757018e-01 4.385322e-01 -5.466663e-02 -7.937350e-02 -1.519781e-01 -1.302421e-01
-2.653076e-02 3.667215e-01 -1.459646e-01 1.031199e-01 -1.402056e-01 3.805614e-01 1.762662e-01 -1.200230e-01
-7.859384e-02 7.496566e-02 -1.894253e-01 9.034050e-02 -1.364865e-01 3.650082e-01 2.353283e-01 -8.122446e-02
9.904316e-02 -1.405043e-01 1.334265e-01 1.227558e-01 -5.806195e-02 5.601121e-02 -8.062568e-02 -7.742322e-02
-5.306163e-02 -1.082969e-01 -2.639366e-02 -6.855968e-02 2.654119e-01 -4.913123e-03 5.481151e-01 -8.067260e-02
-1.568229e-01 -9.110531e-02 -3.880551e-02 -1.426717e-01 -3.449985e-02 -5.487739e-02 -8.866842e-02 -4.474239e-02
-1.229204e-01 -1.095761e-01 -4.412384e-02 1.666085e-01 -1.315712e-01 -1.110697e-01 -1.304403e-01 -6.408021e-02
2.566081e-03 3.729134e-02 2.837478e-02 1.309652e-01 -1.387711e-01 2.989763e-02 -1.169905e-01 -1.977178e-01
1.513790e-01 9.207179e-02 -1.399766e-01 -5.048683e-02 2.360783e-01 1.119518e-01 2.394161e-01 -1.668249e-02
-7.004066e-02 1.463123e-02 1.385912e-01 2.529572e-01 -4.291239e-02 3.468196e-02 -1.863906e-01 -2.002280e-01
1.216466e-01 2.975615e-02 -1.433589e-02 -2.132894e-02 3.308948e-01 8.943328e-02 3.614474e-01 6.958525e-02
9.623513e-02 3.243287e-01 -1.774583e-01 -2.999887e-03 1.104527e-01 1.160118e-01 3.466023e-01 -1.357993e-01
-1.423680e-01 -1.482188e-01 2.075850e-01 -1.021097e-01 -1.248997e-01 2.162220e-01 3.288880e-01 -4.075547e-02
-1.283368e-01 -2.600682e-02 -1.597938e-01 7.840075e-02 -1.599249e-01 2.368439e-01 2.215396e-01 3.381275e-03
-1.186585e-01 2.724680e-02 -1.069376e-01 2.519766e-01 -4.587999e-02 -1.548729e-02 -2.290703e-01 -5.496091e-02
-1.213705e-01 -3.513061e-04 2.231584e-01 4.077613e-02 -1.442146e-01 -6.631134e-02 -1.326595e-01 -4.219368e-03
1.249973e-01 2.235313e-01 -7.949206e-02 3.404468e-04 3.852902e-01 1.423733e-01 2.345096e-01 -6.863371e-03
-1.238407e-01 8.927691e-03 2.815582e-01 1.159530e-01 -1.099578e-01 5.866131e-02 -1.626544e-01 -1.532391e-01
-7.111795e-02 -1.304318e-01 -1.491515e-01 4.474032e-02 -1.889992e-01 3.406763e-01 3.464080e-01 -1.020539e-01
2.737982e-01 1.208912e-01 -1.283683e-01 -2.182840e-02 2.921754e-01 2.068211e-01 1.437132e-01 -1.071124e-01
-1.391018e-01 -5.091383e-02 -8.307374e-02 -1.034237e-01 1.549855e-01 -2.802736e-02 -1.243654e-01 -7.615168e-02
-8.782438e-02 -4.032563e-02 -1.098083e-01 3.373850e-01 1.484502e-02 -3.399280e-02 -2.451670e-01 -2.332564e-01
-5.032165e-02 7.217228e-02 -1.290800e-01 3.957849e-01 -1.103066e-02 2.764795e-02 -2.597789e-01 -7.782318e-02
-4.142772e-02 1.038517e-01 -1.023511e-01 -1.071910e-01 1.358276e-02 -3.214820e-02 3.473885e-01 -3.055441e-02
-5.608442e-02 1.344910e-01 3.990794e-02 3.264947e-01 -3.476626e-02 -2.719275e-02 -1.672365e-01 -1.763522e-01
-1.697184e-01 -4.390724e-02 4.946096e-02 1.206881e-01 -2.598120e-02 -1.221639e-02 -2.008757e-01 -1.692537e-01
1.621728e-01 2.450885e-01 -1.243682e-01 -4.282111e-02 1.627956e-01 1.565941e-01 1.733115e-01 -9.422565e-02
-8.349946e-02 2.701449e-01 -7.456457e-02 3.933211e-01 -1.924328e-02 3.189012e-02 -3.043903e-01 -1.793184e-01
-6.607395e-02 -2.206005e-04 1.618809e-01 2.876090e-01 -4.876800e-02 -3.611632e-02 -1.383115e-01 -9.341349e-02
-8.613584e-02 -1.390474e-01 1.053259e-01 -9.039444e-02 2.445107e-01 -3.904755e-02 5.466259e-01 -6.858696e-02
-9.254551e-02 5.445632e-01 -9.703529e-02 3.695754e-01 -9.402797e-02 -4.430839e-02 -1.746667e-01 -1.133472e-01
-2.696176e-02 -5.432586e-02 -1.464437e-01 7.462491e-02 -2.630278e-02 3.720425e-01 1.434180e-01 -1.067527e-01
-1.159593e-01 -2.726696e-03 -1.247074e-01 3.386542e-01 -1.200891e-01 -8.949518e-02 -1.749156e-01 6.371918e-02
-8.312135e-02 2.926226e-02 -1.106477e-01 2.560087e-01 4.520012e-02 6.607401e-02 -3.087518e-01 -1.841440e-01
2.405591e-02 1.877410e-01 -1.300295e-01 -2.471302e-02 2.618702e-01 7.794239e-02 4.781982e-01 -1.043846e-01
-1.138744e-01 -1.366996e-01 1.087849e-01 2.176293e-01 -9.851664e-02 -8.103054e-02 -1.423974e-01 -1.109665e-01
2.067789e-01 1.444496e-02 -1.308215e-01 -4.586999e-02 3.926021e-01 1.222237e-01 2.772212e-01 -6.942670e-02
-8.669340e-02 3.490980e-02 4.719006e-02 2.489706e-01 3.932054e-02 7.482113e-02 -3.128168e-01 -1.634580e-01
-1.176580e-01 2.011354e-01 -1.395838e-01 4.045769e-01 -9.683458e-02 -6.059975e-02 -2.295786e-01 -7.755674e-03
-2.331161e-01 -1.528523e-01 1.101932e-02 1.535615e-01 -4.523643e-02 -1.063347e-01 -1.562699e-01 -1.166482e-01
-1.054370e-01 -6.148947e-02 -1.495954e-01 2.746230e-01 -9.072901e-02 -1.011212e-01 -1.425921e-01 -9.969554e-02
2.363786e-02 -1.956814e-02 -1.571122e-01 -7.259600e-02 3.226439e-03 5.004644e-02 3.927273e-01 -1.038578e-01
-9.694493e-02 -1.506851e-01 1.592845e-02 1.681164e-03 -7.702932e-02 3.498085e-01 2.528110e-01 -8.968867e-02
1.718198e-01 5.401710e-01 -6.364644e-02 -1.329090e-02 1.336366e-01 2.133698e-01 1.827788e-01 -8.180945e-02
-1.433700e-01 7.298734e-02 -1.491058e-01 -1.353467e-01 -4.731397e-03 -6.132372e-02 -1.067435e-01 1.077900e-02
-2.105088e-01 -1.332828e-01 1.664317e-01 5.325118e-02 -9.442670e-02 -6.768512e-02 -1.399596e-01 -9.782654e-02
-8.295225e-02 2.828448e-01 -1.264976e-02 3.283156e-01 -5.067106e-02 -5.456579e-02 -1.565719e-01 -1.474900e-01
-9.616248e-02 -1.178227e-01 4.045720e-01 1.572298e-02 -8.441662e-02 -6.448062e-02 -1.181497e-01 -7.470537e-02
-8.121543e-02 4.773316e-01 -7.893145e-02 4.251958e-02 -8.016544e-02 -7.948495e-02 -1.164181e-01 8.253671e-03
-3.855649e-02 -5.814051e-02 -3.003149e-01 -9.927873e-02 -2.795575e-01 -6.121705e-02 2.774979e-01 -7.290805e-02
2.524323e-01 -7.871523e-02 3.275625e-02 -1.323767e-01 -1.757672e-01 -4.218503e-02 -6.699889e-02 -7.265076e-02
-2.471666e-02 -9.597787e-02 -1.357641e-01 -2.696119e-03 8.333278e-02 -2.159301e-01 -1.256050e-02 1.381058e-02
2.350466e-01 -1.101785e-01 -1.204688e-01 -4.702240e-02 1.128307e-02 -1.973755e-01 -6.362513e-02 2.022360e-01
-1.832677e-01 -7.364522e-02 -1.404106e-01 -3.003900e-02 1.040189e-01 -1.031521e-01 1.876852e-02 -1.755147e-01
-6.863818e-03 -1.017699e-01 -1.641660e-01 2.629844e-01 -1.584407e-01 -8.727615e-02 2.520141e-01 -1.571872e-01
-6.814723e-02 -7.818089e-02 -1.516312e-01 -1.151922e-01 -1.682281e-01 -8.370648e-02 5.457396e-01 -2.552213e-02
1.323039e-02 -5.756681e-02 2.137914e-01 -1.030681e-01 -8.164015e-02 9.639248e-02 -7.627119e-02 -8.503801e-02
4.613097e-01 -1.020748e-01 -8.181448e-02 -1.432806e-01 -1.879906e-01 -1.021797e-01 -4.861803e-02 -6.554274e-02
-1.129869e-01 5.639139e-01 -4.434044e-02 1.258590e-02 -8.991195e-02 -1.274204e-01 -2.739592e-02 4.585318e-02
7.988645e-02 -1.272095e-01 -2.848189e-02 -9.476813e-02 -2.436174e-02 3.554117e-01 -1.253519e-01 6.718092e-02
6.044544e-02 -1.392742e-01 -9.107928e-02 1.335689e-01 -1.300156e-01 -1.032920e-01 5.464165e-01 6.726256e-03
-1.558068e-01 1.751180e-01 -5.227774e-04 5.094024e-01 -4.471581e-02 -1.701698e-01 -1.458468e-01 -1.122434e-01
4.168394e-01 -8.837586e-02 -1.337877e-01 -1.419833e-01 -1.787671e-01 -1.305385e-01 -4.316708e-02 1.230443e-01
3.991938e-02 -5.736671e-02 -3.771296e-01 6.548612e-02 -3.052095e-01 -8.967430e-02 8.965599e-02 -2.695057e-01
2.263424e-01 -1.540953e-01 1.191717e-02 -1.785640e-03 8.827172e-02 -1.122354e-01 -1.405423e-01 2.721171e-01
5.254877e-02 -1.496467e-01 -1.955133e-02 7.240474e-05 1.078338e-01 1.055572e-01 -1.848291e-01 1.788541e-01
4.095090e-01 -1.240922e-01 -3.008120e-02 2.368698e-02 -1.811459e-01 -2.630364e-01 -6.564193e-02 5.179457e-02
1.430954e-01 -3.747772e-02 -1.823838e-01 -1.425287e-01 -1.233851e-01 -9.223542e-02 -1.433986e-02 -6.050391e-02
-1.153898e-01 -1.265154e-01 -3.956153e-02 -4.126745e-02 2.602402e-01 -7.174155e-02 -1.211668e-01 -5.948078e-03
-1.045029e-01 -7.976709e-02 -1.320339e-01 -1.046445e-01 1.686149e-01 -1.004430e-01 -5.817788e-02 -1.224280e-01
-1.338486e-01 -8.227509e-02 -1.128794e-01 -1.345529e-01 6.462666e-02 -7.964695e-02 3.409036e-01 -1.206092e-01
3.390447e-01 8.633140e-02 -9.050087e-02 -1.782817e-01 -1.643960e-01 -1.823255e-02 -2.135921e-01 -3.395329e-01
3.408006e-01 -1.602701e-01 -4.258671e-02 4.926201e-02 -2.088395e-02 -2.384020e-01 -1.045020e-01 3.193511e-01
4.194699e-02 -1.619213e-01 -2.726766e-02 2.187529e-01 -5.733203e-02 -1.004436e-01 4.773878e-01 8.059712e-02
4.369516e-02 -3.474395e-02 -1.661825e-01 -1.425609e-03 -3.191761e-01 -5.051387e-02 2.445869e-01 -1.247776e-01
2.921879e-02 -1.001836e-01 -3.138913e-01 1.120745e-01 -2.664633e-01 -9.907708e-02 2.959095e-01 -1.192551e-02
-1.645974e-01 -4.301625e-02 5.127835e-02 -7.715061e-02 1.040794e-01 9.066170e-02 -2.733623e-02 -1.800345e-01
-4.119048e-02 1.018760e-02 -2.449228e-01 -2.109348e-01 -2.370473e-01 1.849736e-02 1.785877e-01 -2.324122e-01
5.444445e-01 -1.228282e-01 -6.598181e-02 -1.104072e-01 -1.249958e-01 -1.036990e-01 -6.509344e-02 2.378080e-02
2.249151e-01 -9.518376e-02 -1.157669e-01 -1.121733e-01 -5.711938e-02 -1.157631e-01 -6.314609e-02 6.360376e-02
9.760781e-02 -5.748480e-02 -2.400793e-01 -6.486938e-02 -5.098445e-02 -1.873151e-01 2.336013e-02 -2.490992e-02
9.494923e-03 -9.918401e-02 -1.153967e-01 -8.532317e-02 -1.600123e-02 1.252750e-01 -8.764435e-02 3.256971e-02
-1.465530e-01 4.899400e-01 3.812328e-03 4.105186e-01 7.941239e-03 -1.319033e-01 -9.375986e-02 5.131168e-02
4.630359e-01 -1.450414e-01 1.558523e-02 -5.666420e-02 -2.345889e-02 -9.820236e-02 -1.149401e-01 1.276555e-01
8.015692e-03 -1.119583e-01 -2.211586e-01 2.524511e-02 -2.237804e-01 -1.289340e-01 2.638086e-01 1.255676e-01
-8.399822e-02 -8.232814e-02 -7.883036e-02 -4.888322e-02 4.507022e-02 -3.132540e-02 -3.855032e-02 -4.943915e-02
-1.466777e-01 3.028336e-01 -1.598518e-02 3.507278e-01 -5.487486e-02 -1.995640e-01 2.046415e-02 1.915920e-01
4.911117e-02 -8.533525e-02 -1.332804e-01 -1.102090e-01 3.735953e-02 -1.120271e-01 -5.691778e-02 -4.593430e-02
8.390079e-02 -1.263882e-01 -5.157748e-02 -5.112666e-02 1.102560e-01 -1.204093e-01 -1.153262e-01 1.166665e-01
-1.028783e-01 3.829011e-02 -1.271564e-01 -1.126648e-01 5.260815e-02 -9.143542e-02 1.230699e-02 -2.311618e-01
3.798645e-01 6.970428e-03 -1.857798e-01 -6.927708e-02 -1.955121e-01 -1.767559e-01 -1.376072e-01 -2.565215e-01
-6.495860e-02 -5.641019e-02 -1.936978e-01 -7.466561e-02 2.465427e-02 -1.589080e-01 1.407112e-02 -1.415159e-01
4.054006e-01 -1.324800e-01 -4.165949e-02 -9.777354e-02 -9.902568e-02 -1.175652e-01 -8.684812e-02 2.350041e-01
-1.558026e-01 3.307661e-01 5.107450e-02 8.513656e-02 5.388480e-02 -1.398249e-01 -1.283284e-01 7.816628e-02
2.936155e-01 -2.692169e-02 -1.870224e-01 -1.685902e-01 -1.895082e-01 -1.024071e-01 -1.660342e-02 4.310237e-03
5.858786e-02 9.437239e-02 -8.110705e-02 -2.375561e-01 -6.623469e-03 5.505676e-02 -1.171455e-01 -2.144414e-01
-9.909999e-02 -3.389335e-02 -2.121889e-01 -1.695986e-01 -1.362822e-01 -6.325659e-02 4.484376e-01 -1.644530e-01
2.339036e-01 -1.417490e-01 -6.348264e-02 -8.298936e-02 -4.951288e-02 1.256471e-01 -1.257148e-01 1.984718e-01
2.434674e-01 -4.458343e-02 -1.475512e-01 3.993419e-02 -6.791774e-02 8.094115e-02 -2.378963e-01 -1.005841e-01
2.943646e-01 -6.856337e-02 -1.914988e-01 -1.247151e-01 -1.293109e-01 -1.836599e-01 3.549909e-03 1.438278e-01
-1.401029e-01 -1.278380e-01 -1.267588e-01 -1.010204e-01 1.330340e-01 1.437865e-01 -4.974862e-02 -1.023640e-01
3.029344e-01 -9.575026e-02 -1.057787e-01 1.014946e-02 -1.270071e-01 -9.446166e-02 -9.264710e-02 -1.089972e-01
1.428568e-02 -2.581462e-02 -3.169799e-01 -1.073823e-02 -2.752725e-01 -1.749048e-02 6.769168e-02 -3.118347e-01
-1.489963e-01 -8.220457e-02 -2.859119e-02 -8.077399e-02 4.839416e-02 2.877190e-01 -7.364594e-02 -1.248559e-01
4.894701e-01 -3.681356e-02 -1.698471e-01 -1.330188e-01 -2.032113e-01 -1.942324e-01 -6.260897e-02 -7.901940e-02
-1.543044e-01 -1.157558e-01 1.621583e-01 -4.732271e-02 5.416831e-02 3.562747e-01 -1.201262e-01 -1.612116e-01
-5.630687e-02 -1.345133e-01 -5.157173e-02 -2.556125e-02 -9.623728e-02 -9.627616e-02 5.256239e-01 1.204081e-01
4.007015e-01 -1.326936e-01 -1.523934e-01 -3.859598e-02 -1.089387e-01 -2.344927e-01 -9.421287e-02 2.771490e-01
-1.273060e-01 -6.028627e-02 -9.770849e-02 -8.967213e-02 1.229439e-02 4.845581e-02 8.552514e-03 -2.186968e-01
4.089520e-01 1.877692e-02 -1.012401e-01 -2.350351e-01 -2.070949e-01 -9.352737e-02 -7.383715e-02 -1.850455e-01
4.641402e-02 -9.944398e-02 -4.139902e-01 1.156081e-01 -3.424290e-01 -1.176433e-01 1.712821e-01 -2.044437e-01
1.710945e-02 -8.323643e-03 -1.940483e-01 -1.410414e-01 -5.741969e-02 -7.269051e-02 -1.095753e-02 -1.637049e-01
2.035712e-01 5.491927e-02 -1.663474e-01 -2.459439e-01 -1.342928e-01 1.351903e-02 -5.501315e-02 -1.049297e-01
-2.802261e-01 -1.403888e-01 1.634049e-01 -5.855800e-02 -5.970421e-02 -3.540763e-02 -9.964095e-02 1.175407e-01
-1.063036e-01 -5.892685e-02 -1.297407e-01 7.688399e-02 2.532780e-01 2.860833e-01 -2.895226e-02 -2.171778e-02
3.608764e-01 -1.775807e-02 2.251300e-01 -1.032761e-01 -9.423128e-02 -1.194731e-01 2.362437e-01 -9.917466e-02
-2.156333e-01 -1.386997e-01 -1.903059e-02 3.955821e-02 1.796440e-01 2.652645e-02 -2.884025e-01 5.875264e-02
3.524070e-01 -3.425709e-01 2.907979e-02 -1.402394e-01 3.544684e-02 5.502517e-02 1.327175e-01 1.121913e-01
-6.315565e-02 -3.011536e-02 -1.706841e-01 -1.790940e-01 1.709122e-01 1.355402e-01 8.978616e-02 8.394773e-02
-3.006325e-01 -3.049615e-01 -5.428196e-02 -1.681538e-01 -3.301588e-02 -3.442383e-02 -9.587993e-02 1.259764e-02
-1.777225e-01 1.587628e-01 -8.374355e-02 2.436843e-01 2.339107e-01 -1.275973e-01 -1.446007e-01 -4.631453e-02
-1.659832e-01 3.414159e-02 3.986856e-01 8.699159e-02 -2.130276e-01 4.600026e-02 -1.079925e-01 9.938633e-02
-1.946740e-01 -1.321467e-01 2.662181e-01 8.117046e-03 -7.757917e-02 -1.752342e-01 -1.939539e-01 -4.612593e-02
-1.393541e-01 -1.283538e-01 1.451537e-01 -9.737816e-02 -2.229087e-01 1.370743e-01 3.553104e-03 2.810648e-02
-1.536265e-01 -8.944009e-02 -1.160819e-01 2.083507e-01 3.580703e-01 1.105662e-01 -1.278047e-01 -8.463513e-02
-1.016561e-01 -8.425188e-02 -1.343827e-01 -5.820838e-02 1.454069e-01 1.793096e-01 -9.757170e-02 -4.156796e-02
6.129857e-01 -9.641384e-02 2.738917e-01 -1.217433e-01 -1.008522e-01 -9.618536e-02 1.749794e-01 3.202255e-02
-1.176438e-01 2.860733e-02 1.543396e-01 2.054080e-01 -3.541176e-02 8.565307e-02 -3.002252e-01 -1.434853e-01
-2.058971e-01 -1.117953e-01 -2.108467e-02 -8.256409e-02 1.707317e-01 -1.223247e-01 -1.012031e-01 -2.419880e-02
-1.558352e-01 -1.028044e-01 -1.226943e-01 3.789425e-02 3.209769e-01 3.062684e-02 -1.079516e-01 -5.335152e-02
-1.198272e-01 -8.543821e-02 -1.126650e-01 2.058788e-01 3.214140e-01 2.613716e-01 -7.978939e-02 -5.533823e-02
-1.398791e-01 -1.089719e-01 2.466722e-01 -7.429696e-02 -1.090433e-01 -1.289383e-01 -8.263034e-02 3.474839e-02
-2.450462e-01 -4.247874e-01 1.061997e-01 -7.720165e-02 -4.079303e-02 9.430560e-03 -1.790645e-01 1.785186e-02
-1.198433e-01 -6.781409e-02 -1.284742e-01 -7.364776e-02 2.446580e-01 9.025328e-02 -1.451702e-02 1.879157e-02
-1.816186e-01 -1.329748e-01 -8.677809e-02 3.769721e-02 3.008318e-01 -1.036130e-01 -1.764521e-01 -1.166146e-01
-1.682354e-01 -3.926047e-02 3.526235e-01 1.480389e-01 -1.807888e-01 -3.289927e-02 -2.656706e-01 -3.148639e-02
-2.227976e-01 -1.362013e-01 -1.313651e-01 -2.070901e-01 1.804135e-01 3.486874e-02 3.976248e-02 8.225405e-02
-2.156529e-01 -1.434559e-01 -1.786365e-03 -6.740207e-03 1.895944e-01 -1.754670e-01 -2.027542e-01 -1.215336e-01
-2.415026e-01 -8.916210e-02 -1.126538e-01 3.204218e-03 2.889004e-01 2.373023e-01 -1.691020e-02 2.317173e-02
-1.875802e-01 -1.305620e-01 1.162132e-01 -1.322170e-01 -7.832566e-02 1.287436e-02 -3.463373e-02 1.363139e-01
-1.314774e-01 -8.061375e-02 -7.396655e-02 -1.367777e-01 1.277675e-01 -2.742677e-02 -1.312064e-02 1.214959e-02
-1.300411e-01 -9.384236e-02 -9.473145e-02 3.543476e-01 2.801274e-01 2.608755e-01 -1.707751e-01 -1.402487e-01
3.464780e-02 -2.453022e-03 -1.406677e-01 -1.366901e-01 2.458587e-01 2.014515e-01 1.390148e-01 4.199118e-02
-1.517765e-01 -4.945503e-02 -1.450519e-01 -1.038620e-01 2.971526e-01 9.036465e-02 9.663947e-02 8.394323e-02
-2.926114e-01 -3.085768e-01 -1.520987e-01 -8.962317e-02 1.183678e-01 2.797473e-02 -1.135544e-01 -1.254654e-02
-2.897119e-01 -1.004257e-01 -9.984878e-02 9.425724e-02 3.596576e-01 1.115362e-01 -1.192014e-01 -1.986778e-02
-5.242266e-02 -1.784684e-01 -2.365087e-01 -3.732394e-02 1.322354e-01 3.144920e-01 5.793862e-02 -3.493070e-02
-2.085382e-01 -1.213860e-01 1.654702e-01 -6.775915e-02 1.665294e-03 -1.419663e-01 -1.269855e-01 9.711484e-03
-1.038814e-01 4.111981e-02 -4.900699e-02 4.620762e-01 2.528847e-01 1.680727e-02 -2.223389e-01 -1.230461e-01
-3.070499e-01 -6.834823e-02 -6.876334e-02 8.260007e-02 2.186043e-01 -1.614873e-01 -1.575549e-01 1.698454e-02
4.029756e-01 -1.917894e-01 1.490458e-01 -3.699022e-02 8.474173e-02 -2.516789e-02 1.051162e-01 1.206353e-01
-2.366212e-01 -4.548699e-02 -1.279646e-01 1.688359e-01 3.485873e-01 -6.241626e-02 -1.567587e-01 -5.377287e-02
3.169933e-01 -6.028044e-02 3.404813e-01 5.757727e-02 6.019589e-02 -1.121043e-01 1.183243e-01 -2.036243e-01
-1.651142e-01 -9.325181e-02 -1.064160e-01 2.401791e-01 3.045181e-01 3.417645e-02 -2.616392e-01 -1.728244e-01
4.331876e-01 -2.228974e-01 3.199320e-01 9.212712e-02 7.980552e-02 -5.581914e-03 -1.085403e-01 1.011550e-02
-1.839940e-01 3.696795e-01 3.048824e-01 3.105979e-03 -1.086004e-01 -7.455868e-02 -1.238557e-01 -1.304594e-02
-2.841299e-01 -3.021295e-01 -1.770527e-01 1.824156e-01 2.434688e-01 -1.399120e-02 -2.008149e-01 -1.038633e-01
-1.142609e-01 -4.448278e-02 -1.390467e-01 -6.573888e-02 2.004361e-01 3.030909e-01 6.472905e-02 3.825649e-02
-9.682897e-02 -8.202991e-02 -1.147885e-01 2.543948e-01 2.608534e-01 4.022781e-01 -3.481834e-02 -5.747908e-02
5.844021e-01 -8.644199e-02 2.116507e-01 -1.392782e-01 -1.070748e-01 -7.559143e-02 1.753166e-01 6.097146e-02
-1.266659e-01 1.744762e-01 2.371042e-01 2.935140e-02 -8.963460e-02 -1.037414e-01 -1.872030e-01 -1.475016e-01
-3.285675e-01 -3.573350e-01 -1.035419e-01 -7.062804e-02 3.405129e-02 -2.107407e-01 -1.065083e-01 3.609461e-03
-1.625751e-01 -2.526090e-01 -2.120145e-01 -3.125758e-02 1.719742e-01 1.777540e-01 -7.003162e-03 -3.852085e-02
3.661531e-01 -4.065495e-01 5.598653e-02 -1.121542e-01 9.834253e-02 1.936531e-02 1.202237e-01 5.568242e-02
-1.666538e-01 -9.922446e-02 -9.112626e-02 -7.380671e-02 2.673790e-01 -6.459094e-02 -6.942800e-02 -2.015800e-02
-7.547005e-02 -3.740929e-03 -1.402795e-01 -1.155042e-02 3.009270e-01 1.959065e-01 6.707096e-02 1.155990e-02
-2.213999e-01 -2.594541e-01 -2.195411e-01 1.421504e-01 2.186071e-01 2.748052e-01 -4.242481e-02 -8.479658e-02
-2.005617e-01 -5.828515e-03 -1.454685e-01 4.161824e-02 2.786300e-01 -2.640422e-02 -4.086272e-02 5.873745e-02
-2.087478e-01 -3.142592e-02 3.750815e-01 -6.323822e-02 -8.619663e-02 -1.236720e-01 -1.055459e-01 7.225095e-02
-1.388546e-01 -5.240002e-02 -1.250815e-01 7.228372e-02 3.362866e-01 1.469088e-01 -3.762259e-02 -1.857995e-02
-2.275946e-01 -9.314774e-02 -7.946470e-02 1.993662e-01 2.596259e-01 -1.649373e-01 -2.746888e-01 -1.384408e-01
-2.797533e-01 -1.073436e-01 -1.272050e-01 -3.550247e-02 3.502211e-01 3.065017e-02 8.805294e-03 4.699669e-02
1.514848e-02 -1.817895e-01 3.004581e-01 2.099105e-02 -1.234291e-01 -1.802165e-01 -2.096359e-01 -6.860067e-02
-2.220911e-01 -2.030179e-01 1.996518e-01 2.894004e-02 -3.546922e-02 -2.498906e-01 -1.190485e-01 4.916321e-02
-1.722871e-01 -6.844465e-02 -9.713846e-02 1.124242e-01 2.493085e-01 2.320983e-01 -1.849488e-01 -5.183419e-02
4.289924e-01 -2.043574e-01 2.572743e-02 -1.311108e-01 5.668171e-02 -1.946905e-02 9.953748e-02 1.237325e-02
-2.043608e-01 -3.585167e-03 -7.307981e-02 -5.946735e-02 1.259636e-01 -4.366732e-02 -1.738827e-02 1.397479e-01
8.769701e-02 7.399700e-02 1.053221e-01 1.934082e-01 4.112476e-01 1.088576e-02 -1.656333e-02 3.108941e-02
4.289152e-01 -1.306659e-01 -2.403060e-02 4.253002e-01 1.135610e-01 1.123947e-01 1.687224e-02 -1.535036e-01
-6.741798e-02 -4.816368e-02 2.324969e-01 -7.770082e-02 -7.505900e-02 -1.061531e-01 1.910088e-02 -3.417408e-02
5.777715e-01 -1.464450e-01 -1.239863e-01 2.717954e-02 -1.605290e-01 8.546717e-02 2.181569e-01 -1.733691e-01
-8.426195e-02 -1.386946e-02 1.531978e-01 1.657125e-01 5.905031e-02 -9.065178e-03 2.692418e-02 8.664587e-02
2.709031e-01 -1.630746e-01 -1.166773e-01 2.860659e-02 -1.186423e-01 -2.516752e-02 -6.058209e-03 -1.121291e-01
3.238304e-01 -6.257881e-02 -1.179586e-01 3.764175e-01 4.055737e-01 1.503349e-01 -6.283242e-02 -8.545576e-02
9.076399e-02 -3.124624e-03 -3.002356e-02 2.126403e-02 -7.358846e-02 -1.239871e-01 3.259846e-02 2.953267e-01
-9.765908e-02 9.346988e-02 1.437641e-01 -5.671702e-02 4.622289e-01 1.871290e-02 -5.345228e-02 3.239429e-02
1.850289e-02 -1.080793e-01 4.102637e-01 1.298806e-02 1.288995e-01 -1.452449e-01 4.119245e-02 -2.386039e-02
1.224450e-01 -1.247554e-01 -7.884295e-02 3.009866e-01 2.319365e-01 -4.772069e-02 -2.659276e-02 -1.174109e-01
1.664847e-03 -3.625800e-02 3.296001e-01 9.523369e-02 2.421969e-01 -6.445657e-02 -2.612028e-02 -8.739005e-02
3.535776e-01 1.146116e-01 -7.357387e-02 -7.238336e-02 -6.360419e-02 1.431703e-01 9.551035e-02 3.667404e-02
6.304592e-03 -1.794885e-01 2.189911e-01 1.728890e-01 -1.504466e-02 2.158775e-02 3.123421e-03 4.506558e-04
1.157254e-01 -1.098046e-01 7.396341e-02 3.039689e-01 4.533481e-01 5.499103e-02 3.134105e-02 -9.558054e-02
-6.355245e-02 -4.293986e-02 1.066580e-01 -7.198833e-02 -7.276228e-02 -1.034097e-01 2.257025e-02 -3.746068e-02
-3.631739e-02 -4.382996e-02 3.701519e-01 6.078530e-02 3.187265e-01 -2.841768e-02 8.324848e-02 2.663113e-02
2.609993e-01 -2.265944e-01 2.320241e-02 3.863058e-01 1.536561e-01 1.154502e-01 9.531635e-02 -6.472208e-02
4.396671e-01 -8.537450e-02 -7.717767e-02 4.843303e-02 -7.319440e-02 -1.199293e-01 2.074396e-01 -9.925517e-02
-6.031181e-02 -7.585108e-03 1.434039e-01 -2.083316e-03 5.051879e-01 -3.869652e-02 5.406875e-03 -3.486175e-02
-1.239199e-01 9.978602e-02 1.926398e-01 -1.105167e-01 -8.423941e-02 7.162385e-02 -1.262011e-01 2.989963e-01
4.245327e-01 -2.062218e-02 -1.034228e-01 3.424238e-01 2.124263e-01 3.211784e-02 -2.561030e-02 -1.284783e-01
4.291334e-01 -1.990222e-01 1.523470e-02 3.700025e-01 3.803650e-02 7.257608e-02 5.057735e-02 -2.265551e-01
1.566430e-01 -3.891841e-03 -3.185020e-02 2.747056e-01 4.726479e-01 1.432081e-01 -4.631976e-02 -3.455285e-02
2.107722e-01 -1.409275e-01 4.223930e-02 3.603682e-01 2.621706e-01 -9.271760e-02 1.462023e-01 -1.047291e-01
1.292346e-01 -1.504991e-01 -4.848678e-02 9.325266e-03 -9.430423e-02 -1.089874e-01 2.369357e-02 -1.073171e-01
4.199844e-01 -1.700699e-02 -9.479240e-02 -4.706004e-02 -1.212500e-01 8.443205e-02 2.659413e-01 -5.757682e-02
2.355007e-01 -1.364224e-01 -4.834124e-02 3.861885e-01 4.188389e-01 4.420441e-02 1.458879e-02 -1.178967e-01
4.070190e-01 -1.115580e-01 -1.300358e-01 3.846331e-01 2.328963e-01 2.108692e-01 -8.306134e-02 -1.224220e-01
-7.339849e-02 -9.607723e-02 1.418413e-01 -9.045406e-02 2.674121e-01 -1.081101e-01 -5.467098e-02 -9.743810e-02
-9.926498e-02 -9.640588e-02 2.891141e-01 1.849330e-01 -5.710438e-03 -2.000701e-02 2.686249e-02 4.144328e-02
5.296469e-04 -1.362325e-01 3.172510e-01 1.473531e-01 3.278407e-01 -3.162305e-02 1.085231e-01 1.755727e-02
-6.153637e-02 8.695970e-02 2.490598e-01 -1.895046e-02 3.774090e-01 -9.386428e-04 9.643262e-02 1.167939e-01
3.784261e-01 1.227276e-02 -3.666947e-02 3.223930e-01 1.591028e-01 1.692001e-01 -7.287681e-02 -3.214454e-02
3.679793e-01 -1.496635e-01 -1.231520e-01 4.298787e-01 3.140280e-01 8.635338e-02 -2.196951e-02 -1.425046e-01
5.996910e-01 -4.877286e-02 -1.579959e-01 1.856075e-02 -8.140746e-02 5.921737e-02 1.284664e-01 -1.485767e-01
2.732151e-01 7.710501e-02 -4.609855e-02 2.940238e-01 3.120968e-01 2.463979e-02 -4.239117e-02 1.835215e-02
-5.242901e-02 -1.473899e-01 1.235867e-01 -5.988827e-02 -1.121283e-01 -1.441040e-01 -1.956140e-02 -7.440554e-02
-5.734953e-02 -4.304745e-02 1.427363e-01 -1.168492e-01 -1.373245e-01 -9.267507e-02 2.031295e-01 -6.312332e-02
1.876011e-01 -6.102790e-02 7.279357e-02 3.334579e-01 4.055437e-01 -1.299153e-01 3.145615e-02 -7.232351e-02
-5.891727e-02 -1.552738e-01 1.866484e-01 1.517704e-01 -7.885307e-02 -8.545373e-02 2.084120e-02 -4.171386e-02
3.374608e-01 -8.993486e-02 -7.954788e-02 4.058299e-01 3.538801e-01 -9.533150e-02 -1.309979e-02 -1.067525e-01
1.342340e-01 1.102263e-02 1.088230e-02 1.782743e-01 4.229406e-02 -5.885372e-03 -5.306176e-02 7.445669e-02
1.483961e-01 -2.731738e-01 6.199707e-02 2.701451e-01 -4.408893e-02 -1.335814e-03 4.794807e-02 -1.821761e-02
3.947496e-01 -9.298513e-02 -1.544862e-02 3.880872e-01 1.889898e-01 -1.333944e-01 7.261637e-02 -1.400045e-01
5.264099e-02 6.936850e-02 -6.871180e-02 -5.789788e-02 -6.516227e-02 9.433050e-02 -8.838969e-02 3.801315e-01
-1.052000e-01 5.357581e-02 1.477350e-01 -1.134041e-01 -4.875037e-02 -4.544483e-02 -4.314531e-02 2.874537e-02
5.251938e-01 -6.683584e-02 -1.361573e-01 1.317118e-02 -1.171581e-01 1.967976e-01 1.289745e-01 -9.393544e-02
2.128851e-01 -3.969347e-02 -1.145725e-01 -6.010053e-02 -8.993733e-02 3.454775e-02 -7.141022e-02 -6.085850e-03
2.702021e-01 4.941554e-02 -1.011818e-01 2.903991e-01 3.034950e-01 2.499632e-01 -1.314792e-01 2.300940e-03
2.528643e-01 -7.221162e-03 5.685613e-02 -9.662534e-02 -1.278609e-01 -1.836690e-02 2.963545e-01 -6.078483e-02
-6.751969e-02 9.256333e-03 1.116019e-01 -9.105404e-02 -8.452907e-02 -6.302916e-02 -9.811663e-02 3.583746e-01
2.302174e-01 -1.319436e-01 3.213883e-02 2.424360e-01 -1.314063e-02 -1.912195e-02 5.461641e-03 -9.759102e-03
-6.066456e-02 -1.569152e-03 2.705027e-01 1.648781e-02 4.391958e-01 -5.224668e-02 -1.261203e-03 -3.032617e-02
4.760121e-01 -1.044960e-01 -7.983504e-02 3.301085e-01 1.264352e-01 7.646411e-02 2.423223e-02 -1.921550e-01
2.611395e-01 -8.347923e-02 -2.392081e-02 4.017583e-01 2.702696e-01 9.767434e-02 6.087507e-02 -4.394278e-02
5.368608e-01 -1.786807e-01 -1.432314e-01 8.881581e-02 -8.960697e-02 7.992141e-02 6.602215e-02 -1.579678e-01
1.704506e-01 1.532739e-01 -1.769038e-02 1.772263e-01 2.785161e-01 1.803636e-01 -1.265497e-01 8.618490e-02
-1.217466e-01 1.743841e-01 2.030287e-01 -1.099764e-01 3.002424e-01 6.042833e-02 -4.167958e-02 1.017259e-01
1.404592e-02 -8.554195e-02 2.832667e-01 1.725389e-01 4.254366e-01 -9.465460e-02 1.820102e-02 -8.669433e-02
3.456316e-01 -1.805748e-01 -3.226340e-02 3.880075e-01 1.482208e-01 5.247849e-04 9.094539e-02 -1.834569e-01
-6.714173e-02 8.291327e-02 2.855789e-01 1.588918e-02 2.763104e-01 4.033672e-02 -6.712497e-02 6.265815e-03
-2.992818e-02 -8.345401e-02 1.436196e-01 6.070023e-02 5.016063e-01 -8.298222e-02 3.836424e-02 -7.372832e-02
1.104174e-01 -1.123432e-01 2.393776e-01 2.793265e-01 2.234834e-01 6.892291e-03 3.649998e-02 -9.559495e-02
