2 3 8 16 8
-2.878364e-01 4.141074e-02 -1.399229e-01 4.538007e-02 3.324295e-01 1.476851e-01 1.588016e-01 1.512934e-02
1.324243e-01 -3.534392e-01 6.486587e-04 -3.081254e-02 -9.705523e-02 3.595024e-01 5.568621e-02 -1.114515e-01
1.718235e-01 3.005736e-01 -2.619617e-01 -3.628630e-02 1.214916e-01 2.088087e-01 -7.564518e-02 -1.943609e-01
-1.005637e-01 -2.373973e-01 1.374029e-01 1.281702e-01 -6.608205e-02 -1.711640e-01 4.976530e-02 1.223041e-01
2.043271e-01 1.062095e-01 -1.135027e-01 3.164611e-01 -1.800449e-01 9.626465e-02 -4.332113e-02 1.851264e-01
-1.963489e-01 4.701900e-02 1.199730e-05 -6.574223e-02 4.004326e-01 -1.680279e-02 -2.459978e-01 -2.101359e-02
-9.384613e-02 4.405814e-01 8.976561e-02 -3.145977e-02 1.573001e-01 -1.954799e-01 -4.281131e-02 2.149757e-01
-2.648192e-02 1.122048e-01 3.554303e-01 -6.167708e-02 -2.067538e-01 4.090087e-02 -8.854018e-02 2.225578e-01
8.615193e-02 -2.446043e-01 1.391994e-02 4.586747e-01 -2.342106e-02 1.538437e-02 4.184906e-01 -4.620147e-02
1.476193e-01 -1.443819e-01 -1.370475e-01 -7.851372e-02 3.361569e-01 -2.359102e-01 -5.628604e-02 -1.853823e-01
-1.732297e-01 8.156070e-03 2.689075e-02 3.828356e-01 -4.215255e-02 -1.610309e-01 -3.734486e-01 -1.411463e-01
1.884801e-01 2.156814e-01 7.294904e-03 -9.333072e-02 6.164629e-02 9.282112e-02 4.323015e-01 1.021340e-01
-7.351258e-02 3.434124e-01 2.883564e-01 -1.853836e-01 -1.673579e-01 -4.166571e-02 -1.251342e-01 1.568182e-01
2.961348e-01 -2.352768e-01 -3.053982e-01 3.519758e-01 1.838306e-01 5.172280e-02 3.874680e-02 -4.399877e-02
3.049340e-03 8.277126e-03 -7.200061e-02 -9.841723e-02 -1.795459e-01 2.285293e-01 4.340869e-01 -3.627837e-01
-1.038085e-01 2.036026e-01 2.530644e-01 6.847481e-02 2.219484e-01 7.330566e-03 -2.597564e-01 4.518086e-01
-7.039944e-03 -4.889000e-02 -6.258007e-02 8.039658e-02 2.676255e-01 1.853658e-01 -5.469394e-02 -3.282239e-02
7.679098e-02 2.546490e-01 8.877563e-03 -2.178097e-01 -2.567307e-01 3.223702e-02 1.031556e-01 -1.194626e-01
1.265117e-01 -3.768791e-02 1.210110e-01 -5.916666e-02 -4.520508e-03 4.951967e-01 -4.564947e-01 -4.054994e-02
5.672228e-02 -1.422897e-01 -4.635291e-02 1.330736e-01 1.707619e-01 -2.156262e-02 -1.318655e-01 5.452704e-01
8.345237e-02 -4.353894e-02 -2.806183e-01 9.167914e-02 1.448723e-01 -1.921941e-01 1.098364e-01 -2.716643e-01
-2.229732e-01 -1.194286e-01 -6.903949e-02 2.725518e-01 7.805759e-02 -2.425122e-01 7.421646e-02 5.687710e-02
-6.388512e-03 3.274860e-02 4.453365e-01 -8.930160e-02 -1.861699e-01 3.353302e-01 -1.073527e-01 2.371956e-01
-6.849319e-02 4.540580e-02 -8.370902e-03 -1.357906e-01 -1.223675e-01 -2.090683e-01 6.319176e-03 -4.867558e-01
2.632706e-01 -2.404123e-01 -4.451050e-01 7.368212e-02 -2.722918e-01 -1.378515e-02 -4.290972e-01 -2.290247e-02
-2.443314e-01 -5.127006e-02 -1.259849e-01 1.280507e-01 -8.139752e-02 7.256574e-02 1.822210e-01 1.485107e-01
3.892197e-01 -6.926766e-02 1.476661e-01 6.298115e-03 -2.501974e-02 -1.958813e-01 -9.335902e-02 -7.851151e-02
6.559584e-02 2.446626e-02 3.419263e-02 -1.593646e-01 -4.987979e-01 1.456695e-01 -6.300388e-02 9.226955e-02
-1.949591e-01 2.035915e-01 1.923425e-01 2.404805e-01 1.918939e-01 -1.334298e-01 -3.974949e-01 -3.765190e-02
9.115094e-02 7.322261e-02 1.376201e-01 -8.355469e-02 2.441985e-01 6.689376e-02 2.048101e-01 -5.823024e-02
-6.697077e-03 2.614896e-01 -1.478135e-01 1.140536e-01 7.254798e-02 3.773264e-01 6.228434e-03 -3.406311e-01
1.756254e-03 -2.732847e-01 2.341644e-01 -9.167978e-02 6.891683e-03 -2.938346e-01 1.497173e-01 3.038335e-01
-1.012311e-02 1.097749e-01 3.258513e-01 -1.455126e-01 1.013945e-02 7.577103e-02 -3.983333e-02 1.634485e-01
1.501076e-01 -1.074719e-01 -3.670438e-02 -1.451395e-02 2.510306e-01 1.148436e-01 1.724351e-01 -8.874527e-02
7.967205e-02 3.421133e-01 -1.927776e-01 3.196804e-02 6.391884e-02 8.102357e-04 -8.560435e-02 1.913594e-02
-2.141673e-01 2.053293e-01 5.760154e-02 -1.817816e-01 4.067572e-01 -9.639858e-02 -8.418683e-02 5.768343e-03
-5.319296e-02 -9.897985e-02 -8.174869e-02 2.092711e-01 -1.288292e-01 -1.266944e-01 -3.450458e-02 2.798105e-02
-6.172134e-02 8.337691e-02 2.615343e-02 -1.349126e-01 2.455953e-02 5.807917e-02 4.306807e-01 -9.859689e-02
3.340729e-01 -1.545345e-01 -8.388480e-02 1.020197e-01 -1.263297e-01 3.120731e-01 -4.844112e-02 -1.545444e-02
-3.225811e-01 1.077775e-01 1.666878e-01 2.006101e-01 2.698984e-01 1.991031e-01 2.304661e-01 1.737939e-01
9.045686e-02 -1.492533e-01 -2.325870e-01 1.279537e-02 3.376296e-01 1.911898e-01 -2.062847e-01 7.276853e-02
-1.640406e-01 2.170965e-01 1.880197e-01 6.587163e-03 1.915445e-02 5.754492e-02 -1.551516e-01 4.049442e-01
2.574084e-01 -8.505993e-02 -1.621941e-01 4.239226e-01 2.331866e-02 1.656300e-02 -2.539919e-02 -6.180798e-02
-1.374830e-02 6.115954e-02 3.070271e-01 1.669539e-01 -1.942936e-01 -1.019185e-01 3.661623e-01 -4.178673e-02
3.356475e-03 -8.426374e-02 3.280548e-01 5.199974e-01 2.962982e-01 -4.887656e-02 4.589533e-02 -1.120703e-01
5.127111e-02 4.438987e-01 -2.150837e-02 2.444009e-01 1.272483e-01 6.695874e-02 1.664207e-01 2.593803e-03
-1.843109e-01 3.123962e-02 1.202239e-01 -2.612996e-01 -1.666307e-02 -1.214672e-01 -6.233043e-02 2.618384e-03
1.514105e-01 -1.232775e-01 -1.519302e-01 -1.311263e-01 2.365319e-02 6.550749e-02 2.071480e-01 -2.129400e-01
-3.185995e-02 6.004277e-02 -9.095646e-03 3.013731e-02 3.106915e-02 1.061026e-01 -7.395165e-02 -5.522081e-01
7.322723e-02 -8.026222e-02 6.417003e-02 -6.006870e-02 -1.554983e-02 -8.600385e-02 6.419461e-02 4.787658e-01
-9.018405e-02 -7.094799e-02 -1.825781e-01 4.653711e-02 -2.068250e-01 2.451594e-01 -1.130357e-01 1.018466e-01
2.324609e-01 -1.632635e-01 -1.684536e-02 1.925186e-01 -7.429473e-02 -4.894181e-02 -4.344131e-02 -1.476390e-02
-5.166993e-02 2.462608e-01 -2.685074e-03 -2.595942e-01 -1.295380e-02 2.761503e-02 3.909289e-02 -2.905686e-02
7.034738e-02 1.041205e-01 1.231227e-01 -5.045701e-02 3.705148e-02 -5.425578e-01 8.498991e-02 -4.329134e-02
8.294922e-02 -5.321755e-02 1.280815e-01 5.003565e-02 3.990982e-01 8.890378e-02 4.897986e-03 -5.154169e-02
-1.015015e-01 1.588073e-03 -3.048584e-01 1.672443e-01 3.558500e-01 -7.911707e-02 -1.958450e-01 -9.273738e-02
-3.789755e-01 4.915580e-02 3.156878e-03 -6.632647e-02 1.507104e-02 1.257309e-01 2.260533e-02 2.620783e-02
1.418415e-01 1.004767e-01 1.779094e-01 -2.541598e-02 3.490335e-02 -4.487479e-02 2.306413e-01 -5.589452e-02
-1.843193e-01 1.580239e-01 3.944122e-01 1.409551e-01 -1.879791e-01 -2.729327e-01 -1.307614e-01 -1.088689e-02
-8.837499e-02 -3.333365e-01 9.423567e-02 3.356246e-01 -5.275328e-02 -2.789082e-01 -2.070810e-01 1.980601e-01
1.829278e-01 -1.332330e-01 -3.274476e-01 2.575418e-02 7.584525e-03 2.244565e-02 -1.153205e-01 -3.801899e-02
1.075906e-01 -2.286430e-04 -1.218745e-01 1.123873e-01 4.104371e-01 -3.810509e-02 2.555851e-01 -8.655634e-02
-4.266447e-02 3.506450e-02 7.271788e-02 -6.118022e-02 -1.052179e-01 1.040378e-01 -4.719929e-01 5.399115e-02
5.523835e-02 7.649226e-02 7.398342e-02 -1.486143e-01 -3.401799e-01 2.034957e-01 1.458800e-01 7.602865e-02
