1 4 16 16 16
-2.489293e-02 2.502685e-01 4.509012e-02 -2.019817e-01 7.053906e-02 -2.252195e-01 3.879616e-02 1.667973e-01 1.285909e-01 5.518237e-02 6.265973e-02 -1.475174e-01 -3.065729e-01 4.798817e-01 3.897689e-01 -3.013225e-01
-5.508452e-02 1.141408e-01 3.671235e-01 -4.414986e-02 -2.169984e-01 5.138827e-02 -7.870850e-02 2.482900e-01 -1.117694e-01 2.147875e-01 2.851360e-01 8.013432e-02 2.129145e-01 1.553836e-02 -2.591304e-01 4.897430e-01
-5.320607e-02 4.254273e-01 1.608168e-01 -1.347863e-03 2.346029e-01 -8.832621e-02 2.217065e-02 2.015240e-01 -1.419848e-01 -5.974303e-02 7.890327e-02 4.910086e-01 1.110292e-02 -1.568407e-01 -3.637337e-01 -1.737560e-01
1.304577e-01 -4.062721e-01 -7.024935e-02 -1.140807e-01 -9.734014e-02 2.656492e-01 1.046172e-01 -1.632367e-01 2.491084e-01 1.615267e-01 2.830239e-02 -2.029835e-01 1.400317e-02 1.007265e-01 4.982935e-01 1.480326e-01
-2.154283e-01 2.094962e-03 -5.154734e-02 8.395813e-02 5.533493e-01 1.220003e-01 8.198071e-02 -3.297828e-03 -8.942670e-02 -5.672459e-03 -1.591533e-01 -7.884688e-02 -1.034148e-01 6.173902e-02 4.917085e-01 -4.226485e-01
2.902009e-01 1.965964e-01 -1.967291e-01 -4.887831e-02 4.501358e-02 3.317344e-01 -2.190587e-02 -2.159406e-01 -3.704183e-02 -1.292554e-01 -9.999374e-02 -5.281629e-02 1.827868e-02 -5.840210e-02 -2.072392e-02 -1.214615e-01
7.285809e-02 -1.554027e-01 9.452169e-02 1.970837e-01 -1.612428e-01 -1.171000e-01 -2.177052e-01 2.303936e-01 -1.668985e-01 3.749974e-01 3.482726e-01 -1.961968e-01 -2.374038e-01 -1.155750e-01 1.107675e-02 1.336707e-01
-2.122067e-01 3.433597e-02 -1.924752e-01 -1.024213e-02 2.267841e-01 6.922292e-02 -2.253542e-01 -3.639601e-03 9.346710e-02 -2.559434e-01 1.159301e-02 4.721901e-01 -1.897870e-02 2.752053e-02 4.285499e-01 -5.029081e-02
1.726979e-01 2.015741e-01 -1.785983e-01 3.351406e-01 -1.251623e-01 1.851061e-01 1.964192e-02 1.874813e-01 8.766434e-02 4.229560e-01 3.250523e-01 -1.224540e-01 -2.540140e-02 -5.071571e-02 -1.794178e-01 1.835415e-01
1.704040e-01 1.544576e-01 -1.232010e-01 -1.013942e-01 -1.349149e-01 -2.127212e-01 -8.504605e-02 -3.075122e-02 -1.923607e-01 1.760323e-02 2.674269e-01 -1.476797e-01 -1.874165e-01 1.513731e-01 -1.272048e-01 1.683619e-01
-3.757365e-01 8.642259e-02 -1.903360e-02 2.840928e-01 3.050778e-01 2.432158e-01 2.857458e-01 1.441080e-01 -1.601448e-02 4.035869e-01 -1.098335e-01 2.499817e-01 2.227320e-01 9.007346e-02 2.519984e-01 -9.431356e-02
5.889340e-02 -3.066738e-01 1.625231e-01 1.221861e-01 -4.264791e-02 4.261573e-01 -6.750090e-02 -6.767832e-03 2.306558e-01 -1.743310e-01 -1.527443e-01 -1.367990e-02 4.020578e-01 -2.903011e-01 1.242655e-02 -2.267254e-01
-2.632177e-01 1.068566e-01 -1.798915e-01 -1.733246e-01 1.901523e-01 1.200405e-01 2.707322e-01 -8.343063e-02 2.510922e-01 -2.390125e-01 -2.912789e-01 3.446119e-01 3.411830e-01 1.408388e-01 2.121739e-02 3.629158e-02
-2.876045e-02 -2.197760e-01 1.147513e-01 9.973131e-02 -1.586177e-01 -1.382734e-01 2.782599e-01 1.169635e-01 -2.332763e-02 1.454448e-01 -2.618300e-02 -3.265601e-02 1.494230e-01 -1.279258e-01 -2.751294e-01 1.924090e-01
-2.358499e-01 3.041534e-02 9.579493e-02 -6.609096e-03 4.566887e-01 -1.316441e-01 -1.843206e-01 -3.036650e-02 2.853255e-01 -1.868712e-01 -3.009020e-01 3.416350e-01 -2.206865e-02 2.337000e-03 3.945923e-02 -8.974180e-02
-1.651167e-01 5.082757e-01 5.627891e-02 5.473195e-02 1.172371e-01 -2.702731e-01 -1.528140e-01 2.559178e-01 -2.242894e-01 8.646204e-02 -1.197523e-02 2.619538e-01 -1.119185e-01 -1.579080e-01 -3.931726e-01 -1.261513e-01
-1.051152e-02 8.486534e-02 -4.070744e-02 -9.219736e-02 -2.900438e-02 -2.816359e-03 -1.104206e-01 2.045753e-01 1.379491e-01 -1.035818e-01 -2.160214e-01 -8.732859e-02 -4.501706e-02 8.778301e-02 5.013322e-01 1.713127e-02
1.717899e-01 1.449537e-01 -3.023847e-02 -2.941597e-01 -1.648886e-01 2.445902e-02 1.791644e-01 -1.187095e-01 7.722361e-02 7.124963e-03 7.097684e-02 -1.253997e-01 4.413705e-01 -4.112800e-02 3.881088e-03 -3.424801e-02
-1.997071e-01 -2.889537e-01 -6.799229e-02 1.681316e-01 3.253596e-01 -1.412904e-01 -2.344002e-01 4.494278e-01 -6.405894e-02 -1.499474e-02 -1.594307e-01 1.360847e-01 -3.240739e-01 1.224655e-02 1.476272e-01 9.250219e-02
-1.728424e-02 -4.215664e-02 -5.454823e-02 1.981839e-02 2.012717e-03 4.438268e-03 1.314808e-01 -3.485582e-01 -2.443765e-02 2.710733e-01 2.086740e-01 1.284339e-01 2.357817e-01 -3.828310e-03 -6.124626e-01 2.179637e-02
1.141589e-01 -9.448918e-03 1.139476e-01 -5.496268e-02 -1.216106e-02 4.747120e-01 -4.559402e-01 -4.925266e-02 9.625050e-02 1.220756e-02 1.388101e-02 -1.900950e-01 -4.685575e-01 1.638823e-01 -2.903455e-02 1.093064e-01
-1.758112e-01 2.247132e-01 -2.438534e-01 7.227464e-02 1.791217e-01 -5.107639e-01 3.050705e-02 -1.858562e-01 1.598757e-01 5.188449e-02 1.372401e-01 -5.177905e-02 -1.355146e-01 -1.211386e-01 1.123021e-01 -1.917697e-01
-2.933972e-03 3.303250e-02 4.558511e-01 -9.541556e-02 -1.916724e-01 3.260764e-01 -1.018825e-01 2.313971e-01 -2.595702e-02 -2.888786e-01 2.219672e-01 -1.117981e-01 6.710019e-03 -2.778684e-01 1.432214e-01 2.857163e-01
-3.066933e-01 -2.123618e-01 -1.843524e-01 3.070557e-01 2.009381e-01 -2.544960e-01 1.222001e-01 2.549427e-02 -3.218257e-01 1.078010e-01 9.012668e-02 3.875616e-01 2.002741e-01 -1.659584e-01 -1.295400e-01 -1.033797e-01
2.157906e-01 -8.646152e-02 -4.333505e-02 2.089044e-01 1.341853e-01 1.055231e-01 -7.705748e-02 6.103382e-01 2.667348e-01 -8.838277e-02 1.823277e-02 -1.616357e-01 2.181690e-02 1.686408e-02 -8.332228e-02 -2.308984e-01
-2.474942e-02 -8.078773e-03 4.498126e-02 2.285516e-01 2.434049e-02 -4.671837e-02 7.891171e-02 4.724507e-02 2.409089e-01 -2.005947e-01 -3.584371e-01 8.544794e-02 -2.929732e-01 -3.358754e-02 -3.985041e-01 -3.444263e-02
6.356623e-02 -9.431931e-02 -3.961344e-02 6.538121e-03 2.658922e-01 3.399884e-01 -2.594128e-03 -9.886963e-03 -3.378987e-01 3.586783e-02 -7.495388e-02 7.605426e-02 -2.301049e-02 2.204409e-01 2.028949e-01 1.351567e-01
-1.243245e-01 1.149245e-01 -1.184307e-02 1.464966e-01 -2.373790e-01 -2.982351e-01 -3.369809e-02 2.450999e-03 4.737433e-01 -4.345602e-02 2.182572e-01 9.111889e-02 1.953605e-02 -2.794368e-01 -7.366633e-02 8.974067e-02
3.736991e-02 -1.115203e-01 -3.928807e-02 9.439908e-02 3.081285e-01 -1.907287e-02 -2.380334e-01 -4.496490e-02 -2.957360e-01 1.653516e-01 4.254343e-01 1.859480e-01 -1.228503e-01 -3.341430e-01 -3.329735e-01 -5.604542e-02
9.541665e-03 -6.852213e-02 -3.951490e-01 1.777889e-01 2.250578e-01 -1.703791e-01 1.098279e-01 -3.040732e-01 8.671856e-03 3.143777e-01 -1.755404e-01 1.438116e-01 6.833213e-02 3.824126e-01 -1.366246e-02 -3.406150e-01
1.218145e-01 1.203994e-01 -5.172296e-03 -1.249840e-01 -1.180952e-01 -1.394549e-01 -8.499400e-02 -4.810803e-01 -2.750223e-03 1.935099e-01 3.662946e-01 1.454875e-02 9.302914e-02 1.868431e-01 3.406405e-01 -1.222348e-01
-1.826636e-01 -2.240378e-02 3.617162e-02 -2.418590e-01 -2.595968e-01 -2.847844e-01 4.808699e-02 -4.520315e-01 -3.298965e-01 -7.065409e-02 -5.508704e-02 2.719935e-01 -3.475340e-02 -6.639939e-03 2.511488e-02 3.200227e-01
2.265466e-01 1.563488e-01 9.240558e-02 -6.374846e-02 -5.492468e-02 -6.447272e-02 -4.866504e-02 1.092003e-02 -9.646226e-02 2.318957e-01 -8.051661e-02 -2.276392e-01 -1.229590e-01 -2.810214e-02 -6.609192e-02 -2.071228e-02
4.777228e-01 -1.395578e-01 -1.230566e-01 9.000583e-02 -6.819135e-02 9.828120e-02 1.618270e-02 -1.039576e-01 2.386995e-02 -1.481725e-01 -9.505354e-03 2.782683e-01 1.712659e-01 -7.952110e-02 -1.065573e-01 -1.359263e-01
-3.867251e-02 1.035322e-01 3.362829e-02 -1.482602e-01 3.119770e-02 6.943911e-02 4.423210e-01 -1.030781e-01 1.009915e-01 -1.773194e-01 -2.897590e-01 3.453328e-02 3.514772e-01 1.954034e-01 -2.186173e-01 4.055691e-02
-1.690176e-01 1.507312e-01 6.633088e-02 -1.485133e-01 5.254571e-01 -4.653649e-02 -1.785387e-01 1.768449e-02 1.542802e-01 -1.318583e-01 -2.510546e-01 1.175897e-01 -6.607124e-02 4.839505e-02 1.399915e-01 -1.935027e-01
-2.393640e-01 3.017351e-03 1.876177e-01 6.620966e-02 4.224110e-01 1.041791e-01 3.285108e-01 1.888046e-01 1.213241e-02 1.002626e-01 8.996087e-02 -2.320569e-01 6.380235e-02 1.329730e-01 2.705282e-01 5.286268e-02
2.518499e-02 -3.426445e-02 -1.551202e-01 1.938420e-01 -6.635915e-02 3.333121e-02 -2.475442e-01 1.030748e-01 -4.427716e-02 8.321169e-02 3.082244e-01 1.123387e-01 -2.373933e-01 -8.159302e-02 3.874213e-01 -3.033239e-03
2.731219e-01 -1.278722e-01 -4.133910e-02 -1.739759e-03 -6.485495e-02 5.059518e-01 -8.563993e-02 1.114091e-02 3.068307e-02 -1.411680e-01 -6.759808e-02 -2.835318e-01 1.754140e-01 -6.493463e-02 8.456948e-02 -2.407813e-01
-3.664126e-02 -1.234349e-01 -1.339235e-02 3.901725e-01 -9.402144e-02 -4.870322e-02 1.022208e-01 4.188446e-02 -6.017917e-02 -1.576048e-01 2.031752e-02 -4.735763e-02 2.110892e-01 -3.532192e-02 2.010453e-02 6.160648e-02
-3.359301e-01 1.330472e-01 2.741765e-02 2.830260e-01 2.555090e-01 2.264317e-01 2.222639e-01 1.013560e-01 7.089407e-02 4.180444e-01 -1.181505e-01 2.867163e-01 1.608913e-01 9.575254e-02 2.544624e-01 -8.234210e-02
-1.923751e-01 3.985032e-01 -4.446793e-02 -1.792021e-01 1.966231e-01 -1.000950e-01 6.944019e-02 -1.859382e-02 1.407291e-02 1.544807e-01 -3.793441e-02 -6.347901e-02 1.394215e-01 2.907761e-01 -1.866373e-01 3.315955e-01
-8.086795e-02 -2.315862e-02 2.603796e-02 -9.402143e-02 3.452341e-02 1.289392e-01 3.001556e-02 -3.019182e-02 3.441258e-01 -3.328174e-02 -1.608317e-01 3.843593e-01 1.911785e-02 7.834341e-02 -2.007313e-03 -3.492042e-02
2.274473e-02 9.462780e-02 4.639612e-02 -6.995147e-02 5.296549e-02 -9.812173e-02 -1.081951e-01 9.820063e-02 -2.070980e-01 4.089133e-02 4.623978e-01 -1.064789e-01 -1.134907e-02 -1.665599e-01 -9.896638e-02 1.156148e-01
-2.643757e-01 1.866371e-01 3.375955e-01 6.537421e-02 1.150167e-01 1.677418e-01 7.988020e-02 2.385987e-01 -6.542218e-02 3.744108e-01 1.750569e-01 1.863691e-01 1.209287e-01 2.360398e-02 5.837311e-02 2.042848e-01
1.022697e-01 1.561018e-02 6.042842e-02 -2.460814e-02 2.694004e-01 8.508417e-02 1.791518e-01 1.609856e-02 1.411842e-03 -5.076332e-02 3.044423e-01 5.874757e-01 2.796256e-01 -2.363315e-02 1.756292e-02 -1.124376e-01
-4.940023e-02 5.593549e-02 -1.344316e-01 7.610596e-02 -1.694312e-01 -2.628640e-01 7.991596e-02 -1.219036e-01 -2.684474e-01 1.747788e-01 1.973322e-01 1.374872e-01 -1.215358e-01 -6.921152e-02 -2.824240e-01 4.938688e-01
1.144705e-01 -2.592824e-01 -1.423675e-01 7.925999e-02 4.912312e-02 1.199431e-01 1.975926e-01 -1.350760e-01 1.016258e-01 -5.870418e-02 3.532863e-01 3.862252e-01 1.570515e-01 -1.141630e-01 2.378144e-01 -1.323999e-01
-1.354674e-02 1.804816e-01 1.526390e-01 -2.267549e-01 -1.734981e-01 3.717647e-02 1.027493e-02 7.226244e-04 -4.351095e-02 3.672523e-02 2.311126e-01 -1.565005e-01 1.878422e-03 8.379473e-02 1.140215e-01 3.940127e-02
2.499969e-01 -6.555886e-02 8.790516e-02 5.846706e-02 3.162156e-01 -1.205927e-01 -4.099048e-02 2.173655e-03 1.842849e-02 3.083597e-01 3.689966e-01 -5.228803e-03 -1.422995e-01 -6.520595e-02 5.915002e-02 -4.949544e-02
-7.203725e-02 -6.519114e-02 -9.677332e-02 1.501652e-01 -1.854439e-01 -1.543214e-02 -1.828960e-01 1.908854e-02 3.133711e-01 2.877531e-02 4.079315e-02 1.420824e-01 2.335437e-01 -7.928899e-02 3.081022e-01 -5.588671e-02
-6.347661e-02 8.359286e-02 -4.273379e-01 2.129214e-01 3.500090e-01 -7.821361e-02 -1.129370e-01 -1.826643e-01 1.683849e-02 1.345528e-01 -8.387935e-02 -1.506409e-02 -1.634388e-02 3.039646e-02 1.487000e-01 -1.286545e-01
2.004655e-01 -1.135991e-01 -1.715365e-02 2.087141e-01 -1.011190e-01 4.781256e-02 -4.740398e-02 5.478651e-02 -6.724394e-02 -3.631599e-01 1.187022e-01 4.202172e-01 -5.717234e-02 -3.063650e-01 -2.330165e-01 1.926018e-01
-1.315741e-01 9.025696e-02 -3.858766e-02 8.814393e-02 3.032154e-02 2.941347e-01 -1.356408e-01 -4.394595e-01 6.919692e-02 9.210987e-02 1.238462e-01 9.027421e-02 -1.423893e-01 -2.678611e-02 -1.467759e-02 -1.250506e-01
5.891342e-02 1.559855e-01 1.194438e-01 -1.068140e-01 2.915181e-03 -5.752527e-01 7.128723e-02 -4.901218e-02 -2.615333e-01 1.532736e-01 6.847260e-02 -8.079031e-02 -7.321996e-02 -1.772086e-01 -1.096940e-02 8.735547e-02
-1.710118e-01 2.455037e-01 -2.402568e-01 -1.474369e-01 2.022762e-01 -9.341009e-03 -2.903724e-02 -3.481414e-03 -5.966602e-03 4.616472e-02 -1.673441e-01 9.973040e-02 3.574551e-01 -7.812197e-02 3.769685e-01 -1.747755e-01
-3.382049e-02 -6.099390e-02 -2.798414e-01 2.276872e-02 -2.262313e-01 2.700869e-01 -2.751149e-03 1.624461e-01 1.943935e-01 -1.976321e-01 -2.691211e-01 4.056585e-02 -7.743607e-02 2.211168e-02 -1.702439e-01 -2.745181e-02
9.956296e-03 1.055429e-01 5.136877e-03 -4.118967e-02 2.544919e-01 1.171049e-01 1.863291e-01 7.797286e-03 -4.100588e-01 -4.100686e-02 -3.202805e-02 -4.566791e-02 -1.689778e-01 1.734564e-01 -1.380071e-01 1.368869e-01
1.202725e-01 4.679995e-03 3.689586e-02 -5.629540e-02 1.510543e-02 -6.519222e-02 4.851334e-04 -5.873255e-01 4.906388e-02 4.031350e-02 7.938443e-02 -1.287354e-01 -3.316664e-01 2.172542e-01 2.110952e-01 8.346105e-02
-2.334508e-02 -2.351078e-02 2.915094e-01 1.073736e-01 3.803116e-01 9.623925e-02 7.960689e-02 -1.401012e-01 4.024478e-02 -6.101346e-02 -5.240839e-03 -2.140107e-02 4.053820e-01 -9.769566e-03 1.278104e-01 9.108870e-02
-4.747821e-02 -1.363297e-01 -1.305529e-01 1.285986e-01 3.856058e-01 -2.220771e-02 -2.588327e-01 -5.855132e-02 -1.962567e-01 4.938605e-02 4.207987e-01 2.752346e-01 -1.443020e-01 -2.425202e-01 -1.870686e-01 -7.059196e-03
3.682552e-02 -1.710499e-01 3.576837e-02 8.808298e-02 2.962404e-02 4.802773e-02 -1.100052e-01 -5.345780e-02 -5.758324e-02 4.514710e-02 7.823408e-02 -9.523652e-02 -1.181890e-01 1.293510e-01 -5.062940e-01 1.763865e-02
-2.781674e-04 -4.216740e-02 9.831538e-02 -2.793471e-02 -1.521172e-02 -5.596309e-02 5.157527e-02 5.451303e-01 -8.511220e-02 -1.679468e-01 -1.155290e-01 -1.454211e-02 8.069590e-02 -7.466426e-02 -8.528784e-02 1.489595e-01
3.439959e-01 -2.301870e-01 -3.356924e-02 -1.254012e-01 2.607479e-02 -2.047850e-01 5.779690e-02 1.119452e-01 2.432920e-01 -8.943988e-02 -2.986591e-01 -7.095730e-02 2.245011e-01 3.406806e-02 -5.477225e-02 1.640878e-02
