1 3 16 16 8
-2.129832e-01 7.265091e-02 -1.333839e-01 -5.172951e-02 2.739155e-01 4.327102e-02 -8.661678e-02 -4.787690e-02 1.768039e-01 -2.392578e-01 -1.439287e-01 3.992546e-01 6.533305e-02 5.363935e-02 2.281295e-01 -4.505229e-02
-6.680173e-02 5.922803e-02 3.287549e-01 -2.675910e-02 -1.944803e-01 1.437465e-02 -1.451518e-02 2.289767e-01 -9.469256e-02 2.120157e-01 2.311675e-01 5.390061e-02 2.027593e-01 3.661728e-03 -2.546819e-01 4.412400e-01
-1.092048e-01 4.525635e-01 1.134626e-01 2.398015e-02 1.805368e-01 -1.783591e-01 -6.340130e-02 2.179315e-01 -1.769302e-01 1.039702e-02 2.944718e-02 3.774547e-01 -4.681122e-02 -1.568758e-01 -3.746999e-01 -1.424997e-01
-1.687086e-02 2.636806e-01 2.032567e-02 -2.109150e-01 7.947154e-02 -2.171549e-01 3.160500e-02 1.408239e-01 9.158094e-02 5.886489e-02 6.393827e-02 -1.440024e-01 -3.063664e-01 4.602395e-01 3.450777e-01 -2.585120e-01
1.561190e-01 2.992906e-02 -7.808161e-02 2.070033e-01 -1.598621e-01 5.228724e-03 -4.359604e-02 1.480406e-01 -5.247387e-02 3.021581e-01 2.869739e-01 -1.545911e-01 -1.130163e-01 -5.999320e-02 -1.111830e-01 1.581939e-01
8.269078e-02 -2.428641e-01 1.177765e-01 8.731568e-02 -3.313681e-02 3.774990e-01 -1.026742e-02 -2.886997e-02 1.827154e-01 -1.578269e-01 -1.628757e-01 -1.022106e-02 3.515137e-01 -2.495954e-01 -4.117178e-02 -1.909015e-01
-2.679764e-01 2.834840e-02 -4.746155e-02 1.506099e-01 4.813982e-01 1.637859e-01 1.459605e-01 4.144577e-02 -7.011256e-02 1.250194e-01 -1.488034e-01 2.690945e-02 -5.981177e-04 6.663033e-02 4.188941e-01 -3.286307e-01
1.313003e-01 -4.027900e-01 -7.350704e-02 -1.121483e-01 -9.872213e-02 2.626995e-01 1.052051e-01 -1.621280e-01 2.447194e-01 1.581354e-01 2.976319e-02 -2.024892e-01 1.715693e-02 1.029600e-01 4.943542e-01 1.453683e-01
1.252758e-01 -6.697103e-02 -5.277686e-03 2.092903e-01 8.342648e-02 9.092575e-03 1.152745e-02 3.667640e-01 2.603292e-01 -1.571245e-01 -1.854186e-01 -4.643227e-02 -9.513441e-02 8.653344e-04 -2.389411e-01 -1.302147e-01
2.715115e-03 3.198085e-02 4.513797e-01 -9.529683e-02 -2.032635e-01 3.129227e-01 -1.087566e-01 2.041333e-01 -2.901116e-02 -2.693270e-01 2.342219e-01 -1.069831e-01 1.064371e-04 -2.616256e-01 1.584258e-01 2.720295e-01
-1.419696e-01 -1.346895e-01 -1.150701e-01 1.467105e-01 1.307060e-01 -1.267001e-01 6.933133e-02 -1.355040e-01 -2.140223e-01 1.750328e-01 1.707813e-01 2.749037e-01 1.852594e-01 -1.428753e-01 -3.664132e-01 -2.630780e-02
-1.539750e-01 1.537231e-01 -7.540312e-02 1.314137e-01 -9.524417e-02 -3.444243e-01 -4.963435e-03 -6.246487e-02 3.638540e-01 -1.174425e-02 1.772021e-01 5.214925e-02 -5.663179e-02 -2.290987e-01 -2.931098e-02 -5.942876e-03
1.562840e-01 1.425597e-01 -3.301356e-02 -2.859563e-01 -1.652498e-01 5.156764e-02 1.234502e-01 -1.305547e-01 9.654054e-02 2.904034e-02 7.134365e-02 -1.367357e-01 3.531386e-01 4.956133e-03 8.864509e-02 -1.598562e-02
1.096207e-01 -1.080661e-02 1.087740e-01 -3.092493e-02 -1.287888e-02 4.461123e-01 -4.144005e-01 -7.206386e-02 7.761675e-02 1.602268e-02 3.253717e-02 -1.608016e-01 -4.536341e-01 1.440044e-01 -4.758206e-02 9.330574e-02
-5.747333e-02 -1.289596e-01 -5.511462e-02 5.976818e-02 2.689974e-01 1.071664e-01 -9.964120e-02 2.049311e-01 -1.817421e-01 -1.449609e-02 -1.252220e-01 8.934679e-02 -1.280627e-01 1.158687e-01 2.618717e-01 1.043929e-01
-1.744757e-02 1.153271e-02 -1.856695e-01 -2.133561e-02 1.984197e-02 -2.233266e-01 5.248343e-02 -4.234221e-01 -8.147354e-02 1.922210e-01 5.742721e-04 1.238891e-01 4.358695e-02 2.515051e-01 7.616036e-02 -1.272345e-01
-6.461734e-02 1.114083e-01 -2.519004e-04 -1.170882e-01 3.175245e-02 5.255511e-02 3.893589e-01 -7.894369e-02 1.193581e-01 -1.379595e-01 -2.329508e-01 4.056933e-02 3.229721e-01 1.999774e-01 -1.880986e-01 7.664026e-02
-3.194402e-01 1.193006e-01 1.525836e-01 1.918271e-01 2.564195e-01 1.950830e-01 2.234211e-01 1.571500e-01 4.034936e-02 3.585186e-01 1.451544e-03 1.697271e-01 1.396184e-01 9.622031e-02 2.239580e-01 1.992251e-02
1.369131e-01 -8.719370e-02 -1.064391e-02 1.101307e-02 1.771867e-01 9.451206e-02 1.633399e-01 -5.118276e-02 3.575692e-02 -7.156877e-02 2.891752e-01 5.143919e-01 2.564022e-01 -4.690301e-02 4.898987e-02 -1.119422e-01
3.513322e-01 -8.542400e-02 -3.510271e-02 4.182367e-02 -8.926740e-02 3.033074e-01 -4.062541e-02 -3.108524e-02 5.983077e-03 -1.049461e-01 -5.628078e-02 -1.960752e-01 1.197056e-01 -6.671796e-02 4.199326e-03 -1.705750e-01
-1.099219e-01 2.275245e-01 1.557402e-01 -1.154659e-01 1.401104e-01 -4.840762e-02 -2.866691e-02 1.124175e-01 -1.002650e-01 2.179131e-01 7.701655e-02 -1.159941e-01 -9.196706e-03 6.912915e-02 -7.708767e-02 1.958920e-01
-1.307546e-01 8.074626e-02 4.787745e-02 -1.160511e-01 3.228808e-01 2.218993e-02 -8.790331e-02 -3.961457e-03 2.384861e-01 -8.635335e-02 -2.196219e-01 2.366638e-01 -4.195134e-02 5.909996e-02 8.348306e-02 -1.405486e-01
4.227316e-02 -6.844387e-02 -1.329875e-01 2.248870e-01 -7.936363e-02 4.069113e-02 -1.586217e-01 8.290710e-02 -3.275597e-02 4.233535e-02 2.651452e-01 1.032038e-01 -1.777993e-01 -1.036546e-01 3.508462e-01 -2.093072e-02
8.764548e-03 5.500986e-02 -9.050420e-02 6.717745e-02 -1.417355e-01 -2.040670e-01 1.567227e-02 -2.822244e-02 -2.383226e-01 1.125494e-01 2.781043e-01 2.760622e-02 -3.687738e-02 -1.114310e-01 -2.168277e-01 3.281869e-01
8.712546e-02 -1.158095e-01 -1.416150e-01 -1.828095e-02 -1.480250e-01 6.486326e-02 2.606507e-03 2.030327e-01 2.091639e-01 -1.357307e-01 -2.445783e-01 -9.765405e-03 4.668589e-02 1.252405e-02 -1.104639e-01 -1.684561e-02
1.552096e-01 -1.064488e-01 -2.751239e-02 2.157535e-01 -9.260906e-02 5.703475e-02 -6.867666e-02 6.782214e-02 -5.357227e-02 -3.191780e-01 1.172244e-01 3.956883e-01 -2.710893e-02 -2.859105e-01 -1.959486e-01 1.625318e-01
-5.423262e-02 5.459194e-02 -3.610817e-01 1.905960e-01 3.158081e-01 -7.128050e-04 -1.141851e-01 -1.851552e-01 6.040388e-02 1.330429e-01 -5.782802e-02 7.968813e-03 3.697043e-03 3.956047e-02 1.602614e-01 -1.562805e-01
2.589305e-02 -1.415247e-01 -5.615500e-02 1.079353e-01 3.664347e-01 -2.690171e-02 -2.011322e-01 -4.169240e-02 -1.536072e-01 1.363192e-01 4.174215e-01 1.689060e-01 -1.618306e-01 -1.738651e-01 -1.774332e-01 -1.132792e-02
1.251562e-01 1.223921e-01 1.245677e-01 -8.218847e-02 3.769263e-02 -4.608622e-01 7.887892e-02 -5.755822e-02 -1.768126e-01 1.659129e-01 1.073201e-01 -8.760196e-02 -7.495946e-02 -1.042115e-01 5.916476e-02 5.179709e-02
1.848499e-02 6.785610e-02 6.525797e-02 -1.559611e-03 5.599022e-03 8.294194e-02 -7.019876e-02 -5.036035e-01 4.330179e-02 6.638145e-02 1.580374e-01 -3.716340e-02 -2.195737e-01 8.794607e-02 1.117710e-01 6.715355e-03
-3.539094e-02 1.822331e-02 9.675766e-02 -5.284664e-02 5.218161e-02 8.878184e-02 4.838636e-02 7.993393e-02 -1.905842e-01 -3.987296e-02 2.956761e-02 -9.346890e-02 -9.709910e-02 1.045094e-01 -2.679456e-01 1.182062e-01
-9.326959e-02 8.410339e-02 -5.062027e-02 -2.389539e-02 1.132127e-01 1.638146e-02 -3.292468e-02 1.676521e-02 9.612755e-02 7.478769e-03 -5.225730e-02 6.506501e-02 3.627141e-01 -4.291025e-02 3.184261e-01 -4.897311e-02
