4 4 8 32 16
-1.045066e-01 -4.779176e-02 1.226848e-02 -1.009873e-01 -1.491961e-02 7.920958e-03 3.616095e-01 -7.194617e-02
-9.878621e-02 1.908190e-01 -1.236099e-01 3.621175e-01 -6.628624e-02 -4.801058e-02 -1.729041e-01 -1.304355e-01
-7.427488e-02 6.821387e-02 9.373815e-02 2.178259e-01 -5.937982e-02 1.430532e-02 -1.475264e-01 -1.547687e-01
6.997634e-02 4.871518e-01 -1.129061e-01 -4.056996e-02 1.043839e-01 1.364332e-01 2.072400e-01 -6.937428e-02
-4.743365e-02 3.089973e-01 -1.595070e-01 1.035053e-01 -1.129448e-01 3.920897e-01 1.689276e-01 -1.373951e-01
-1.150672e-01 -1.898063e-02 -1.186417e-01 3.032368e-01 -8.927429e-02 -7.360375e-02 -1.369742e-01 -7.636431e-02
-8.948490e-02 2.816219e-03 -1.095708e-01 2.788453e-01 2.780739e-02 1.674711e-02 -2.377906e-01 -1.898132e-01
-4.021360e-02 2.140090e-01 -1.180509e-01 -8.891875e-02 4.292451e-02 3.173803e-02 3.829003e-01 -6.775084e-02
-6.522259e-02 -4.317123e-02 -5.174667e-02 -9.002319e-02 2.220131e-01 9.357557e-03 5.283244e-01 -1.101329e-01
-1.523880e-01 -1.018938e-01 8.922189e-03 1.729545e-01 -7.644403e-02 -7.614312e-02 -1.319924e-01 -1.277146e-01
1.389657e-01 1.493061e-02 -4.199132e-02 4.589349e-03 3.601458e-01 1.382608e-01 3.024307e-01 -7.978156e-03
-1.025418e-01 -7.266601e-02 -1.208114e-01 3.539317e-02 -9.917273e-02 3.118953e-01 2.329025e-01 -1.074343e-01
-1.177933e-01 4.330967e-01 -8.079709e-02 3.033329e-01 -1.010674e-01 -5.362547e-02 -1.401557e-01 -1.137434e-01
1.606449e-01 1.521725e-01 -1.228075e-01 -3.582893e-02 2.007498e-01 1.720997e-01 1.868096e-01 -9.546971e-02
-1.100041e-01 -5.847298e-02 2.581690e-01 7.752110e-02 -9.295787e-02 -2.957570e-02 -1.134855e-01 -1.126550e-01
-1.511998e-01 -1.450324e-02 -1.065272e-01 -1.024431e-01 5.001721e-02 -3.214753e-02 -9.740911e-02 -6.374884e-02
-1.151046e-02 -9.810130e-02 -1.375198e-01 2.669063e-01 -1.392274e-01 -8.879983e-02 2.779793e-01 -1.144883e-01
3.661464e-01 3.438817e-02 -1.454471e-01 -1.637921e-01 -1.956725e-01 -9.496932e-02 -1.370364e-01 -2.166446e-01
1.328626e-01 -8.566858e-02 -1.100817e-01 -8.259515e-02 -5.954633e-02 1.990400e-01 -1.557036e-01 6.197256e-02
3.018102e-01 -1.273404e-01 -8.519328e-02 5.714409e-03 -2.283896e-02 -2.005309e-01 -1.251801e-01 2.603233e-01
-1.023547e-01 -6.212180e-02 -1.122470e-01 -1.073032e-01 -6.688245e-02 -6.271746e-02 5.143546e-01 -1.381645e-02
3.595730e-01 -5.894659e-02 -1.499908e-01 -1.164276e-01 -1.275212e-01 -1.176451e-01 -7.426002e-02 1.391046e-01
-9.183322e-02 -1.012366e-02 -1.699751e-01 -7.504669e-02 4.244328e-02 -9.999560e-02 -3.758296e-04 -1.861663e-01
3.494523e-03 -4.990544e-02 -2.665382e-01 -1.931723e-02 -2.756369e-01 -7.060569e-02 2.483486e-01 -6.666570e-02
-1.330601e-01 3.791371e-01 -3.753494e-02 2.421670e-01 -6.376332e-02 -1.422358e-01 -9.150596e-02 -6.594259e-03
-3.802736e-02 -6.795249e-02 -1.159674e-01 -7.440557e-02 1.146603e-01 -8.512253e-02 -1.022066e-01 -4.342576e-02
3.504867e-02 -6.159585e-02 -3.857367e-01 7.270950e-02 -3.040881e-01 -9.156873e-02 1.019366e-01 -2.449923e-01
1.124863e-01 -2.736669e-03 -2.373373e-01 -1.196149e-01 -8.752716e-02 -1.094981e-01 -1.077541e-02 -7.988098e-02
3.146727e-02 -8.768290e-02 -1.081829e-01 1.372731e-01 -1.088503e-01 -7.035384e-02 5.713890e-01 -2.283901e-04
-1.085394e-01 -5.958071e-02 -7.909030e-03 -8.313885e-02 5.738171e-02 1.725017e-01 -9.530099e-02 -1.338084e-01
1.888453e-01 -5.569324e-02 -1.066979e-01 -8.537854e-02 -4.118078e-02 -7.197791e-02 -1.128511e-01 9.728890e-03
4.693408e-01 -6.955807e-02 -1.046990e-01 -8.452293e-02 -1.424448e-01 -1.156725e-01 -9.221612e-02 -3.641609e-02
-1.131791e-01 -1.333588e-01 -6.108534e-02 -7.470630e-02 2.502586e-01 -4.861509e-02 -1.304141e-01 -8.341954e-02
6.025925e-01 -1.370405e-01 2.197106e-01 -1.026557e-01 -6.981465e-02 -1.192547e-01 1.407946e-01 2.573928e-02
-2.391276e-01 -1.938281e-01 1.703556e-01 -6.055209e-02 -3.634819e-02 -6.639427e-02 -9.841652e-02 1.074146e-01
-1.239236e-01 -1.305511e-01 -1.045173e-01 2.317162e-01 2.774898e-01 3.048204e-01 -1.492436e-01 -9.981006e-02
3.480055e-01 -3.598308e-01 7.649555e-02 -1.049056e-01 9.041850e-02 1.695845e-02 1.037643e-01 8.517260e-02
-1.596771e-01 5.270392e-04 3.550798e-01 1.095412e-01 -1.389905e-01 9.820923e-03 -2.207038e-01 -3.502752e-03
-1.562871e-01 -2.559486e-02 -9.220029e-02 2.581445e-01 3.069466e-01 -1.514806e-02 -2.236714e-01 -1.145867e-01
-2.896506e-01 -1.590889e-01 -7.710050e-02 1.234959e-01 2.730412e-01 -1.015912e-01 -2.266614e-01 -4.895403e-02
-8.297016e-02 -1.175566e-01 2.392556e-01 -8.261377e-02 -2.315851e-02 -9.401590e-02 -1.467088e-01 1.113718e-03
-1.890067e-01 -2.355303e-01 -1.522024e-01 1.600439e-02 2.148565e-01 2.607062e-01 -4.297580e-02 -3.420920e-02
-2.520569e-01 -9.525575e-02 -1.044054e-01 1.036027e-04 3.029363e-01 2.711247e-02 -5.089606e-02 4.685310e-02
-2.869748e-01 -4.002644e-01 -7.475307e-03 -1.163749e-01 1.942842e-02 -2.222366e-02 -1.390224e-01 1.177696e-02
-7.591224e-02 -5.275168e-02 -1.267754e-01 -5.372495e-02 2.622833e-01 2.434857e-01 4.797077e-02 1.836601e-02
3.298720e-01 -1.572410e-01 3.222765e-01 3.153099e-02 5.602024e-02 -7.678381e-02 5.156554e-03 -7.994010e-02
-1.378777e-01 -9.905806e-02 -1.261060e-01 -1.544139e-01 2.216941e-01 8.511010e-02 5.038825e-02 8.610962e-02
-1.393737e-01 -1.197292e-01 -1.118243e-01 8.149822e-02 3.140173e-01 1.437528e-01 -1.307609e-01 -8.072025e-02
-5.145673e-02 8.338105e-02 2.530339e-01 5.737945e-03 3.195245e-01 1.814429e-02 -9.980783e-03 7.338532e-02
4.001330e-01 -9.738632e-02 -9.599838e-02 3.836309e-01 3.126065e-01 1.755143e-01 -7.982457e-02 -1.329668e-01
1.764888e-01 -1.916547e-01 4.534254e-02 2.516455e-01 -3.991723e-03 -2.280578e-02 5.348298e-03 -1.639987e-02
-6.168100e-02 -1.097229e-01 1.408745e-01 -6.062594e-02 -1.097087e-01 -1.244810e-01 -1.364376e-02 -9.583430e-02
-5.440344e-02 -1.039315e-01 2.445486e-01 3.989017e-02 5.254779e-01 -7.452450e-02 -6.608718e-02 -1.244908e-01
2.448638e-01 7.337084e-02 -2.054075e-02 2.875551e-01 2.676570e-01 1.228188e-01 -8.681686e-02 4.533635e-02
5.662888e-01 -1.225848e-01 -1.158906e-01 4.526415e-02 -1.117350e-01 1.096831e-01 1.378373e-01 -1.439072e-01
1.517662e-02 -1.087060e-01 3.570231e-01 1.050991e-01 2.622638e-01 -6.359915e-02 3.868334e-02 -1.005394e-02
2.490445e-01 -8.544831e-02 -8.635629e-02 -7.036284e-03 -9.501503e-02 -3.834812e-03 -3.617895e-02 -6.741536e-02
1.961066e-01 -1.142488e-01 3.950392e-02 3.247910e-01 4.910560e-01 6.299242e-02 -7.830984e-02 -1.382553e-01
4.202901e-01 -1.656545e-01 -2.791963e-02 3.963195e-01 1.197221e-01 6.530599e-02 1.834968e-02 -1.713491e-01
-9.726286e-03 7.111989e-03 7.962537e-02 -4.888219e-02 -8.741707e-02 -2.302091e-02 -8.408330e-02 3.687570e-01
3.958910e-01 -8.231486e-02 -5.649470e-03 -8.752629e-03 -1.244734e-01 -2.637205e-02 2.646113e-01 -1.029327e-01
-3.756846e-02 -1.322135e-01 2.266594e-01 1.811392e-01 -6.180391e-03 -2.166509e-02 4.869855e-04 2.438182e-02
-6.172712e-02 -1.044178e-01 1.301628e-01 -5.375890e-02 2.963093e-01 -1.130627e-01 -6.575420e-02 -1.352670e-01
2.757187e-01 -1.225893e-01 6.408080e-03 3.970290e-01 2.636824e-01 -5.408569e-02 5.368114e-02 -9.067276e-02
-1.485160e-01 -3.411426e-02 -7.969663e-02 -1.247876e-01 3.954829e-02 -4.718547e-02 -1.067203e-01 -4.347905e-02
-6.914567e-02 6.313227e-02 9.759357e-02 2.428908e-01 -5.186965e-02 4.242461e-03 -1.728773e-01 -1.496388e-01
-4.309091e-02 7.260829e-03 -5.710586e-02 -1.095480e-01 8.626362e-03 -2.912858e-02 3.651970e-01 -4.620748e-02
-3.501854e-02 3.207926e-01 -1.507518e-01 1.001612e-01 -1.389800e-01 3.805890e-01 1.884333e-01 -1.134847e-01
-8.562542e-02 3.143043e-01 -1.103588e-01 3.863690e-01 -6.148723e-02 -5.429886e-02 -1.869416e-01 -1.235728e-01
2.383947e-02 9.190785e-02 -1.297870e-01 -3.437500e-02 2.484298e-01 6.204268e-02 4.789835e-01 -1.015528e-01
-1.452194e-01 -1.128534e-01 -8.847954e-03 2.079713e-01 -7.749101e-02 -8.662779e-02 -1.553123e-01 -1.106079e-01
-8.875528e-02 -5.586208e-02 -1.689165e-01 5.570992e-02 -1.214415e-01 3.081023e-01 2.406768e-01 -7.938749e-02
-9.149890e-02 1.140107e-02 -1.361726e-01 3.663918e-01 -6.949842e-02 -7.244333e-02 -1.700824e-01 -7.637694e-02
-1.273585e-01 -1.507494e-01 5.260589e-02 -4.580259e-02 -1.400789e-01 2.557784e-01 3.131988e-01 -6.823871e-02
1.900739e-01 1.473683e-01 -1.065607e-01 -4.024243e-02 2.110786e-01 1.682336e-01 2.036062e-01 -9.034973e-02
-1.090189e-01 -8.808333e-02 2.636668e-01 9.179498e-02 -8.917590e-02 -3.565543e-02 -1.323303e-01 -9.530904e-02
-5.837134e-02 -1.113330e-01 9.166464e-03 -7.319799e-02 2.627939e-01 -1.169483e-02 5.434836e-01 -7.807161e-02
-8.241047e-02 2.260612e-02 -9.621228e-02 3.023823e-01 2.872562e-02 1.884190e-02 -2.802053e-01 -1.838534e-01
6.281850e-02 3.766899e-01 -1.461138e-01 -4.576243e-02 6.911340e-02 8.064859e-02 2.678645e-01 -6.635869e-02
1.604772e-01 5.477002e-03 -2.198496e-02 6.480068e-04 3.718172e-01 1.248889e-01 3.375970e-01 3.190808e-03
-1.549831e-01 2.444863e-01 4.984081e-03 4.686987e-01 -2.586857e-02 -1.705159e-01 -1.111726e-01 -2.719509e-02
1.297255e-01 -5.838040e-02 -1.816294e-01 -1.015802e-01 -7.440180e-02 -1.234747e-01 -1.879253e-02 -3.982391e-02
3.776914e-02 -6.442165e-02 -3.752490e-01 6.726217e-02 -3.110124e-01 -8.489574e-02 1.153114e-01 -2.528742e-01
-1.022701e-01 -5.507861e-02 -1.445282e-01 -8.013438e-02 8.081724e-02 -1.077320e-01 -2.228161e-03 -1.477721e-01
-3.605187e-04 -1.021269e-01 -1.759284e-01 2.504863e-01 -1.684619e-01 -9.175880e-02 2.535203e-01 -1.355488e-01
3.386000e-01 -1.413633e-01 -5.417302e-02 -2.068998e-02 -2.716970e-02 -1.762031e-01 -1.018971e-01 2.541648e-01
1.348724e-01 -1.192836e-01 -4.916679e-02 -5.854394e-02 -2.336615e-02 1.829326e-01 -1.423671e-01 9.544399e-02
-2.025838e-02 -5.374994e-02 -2.374513e-01 -6.761081e-02 -2.523925e-01 -6.412144e-02 3.093444e-01 -8.220278e-02
1.919163e-02 -1.407256e-01 -7.191317e-02 1.044626e-01 -1.043606e-01 -1.006105e-01 5.163347e-01 5.108469e-02
-1.344167e-01 -8.560473e-02 -3.919341e-03 -8.227114e-02 7.118799e-02 1.753890e-01 -5.629509e-02 -1.345175e-01
3.291034e-01 -6.675491e-02 -1.585512e-01 -1.418239e-01 -1.561029e-01 -1.347859e-01 -3.048888e-02 1.007608e-01
3.849172e-01 1.097292e-02 -1.273313e-01 -1.697496e-01 -1.894201e-01 -9.579903e-02 -1.054145e-01 -1.895893e-01
4.736903e-01 -1.128789e-01 -6.895714e-02 -8.070459e-02 -1.494298e-01 -1.432977e-01 -6.860620e-02 1.301240e-02
-1.286876e-01 4.879481e-01 -1.270688e-02 7.201952e-02 -4.299796e-02 -1.324783e-01 -5.554833e-02 6.931102e-02
4.393948e-02 3.742057e-02 -1.506149e-01 -1.940463e-01 -7.579843e-02 -1.090512e-03 -3.024158e-02 -1.905978e-01
2.290912e-02 -1.204906e-01 -7.320067e-02 -4.442981e-02 1.193577e-01 -1.159489e-01 -9.283873e-02 6.688266e-02
3.523409e-01 -1.286318e-01 3.165085e-01 5.299966e-02 4.802021e-02 -8.108533e-02 2.095058e-02 -9.563690e-02
-2.000567e-01 -1.021872e-01 -1.200919e-01 1.196716e-01 3.313071e-01 1.083950e-01 -1.262408e-01 -5.517340e-02
-1.778935e-01 -1.346673e-01 2.435997e-01 -2.824821e-02 -6.784518e-02 -1.672988e-01 -1.362666e-01 8.993985e-03
-1.339481e-01 -9.333612e-02 -1.444551e-01 1.653414e-02 2.323611e-01 2.586194e-01 -1.369148e-02 -1.393233e-02
5.864526e-01 -8.774354e-02 2.414408e-01 -1.287166e-01 -1.028200e-01 -8.749387e-02 1.789379e-01 3.922915e-02
-2.868740e-01 -3.566623e-01 -2.554160e-02 -1.122737e-01 -3.693581e-03 -2.979042e-02 -1.308628e-01 6.165800e-03
3.771727e-01 -3.200531e-01 5.923188e-02 -1.105984e-01 7.142358e-02 1.859918e-02 1.192116e-01 8.024631e-02
-2.277442e-01 -1.204420e-01 -5.667334e-02 1.688372e-02 2.307817e-01 -1.287933e-01 -1.683377e-01 -5.745221e-02
-1.951289e-01 -5.981706e-02 -1.300423e-01 -6.438391e-03 3.189253e-01 4.462264e-02 -1.452489e-02 3.137574e-02
-1.703850e-01 -8.401947e-02 -9.402304e-02 -1.208172e-01 1.696588e-01 -1.596029e-02 -2.035974e-02 3.971117e-02
-5.223922e-02 -2.798533e-02 -1.531321e-01 -1.213441e-01 2.303707e-01 1.777821e-01 9.745145e-02 5.107181e-02
-1.349322e-01 -3.815994e-03 2.659970e-01 1.448934e-01 -1.250719e-01 -1.801797e-02 -2.808764e-01 -9.924711e-02
-1.231973e-01 -8.761416e-02 -1.114266e-01 2.396736e-01 2.878268e-01 2.899152e-01 -9.901648e-02 -7.467610e-02
-1.905631e-01 -5.397221e-02 -1.002946e-01 2.484374e-01 2.930831e-01 -6.063666e-02 -2.279602e-01 -1.230412e-01
-1.736257e-01 4.347726e-02 3.935405e-01 6.189335e-02 -1.892897e-01 -1.611132e-04 -1.248391e-01 7.328054e-02
-2.157541e-01 -1.265349e-01 1.417311e-01 -9.701833e-02 -7.194616e-02 -2.120835e-02 -5.829519e-02 1.089766e-01
-3.782770e-02 4.839085e-02 7.263821e-02 -7.732995e-02 -7.512195e-02 1.160354e-03 -9.030642e-02 3.346213e-01
3.016272e-01 -1.117537e-01 -9.680294e-03 3.815300e-01 2.407380e-01 -8.529733e-02 7.849277e-02 -1.156227e-01
-8.152615e-02 1.084105e-01 2.335329e-01 -3.307712e-02 3.429921e-01 2.833553e-02 -1.645777e-02 6.337464e-02
2.465632e-01 -7.324880e-02 -7.052162e-02 -2.004316e-02 -9.662643e-02 -2.057800e-02 6.031078e-02 -6.038758e-02
6.653145e-03 -7.904711e-02 3.792444e-01 3.570467e-02 1.745912e-01 -1.112789e-01 1.924092e-02 -4.910218e-02
1.417204e-01 -7.411030e-02 5.129515e-02 3.074129e-01 4.215353e-01 6.771009e-03 2.170963e-02 -7.251114e-02
-7.387191e-03 -8.574621e-02 3.238189e-01 1.254607e-01 3.374923e-01 -3.315042e-02 7.711048e-02 2.386283e-03
5.358566e-01 -9.407092e-02 -1.291480e-01 2.773127e-02 -1.111981e-01 8.292327e-02 1.581983e-01 -1.287255e-01
4.055769e-01 -7.545965e-02 -1.088291e-01 3.697380e-01 2.180053e-01 1.604440e-01 -6.090853e-02 -1.126923e-01
-5.370854e-02 -1.197374e-01 2.263854e-01 1.726426e-01 -7.522330e-03 -1.164994e-02 1.701326e-02 2.229837e-02
-5.432904e-02 -4.199529e-02 1.640106e-01 3.160268e-03 4.445087e-01 -6.758552e-02 -1.751807e-03 -5.566493e-02
3.157898e-01 -1.139795e-01 -9.909649e-02 4.053890e-01 3.647739e-01 6.955277e-02 -1.732872e-02 -1.111815e-01
1.700951e-01 -1.732115e-01 4.613483e-02 2.540371e-01 3.722042e-03 -6.051808e-03 2.308771e-02 -1.208255e-02
-5.928133e-02 -8.402872e-02 1.402916e-01 -7.163738e-02 -9.405194e-02 -1.175032e-01 1.223859e-02 -5.121137e-02
2.207016e-01 8.631765e-02 -4.414254e-02 2.490523e-01 3.133236e-01 1.577563e-01 -9.472825e-02 3.413793e-02
4.223236e-01 -1.623931e-01 -2.241832e-02 3.754021e-01 9.553360e-02 6.407391e-02 4.931228e-02 -1.905778e-01
