2 4 8 16 16
-1.158940e-02 -2.222335e-01 9.939584e-02 5.809738e-02 -2.035175e-01 -1.579630e-01 3.758901e-01 1.864169e-01
1.598186e-01 5.288570e-02 2.687044e-01 -8.596165e-02 -3.504867e-01 -6.492071e-02 -1.494488e-01 1.175753e-01
-2.575279e-01 9.154897e-02 -1.706791e-01 -1.755141e-01 2.007943e-01 1.147451e-01 2.568083e-01 -8.617514e-02
1.186969e-01 -4.292949e-01 -6.517397e-02 -9.802230e-02 -9.898996e-02 2.587920e-01 1.153378e-01 -1.724351e-01
2.038360e-01 1.356934e-01 -1.321032e-01 3.452590e-01 -1.648415e-01 1.333592e-01 -4.280103e-02 1.954388e-01
-1.412134e-01 1.330415e-01 4.029038e-01 -9.404841e-03 -1.031651e-01 1.023384e-01 -5.329343e-02 2.905840e-01
-5.094856e-02 4.797971e-01 1.746219e-01 -3.544288e-02 2.541591e-01 -5.231079e-02 2.322553e-02 2.188369e-01
-2.794487e-01 3.130907e-02 -4.972387e-02 1.717281e-01 4.713415e-01 1.710703e-01 1.621287e-01 5.730131e-02
-1.384899e-01 -2.176673e-01 1.302896e-01 1.797216e-01 2.405029e-02 -1.530896e-01 -1.103534e-01 9.009126e-02
-2.959204e-01 1.565672e-03 -3.141585e-01 7.410128e-02 2.242173e-01 1.298285e-01 -1.835544e-01 3.807276e-02
-1.863004e-01 8.466418e-02 4.920819e-02 -1.141324e-01 4.505063e-01 -7.801040e-02 -2.518885e-01 -4.102428e-02
-1.632637e-01 4.816934e-01 5.115932e-02 7.938407e-02 1.038920e-01 -2.928912e-01 -1.536768e-01 2.542310e-01
2.947661e-01 -1.088250e-01 -1.330816e-01 -1.402096e-01 -1.041676e-01 4.756131e-01 3.320925e-02 -1.143691e-01
-2.114481e-02 2.778324e-01 1.215750e-02 -2.199111e-01 8.039232e-02 -2.330477e-01 5.182476e-02 1.285211e-01
7.376865e-02 -3.219804e-01 1.759903e-01 1.285819e-01 -6.457551e-02 4.546395e-01 -7.394994e-02 6.582566e-03
1.862280e-01 3.420312e-01 -2.652815e-01 -1.407643e-03 1.430946e-01 2.103765e-01 -1.176219e-01 -2.375143e-01
1.370601e-01 4.531992e-02 5.876513e-02 -1.509167e-01 -2.984216e-01 4.785995e-01 3.948566e-01 -3.009792e-01
-9.079808e-02 1.397832e-01 3.190980e-01 6.254381e-02 1.158155e-01 -8.195943e-02 -3.476898e-01 4.924388e-01
9.883507e-02 -2.477566e-01 2.024540e-02 4.805186e-01 -1.377100e-02 2.393177e-02 4.235996e-01 -4.041478e-02
-1.773445e-01 5.998122e-02 -5.120401e-02 2.424261e-01 -1.890326e-01 -1.817795e-01 -3.954284e-01 -1.386494e-01
-5.002781e-02 -5.405101e-02 -9.658132e-02 -1.930618e-01 9.442824e-02 -6.080915e-02 -2.679594e-01 8.062144e-03
-1.030012e-01 -3.502981e-02 -1.530948e-01 -6.872257e-02 -1.004188e-01 5.118894e-02 4.807487e-01 -4.043112e-01
2.938277e-01 2.040770e-01 -1.660321e-02 -2.798535e-01 -1.624716e-01 7.265315e-02 4.523908e-01 1.302041e-01
-6.109385e-03 4.003922e-01 -1.085256e-01 2.693492e-01 2.235808e-01 6.305075e-02 2.492318e-01 -9.742148e-02
-1.697336e-01 -2.832119e-02 8.707838e-02 4.966689e-01 6.511073e-02 -1.440191e-01 -3.574758e-01 -1.483261e-01
2.881624e-01 -2.421011e-01 -2.947130e-01 3.931224e-01 2.945051e-01 4.509198e-02 3.233746e-03 4.526865e-03
6.660779e-02 4.543297e-01 2.660525e-01 -1.734029e-01 -9.896258e-02 -1.017337e-01 -2.040211e-01 2.071273e-01
2.202880e-01 -1.669029e-01 -1.391446e-01 -4.140448e-02 4.174441e-01 -2.855619e-01 1.692903e-02 -2.461296e-01
2.769701e-01 -1.949063e-01 -3.119680e-01 2.330900e-01 -1.073884e-01 5.031920e-02 1.280501e-01 -1.520220e-01
1.990671e-01 1.276420e-01 8.612090e-02 -1.308644e-01 1.760633e-01 1.258212e-01 5.290013e-01 1.740190e-01
-2.279206e-01 2.646496e-01 3.665818e-01 -1.640269e-01 -2.433913e-01 4.089123e-02 2.399559e-02 1.166506e-01
-1.344357e-01 2.564853e-01 2.166121e-01 1.009022e-01 3.143467e-01 8.841129e-02 -1.664204e-01 4.333090e-01
2.172524e-02 -1.834409e-01 3.215211e-02 9.199300e-02 3.316118e-01 1.483477e-02 -2.518968e-01 -5.667936e-02
3.801875e-01 -1.679190e-01 -9.250256e-02 -1.214008e-01 -2.683084e-04 -1.854705e-01 1.008555e-01 7.842775e-02
1.171352e-01 -3.305158e-02 1.233511e-01 -6.007770e-02 -6.278262e-03 5.022721e-01 -4.679068e-01 -3.661198e-02
-2.293516e-01 -3.214472e-01 -9.907508e-02 1.136977e-01 3.469752e-01 -1.728842e-01 -3.021024e-01 5.040717e-01
1.791843e-01 -5.406560e-02 -1.882816e-02 1.771484e-01 1.160530e-01 9.915528e-02 -1.181234e-01 5.974954e-01
-2.103229e-01 -2.304924e-02 3.198887e-02 -2.868259e-01 -2.748506e-01 -3.271424e-01 3.964650e-02 -4.148539e-01
7.373808e-02 3.106611e-01 -2.685908e-02 -2.619081e-01 -2.189589e-01 1.079775e-01 1.935810e-01 -1.593496e-01
-1.270268e-01 -1.935119e-02 2.034929e-02 2.381370e-01 4.553366e-02 -3.568105e-02 8.902805e-02 1.327491e-01
1.869117e-02 -4.144662e-02 -3.871090e-01 1.534999e-01 2.329846e-01 -1.627921e-01 1.196104e-01 -3.155868e-01
4.637172e-02 5.960559e-03 -1.343759e-01 2.265794e-02 2.881679e-01 3.770627e-01 6.589256e-02 2.960544e-02
-1.706251e-02 2.390455e-02 4.479046e-01 -8.531494e-02 -1.571395e-01 3.575801e-01 -9.955974e-02 2.678929e-01
-1.824482e-01 2.239719e-01 -2.288328e-01 6.160457e-02 1.230193e-01 -5.736963e-01 7.226099e-02 -1.613294e-01
1.338356e-02 2.836371e-02 -5.378821e-02 -2.189672e-02 -1.412605e-02 -6.718435e-02 2.918512e-02 -5.097909e-01
-3.162594e-01 -2.373895e-01 -2.136448e-01 3.112748e-01 2.163299e-01 -2.495640e-01 1.055378e-01 2.158709e-02
1.361750e-01 1.096859e-01 3.025018e-01 -1.306046e-01 -3.958125e-01 1.040243e-01 -1.255517e-01 -1.274697e-01
-1.391591e-01 9.422237e-02 3.094732e-02 1.304268e-01 -2.934311e-01 -3.592065e-01 -5.982486e-02 -6.151468e-03
2.807009e-02 -1.105468e-01 -2.404174e-01 2.239528e-02 -1.554514e-01 2.946272e-02 3.616078e-01 2.918820e-02
-3.117307e-01 -8.733802e-02 -1.042277e-02 2.847464e-01 -5.233973e-02 2.575090e-02 1.260847e-02 3.672853e-01
1.215702e-01 7.256150e-02 3.924545e-01 3.440531e-02 -2.720365e-02 -1.397815e-01 3.651495e-01 1.773914e-01
2.333013e-01 1.347741e-02 3.580713e-02 -1.680522e-01 -2.297246e-02 7.994411e-03 3.379665e-02 -2.261547e-01
-3.191811e-01 2.004465e-01 4.119868e-01 1.888041e-01 -9.475932e-02 -3.193044e-01 -3.473674e-01 -5.898809e-02
4.476144e-01 -1.169370e-01 1.794669e-01 6.703097e-02 -5.312942e-03 -2.555345e-01 -1.652898e-01 5.253793e-03
1.161776e-01 1.891932e-02 -1.419418e-03 -2.694836e-01 -4.889179e-01 2.060884e-01 -5.701054e-02 1.467197e-01
-2.511713e-02 2.799939e-01 1.947498e-01 1.434409e-01 2.846358e-01 -2.020539e-02 -6.159672e-01 2.293515e-02
2.707774e-01 -2.504980e-01 -4.626026e-01 7.029828e-02 -2.609577e-01 -7.205075e-03 -4.276517e-01 -2.014442e-02
6.410431e-03 2.977104e-01 -1.721144e-01 1.435981e-01 6.943396e-02 3.844167e-01 -1.903850e-02 -3.457204e-01
-2.389485e-04 1.901786e-02 5.343568e-02 1.907071e-02 -5.209616e-01 5.538385e-02 -9.484823e-02 4.161552e-02
7.652220e-02 7.651085e-04 7.637572e-02 -9.710447e-02 5.052519e-01 -6.335872e-02 3.589857e-02 -1.242181e-02
-1.868579e-02 -3.372969e-01 1.949564e-01 -1.211090e-01 2.208675e-02 -3.160594e-01 1.107610e-01 3.136760e-01
-4.035544e-01 5.498276e-02 -1.781937e-01 -6.341245e-03 6.895341e-03 2.149100e-01 1.980602e-01 1.539094e-02
-1.735683e-02 1.908700e-01 3.118254e-01 2.799870e-02 1.475359e-01 2.689345e-01 3.573567e-01 -1.009991e-01
-3.326203e-01 1.055229e-01 8.781078e-02 3.966871e-01 2.139865e-01 -1.708264e-01 -1.271280e-01 -1.103557e-01
-1.996581e-01 -3.161776e-02 -6.298944e-03 1.263556e-01 1.204980e-01 -2.479969e-01 -8.322003e-02 -1.040130e-02
8.762309e-02 -2.536891e-01 -1.392610e-01 9.860355e-03 1.274161e-01 9.738473e-02 1.524957e-01 -1.994858e-01
1.004077e-03 4.127396e-01 -2.246980e-01 7.235904e-02 1.197219e-01 5.300350e-02 -6.690424e-02 6.677780e-02
-2.342977e-01 1.811974e-01 3.818291e-01 7.292635e-02 1.439303e-01 1.624825e-01 7.745883e-02 2.818575e-01
-1.965489e-02 -1.634998e-01 3.045781e-01 -5.279289e-02 -8.392566e-02 -3.917739e-02 2.504871e-01 -4.878332e-02
-4.827541e-02 1.483566e-01 -3.878549e-03 -1.519349e-01 6.796312e-02 1.045540e-01 4.704702e-01 -1.179046e-01
2.273531e-01 -5.568060e-02 -4.118336e-02 -1.158786e-01 3.131613e-03 5.253356e-01 -9.390082e-02 -1.689998e-03
-3.401446e-01 8.387055e-02 7.207529e-02 2.361625e-01 3.152792e-01 2.020496e-01 2.864461e-01 1.354988e-01
1.626444e-01 2.375364e-03 3.649851e-02 -2.281539e-02 3.300944e-01 1.194277e-01 1.984432e-01 4.902824e-03
5.210708e-01 -1.464643e-03 -8.920623e-02 4.606829e-02 -8.888495e-02 9.664789e-03 -1.293623e-02 -9.555785e-02
-2.423581e-01 2.967300e-01 -1.682071e-03 -2.412142e-01 2.473805e-01 -1.660090e-01 8.628326e-02 -4.268897e-02
2.490036e-02 -9.358643e-02 -1.046566e-01 2.157213e-01 -1.046470e-01 1.571623e-02 -2.994474e-01 1.513949e-01
2.460624e-01 -2.505751e-01 -4.062290e-02 3.078955e-01 -2.065802e-01 3.068292e-01 2.450926e-02 4.147580e-02
-5.464428e-02 -3.544366e-02 -1.738387e-01 2.082387e-01 -2.296351e-01 -1.326008e-01 1.892487e-01 -4.149099e-02
4.914201e-02 1.282592e-01 1.969992e-01 -2.714549e-01 -7.481544e-02 -1.979291e-03 -1.208016e-01 9.538871e-02
-1.559927e-01 1.470833e-01 1.133741e-01 -1.670525e-01 5.720249e-01 6.135955e-03 -2.412235e-01 4.108643e-02
-2.256418e-02 4.093710e-01 -6.773883e-02 -1.797494e-01 -1.819908e-01 -5.518308e-02 -3.863524e-02 5.012226e-02
1.573702e-01 -1.956399e-01 -5.759395e-02 -2.089399e-01 2.836988e-01 -1.073413e-01 1.522465e-01 -2.642015e-01
1.287779e-02 4.644557e-01 1.685838e-01 2.514098e-01 1.652452e-01 1.255442e-02 3.589804e-02 1.787173e-01
5.647244e-03 -9.722342e-02 3.332030e-01 5.399547e-01 3.280813e-01 -3.968165e-02 4.465499e-02 -1.142962e-01
1.141739e-01 -1.813421e-01 -2.751956e-01 4.910757e-02 3.713374e-01 1.984099e-01 -2.163170e-01 4.027859e-02
3.984246e-01 -1.142992e-01 -1.412501e-01 4.143281e-01 6.335017e-02 9.786002e-02 2.752890e-02 -6.646502e-02
-1.783972e-01 6.037166e-02 3.418614e-01 9.208538e-03 -2.962777e-01 -1.345465e-01 3.858625e-01 -7.274857e-02
1.037101e-01 2.819628e-02 2.515267e-01 3.881853e-01 -9.069222e-02 -1.120174e-01 3.366354e-01 -9.409531e-02
-2.782024e-01 1.754060e-01 2.283407e-01 7.840368e-02 -1.269286e-01 -4.976169e-02 -2.306959e-01 4.834217e-01
-1.779466e-01 -8.069538e-02 -8.755802e-02 -3.003429e-01 3.393937e-02 -7.271112e-02 -1.308609e-01 -8.876252e-02
-9.038836e-03 -3.634509e-02 -1.219237e-01 4.528734e-01 2.754717e-02 -1.079767e-01 -1.928609e-01 -3.423190e-02
1.941099e-01 -1.374658e-01 -2.718852e-01 2.739196e-02 -8.481339e-02 9.408339e-02 1.667598e-01 -2.345456e-01
4.050838e-02 5.062966e-02 9.974431e-02 -1.977895e-01 2.037659e-04 1.933039e-01 3.314794e-01 5.579454e-02
-1.175486e-03 1.601086e-01 -1.265731e-03 -8.746178e-02 1.934068e-01 2.819597e-01 -1.650926e-01 3.762353e-01
6.835933e-02 4.048109e-01 -1.309600e-01 2.776041e-01 1.307675e-01 1.020311e-01 2.855368e-01 -1.084234e-01
-2.088996e-01 1.239266e-03 4.589523e-01 -1.139531e-01 4.499737e-02 -1.704528e-01 -6.847794e-02 1.120024e-01
2.451711e-02 -4.195762e-02 8.525073e-02 -5.834130e-02 -1.923308e-02 -6.984365e-02 6.145203e-02 5.323569e-01
9.767610e-03 4.207981e-02 1.906165e-01 5.453969e-02 3.600431e-01 9.218638e-02 1.857007e-01 -7.578161e-02
-1.904146e-01 1.056773e-01 6.290842e-03 5.309070e-02 6.498446e-02 2.376475e-01 -1.268447e-01 -5.128124e-01
4.252180e-01 -2.109648e-01 -1.794438e-02 -3.367070e-02 6.898808e-02 -2.140161e-01 4.028544e-02 5.114046e-02
2.051628e-01 -1.542520e-03 -2.275373e-02 -9.831395e-03 -1.950748e-02 -8.398887e-02 1.121454e-02 -5.897686e-01
-4.474428e-02 1.342119e-01 -4.635153e-01 1.784287e-01 3.556389e-01 -1.476362e-01 -1.148032e-02 -2.176187e-01
9.807218e-02 1.872071e-01 1.371379e-01 -3.761817e-01 -9.819026e-02 -4.544647e-02 2.751578e-02 -1.149408e-01
3.539767e-03 -1.315914e-02 -1.386051e-02 2.843212e-02 -3.425150e-01 -2.935362e-02 -1.041348e-01 -3.750795e-02
4.550679e-02 1.228978e-01 1.398276e-01 -4.758920e-02 3.275038e-02 -6.026037e-01 7.877508e-02 -2.296263e-02
-2.493429e-01 3.056177e-01 -1.647553e-01 -1.887537e-01 1.630988e-01 5.280199e-02 1.231797e-02 6.824467e-02
1.052039e-01 -1.437660e-01 -5.984023e-02 3.627660e-01 -5.940410e-02 2.797211e-02 -5.568807e-02 9.064108e-02
-7.369015e-02 -8.882778e-02 1.971137e-02 4.548500e-02 -4.718408e-02 4.701133e-01 -1.190610e-01 5.196401e-02
2.211892e-01 -1.365471e-01 6.788358e-02 -2.417991e-02 3.752439e-01 1.166710e-01 -1.989738e-01 -1.941300e-02
-1.008700e-01 1.270425e-02 -2.874149e-01 1.507557e-01 2.296217e-01 7.485171e-02 -4.562536e-01 -4.921664e-02
-7.465293e-02 -1.691860e-01 -1.206011e-01 1.700565e-01 4.092492e-01 -1.293023e-01 -1.472789e-01 -6.129294e-02
-5.012741e-02 -6.877548e-02 -5.052423e-01 -7.674092e-02 -2.388384e-01 2.584165e-01 5.109251e-03 2.486479e-01
1.643908e-01 -2.184977e-01 -3.939230e-01 2.160414e-02 -1.960438e-02 1.628535e-02 -1.844671e-01 -7.865395e-03
8.722126e-02 8.817726e-02 1.219420e-01 -7.011294e-02 -4.458857e-01 7.660824e-02 1.953286e-01 3.079723e-03
-6.083263e-02 2.271097e-02 8.677464e-03 1.898207e-01 2.277408e-01 -4.969568e-02 -4.292759e-01 -2.658272e-02
-3.668498e-02 -3.861149e-02 -1.308513e-02 -1.748530e-01 -2.164519e-01 3.003889e-01 8.131563e-03 2.592315e-01
1.450871e-01 4.365649e-02 -5.860741e-02 1.476889e-01 3.565104e-01 -1.209638e-01 4.704131e-01 -5.101427e-02
-1.845554e-01 1.060778e-01 4.595120e-01 2.265071e-01 -1.948717e-01 -2.610604e-01 -1.795217e-01 -3.625857e-02
-6.509492e-02 -1.692731e-02 7.817183e-02 -1.181533e-01 -2.196960e-01 1.416482e-01 -4.711716e-01 5.958812e-02
4.658552e-02 -1.139101e-01 -1.420369e-01 -1.175855e-02 5.176962e-01 1.113505e-01 3.389266e-02 3.842853e-02
3.378396e-02 8.050830e-02 -8.980297e-02 -1.057506e-01 -1.503439e-02 4.646016e-02 2.093285e-01 -5.603882e-02
-1.544740e-01 2.224318e-02 5.306226e-02 -1.259616e-01 -6.190149e-02 -4.011974e-01 -3.686428e-02 1.869493e-01
-4.974986e-01 -1.962313e-02 -1.585579e-02 -2.084560e-02 3.507778e-02 1.291718e-01 -7.777548e-03 5.294486e-03
4.896589e-02 9.404080e-02 3.837533e-01 -1.773929e-02 7.525173e-02 -3.606632e-03 2.643413e-01 -2.657278e-03
4.558782e-01 9.641012e-03 1.323313e-02 7.260408e-03 4.495203e-02 -7.224782e-02 5.999849e-02 -9.742047e-02
-1.402189e-01 3.923375e-01 2.380064e-01 -6.424689e-02 -1.259473e-01 9.644626e-02 -1.039870e-02 -5.667902e-02
6.658082e-02 6.745148e-02 -1.855421e-01 2.514187e-01 1.244720e-01 2.601296e-04 7.703109e-02 -3.400792e-01
-7.184526e-02 -3.616565e-01 1.290794e-01 4.050055e-01 -7.780132e-02 -2.965087e-01 -2.314122e-01 2.146895e-01
