6000 10786344
6001 8010692
6002 10084272
6003 13292152
6004 17562700
6005 4171576
6006 5791436
6007 456465980
6008 10682864
6009 14603172
6010 4659524
6011 50467748
6012 12924400
6013 1154728
6014 10377996
6015 55812092
6016 11029920
6017 8231184
6018 26053632
6019 5174536
6020 9379812
6021 23324148
6022 22204972
6023 9105988
6024 5825664
6025 54417500
6026 37933136
6027 54763760
6028 14943064
6029 56827788
6030 22396808
6031 4521816
6032 4881608
6033 16054280
6034 118835408
6035 7089712
6036 16143432
6037 12622716
6038 33994528
6039 130622576
6040 4087200
6041 4340328
6042 114478900
6043 24748988
6044 6015908
6045 20397256
6046 29238428
6047 36784508
6048 144122736
6049 9957708
6050 8712764
6051 26274124
6052 14166160
6053 21877020
6054 254129140
6055 13744280
6056 23843140
6057 11310112
6058 57064200
6059 18421584
6060 57330860
6061 31153604
6062 17161516
6063 9052656
6064 13318420
6065 6737084
6066 7058668
6067 54320388
6068 34006468
6069 8174668
6070 6114612
6071 29230468
6072 27990300
6073 60493368
6074 80378252
6075 4424704
6076 18333228
6077 83042464
6078 6247544
6079 23542252
6080 40645904
6081 19448424
6082 76780324
6083 47238376
6084 132727200
6085 9555728
6086 24327904
6087 43835476
6088 3120848
6089 63831792
6090 393109952
6091 43427128
6092 25649264
6093 261265280
6094 55573292
6095 22478796
6096 55968904
6097 22368152
6098 34191140
6099 6878772
6100 11820348
6101 8998528
6102 57041116
6103 5352840
6104 513129240
6105 36772568
6106 15114204
6107 55775476
6108 24184624
6109 4955636
6110 11141360
6111 12634656
6112 287332688
6113 17167884
6114 10470332
6115 2682252
6116 12286804
6117 5694324
6118 10090640
6119 28169400
6120 126403776
6121 41808860
6122 98045472
6123 33959504
6124 43337976
6125 21381908
6126 490261752
6127 13504684
6128 10328644
6129 395837048
6130 39251312
6131 53703488
6132 8992160
6133 19495388
6134 113580216
6135 159054104
6136 6585844
6137 21749660
6138 6162372
6139 4438236
6140 15902244
6141 30245368
6142 69333744
6143 12406204
6144 22785256
6145 90183380
6146 94460288
6147 100175576
6148 27152908
6149 6715592
6150 21787868
6151 30476208
6152 62226260
6153 9382996
6154 47508220
6155 45134548
6156 9363096
6157 42351732
6158 90929232
6159 38236412
6160 110253732
6161 76176956
6162 240055860
6163 12271680
6164 144586804
6165 18680284
6166 51005048
6167 185386580
6168 12340932
6169 34440288
6170 17774436
6171 5325776
6172 20227708
6173 9207080
6174 4891956
6175 16602724
6176 5527960
6177 95916968
6178 11246432
6179 12574160
6180 7651688
6181 83702348
6182 12426104
6183 42988532
6184 103791008
6185 8567096
6186 6839768
6187 24852468
6188 50728836
6189 16592376
6190 13269864
6191 17409868
6192 37803388
6193 5947452
6194 106338208
6195 17609664
6196 16633768
6197 319494272
6198 636385064
6199 23679164
6200 44751672
6201 5586068
6202 5794620
6203 101973740
6204 6557188
6205 4059340
6206 8931664
6207 9670352
6208 39212308
6209 4973148
6210 164637248
6211 34356708
6212 3872280
6213 113871552
6214 22496308
6215 139401660
6216 93510660
6217 8251084
6218 9090068
6219 22506656
6220 47237580
6221 352579224
6222 18896000
6223 59163252
6224 77316828
6225 14289548
6226 4180332
6227 28736948
6228 16105224
6229 21969356
6230 20144128
6231 187732392
6232 19184948
6233 17476732
6234 21519616
6235 49299220
6236 34844656
6237 12431676
6238 13015144
6239 8681720
6240 9858208
6241 107782948
6242 8893456
6243 23122760
6244 50435112
6245 28912864
6246 24179052
6247 18739188
6248 17299224
6249 98878088
6250 22241588
6251 12980916
6252 118919784
6253 82246464
6254 11018776
6255 6732308
6256 11957260
6257 36754260
6258 41173652
6259 47263848
6260 11049820
6261 17062016
6262 4432664
6263 40449292
6264 28664512
6265 237035836
6266 188244220
6267 15817868
6268 14835604
6269 17132860
6270 82123880
6271 62925944
6272 10550728
6273 12606796
6274 13261108
6275 7486916
6276 23297880
6277 7873772
6278 125402408
6279 39467824
6280 120062840
6281 9329664
6282 67310312
6283 13418716
6284 6006356
6285 138090648
6286 6461668
6287 64869776
6288 36826696
6289 9836716
6290 39296684
6291 41547772
6292 46120792
6293 57174048
6294 132024332
6295 22478796
6296 56250688
6297 19943536
6298 53791048
6299 40872764
6300 8274168
6301 4640420
6302 10022184
6303 250230332
6304 27447428
6306 5411744
6307 27798464
6308 291161448
6309 12213572
6310 6425848
6311 6426644
6312 5110060
6314 165066292
6315 66890820
6316 50643664
6317 302770312
6318 184425808
6319 5912428
6320 20417156
6322 35039676
6323 273063592
6324 26825752
6325 80980824
6326 4919020
6327 34728440
6328 9140216
6330 83631504
6331 206357996
6332 4605396
6333 5889344
6334 16668792
6335 86597400
6336 40391184
6338 126064680
6339 64545804
6340 32392180
6341 5937104
6342 76859924
6343 68642020
6344 13707664
6346 14705856
6347 134988636
6348 11452596
6349 12686396
6350 109309676
6351 16176864
6352 26497004
6354 31428224
6355 18343576
6356 28932764
6357 11201856
6358 6504652
6359 17176640
6360 101653748
6362 390692500
6363 14337308
6364 6526940
6365 114154132
6366 106334228
6367 23625832
6368 20145720
6370 15151616
6371 95829408
6372 9800100
6373 20402828
6374 18642076
6375 99266536
6376 26431732
6378 9438716
6379 33504192
6380 117543500
6381 10121684
6382 62180092
6383 23119576
6384 56636748
6386 15882344
6387 33598120
6388 10657392
6389 17217236
6390 14380292
6391 13989448
6392 21758416
6394 161142808
6395 7583232
6396 78139892
6397 7072200
6398 4407192
6399 62315412
6400 6537288
6402 5490548
6403 132993860
6404 9079720
6405 130562876
6406 198620080
6407 18564864
6408 12275660
6410 35786324
6411 23902044
6412 101083812
6413 7696264
6414 33779608
6415 13343096
6416 9535828
6418 13160812
6419 35034900
6420 84402032
6421 79209716
6422 46891320
6423 10357300
6424 119722152
6426 11126236
6427 78264864
6428 5275628
6429 158219896
6430 62550232
6431 657989300
6432 302076996
6434 22874408
6435 53248972
6436 18540984
6437 49780004
6438 8016264
6439 4396844
6440 60764008
6442 265119512
6443 43777368
6444 18850628
6445 11854576
6446 4178740
6447 322310520
6448 37188080
6450 6278588
6451 15131716
6452 8906988
6453 9121908
6454 73734032
6455 39746424
6456 6409928
6458 17423400
6459 7982832
6460 78372324
6461 190196012
6462 30776300
6463 53742492
6464 66896392
6466 30356808
6467 361735612
6468 86631628
6469 5463484
6470 5754820
6471 93597424
6472 137984780
6474 27498372
6475 83965824
6476 13003204
6477 28326212
6478 6345452
6479 4237644
6480 154141988
6482 54820276
6483 108662528
6484 163018184
6485 8380832
6486 156868288
6487 18006072
6488 228037056
6490 43123852
6491 19334596
6492 6442564
6493 10397100
6494 9378220
6495 67872288
6496 50016416
6498 224341228
6499 335786012
6500 103962944
6501 9148972
6502 34108356
6503 6496692
6504 129404696
6506 6624052
6507 6420276
6508 5051952
6509 10780772
6510 4445400
6511 34308948
6512 15325144
6514 8021040
6515 47151612
6516 128113584
6517 8099048
6518 16647300
6519 98096416
6520 10604856
6522 36043432
6523 5235032
6524 4061728
6525 5973720
6527 11044248
6528 43440660
6530 15537676
6531 9777812
6532 7366720
6533 32922316
6535 46990820
6536 114548152
6538 162055820
6539 7828400
6540 53143900
6541 92053980
6543 6407540
6544 6073220
6546 9190364
6547 12943504
6548 20573172
6549 88454468
6551 145033360
6552 119806528
6554 153041120
6555 33338624
6556 25850652
6557 140200844
6559 175528120
6560 12886988
6562 206105664
6563 7441544
6564 9813632
6565 79562344
6567 101655340
6568 13173548
6570 29209772
6571 13103500
6572 11462944
6573 454741048
6575 21778316
6576 35032512
6578 23161764
6579 112393380
6580 33866372
6581 42327056
6583 15361760
6584 79934084
6586 8583016
6587 36885600
6588 11908704
6589 10896192
6591 8184220
6592 64368296
6594 23933088
6595 7903224
6596 42131240
6597 310697676
6599 9881292
6600 35434492
6602 142962964
6603 14213124
6604 8583812
6605 16442728
6607 43056988
6608 7841932
6610 19590112
6611 8825796
6612 15136492
6613 7474976
6615 4936532
6616 4718428
6618 22566356
6619 8431776
6620 5164984
6621 4732756
6623 27083656
6624 53551452
6626 30539888
6627 195923232
6628 128080152
6629 13615328
6631 9047880
6632 54889528
6634 6851708
6635 20367008
6636 309316616
6637 27511904
6639 23705432
6640 15800356
6642 6023868
6643 25979604
6644 38574712
6645 116249204
6647 133646580
6648 22419096
6650 5057524
6651 134807148
6652 14075416
6653 154310740
6655 12902112
6656 91304148
6658 7089712
6659 5252544
6660 12250188
6661 46727344
6663 55387028
6664 27140968
6666 39065048
6667 4977128
6668 46644560
6669 17826972
6671 13204592
6672 14750432
6674 48891668
6675 22081592
6676 299566412
6677 48077360
6679 428949056
6680 36532176
6682 15813092
6683 6063668
6684 44484216
6685 12438044
6687 12666496
6688 12737340
6690 39521952
6691 89166092
6692 6110632
6693 39974080
6695 95359768
6696 127649516
6698 20551680
6699 20828688
6700 77710848
6701 1910738096
6703 4102324
6704 39661252
6706 5025684
6707 46619088
6708 36420736
6709 47881544
6711 16612276
6712 181491752
6714 690677040
6715 29888760
6716 79602948
6717 6542064
6719 11900744
6720 617820752
6722 119958564
6723 5168168
6724 40308400
6725 119081372
6727 132911076
6728 12767588
6730 23018484
6731 4513060
6732 35357280
6733 7787804
6735 12882212
6736 115356888
6738 169987960
6739 5667260
6740 23726128
6741 41100420
6743 18837096
6744 8700824
6746 14053924
6747 10440880
6748 4194660
6749 15717572
6751 14030044
6752 11954076
6754 25176440
6755 9387772
6756 69092556
6757 13249168
6759 57313348
6760 51151512
6762 111142864
6763 8866392
6764 37980896
6765 15591008
6767 35884232
6768 57460608
6770 81535636
6771 16415664
6772 11882436
6773 4247992
6775 6379680
6776 10413816
6778 51383148
6779 9758708
6780 99814980
6781 25308576
6783 22435016
6784 7496468
6786 6753800
6787 38100296
6788 128505216
6789 52300140
6791 35567424
6792 9480904
6794 26165868
6795 49659012
6796 9072556
6797 30318600
6799 18039504
6800 65489064
6802 8935644
6803 17185396
6804 7153392
6805 213338120
6807 12980120
6808 9320908
6810 3112932120
6811 20061344
6812 10972608
6813 82568048
6815 8783608
6816 4123020
6818 19114900
6819 88405912
6820 15100672
6821 114672328
6823 12563016
6824 85015748
6826 7816460
6827 145541208
6828 8419836
6829 16925900
6831 54334716
6832 40003532
6834 15644340
6835 83904532
6836 30176116
6837 36997040
6839 14044372
6840 4429480
6842 5722184
6843 14057904
6844 358399576
6845 60601624
6847 173555632
6848 9474536
6850 7924716
6851 74873108
6852 8196956
6853 59636872
6855 12590876
6856 175039376
6858 88354968
6859 7104040
6860 35881048
6861 8575056
6863 14751228
6864 22372132
6866 17943188
6867 5153044
6869 13807960
6871 40118952
6872 26946744
6874 91033508
6875 7415276
6877 38241984
6879 6406744
6880 5055932
6882 48932264
6883 6445748
6885 321712724
6887 80860628
6888 77015940
6890 41981592
6891 60230688
6893 30938684
6895 341559400
6896 5612336
6898 8313968
6899 55874180
6901 15354596
6903 13956016
6904 14935900
6906 4299732
6907 6560372
6909 38752220
6911 24816648
6912 10684456
6914 30301088
6915 8981812
6917 34628940
6919 136337856
6920 10279292
6922 5453932
6923 33620408
6925 78420084
6927 10606448
6928 6903448
6930 15039380
6931 93288576
6933 1962668
6935 15076792
6936 20046220
6938 13969548
6939 24078756
6941 8061636
6943 8116560
6944 239115784
6946 15582252
6947 89842692
6949 15201764
6951 8450880
6952 67329416
6954 9272352
6955 7123940
6957 15997764
6959 1668944
6960 23773092
6962 10444064
6963 45154448
6965 12925196
6967 36849780
6968 19555088
6970 25784584
6971 5588456
6973 51973780
6975 16778640
6976 9283496
6978 10292824
6979 27961644
6981 126296316
6983 25892840
6984 15025052
6986 4798824
6987 61099124
6989 42673316
6991 56218848
6992 70663064
6994 215946612
6995 30867840
6997 8276556
6999 69633836
